0.552934
0.829082
0.545918
0.543367
0.441327
0.272321
0.794005
0.438138
0.723214
0.282526
0.632653
0.889031
0.373087
0.463010
0.309311
0.318240
0.525510
0.272959
0.257015
0.281888
0.344388
0.279337
0.526786
0.283801
0.204082
0.580357
0.459184
0.510842
0.306122
0.349490
0.378827
0.198342
0.381378
0.691327
0.730867
0.332270
0.497449
0.299107
0.248087
0.463648
0.221939
0.546556
0.263393
0.281250
0.567602
0.257653
0.431122
0.300383
0.392219
0.512755
0.690051
0.535714
0.274872
0.395408
0.276148
0.412628
0.590561
0.695791
0.398597
0.710459
0.647321
0.376276
0.338648
0.495536
0.149235
0.321429
0.853954
0.289541
0.475765
0.389031
0.442602
0.364796
0.388393
0.506378
0.265306
0.453444
0.727679
0.545281
0.315689
0.628189
0.317602
0.639668
0.644133
0.445153
0.659439
0.339286
0.184949
0.420281
0.820791
0.652423
0.211097
0.330357
0.461735
0.364158
0.765306
0.765306
0.281250
0.474490
0.559311
0.202806
0.396046
0.539541
0.500000
0.554847
0.443240
0.309311
0.598214
0.623724
0.883291
0.665816
0.568240
0.482143
0.209821
0.572066
0.718750
0.224490
0.702168
0.417730
0.264668
0.885204
0.326531
0.389668
0.512755
0.799745
0.536990
0.799745
0.302296
0.498724
