22
-85
26
117
24
92
111
110
70
115
97
-48
50
44
112
96
94
38
73
109
40
69
44
87
101
102
102
112
91
57
103
95
109
-64
75
40
61
84
112
123
110
119
87
97
-17
-99
76
95
36
-59
90
88
-13
99
114
-55
114
13
-52
111
30
107
-57
-109
99
112
-123
91
83
50
-52
-9
107
118
110
76
-20
-116
-11
69
-98
48
118
-38
72
113
-22
-36
67
-15
54
78
-78
-105
69
94
112
89
54
-7
120
-100
90
-119
88
103
-57
90
-44
116
118
22
92
107
112
98
-17
109
-62
78
70
112
44
121
83
46
46
116
32
-92
91
117
119
109
-34
92
11
115
66
115
105
83
-42
-28
72
97
-101
83
-50
79
118
106
59
95
38
104
87
117
-62
-36
98
52
13
78
26
83
-61
115
42
-105
113
120
88
32
105
84
113
109
80
97
28
42
105
-123
89
-22
50
78
95
52
50
38
32
-119
62
82
57
95
28
-101
-2
66
100
102
-36
73
92
114
-34
121
76
95
26
22
-40
57
104
42
108
-57
52
-91
-61
83
-40
102
-32
40
-117
-9
108
50
119
84
11
-26
57
11
116
-17
83
67
-70
103
55
101
75
42
-15
112
113
116
88
84
-15
67
-7
120
82
96
119
9
0
22
36
34
-79
-120
62
66
100
11
42
50
-24
-118
103
-40
52
54
61
-15
-83
73
105
-76
70
-13
113
88
24
96
114
96
61
104
4
106
-113
102
102
-116
30
-38
104
11
52
67
103
92
114
95
-4
120
-93
42
32
79
87
99
93
103
94
73
83
73
85
-30
66
119
44
-119
85
-69
4
-66
100
50
114
72
-100
34
-59
72
115
61
52
-2
89
-28
-64
110
82
-40
50
55
-28
112
17
109
-95
50
-48
83
-20
46
-80
82
108
57
79
87
118
-28
75
95
114
28
-22
-2
76
104
-15
-15
75
115
-105
122
100
99
73
-55
73
20
38
-122
-118
113
0
-94
57
73
32
112
72
120
38
40
48
46
-102
70
-26
28
85
78
-114
46
99
-22
107
46
-85
83
67
112
106
112
88
22
-4
-109
46
87
-101
124
38
-20
-57
-36
98
107
17
-36
-48
-92
98
117
73
50
103
22
95
57
-13
120
64
104
109
-34
78
-97
59
70
-26
99
105
114
-91
-22
82
70
57
76
13
80
54
99
46
102
113
105
-78
-20
97
87
-89
64
112
89
82
83
-70
114
75
55
-34
-94
-73
64
57
104
-11
112
100
91
-76
113
82
-57
116
111
126
90
85
118
110
114
32
7
2
91
70
-44
-15
-28
-9
61
98
-22
92
75
-13
80
105
84
69
82
-112
113
28
69
88
124
108
-66
113
67
79
-75
69
105
50
67
109
93
90
-48
-32
82
-113
116
92
-57
97
89
-34
-4
22
99
83
64
4
-9
-42
-32
