-58
-74
42
12
-39
-22
31
54
18
33
-27
-28
-51
48
55
-99
12
94
24
-81
55
50
40
30
70
-12
-38
21
15
59
48
34
38
-13
-17
-12
-10
39
-23
-6
21
-44
65
-88
-42
15
-10
49
-94
66
-23
-30
47
46
18
-121
29
51
3
24
-76
33
-68
-75
43
56
51
-46
-20
-49
-38
-8
29
-4
-14
65
68
-6
-4
54
85
47
-10
5
29
12
42
49
68
31
15
34
-31
17
12
0
-56
-10
48
-120
3
67
37
-104
18
-94
-21
-12
20
66
-48
-98
-29
45
-1
0
5
-14
48
38
34
-47
-77
-41
60
-16
-105
79
-26
11
66
34
31
-2
79
26
-44
70
-66
5
-51
25
-33
46
-59
51
-39
48
58
66
11
-6
37
15
34
31
-46
23
-51
44
-75
36
-80
-26
46
66
45
51
3
16
18
59
18
43
65
82
53
-70
39
33
70
41
72
20
63
39
-12
-18
28
16
5
51
40
12
-82
10
-32
-10
52
37
-5
-16
-9
72
29
41
-50
-37
-23
54
25
58
23
19
-3
48
2
39
14
60
24
46
-9
-53
4
21
-80
59
39
55
1
31
60
55
75
53
-25
26
-7
48
-92
-56
97
46
-35
52
55
-104
33
69
-47
56
-28
52
28
4
30
37
-83
-58
39
16
-23
32
25
-101
-37
61
-46
65
21
-25
24
73
30
-19
-8
-14
38
78
45
58
17
33
31
56
79
-41
-64
17
-46
8
-70
52
-12
-2
17
76
-64
-42
-1
56
-95
-17
19
53
50
-16
-29
-10
78
19
35
-24
22
62
10
52
7
35
71
-91
56
65
-44
-68
28
16
-50
-5
8
31
127
-97
2
-40
60
-41
-50
-10
68
65
46
33
36
49
-13
75
-5
29
-21
-11
7
24
68
40
-54
-4
3
24
10
12
31
88
-12
22
2
55
13
-10
12
70
-48
45
-56
21
66
18
5
-25
-63
30
25
30
