-15
25
29
9
-15
24
-3
19
25
41
-29
-63
9
-23
-43
-11
7
12
-98
-60
36
40
-78
-36
-53
-44
43
24
-84
-91
-108
-61
-22
-10
27
-48
27
-15
92
9
38
15
21
20
22
-93
5
34
-37
2
-5
-45
-16
2
-5
-42
11
-4
-16
14
-4
-21
-36
-18
-66
-50
-8
-56
-54
-7
-34
-86
-70
53
39
-55
30
-42
-80
27
15
-43
19
2
-45
-21
24
-96
25
14
24
8
36
-25
-7
-32
16
11
-79
18
-49
-15
-34
23
31
9
-3
26
-47
-39
-44
-46
-65
1
-75
-8
-27
-9
-42
8
45
22
4
-11
-13
-104
48
-8
-40
-79
30
-33
38
-128
-14
-17
-1
-31
-24
-43
30
41
30
14
19
-52
-19
-73
31
-64
-31
-12
17
22
19
-5
-23
4
22
-55
-16
38
27
44
15
32
-61
-7
-16
-49
3
23
-19
-44
-43
-67
-29
-63
-14
34
-32
5
-63
29
13
-34
-39
-26
55
-66
-48
24
21
-61
-110
-64
18
12
25
-37
-33
-52
-81
-61
-26
12
-72
-4
-43
-7
0
13
47
10
-22
24
30
-75
15
-7
-70
32
18
22
10
-3
-60
-57
-2
-28
31
-26
19
-41
5
8
-56
-20
-54
37
-12
18
-92
-27
-20
27
-43
17
-11
-65
-13
-118
27
27
-63
-4
-33
-16
-59
-37
11
-54
12
-47
-29
-46
-50
13
28
38
-49
-13
-90
15
-17
-60
-49
36
-13
-42
14
4
31
16
-45
-22
-17
-54
-59
1
7
20
-48
-24
-51
-69
-33
-3
-68
-8
35
-44
-10
18
34
-44
-38
14
-79
-13
-19
44
41
-8
20
-27
-9
-81
28
34
42
-29
35
-49
14
-77
-3
25
-13
-1
-106
27
-38
-96
-33
17
-86
17
-56
1
-32
0
-68
19
-29
22
12
14
15
27
-79
-85
-9
-61
-19
-10
-12
44
-73
-56
39
21
-16
-2
38
30
14
26
-50
-57
36
23
-8
8
-16
16
-57
-91
2
7
-23
-50
13
-31
