-61
-34
-108
-122
-120
-126
10
-123
-110
-119
-105
-117
-124
-125
-125
-73
-128
-74
-90
-115
-122
-128
-124
74
-125
-114
-120
81
-56
37
-125
4
-112
-60
-124
-101
-19
-103
-123
-101
-128
-96
-109
-125
-82
-126
-127
-127
-124
-124
-125
-100
-47
-122
-103
-108
-127
-127
-127
-124
-128
-123
-56
-86
-99
-94
-126
-100
-103
-128
-103
-124
-128
-125
-86
-105
-60
-94
73
-109
-126
-128
-128
-120
-108
-109
-10
-128
-128
-120
-115
-127
57
-100
-43
-125
-128
-126
-126
-127
-127
-124
-95
-123
-117
-107
-115
-117
-123
127
-127
-99
-106
66
-104
-126
-99
-125
-112
-32
-112
-56
-125
-107
-126
-117
-115
-127
-120
-94
110
-82
-126
-102
-123
-17
-99
-37
0
-38
-128
-125
-127
-104
-123
-92
-124
-126
-86
-6
-122
-114
-127
-30
-97
-123
-128
-123
-121
-105
-126
-127
-107
-127
-123
-106
-128
-103
-120
-110
-124
-76
-96
-107
5
-124
-58
-93
-124
-124
-125
-37
-36
-44
-124
-126
-128
-11
-41
-25
-118
-116
