-125
-125
-122
-122
-127
-113
-128
-103
-122
-122
-122
-106
-127
-126
-126
-70
-126
-123
-65
-126
-81
-67
-123
-118
-126
-126
-87
-108
-126
-126
-89
-126
-126
-122
-104
-128
-123
-125
-102
-122
-108
-100
-65
-127
-123
-124
-110
-114
-120
-43
-122
-123
-122
-55
-123
-128
-109
-126
-94
-121
-123
-111
-91
-119
-124
-126
-117
-120
-77
-125
-122
-113
-126
-51
-91
-100
-113
-108
-126
-118
-125
-116
-126
-116
-104
-98
-125
-126
-31
-127
-117
-120
-104
-122
-113
-124
-128
-128
-122
-125
-93
-68
-97
-92
-122
-118
-127
-44
-126
-117
-122
-122
-115
-126
113
-113
-126
-119
-126
-113
-86
-127
-126
-85
-128
-117
-114
-126
-126
-27
-98
-124
-112
111
-107
-110
-127
-74
-128
-126
-122
-126
-107
-124
-99
-126
-128
-123
-87
-126
-126
13
-115
-124
-120
-4
-104
-128
-114
-120
-108
-85
-107
-70
-123
-60
-117
-122
-127
-126
-95
-120
-126
-122
-97
-50
-9
-123
-126
-110
-125
-117
-126
-60
2
-122
-121
-126
-98
-94
-125
-126
-128
-125
-126
-42
-126
-120
-111
-5
-86
-117
-113
-123
-127
-51
-128
-124
-115
-124
-128
-128
-43
-115
-126
-108
-123
-128
-122
-118
-126
-120
-125
-125
-116
-123
-126
-125
-110
-95
-122
-48
-115
-127
-122
-125
-110
-127
-126
-119
-126
-120
-128
-122
-128
-81
-124
-125
-118
-124
-71
-121
-120
-122
-124
-121
54
-128
-28
81
-70
-127
-124
-62
-122
-36
-122
-74
-121
-128
-122
-70
-53
-98
-123
-121
-112
-125
-112
-108
-71
-120
-124
-126
-126
-125
-124
-126
-117
-100
-126
-125
-114
-99
-122
-125
-127
-125
-126
-119
-77
-57
-122
-114
-127
-121
-125
-125
-103
-119
-107
-108
-122
-126
-119
-127
-69
-127
-111
-123
-89
-127
-122
-117
-121
-103
-123
-122
-123
-126
-47
-92
-106
-75
-126
-119
-126
-126
-128
-123
-113
-72
-126
-126
-100
-75
-127
-125
-125
-122
-126
-125
-119
-127
-108
-104
-108
-82
-98
-122
-124
-114
109
-122
-122
-128
-127
-126
-124
-119
-122
-119
-117
-94
-48
-109
-114
-126
-98
-118
-122
-126
-100
-126
