-34
32
-1
57
50
35
-11
12
72
37
39
61
61
54
26
17
116
127
64
-41
38
-19
-17
10
29
-61
34
43
68
-41
-28
33
43
49
-7
-67
54
17
13
55
67
-13
34
19
74
98
73
9
-33
95
82
59
28
24
85
25
-7
61
69
-97
27
92
57
57
35
74
30
26
120
44
7
40
78
51
67
63
52
12
-34
49
-14
87
51
63
-72
70
56
61
2
61
16
5
21
1
46
16
69
-18
14
26
42
30
103
-8
35
6
36
-52
38
4
37
40
-56
-43
30
40
53
28
-47
16
-14
34
58
-8
95
67
69
13
103
36
100
23
73
34
55
45
-3
-31
78
-16
25
66
54
-1
-25
70
50
7
-4
-30
19
11
8
15
52
1
44
49
41
83
57
17
14
8
27
-17
-13
65
-29
6
-4
-45
23
11
43
32
21
38
53
30
39
79
12
90
77
48
23
-12
53
47
4
14
52
80
35
67
-8
50
-17
51
73
1
73
54
53
10
-8
73
43
-18
67
67
16
35
65
60
-14
47
112
85
34
30
35
51
12
22
84
-10
83
55
25
31
31
80
26
106
55
56
14
56
-22
66
43
-55
45
37
62
17
17
-7
-21
74
-54
7
30
-10
85
55
24
-10
-26
67
63
64
44
32
58
15
109
-29
47
78
82
53
-27
-13
43
88
30
-42
-38
0
29
-51
110
-37
-34
-29
-16
44
9
41
71
-9
24
95
51
-52
-17
-1
27
27
28
58
-41
2
10
31
91
27
52
36
88
23
43
17
47
18
-30
10
72
62
27
-50
-42
50
7
13
54
-15
1
80
30
27
84
21
50
10
43
8
58
98
58
34
-32
17
-39
39
-80
-22
-65
-50
50
26
76
42
80
37
42
78
54
26
73
93
58
-7
52
25
20
37
16
14
56
-6
84
-59
96
-59
54
27
41
-10
-19
17
50
37
51
27
64
60
42
51
90
36
57
53
-15
52
46
4
28
49
36
72
61
89
2
37
57
-34
-28
27
38
72
77
21
60
-54
-3
19
-5
54
26
-22
68
85
47
63
102
-34
-49
4
60
-56
21
15
35
30
34
42
48
54
-6
11
-81
-61
57
35
83
69
-3
19
13
52
19
-5
40
21
59
34
26
2
71
11
44
12
43
64
-28
83
-46
120
26
58
76
73
-14
12
77
-127
27
75
43
-71
-8
70
84
62
12
98
-22
53
71
66
61
11
-34
-6
19
38
35
-44
9
-39
7
26
-72
86
24
23
16
14
-1
15
-39
4
13
-1
50
47
93
12
1
16
4
42
10
24
-25
51
22
42
94
4
38
18
-13
36
52
81
53
-27
45
1
43
65
112
1
59
2
39
-14
19
-49
40
35
-29
23
26
46
8
41
22
-34
40
-44
-30
-17
-18
48
-8
-47
57
1
50
-15
45
-17
-13
111
18
44
50
16
-4
59
18
33
21
8
56
54
34
18
-66
-72
43
75
-75
5
17
66
-7
-34
-45
62
9
40
34
-6
26
44
-32
24
35
31
32
74
11
35
4
8
64
39
24
55
-49
96
-35
11
-19
56
-40
-16
18
11
66
12
24
78
56
25
33
-13
82
-70
77
1
-34
10
65
-9
40
25
32
29
12
1
69
28
-3
52
-1
41
4
10
-17
63
44
-58
32
56
