126
127
127
127
127
123
122
125
125
122
126
126
127
125
125
124
126
126
126
127
127
126
125
125
124
127
127
127
126
126
125
127
127
126
122
124
126
127
126
125
126
124
126
-107
126
127
126
127
127
126
127
118
126
127
127
126
126
125
126
122
126
127
125
126
127
126
127
126
126
127
126
126
126
126
127
126
127
125
125
126
125
119
125
126
123
126
126
126
126
125
127
126
127
126
127
126
127
124
127
126
118
123
125
127
121
127
127
125
126
127
127
125
126
126
126
127
127
127
126
125
126
125
127
97
127
126
127
115
125
127
126
122
127
127
121
127
127
125
126
127
124
126
121
123
127
126
120
127
126
126
126
126
126
125
122
126
126
124
126
127
126
127
125
126
127
127
126
125
126
126
127
126
126
125
126
125
124
126
126
126
127
117
127
127
127
125
127
125
121
126
126
127
126
126
127
126
123
127
126
120
126
123
127
124
127
126
126
127
126
124
127
126
126
127
127
123
126
126
126
117
127
127
125
125
124
126
127
127
126
127
126
127
126
124
126
126
126
126
126
127
123
127
127
126
110
125
126
125
121
126
126
123
126
126
125
127
127
126
127
127
127
124
126
123
125
126
124
127
123
126
123
127
126
126
125
127
125
125
125
126
126
126
122
125
123
124
124
127
126
127
126
126
125
119
127
127
126
126
126
126
127
126
125
125
125
113
126
125
124
123
124
125
127
126
125
127
127
126
123
123
126
126
126
126
126
113
127
125
127
126
127
125
127
126
127
127
120
126
127
126
125
127
126
127
127
127
127
126
126
126
126
122
127
124
123
126
127
127
126
126
125
126
126
126
124
126
126
126
125
116
126
122
126
126
127
127
127
126
126
122
123
127
127
126
126
122
126
126
122
125
127
127
126
105
125
124
127
126
127
125
126
127
126
126
127
126
125
123
126
122
125
126
124
124
125
127
121
127
125
127
124
125
124
127
127
124
120
126
122
127
125
126
127
126
126
126
127
121
124
126
125
125
122
126
123
127
127
127
125
127
112
127
127
126
126
122
125
126
124
126
123
125
125
125
125
126
126
125
126
124
126
125
126
125
127
126
126
126
126
125
127
125
126
127
127
126
126
126
127
126
126
126
126
127
123
126
126
126
126
125
125
126
126
127
110
124
126
125
126
127
126
126
125
126
126
126
127
126
125
127
124
124
126
125
127
125
127
127
126
115
126
126
126
126
126
123
127
126
125
126
125
127
126
126
126
126
126
126
126
126
124
127
127
126
127
126
126
127
126
126
125
-99
126
127
124
125
127
127
123
127
126
127
126
126
127
125
127
127
125
126
126
126
121
127
126
126
125
126
126
127
125
126
126
125
125
123
126
126
127
127
127
126
125
127
125
124
123
127
126
121
126
126
126
126
118
125
126
125
124
123
126
126
126
127
125
124
125
127
127
126
126
125
126
127
125
127
126
125
127
127
126
127
126
125
127
126
125
123
126
126
125
126
127
124
126
126
126
126
126
127
124
124
126
127
126
123
127
126
125
126
127
127
