55
-103
56
47
30
55
15
2
59
72
-79
66
75
121
102
61
106
41
58
24
47
37
49
68
85
-100
-21
75
57
44
97
-35
-72
48
40
-56
20
11
2
58
53
-54
36
-46
77
9
59
65
24
78
22
-67
-5
72
-3
70
81
60
92
-15
-72
14
105
38
25
-98
9
23
28
-77
46
54
41
-47
59
60
5
-42
-79
12
68
46
55
-36
50
-31
66
47
52
-46
-41
44
41
53
-11
-59
13
-11
33
77
93
-23
-67
44
12
73
67
77
-73
-45
-23
79
-48
-38
65
-73
34
15
7
-32
9
52
-70
-45
56
50
36
10
33
81
67
-93
99
-5
45
44
8
36
69
-15
-28
64
-18
95
12
54
-18
-49
-6
-4
88
-37
35
26
59
58
-27
61
73
71
116
-89
26
85
4
-75
88
73
44
66
-97
90
48
70
13
91
32
47
-15
-81
6
-53
-44
86
64
50
-12
34
29
36
57
9
-33
20
-39
1
27
86
31
60
47
33
49
-14
32
76
-14
6
33
73
-23
36
-33
103
-20
-86
-12
38
-34
22
76
-79
-28
52
21
30
58
49
6
76
49
95
-23
56
82
-22
47
67
72
61
37
3
29
-57
82
21
54
-41
-31
19
124
105
45
1
4
-17
-54
-15
48
-61
31
12
38
-46
54
58
-62
60
-20
-4
103
49
-34
39
55
73
18
9
53
41
103
59
48
-70
89
-25
49
54
9
-70
34
58
79
45
82
83
-60
19
84
104
-41
30
60
5
8
79
39
-10
62
-10
-21
51
82
27
-14
95
39
87
-14
82
-1
30
35
75
48
46
51
100
57
70
68
-57
63
57
48
-42
-8
14
-39
49
45
39
-35
-111
70
44
67
48
7
-34
57
17
108
102
6
63
-32
-52
101
25
-41
57
-4
44
66
87
48
64
75
-83
-110
60
-82
74
44
16
23
77
25
-27
-112
87
63
46
51
47
34
73
-31
30
8
18
-23
60
-37
-68
-10
50
-1
20
-92
76
47
77
93
25
26
60
70
29
33
-27
-115
51
-17
-3
85
41
62
-33
39
32
-3
37
97
-54
-21
78
56
-49
105
13
72
-6
-18
70
-7
-47
19
31
23
61
30
56
-29
-6
6
16
43
24
-29
73
-4
27
60
49
80
37
49
86
-49
120
65
-13
-8
61
31
75
27
92
1
80
18
72
53
-84
-46
25
-55
3
34
63
-108
23
-59
-78
47
-48
106
51
24
65
44
20
81
-55
13
35
47
-5
61
69
-107
17
-9
45
-28
60
84
28
50
-1
-63
-21
42
81
30
-66
-68
-43
-46
78
68
35
-6
75
86
74
-4
100
44
68
53
26
39
-22
69
59
55
45
-25
-91
-26
-11
22
41
42
-50
100
52
78
39
50
25
-33
49
69
62
28
85
125
37
62
18
-23
32
37
-19
-61
46
-73
33
22
55
27
9
21
-8
5
69
85
52
15
-33
-53
120
26
41
83
-79
74
35
37
-64
-25
-19
80
60
25
16
7
-42
45
20
33
100
72
32
88
24
25
14
38
48
62
72
41
96
-19
112
95
59
55
45
33
88
41
7
29
-13
27
23
13
-5
-45
29
-40
82
24
-49
88
-27
-19
-73
-2
-37
-59
-56
67
-11
35
-29
84
108
7
70
65
-55
96
-51
62
97
71
11
77
-6
32
75
-15
23
-46
1
