-38
-42
-2
-32
11
59
-54
-102
-108
46
66
-9
-121
-62
57
-4
54
-2
17
-61
15
-103
15
-110
42
82
64
67
34
26
67
67
-70
11
-105
20
30
50
-84
46
4
-52
32
44
36
-73
7
28
30
32
-36
-26
-69
-61
-119
-84
38
4
-15
13
-126
13
26
22
69
40
82
20
44
-70
-57
83
-40
75
-11
32
-48
-2
62
-24
11
44
-22
28
-79
4
-116
-78
0
48
15
-22
-101
-97
-84
-15
-52
-64
-13
0
-13
-120
79
-121
46
-22
59
120
-57
-4
28
69
7
66
0
-17
24
-88
30
-36
-24
2
80
36
-92
11
-52
66
26
89
9
-7
-73
34
48
-2
-124
-28
76
82
30
52
-116
-102
-11
-9
-36
-26
-119
-87
62
48
30
-26
-44
9
0
20
-88
-22
44
-106
70
-36
48
-4
36
-110
24
-7
-7
24
-108
20
7
30
55
-109
89
59
-20
-30
55
87
-9
-67
-111
82
-104
34
-111
55
-15
42
50
-44
-28
-118
22
-57
-76
-57
-100
17
46
55
-26
-111
2
32
-4
-118
-40
-24
-78
79
-32
15
98
28
34
-100
48
30
9
-55
-50
-13
-114
61
-70
-79
61
46
93
17
-2
-75
-115
-70
-48
95
67
13
4
-13
52
-50
11
-111
52
9
-40
28
46
-69
-57
44
24
-26
-114
-2
9
-55
-38
9
-96
7
26
-7
38
-28
-24
-36
-76
13
-75
38
-66
-7
55
30
-30
50
36
-26
38
-61
-13
-96
7
55
-57
-112
-57
-116
54
-22
-70
-70
34
-28
-22
-76
-101
40
-38
36
-30
-91
-119
-69
-122
11
-116
-109
20
-50
-13
11
26
-95
-93
34
-93
-17
-109
57
-4
2
-32
-20
62
-103
-72
20
61
32
-95
-90
-22
30
73
22
-93
36
34
-11
38
62
-40
26
72
-105
26
-97
83
-89
-42
-75
-2
-67
28
20
28
32
38
9
13
62
46
-15
88
-11
20
52
-57
40
42
17
59
-28
0
22
42
34
52
-13
-114
44
-44
-67
-15
-79
20
46
59
-87
-22
7
95
40
40
0
-9
44
-90
40
17
-98
-13
24
55
-115
-13
-17
11
52
-80
26
-57
9
-24
69
-40
-34
-17
-69
-40
67
32
-20
61
48
-4
48
52
-36
-38
-82
90
61
-38
13
4
-32
-109
54
-125
-91
42
30
-9
34
-22
-105
7
20
34
9
-103
55
36
-102
-2
32
9
20
50
-38
36
69
-32
-91
17
48
24
32
-84
24
-102
26
-38
-117
-11
40
-48
-30
-72
-38
38
48
44
-88
62
32
-66
7
24
26
-24
-80
66
-57
44
102
-108
-20
-105
11
-69
80
-118
-72
-24
32
-7
15
-75
11
40
-13
-54
38
70
-15
-44
15
-92
4
-9
57
-82
-13
17
0
-114
-73
-11
2
11
72
15
-62
26
-83
102
-32
9
-100
54
57
36
28
61
-54
40
-42
-38
69
61
-122
-40
13
36
11
26
-26
-34
-13
62
-116
-36
40
17
-7
15
17
-114
-57
59
-115
59
36
-9
26
24
61
-108
42
-75
-80
-11
-4
-28
-80
-34
24
-2
-61
88
32
-52
-7
24
17
46
-24
-69
-93
-48
78
-52
-42
24
-82
-67
-119
55
-15
-46
-13
2
4
-64
-11
-40
30
-7
24
-59
-106
-84
-80
-44
7
55
-9
40
30
-13
-4
-72
67
-88
-4
-89
-54
2
-102
-7
-55
-122
-59
-88
-80
-66
-46
7
-82
67
61
-99
-22
32
4
36
48
7
-20
36
-93
