-120
-76
-119
-112
-122
-117
-93
-103
-127
-84
-127
-127
24
-64
-93
-117
-103
-125
-84
-121
-100
-127
-126
-127
-127
-115
-81
-115
-79
-55
-126
-117
-127
-64
-79
-124
-126
-114
-109
-124
-124
-114
-72
-81
-85
-121
-126
-124
-93
-126
-121
-92
-106
-114
-35
-126
-119
-33
-127
-126
-127
-121
-125
-121
-113
-126
-91
-119
-82
-126
-122
-124
-126
-126
-96
-124
-123
-88
-88
-121
-127
-121
-94
-119
-109
-119
-46
-85
-125
-126
-127
-115
-91
-78
-108
-120
-117
-97
-119
-125
-119
-95
-117
-120
-127
-111
-121
-126
-126
-97
-125
-126
-126
-76
-116
-119
-101
-98
-124
-96
-64
-127
-122
-126
-122
-126
-112
-118
-122
-123
-94
-84
-124
-89
-124
-116
-103
-120
-89
-119
-109
-126
-126
-127
-103
-81
-89
-126
-63
-127
-118
-91
-106
-125
-122
-109
-93
-125
-120
-115
-122
-49
-96
-117
-93
-122
-74
-123
-123
-57
-125
-117
-127
-107
-92
-36
-113
-127
-122
-109
-125
-125
-116
-125
-123
-110
-76
-124
-82
-126
127
-109
-123
-124
-125
-126
-76
-69
-115
-75
-104
-92
-116
-99
-127
-127
-121
-91
-42
-111
-77
-126
-119
-120
-73
-105
-118
-89
-122
-103
-76
-116
-116
-122
-82
-126
-93
-127
-63
-126
-124
-113
-119
-107
-83
-122
-81
-127
-111
-117
-121
-86
-126
-127
-102
-127
-89
-105
-122
-124
-126
-111
-93
-121
-127
-109
-116
-120
-79
-127
-92
-99
-127
-102
-124
-94
-123
-122
-110
-107
-117
-123
-119
-119
-75
-113
-125
-127
-123
-96
-125
-109
-87
-120
-122
-36
-126
-84
-125
-126
-112
-84
-125
-126
-102
-123
-59
-71
-110
-125
-112
-120
-127
-120
-118
-111
-125
-124
-118
-122
-127
-120
-118
-106
-126
-125
-125
-79
-79
-123
-126
-116
-124
-99
-88
-114
-97
-127
-123
-126
-126
-103
-98
-102
-123
-123
-126
-116
-125
-43
-89
-106
-125
-120
-120
-122
-75
-126
-127
-75
-127
-46
-119
-127
-76
-124
-16
-121
-84
-123
-127
21
-92
-127
-116
-49
-87
-127
-117
-71
-113
-124
-126
-127
-111
-126
-87
-87
-126
-103
-121
-105
-125
-106
-125
-102
-125
-123
-127
-124
-112
-112
-126
-118
-127
-120
-95
-96
-88
-123
-126
-118
-117
-122
-115
-121
-117
-120
-126
-108
-127
-126
-86
-112
-127
-115
-124
-126
-126
-26
-126
-124
-71
-126
-125
-124
-126
-121
-125
-127
-75
-79
-126
-88
-126
-127
-126
-125
-73
-127
-122
-127
-107
-125
-71
-44
-92
-114
-121
-125
-127
-110
-125
-77
-100
-115
-116
-122
-125
-127
-119
-109
-119
-62
-123
-114
-51
-125
-126
-73
-124
-126
-113
-114
-121
-106
-77
-113
-115
-103
-122
-102
-120
-104
-123
-126
-66
-115
-120
-125
-105
-92
-105
-112
-119
-95
-101
-121
-123
-126
-113
-56
-108
-85
-125
-117
-70
-85
-118
-105
-124
-96
-122
-95
-127
-116
-123
-104
-125
-85
-127
-114
-111
-115
-75
-86
-80
-77
-86
-82
-124
5
-116
-91
-127
-80
-105
-126
-110
-95
-111
-73
-125
-123
-83
-119
-125
-100
-114
-84
-74
-89
-125
-127
-89
-120
-126
-97
-118
-122
-95
-112
-126
-96
-118
-125
-126
-115
-125
-126
-125
-127
-86
-118
-107
-81
-127
-123
-122
-112
-95
-126
-116
-109
-113
-60
-77
-116
-108
-115
-122
-108
-99
-116
-125
-127
-122
-33
-108
-109
-121
-122
-89
-119
-117
-125
-74
-126
-46
-126
-119
-122
-112
-113
-127
-127
-119
-119
-92
-120
-110
-109
-83
-87
-107
-127
-125
-109
-124
-110
-126
-85
-2
-107
-34
-81
-120
-121
-114
-101
-127
-28
-125
-127
-126
-124
-123
-122
-125
-86
-126
-93
-84
-121
-115
-127
-124
-126
-127
-113
-106
-120
-65
-116
-110
-126
-127
-120
-81
-122
-127
-127
