15
-123
17
2
-27
15
-50
-67
22
42
-119
33
47
97
81
25
84
-8
20
-36
2
-15
5
36
61
-123
-91
47
18
-3
75
-101
-117
3
-10
-112
-42
-55
-67
20
12
-111
-17
-107
50
-58
22
31
-36
51
-39
-116
-75
42
-73
39
55
23
69
-85
-117
-51
83
-13
-35
-122
-58
-38
-30
-118
0
13
-8
-108
22
23
-63
-105
-119
-54
36
0
15
-102
7
-98
33
2
10
-107
-105
-3
-8
12
-82
-113
-53
-82
-22
50
71
-92
-116
-3
-54
44
35
50
-117
-107
-92
53
-108
-103
31
-117
-20
-50
-61
-99
-58
10
-117
-107
17
7
-17
-57
-22
55
35
-122
77
-75
-2
-3
-59
-17
38
-85
-96
30
-88
73
-54
13
-88
-109
-76
-74
65
-102
-18
-33
22
20
-96
25
44
41
93
-121
-33
61
-65
-118
65
44
-3
33
-122
67
3
39
-53
68
-23
2
-85
-119
-62
-111
-106
62
30
7
-83
-20
-28
-17
18
-58
-100
-42
-103
-68
-31
62
-25
23
2
-22
5
-84
-23
48
-84
-62
-22
44
-92
-17
-100
82
-90
-120
-83
-13
-100
-39
48
-119
-96
10
-41
-27
20
5
-62
48
5
73
-92
17
57
-92
2
35
42
25
-15
-66
-28
-112
57
-41
13
-105
-98
-44
99
83
-2
-68
-65
-87
-111
-85
3
-114
-25
-54
-13
-107
13
20
-114
23
-90
-74
82
5
-100
-12
15
44
-45
-58
12
-8
82
22
3
-117
66
-94
5
13
-58
-117
-20
20
53
-2
57
58
-113
-44
59
83
-105
-27
23
-63
-59
53
-12
-81
27
-81
-91
8
57
-31
-84
73
-12
63
-84
57
-71
-27
-18
47
3
0
8
78
18
39
36
-112
28
18
3
-105
-78
-51
-103
5
-2
-12
-101
-124
39
-3
35
3
-61
-100
18
-47
86
81
-62
28
-99
-110
79
-35
-105
18
-74
-3
33
63
3
30
47
-120
-124
23
-120
45
-3
-48
-38
50
-35
-96
-124
63
28
0
8
2
-20
44
-98
-27
-59
-45
-92
23
-102
-116
-81
7
-71
-42
-121
48
2
50
71
-35
-33
23
39
-28
-22
-96
-124
8
-87
-73
61
-8
27
-100
-12
-23
-73
-15
75
-111
-91
51
17
-109
83
-53
42
-76
-88
39
-77
-108
-44
-25
-38
25
-27
17
-97
-76
-62
-48
-5
-36
-97
44
-74
-31
23
5
54
-15
5
62
-109
96
31
-83
-78
25
-25
47
-31
69
-68
54
-45
42
12
-120
-107
-35
-111
-66
-20
28
-124
-38
-113
-119
2
-108
84
8
-36
31
-3
-42
55
-111
-53
-18
2
-75
25
38
-124
-47
-79
-2
-96
23
59
-30
7
-71
-114
-91
-7
55
-27
-115
-116
-106
-107
51
36
-18
-76
47
62
45
-74
78
-3
36
12
-33
-12
-92
38
22
15
-2
-94
-121
-95
-82
-39
-8
-7
-109
78
10
51
-12
7
-35
-100
5
38
27
-30
61
100
-15
27
-45
-92
-23
-15
-89
-114
0
-117
-22
-39
15
-31
-58
-41
-78
-63
38
61
10
-50
-100
-111
96
-33
-8
58
-119
45
-18
-15
-115
-94
-89
54
23
-35
-48
-61
-105
-2
-42
-22
78
42
-23
65
-36
-35
-51
-13
3
27
42
-8
74
-89
90
73
22
15
-2
-22
65
-8
-61
-28
-83
-31
-38
-53
-75
-107
-28
-104
57
-36
-109
65
-96
-89
-117
-72
-102
-113
-112
35
-82
-18
-97
59
86
-61
39
31
-111
74
-110
27
75
41
-55
50
-76
-23
47
-85
-38
-107
-68
