7
56
-61
-2
10
9
-26
38
20
69
42
14
14
93
72
-91
-18
54
84
32
63
97
-59
42
2
9
94
-14
35
76
-70
25
21
12
71
0
30
28
16
35
-61
-12
52
58
54
17
-39
20
39
40
-36
2
30
-88
34
-46
53
50
-17
-32
24
55
-25
-3
-15
33
95
-12
98
31
13
60
-4
-11
-6
-56
45
-108
89
8
-94
34
-9
-15
9
36
106
89
-19
53
33
-101
83
57
42
10
-14
-3
29
58
43
1
-15
28
20
41
-84
9
-7
42
38
32
-20
69
-43
-19
77
51
-44
41
56
-84
15
5
-3
-20
-39
58
55
-76
62
115
34
60
-23
28
-2
42
18
-45
-42
12
-23
12
-47
109
37
59
96
-18
-83
45
40
-4
1
25
62
40
-120
11
38
53
41
68
41
-22
75
28
-9
40
12
-29
-80
38
15
26
29
-50
-31
47
59
-17
-23
-29
50
-15
53
-8
73
-1
7
-15
7
48
72
20
89
87
2
88
-21
49
-36
69
28
68
38
59
99
38
64
-6
18
0
52
30
68
-9
6
47
79
-16
-71
11
68
-37
102
-71
-47
6
45
6
-52
9
-2
23
26
34
47
12
-98
75
-75
-47
41
71
83
17
29
70
12
13
49
41
-88
12
-57
-13
98
58
36
71
97
68
-14
85
45
-2
-1
34
5
4
19
40
65
48
1
7
-19
-47
-40
58
87
-83
-20
30
25
85
30
79
8
25
36
49
37
24
77
74
6
5
26
44
17
31
-48
-36
31
27
55
52
-12
-56
-7
-57
-4
-80
-45
37
31
-17
33
-73
47
44
71
31
36
-28
33
12
39
59
52
35
50
5
-30
8
36
79
43
6
1
15
-12
31
99
-21
13
50
-21
62
10
-11
101
-48
-24
36
90
86
-39
-3
69
3
15
30
33
-102
61
108
31
-70
-23
-8
41
38
111
88
29
71
-55
51
7
30
-59
-94
-8
4
29
17
38
-54
-53
40
14
-30
72
45
66
91
0
27
61
-66
-30
-80
-59
-52
56
47
31
24
56
-17
45
48
37
43
43
101
81
-39
107
72
61
42
52
67
36
54
87
124
2
-53
52
-2
28
10
100
63
24
-1
-5
56
98
75
66
2
31
15
-49
50
70
72
23
69
-34
-3
66
54
83
39
24
44
1
-34
96
68
-7
52
-26
46
34
80
-9
56
92
46
30
64
47
39
58
31
-38
-3
86
7
70
67
-5
42
65
-126
44
-4
94
17
61
51
-105
107
48
88
-58
30
90
41
16
50
-58
63
21
37
17
-101
7
9
-26
107
73
40
27
67
86
63
44
104
76
84
42
21
37
0
-47
-54
-6
4
7
76
-4
113
19
-32
98
85
-67
50
36
14
63
71
-37
50
15
-68
-20
38
-109
66
65
44
33
47
-5
-49
42
-48
41
22
22
39
44
-27
67
-51
43
39
20
-14
71
30
45
84
50
97
94
25
70
-5
-101
-24
36
-37
-32
5
-46
60
41
83
0
10
38
-14
-58
-43
103
68
18
-54
47
-14
58
53
25
-2
20
56
88
13
-32
29
87
62
39
-19
17
41
-66
-10
16
105
-23
8
50
73
14
-41
26
-23
-58
-10
-7
-17
65
16
11
-5
29
51
19
72
73
-35
63
-105
-83
37
-81
52
64
68
38
42
43
-8
42
-37
-2
10
10
-39
