36
6
21
-27
64
-49
96
-12
11
39
13
-7
-28
63
90
107
78
44
66
19
20
77
31
41
-11
42
76
34
53
-13
62
51
27
32
86
88
67
70
73
18
-34
76
71
31
35
35
83
66
-32
9
60
-73
60
-38
52
5
18
81
17
-28
-25
17
41
54
-51
77
25
10
9
-7
13
44
12
60
-1
77
-4
3
119
10
43
-24
91
-26
60
42
125
23
-52
30
56
61
32
-57
48
52
58
96
-10
63
-16
28
5
13
-31
75
29
-24
18
87
-30
113
90
33
-15
76
21
28
87
49
-4
99
-35
15
53
-17
61
7
-70
85
8
47
60
39
83
-19
21
31
28
82
1
64
-8
-2
106
20
39
-24
-61
-38
25
-17
88
37
11
87
46
5
-27
92
67
-45
53
87
23
51
-59
-39
44
55
73
-54
-10
-14
-14
-5
68
-8
6
64
107
2
3
78
-26
-15
1
28
-3
-3
11
32
23
-6
-17
20
0
-15
-49
64
-23
9
-23
0
25
59
58
34
15
2
-35
-78
74
2
-30
90
32
82
8
9
-31
34
32
31
62
22
-25
1
-27
118
-51
48
-32
17
-29
42
20
-27
27
25
45
14
87
-29
69
34
79
49
108
34
-22
55
27
45
18
73
19
61
19
18
49
68
27
35
42
16
2
41
2
-54
40
66
98
72
-43
-8
63
84
-2
32
42
-7
-19
52
-35
16
11
43
-2
-49
41
10
74
52
64
-38
87
-13
-40
-63
-18
12
51
11
75
63
0
32
62
25
22
-92
26
48
12
47
21
27
27
92
51
-16
-53
36
54
20
1
-39
21
43
62
25
51
-84
-3
-6
51
-1
85
19
74
55
-28
-13
-52
31
62
34
42
8
-24
71
2
-3
74
37
76
54
59
42
-30
-16
20
15
30
65
-38
-14
47
65
19
-8
4
20
-8
-3
26
10
-20
-23
-26
44
33
-16
102
105
27
50
78
-54
5
21
45
-30
0
-106
24
-22
47
76
28
99
40
21
60
107
91
-5
89
78
70
-120
80
39
5
11
12
32
29
42
47
-14
61
47
-84
28
24
28
1
45
79
59
-15
50
-29
53
102
46
55
5
10
-20
65
37
30
-30
-2
53
55
-96
52
121
-35
31
51
-18
46
6
30
-54
56
-38
76
45
13
16
1
-8
-16
10
-19
-28
52
26
0
18
-5
32
-22
-48
31
18
50
3
28
75
89
-12
82
-3
10
-28
-36
16
36
49
0
81
54
55
-3
30
3
40
-12
8
15
-18
17
47
73
-2
25
64
-54
65
-12
39
53
24
19
86
54
50
78
16
106
-31
44
22
79
-58
85
3
9
76
53
-28
19
79
9
97
96
-51
23
20
42
100
33
19
-7
-24
72
54
94
36
72
19
27
43
66
126
19
56
-76
45
6
-1
4
35
-37
54
31
50
52
-38
84
52
53
67
20
-27
84
36
73
69
13
76
-20
25
-72
34
65
-3
24
-65
60
54
-31
58
23
22
70
77
-14
62
-23
55
101
59
23
21
-49
78
58
-10
19
-78
57
9
23
61
21
-15
-23
44
-1
37
-26
-24
27
-46
72
22
-19
60
71
39
49
55
31
33
41
24
38
119
-23
3
32
24
80
46
16
81
17
42
66
47
-112
21
75
-8
-49
27
-33
-23
46
28
38
36
76
-11
49
54
57
-43
57
42
-12
3
82
-5
26
26
88
-33
11
-14
-99
47
64
69
14
-12
14
-42
54
46
1
77
30
47
2
109
60
122
12
-32
97
-38
83
-13
-17
-22
65
15
13
-32
17
-41
41
-52
58
24
-92
67
51
-36
-31
-22
-11
43
-15
92
-44
-62
8
33
-61
9
33
9
-24
94
-25
-47
113
25
23
10
31
-12
47
34
30
22
61
26
100
82
51
-83
96
-58
70
23
64
21
15
-45
35
39
-22
85
-67
42
-47
-12
37
-62
78
36
-65
65
11
-44
-25
-23
85
72
29
66
111
13
55
-43
71
110
43
56
17
46
-27
17
-33
44
-5
58
30
69
74
11
-15
-1
-5
12
-15
48
-87
21
20
11
-55
106
5
-32
44
47
31
12
35
7
62
111
10
29
10
53
-53
3
-8
77
51
-53
-9
31
59
-3
-34
11
79
-11
49
21
57
110
-44
56
42
46
2
15
91
7
-9
62
-20
-3
81
30
83
67
60
72
-14
-29
-57
-23
63
-16
25
59
-1
-38
5
-15
34
107
-77
52
68
65
59
78
90
98
50
10
58
-41
-43
-20
56
73
54
-15
-36
9
66
34
69
-45
75
4
27
48
-39
-51
99
69
51
-15
19
84
65
-17
9
40
-15
62
-3
24
64
6
0
-8
-70
-2
36
-23
38
-3
-8
54
107
53
-19
-22
-20
-47
-55
11
-29
5
26
90
47
9
89
-21
19
53
97
39
76
15
34
2
53
-14
92
18
6
-23
27
-16
-49
86
62
68
63
29
42
-1
14
3
-37
23
40
29
-12
33
44
86
67
77
61
36
85
20
18
27
22
-27
64
53
33
50
-29
11
21
-88
66
60
76
21
10
26
66
-15
19
-27
-6
-26
47
-51
27
-6
12
80
72
52
-43
-42
-65
-91
0
16
-67
-27
-10
-31
64
-78
119
42
66
76
15
28
58
-4
69
35
7
50
-13
-10
-29
-20
9
24
-32
-4
83
31
63
-33
69
91
-39
46
63
43
74
14
52
-34
67
52
-13
61
59
6
-14
3
50
-22
22
4
-23
-4
55
51
-1
17
73
15
-33
13
41
57
-28
62
20
41
2
61
62
-18
12
-6
29
32
82
19
-39
79
10
93
21
48
7
13
51
40
6
-12
49
9
11
20
23
25
-32
-58
21
-36
78
61
-13
38
-7
4
-29
52
81
5
33
-61
24
12
