14
-47
-71
-42
-14
-80
19
-95
-105
-107
2
-33
-86
-86
-72
-83
-77
-72
-2
-112
-105
33
-53
19
22
-83
-87
-65
-54
-73
-54
-68
-124
-28
22
-79
-48
-98
-5
-36
-33
-123
-36
-87
-35
-44
-108
-83
-36
23
-118
-44
-76
-55
-116
-87
2
-71
14
-30
-25
-2
-25
-86
-84
-23
-38
-116
-51
-96
-82
-28
-20
-117
-54
-120
32
-75
-5
-110
-35
-93
-67
-51
33
-82
-47
-106
-120
-81
-50
-119
-2
0
-33
-105
-68
33
-100
-85
-74
-96
-102
-63
28
-36
32
-83
-70
-74
-80
27
-68
-95
-36
-86
-115
-41
33
-5
-74
-7
-114
3
-79
-126
-76
-67
-33
-82
-41
-89
-111
-63
-99
10
-101
-33
-62
23
-39
-89
-111
-50
-99
-12
27
-122
-85
3
17
-95
71
-104
-8
-44
-110
-79
-65
-119
-62
48
-116
-47
-124
-119
27
-74
-65
38
-50
-91
-122
-113
-44
3
-27
-25
-90
-90
-74
-62
-126
-3
-96
54
-3
-55
-20
-53
-3
-96
-30
33
-76
-115
-81
41
-82
-51
33
-88
-58
32
-22
-116
-75
-121
-23
-33
-22
-47
-75
-86
-115
-61
-102
-48
-73
-101
38
19
17
-12
57
-81
-70
-55
8
59
-77
-89
-103
-101
-79
-28
12
-108
35
48
-80
-82
-50
75
5
-90
-47
-65
-111
0
7
27
2
-119
-86
-113
-118
-91
-105
-45
-2
-42
-72
-62
-48
38
-7
-22
33
-107
-36
-23
-23
-119
12
-5
-94
-99
-15
83
-105
-73
3
42
-32
-63
-107
-77
-119
-79
-92
-81
-114
-103
-100
-119
-117
-104
-88
22
-48
-111
10
-124
-20
-120
-101
23
-101
-103
32
41
-100
-93
30
-58
-113
-8
-122
-95
-110
-120
-3
-96
-111
-75
-102
-53
-111
-48
-105
-14
-121
-83
-80
-98
-96
95
-77
-73
-25
-42
10
-15
-14
-5
-42
-79
-74
-12
-27
19
-117
-116
-14
-97
39
-35
-98
-92
-106
-79
-123
-36
8
-81
-99
-113
-93
-116
-61
-86
-96
-96
67
-57
-119
-28
48
-74
-76
-81
-66
-41
-92
-84
-53
-103
0
7
-87
-123
-97
22
-35
-102
-41
25
-86
54
8
-114
-84
-100
-30
-106
-5
-88
41
85
-36
-55
-57
-110
47
-19
-82
-2
-109
15
-74
36
5
-76
-10
-104
-76
3
-35
-2
-92
-63
-110
20
-99
-47
-120
14
-44
33
-100
-73
-74
-111
-114
-124
-77
17
-53
-119
-8
-103
8
-58
48
-119
-53
12
-32
-55
-101
32
-8
-92
-65
-32
-121
-99
-107
-114
-76
-95
-90
-93
-121
-88
-113
-53
-66
33
-89
-47
-57
14
5
-86
-70
-99
-111
-102
-65
-58
-33
-111
-105
-22
-99
-58
-95
-81
-97
-42
-98
-12
-8
-51
-103
-27
-48
-85
-106
-87
-95
25
-73
-65
-96
-38
-118
-109
-50
-8
-82
-77
-102
-104
12
22
-57
-110
-105
-119
44
-32
-14
-122
-8
-109
35
-59
-75
-105
-107
-90
62
-115
-99
25
-111
-105
-63
-115
20
0
-115
-79
-45
50
-72
-62
-51
-110
-33
-63
-98
-58
-10
-51
-14
-70
-104
-57
-95
-61
3
27
-20
-107
63
-89
88
-115
76
19
-68
-110
-85
-109
-116
-110
-102
-14
-45
-116
-73
-36
-10
-32
-75
-97
-41
-92
-30
-77
-119
-98
-104
-15
-112
-20
-116
-74
-15
-105
-76
-41
-36
-45
-89
-93
22
-117
-20
-118
-105
-44
-98
-110
68
-85
38
27
-89
54
-115
-99
-7
-38
-32
-114
-114
-12
-115
-96
-12
2
-72
-99
-57
-88
-36
-57
-95
-83
-83
-109
-50
-65
-57
-45
-77
-101
-10
-75
-55
-72
-61
-45
-55
-86
-35
28
-80
-59
-83
-103
3
-68
-27
23
-96
-121
-81
-116
41
-114
-42
-71
-115
-113
39
-44
-72
-73
2
-102
-63
-121
73
22
-80
-39
20
39
-84
-107
-39
-105
42
-3
-50
-92
-55
-121
-109
-107
-102
-115
-65
-57
-83
33
28
-62
-91
-45
-53
54
-93
-70
-35
-107
-93
-48
-42
-106
-109
-85
-74
-96
7
-68
-35
-61
-59
-111
-118
22
-76
-114
-27
3
-51
32
23
44
38
-2
-23
54
-48
-39
-66
-98
-84
-104
-100
-117
-115
-94
50
-3
-32
-3
38
36
8
-3
-7
-8
71
-41
-61
3
-48
-117
-5
-108
-75
-80
-109
-113
-82
-97
-36
-25
-111
-91
-117
-86
-14
-30
-50
-99
-79
-85
-74
-51
71
-79
-67
-105
35
-115
12
-45
-121
-96
-82
-103
-109
58
-82
14
-107
-41
59
-48
-108
-102
39
-116
2
10
-57
-8
-66
77
50
5
19
-12
-77
-86
-90
-124
-73
15
7
-41
33
-79
27
-106
-51
-89
-47
30
-124
-23
-111
-121
-3
-66
-25
-54
-61
-54
-73
-55
-15
-101
-58
-50
-28
-93
30
-75
-85
-82
-15
-20
-103
-65
-47
-48
-74
57
54
-44
-111
-105
-93
20
-112
-86
88
-114
-120
-97
-53
-100
-73
-76
61
55
-22
-72
-116
-112
-82
-90
-114
-17
-112
-113
-88
-87
-8
-28
12
-79
-33
-115
-101
-23
-111
-36
-87
-89
-109
-47
-77
-80
-111
-93
-86
-107
-62
-97
-98
47
-61
-86
-106
-97
-100
-84
-87
-57
-124
-111
-87
-54
-93
-106
-112
-115
-94
-25
-58
-100
3
-2
5
-61
-80
-65
-17
-48
59
-97
-55
-73
-108
96
-117
-79
-82
-7
-80
-28
-114
-28
-107
-50
-25
-28
-73
-112
-120
-99
-113
-12
-126
-54
-68
19
-92
-81
-71
-86
-66
-66
-106
-14
-109
-105
-88
-91
-8
19
-63
35
-2
-65
-67
-74
-86
-66
-2
-61
-108
-58
-103
84
-86
-89
10
-117
-74
-98
-23
-118
-63
-12
-101
-92
-25
-23
0
-113
-66
-102
-27
-47
-99
-8
-5
-10
51
-113
-87
-96
5
51
3
-103
22
-66
-86
-59
-107
-66
-82
25
-65
-72
-96
-73
-86
-84
-74
28
15
38
-41
-93
-30
-3
-77
-108
48
17
-25
-85
-67
-118
-17
-93
-125
-85
-8
-55
-105
-87
-32
-106
-27
-107
-55
-39
-7
-39
22
-101
-76
-72
-20
-87
-115
-106
-38
-62
-111
-75
-90
-63
-123
-15
-38
-110
-32
-12
-65
-99
71
-98
-55
-107
-84
5
-120
-80
-87
-114
10
-111
-67
32
-96
-116
-61
-85
-30
-41
-22
-33
10
-84
-107
38
