-123
-127
-128
-122
-121
-96
-73
-105
-127
-128
-122
-127
-126
-125
-122
-128
-125
-118
-120
-127
-126
-116
-128
-128
-125
-127
-127
-112
-116
-128
-127
-122
-128
-121
-124
-118
-119
-124
-115
-101
-128
-127
-128
-128
-124
-124
-128
-119
-126
-128
-126
-126
-122
-128
-110
-127
-124
-127
-79
-127
-125
-126
-125
-128
-54
-128
-128
-112
-125
-127
-123
-126
-70
-128
-126
-127
-119
-128
-106
-125
-128
-125
-126
-127
-110
-128
-126
-128
-127
-126
-124
-128
-126
-125
-71
-115
-123
-104
-123
-121
-128
-124
-119
-127
-128
-124
-128
-123
-107
-128
-116
-105
-125
-79
-124
-127
-117
-122
-125
-127
-127
-115
-127
-127
-127
-123
-127
-125
-125
-128
-128
-121
-48
-124
-126
-125
-123
-127
-123
-119
-128
-124
-127
-124
-127
-128
-124
-128
-128
-125
-127
-126
-126
-127
-128
-127
-112
-125
-124
-125
-124
-119
-121
-124
-124
-124
-127
-126
-126
-122
-128
-124
-105
-58
-124
-124
-118
-128
-127
-113
-120
-118
-127
-109
-127
-128
-123
-128
-121
-128
-128
-127
-126
-123
-124
-125
-127
-128
-128
-113
-128
-127
-127
-121
-128
-128
-126
-118
-124
-123
-128
-126
-123
-128
-110
-128
-114
-127
-128
-121
-123
-124
-126
-128
-113
-124
-71
-125
74
-128
-128
-126
-125
-128
-48
-126
-123
-127
-126
-126
-128
-123
-116
-89
-122
-126
-114
-122
-97
-128
-128
-125
-128
-126
-124
-118
-126
-127
-127
-124
-124
-126
-126
-124
-125
-125
-124
-121
-126
-78
-125
-127
-123
-122
-128
-120
-116
-121
-66
-127
-121
-126
-126
-121
-128
-127
-121
-110
-123
-128
-123
-123
-122
-125
-127
-127
-123
-126
-127
-128
-125
-84
-128
-125
-116
-113
-124
-124
-128
-119
-124
-128
-125
-78
-102
-121
-116
-118
-126
-121
-126
-125
-99
-126
-122
-128
-128
-128
-127
-110
-79
-116
-122
-127
-121
-127
-124
-124
-127
-127
-128
-127
-113
-127
-68
-123
-124
-121
-126
-114
-124
-126
-128
-115
-128
-123
-126
-126
-125
-128
-128
-119
-123
-127
-118
-125
-118
-42
-126
-127
-119
-24
-128
-125
-71
-123
-124
-128
-127
-127
-127
-125
-126
-125
-128
-124
-125
-128
-123
-127
-123
-73
-126
-128
-123
-122
-113
-127
-125
-125
-93
-119
-122
-123
-91
-127
-128
-125
-128
-111
-128
-128
-119
-123
-126
-104
-128
-128
-126
-128
-126
-124
-120
-119
-118
-124
-127
-125
-125
-127
-119
-126
-128
-126
-121
-125
-127
-127
-126
-125
-119
-127
-127
-101
-127
-128
-125
-123
-127
-125
-128
-119
-128
-125
-126
-128
-126
-117
-126
-124
-126
-127
-128
-127
-124
-67
-127
-128
-89
-122
-127
-126
-127
-128
-127
-124
-121
-102
-126
-126
-125
-116
-125
-128
-127
-122
-107
-125
-121
-128
-127
-126
-114
-120
-124
-122
-128
-89
-124
-127
-128
-125
-126
-119
-127
-117
-127
-126
-128
-121
-127
-125
-125
-122
-128
-128
-127
-116
-123
-126
-126
-125
-118
-126
-102
-123
-124
-127
-108
-110
-122
-127
-119
-127
-127
-78
-127
-128
-120
-128
-128
-128
-126
-127
-123
-121
-123
-116
-122
-121
-126
-125
-127
-122
-122
-118
-128
-122
-125
-126
-123
-121
-127
-128
-128
-126
-128
-112
-127
-125
-124
-123
-126
-57
-123
-126
-115
-122
-126
-126
-125
-127
-128
-106
-116
-127
-126
-128
-112
-128
-128
-127
-124
-110
-127
-124
-128
-116
-127
-123
-106
-121
-123
-127
-128
-128
-126
-126
-127
-114
-124
-123
-128
-128
-128
-127
-125
-126
-126
-128
-128
-125
-122
-127
-124
-127
-124
-124
-124
-128
-125
-128
-92
-123
-127
-127
-102
-128
-115
-127
-125
-113
-119
-126
-126
-119
-125
-111
-122
-125
-115
-125
-123
-127
-123
-128
-121
-127
-127
-103
-128
-115
-115
-125
-123
-125
-125
-123
-127
-116
-126
-125
-88
-117
-124
-128
-121
-128
-94
-128
-123
-119
-126
-127
-116
-126
-125
-127
-111
-124
-128
-127
-121
-128
-126
-126
-126
-120
-127
-122
-128
-115
-120
-120
-126
-119
-125
-127
-128
-121
-122
-99
-127
-110
-126
-77
-124
-124
-128
-101
-127
-118
-109
-127
-124
-122
-128
-126
-70
-122
-123
-125
-125
-122
-126
-127
-128
-124
-113
-128
-126
-123
-127
-117
-127
-124
-128
-126
-121
-127
-107
-127
-125
-127
-107
-122
-126
-127
-125
-128
-118
-128
-125
-127
-128
-85
-113
-124
-120
-126
-124
-117
-128
-126
-123
-124
-128
-127
-126
-127
-95
-123
-56
-124
-127
-125
-122
-91
-117
-125
-128
-126
-127
-125
-124
-128
-115
-122
-127
-128
-128
-125
-119
-125
-121
-124
-126
-126
-123
-128
-128
-127
-128
-128
-128
-128
-128
-123
-128
-122
-63
-128
-126
-103
-128
-127
-127
-127
-124
-119
-119
-127
-128
-125
-126
-125
-126
-119
-127
-124
-127
-124
-128
-127
-124
-128
-128
-106
-126
-128
-123
-127
-124
-125
-126
-127
-126
-125
-72
-125
-122
-127
-128
-118
-121
-122
-123
-124
-113
-123
-128
-121
-128
-120
-128
-128
-128
-127
-94
-127
-104
-128
-120
-126
-128
-127
-30
-115
-125
-74
-125
-127
-128
-115
-127
-127
-121
-81
-125
-128
-127
-125
-125
-128
-122
-105
-126
-128
-128
-123
-124
-101
-128
-125
-124
-123
-127
-127
-127
-128
-122
-88
-128
-127
-124
-125
-128
-65
-128
-126
-120
-124
-120
-128
-127
-119
-128
-127
-125
-128
-118
-128
-127
-127
-127
-126
-68
-68
-123
-126
-124
-127
-126
-111
-113
-128
-128
-118
-102
-119
-127
-126
-128
-128
-128
-128
-125
-125
-128
-91
-118
-126
-126
-124
-127
-128
-126
-125
-121
-128
-126
-126
-125
-128
-128
-121
-128
-127
-119
-121
-127
-128
-61
-108
-116
-128
-113
-119
-128
-126
-128
-127
-128
-119
-52
-128
-128
-127
-74
-126
-94
-128
-121
-118
-128
-94
-124
-127
-125
-127
-121
-126
-117
-126
-128
-103
-128
-126
-93
-109
-124
-122
-86
-128
-123
-126
-128
-112
-125
-125
-128
-124
-123
-127
-128
-125
-128
-128
-125
-126
-123
-127
-127
-128
-124
-106
-94
-128
-128
-126
-127
-87
-124
-127
-126
-113
-127
-128
-112
-127
-127
-117
-128
-117
-123
-125
-127
-124
-128
-126
-122
-101
-119
-124
-127
-123
-125
-128
-127
-128
-75
-127
-128
-123
-124
-124
-122
-96
-55
-127
-127
-127
-126
-128
-123
-125
-124
-125
-123
-128
-105
-128
-111
-123
-127
-122
-128
-121
-117
-125
-127
-128
-123
-127
-128
-88
-114
-127
-69
-127
-128
-122
-125
-128
-121
-127
-127
-128
-125
-126
-124
-121
-128
-128
-125
-124
-117
-128
-120
-126
-126
-127
