6
-22
-48
9
-58
-44
25
20
0
2
10
-30
-71
-43
-2
6
-17
-48
-72
1
-40
-69
-44
-4
-25
-60
-13
-17
-33
9
-37
-7
-26
-13
-50
44
-61
-4
-19
-47
8
-1
-46
55
28
39
-28
-84
-17
-43
9
-19
-14
-16
31
-13
-82
-24
-38
-29
-12
-51
-2
-39
-31
7
-4
-24
-37
-30
-58
-21
45
19
-25
-40
-26
-72
-27
-30
-33
-32
47
47
-45
-13
-8
-48
-6
-19
5
-27
-33
-36
-4
-52
-46
-70
-38
-4
-32
-62
-39
46
-44
-41
-36
-43
-33
-37
-1
-65
-1
0
-23
-7
-29
0
-40
21
-39
12
-24
24
-13
-8
-35
-84
-67
2
-55
-20
-65
-46
-1
-7
-18
2
-62
-58
-34
10
-93
-6
-37
-63
26
-37
-27
-6
-6
-26
-45
44
11
3
-36
-43
19
-36
13
-35
15
-7
-8
-26
-30
-14
-17
-26
13
-20
-55
-28
-13
-53
-30
-3
-30
-10
-118
-46
-49
-23
-63
-38
-54
-96
-15
-50
-37
9
21
-24
-56
-71
-17
-9
-8
-24
-35
-2
-31
-61
-20
12
-41
-14
-8
12
-42
-13
37
-21
-33
-61
-26
-19
-47
-63
-2
-23
-38
108
42
-8
-25
-61
-27
26
-50
-66
-26
-24
-43
-45
-39
8
-34
-102
-33
-4
18
12
32
-24
-87
-49
8
-56
-38
-38
-12
-38
-49
-43
-39
-46
25
-68
-44
-89
-22
-53
-26
-25
-40
-49
-20
-5
-77
37
-7
-48
7
-20
-36
0
-25
46
24
-49
15
-15
-31
-9
-68
-49
-30
-39
0
-61
23
-21
-1
-42
-22
-15
14
-20
-68
-11
-46
-27
-21
7
-29
-13
-22
-63
-57
22
-48
3
-6
-24
-60
-36
-2
-43
-25
-4
-51
-21
2
-5
14
12
10
-36
-17
-19
-21
-21
-34
-36
-20
-6
-65
-28
9
-66
-32
-51
-73
-38
-17
-56
7
-44
-31
-11
24
-25
-43
-57
25
-10
-56
-33
-40
-34
-7
-30
-35
-37
-13
-19
-10
-53
7
-17
-67
-15
29
-49
11
-54
-41
-47
-11
-57
-29
11
-13
-30
-11
-42
-22
19
-38
-23
-58
-68
-68
-25
-15
2
-21
-18
6
-4
-1
-14
-87
-48
-28
-70
-23
-24
-19
-67
-29
-46
1
-20
-17
-59
-28
-4
-45
-30
-51
-39
-45
23
-52
-39
-9
-51
-57
-25
18
-17
-42
-57
-51
-14
0
15
-6
-26
12
-63
-12
-28
30
-34
39
3
-90
-2
-10
1
-3
-28
-52
7
35
-51
-77
-95
-15
-19
3
28
10
48
29
-19
-36
-12
125
-1
-33
-45
2
7
-19
-29
-8
-51
-35
15
-41
-42
1
3
-95
-96
-12
-11
-42
-24
-52
-60
-2
7
55
-57
14
-32
-38
-44
-102
53
-50
-35
6
9
4
-51
-4
-36
-29
-27
-28
-41
-20
-18
35
35
0
-95
17
-22
-60
-31
20
-45
3
-17
3
15
8
-26
-9
-43
-20
-23
7
-47
-18
-60
26
-10
20
-49
4
33
3
-43
4
101
-44
-19
-23
-55
-23
-71
-10
-69
-14
-17
-25
-38
-21
-36
-36
-22
-52
-49
-44
5
6
-1
-62
-60
-58
-13
36
3
24
-75
24
-33
-57
68
11
-19
3
-15
-4
-49
-54
-15
-58
17
-10
-49
-41
-35
-99
-36
-40
7
-31
-35
19
-17
-19
-19
-42
-9
-13
-70
-62
-38
-46
-4
-11
-20
-12
-55
-55
-62
-75
-84
-10
-69
-39
-40
-64
-25
-23
29
27
38
-12
-63
-6
-38
-61
-54
-6
-29
-52
-46
-55
61
-8
14
-45
-26
-31
-21
-39
-8
4
-63
-20
-50
-19
-60
-32
-43
2
-32
15
-48
49
-79
-47
-48
9
-31
-15
7
-86
-12
-14
35
-66
-67
-14
31
-28
-13
-39
-1
32
-42
-18
-7
-22
-38
-89
-5
-64
-3
7
19
-23
-50
17
-19
-5
-43
1
-32
-28
-57
-23
-17
-20
-41
-7
-29
-39
-54
-14
-81
-4
17
-46
-1
-70
-5
-36
-54
-16
19
-32
-26
-32
-2
22
-41
-22
-12
-12
-8
-53
-9
43
9
-60
-106
-55
-18
-26
10
-3
-30
-2
19
-23
-4
-24
-32
-74
-48
-10
-89
-47
-18
30
-27
15
5
-55
-31
-21
28
-38
-6
-47
9
-11
3
-30
-7
6
-49
-14
-7
-67
4
0
-21
-29
-43
-88
34
-11
-59
-62
41
60
-81
-26
-29
-48
-39
-43
-11
-63
16
-9
-64
-33
-18
-106
-8
4
-40
-54
-7
-14
-26
64
-8
-8
-1
-11
-19
-60
-45
-12
-4
-81
-28
15
-18
11
-22
-24
18
14
-82
-14
-11
-21
-13
5
-29
-29
-67
-26
-34
-39
-40
-9
-22
-3
-53
-33
-32
26
2
3
-51
18
50
9
-31
4
-19
-34
8
-41
67
-73
3
91
-19
-47
-11
-36
-17
-14
-21
-76
-43
-14
-24
-74
-46
28
-19
-9
-45
-70
0
-40
-17
-75
-21
-16
7
-51
-74
-31
-1
-20
-14
11
-44
-60
-61
-32
-20
-38
-73
-24
-10
35
-26
-7
-55
-23
-28
-23
-23
-67
9
43
-30
-21
5
-6
-7
-15
-65
-12
-13
-27
-21
-35
-77
-27
10
-58
29
-63
-54
-42
-54
-28
-78
27
-16
-43
17
-6
-11
-34
-10
-2
-37
-1
-53
-31
-22
7
6
-35
-18
-93
-43
-47
19
-22
-61
-44
-6
34
-57
11
-11
-21
-10
-64
-53
-14
-24
-41
-122
-81
-5
-19
6
-3
-7
-23
30
21
-76
-35
-55
1
-84
-59
-29
-44
-11
-49
-1
-1
-45
-4
-16
-14
-26
-17
-14
-76
-7
4
-39
24
-10
-47
-34
2
-42
-70
-42
-22
-31
-35
-49
-35
-4
-25
25
-35
-1
-33
-45
-9
3
-13
-21
2
-32
-12
-31
-45
-46
-57
1
17
-64
10
-22
48
-58
12
-11
-16
-9
-4
7
9
14
-42
-43
-57
-47
-45
-25
-52
-51
28
-63
14
-40
3
-26
15
-27
-12
-102
-56
-67
5
-104
-7
-20
-46
-15
-24
-20
-21
-1
-11
-46
-21
-47
-50
6
-10
11
-14
7
-5
-72
-11
-39
-12
-36
12
-32
33
-20
-58
-77
3
-13
0
-54
-25
12
-30
-39
-44
-16
-105
-46
-10
-29
-48
-20
-77
-34
-84
29
-122
-17
3
-15
-9
-19
22
-84
-57
-32
-12
-35
-63
-34
