-35
-76
-57
-103
12
-114
61
-93
-70
-30
-68
-89
-104
10
53
75
35
-22
15
-60
-59
33
-43
-27
-92
-25
32
-38
-7
-94
9
-10
-49
-41
47
50
17
22
27
-61
-107
32
24
-43
-37
-37
43
15
-106
-72
5
-120
5
-109
-9
-77
-61
40
-63
-104
-102
-63
-27
-5
-114
33
-52
-71
-72
-89
-68
-22
-69
5
-83
33
-86
-79
87
-71
-24
-102
54
-103
5
-25
92
-54
-115
-44
-2
7
-41
-116
-15
-9
2
61
-91
10
-96
-47
-77
-68
-106
30
-46
-102
-61
49
-105
81
53
-40
-95
32
-57
-47
49
-14
-86
65
-108
-65
-7
-97
7
-75
-120
46
-74
-17
5
-30
43
-98
-57
-43
-47
41
-81
12
-90
-84
74
-59
-30
-102
-118
-109
-52
-97
50
-33
-70
49
-19
-77
-103
56
17
-112
-7
49
-54
-10
-117
-110
-22
-3
27
-115
-91
-95
-95
-87
19
-90
-76
12
75
-80
-79
35
-103
-95
-81
-47
-85
-85
-70
-41
-54
-88
-97
-59
-82
-95
-114
12
-101
-72
-101
-82
-52
3
2
-38
-65
-80
-108
-121
29
-80
-105
53
-41
41
-74
-72
-106
-38
-41
-43
9
-56
-102
-81
-103
86
-114
-15
-106
-63
-105
-25
-59
-103
-49
-52
-20
-66
49
-105
20
-38
37
-14
76
-38
-100
-3
-49
-20
-61
27
-60
7
-60
-61
-14
19
-49
-37
-25
-64
-80
-27
-80
-115
-29
15
64
25
-111
-90
10
44
-84
-41
-25
-89
-98
-9
-108
-64
-70
-24
-84
-114
-27
-71
29
-9
12
-109
49
-94
-110
-118
-98
-69
-10
-70
30
10
-82
-41
9
-52
-56
-123
-50
-15
-69
-17
-57
-49
-49
56
-10
-96
-115
-35
-5
-59
-81
-110
-57
-24
9
-52
-10
-122
-85
-88
-10
-83
46
-60
29
-3
-104
-94
-115
-43
9
-38
-25
-74
-102
24
-80
-85
29
-33
32
-5
3
-25
-105
-96
-59
-65
-44
14
-109
-95
-17
14
-60
-90
-78
-59
-90
-85
-50
-71
-99
-101
-103
-22
-40
-96
69
72
-49
-12
35
-115
-77
-57
-20
-105
-82
-125
-53
-100
-17
32
-47
65
-29
-57
5
75
54
-87
52
35
22
-126
38
-30
-77
-70
-69
-41
-46
-25
-17
-95
7
-17
-122
-47
-53
-47
-81
-20
37
3
-95
-12
-105
-7
69
-19
-3
-77
-71
-99
14
-33
-44
-105
-84
-7
-3
-124
-9
89
-108
-43
-10
-98
-19
-76
-44
-115
-2
-109
32
-20
-68
-64
-81
-90
-96
-71
-98
-104
-9
-50
-82
-61
-87
-41
-100
-113
-43
-61
-12
-79
-47
30
52
-93
41
-85
-71
-104
-108
-64
-35
-14
-82
40
-5
-3
-85
-44
-79
-29
-93
-74
-65
-98
-63
-17
27
-84
-52
12
-115
14
-93
-30
-7
-53
-60
47
-5
-12
35
-64
74
-106
-22
-56
37
-117
46
-79
-72
32
-7
-104
-60
37
-72
63
61
-114
-54
-59
-25
66
-40
-60
-89
-102
25
-5
59
-35
25
-60
-49
-24
15
93
-60
-2
-121
-20
-76
-83
-78
-37
-109
-5
-43
-12
-9
-109
44
-9
-7
17
-59
-103
44
-35
27
20
-68
32
-99
-52
-120
-38
14
-85
-53
-119
5
-5
-106
2
-54
-56
22
33
-95
9
-101
-3
68
3
-54
-57
-114
35
2
-91
-60
-121
0
-72
-54
7
-57
-95
-101
-22
-83
-33
-103
-102
-49
-113
25
-56
-98
5
24
-30
-14
-3
-43
-40
-27
-53
-32
87
-101
-79
-41
-53
38
-19
-64
40
-63
-25
15
-17
-125
-57
30
-90
-114
-49
-107
-101
-19
-47
-32
-35
32
-92
-14
-5
0
-111
0
-25
-93
-79
41
-87
-50
-50
50
-107
-70
-95
-124
-17
12
20
-66
-93
-66
-111
-5
-19
-81
33
-44
-17
-80
77
5
90
-69
-106
63
-109
43
-94
-97
-100
14
-65
-68
-106
-63
-111
-27
-115
2
-53
-123
17
-10
-108
-106
-100
-92
-24
-95
56
-112
-118
-74
-40
-118
-72
-40
-72
-102
59
-102
-113
81
-52
-54
-71
-43
-93
-17
-38
-44
-56
7
-50
66
41
-10
-122
61
-117
22
-54
12
-57
-65
-112
-37
-30
-100
46
-119
-25
-113
-93
-33
-118
35
-35
-119
14
-70
-112
-102
-101
46
25
-46
15
79
-68
-3
-111
24
78
-24
-2
-63
-19
-103
-63
-107
-22
-87
2
-44
20
29
-70
-95
-83
-87
-69
-95
-15
-123
-57
-59
-70
-116
74
-77
-106
-22
-17
-43
-69
-37
-75
9
79
-71
-46
-71
-7
-115
-79
-90
33
-10
-115
-91
-43
3
-85
-107
-70
37
-92
-14
-57
0
78
-112
-2
-25
-19
-80
-65
54
-75
-91
9
-99
-85
40
-44
43
17
5
25
-95
-105
-116
-101
10
-96
-52
3
-83
-109
-77
-95
-38
75
-121
-9
19
14
3
35
53
64
-12
-71
2
-111
-111
-99
-2
27
-5
-95
-108
-72
15
-38
20
-112
30
-78
-49
-15
-110
-114
65
20
-10
-95
-60
44
14
-97
-72
-29
-95
9
-85
-53
12
-76
-82
-90
-120
-84
-35
-101
-32
-85
-90
-5
75
-7
-98
-100
-99
-113
-116
-70
-105
-77
-50
53
-17
-72
52
-100
-60
-7
63
-30
32
-65
-38
-80
-7
-95
56
-61
-76
-101
-49
-96
-114
47
9
19
10
-46
-25
-83
-66
-79
-109
-54
-29
-46
-93
-40
-22
47
17
33
7
-35
46
-59
-61
-49
-56
-103
12
-7
-40
-12
-105
-70
-57
-123
15
5
32
-57
-71
-50
15
-95
-60
-103
-88
-103
-17
-114
-49
-88
-69
38
25
-9
-111
-111
-119
-123
-82
-64
-119
-103
-91
-106
12
-121
87
-25
15
32
-65
-47
2
-86
20
-37
-75
-12
-94
-91
-105
-99
-72
-53
-106
-86
43
-43
10
-107
20
54
-110
-19
10
-24
29
-66
-9
-107
17
-9
-94
7
3
-76
-95
-79
-12
-100
-56
-78
-101
-86
-3
-10
-83
-63
27
-65
-107
-68
-27
0
-104
9
-59
-27
-80
7
9
-98
-69
-88
-46
-41
41
-60
-110
37
-71
57
-57
-15
-75
-68
-10
-29
-76
-93
-14
-72
-70
-59
-54
-52
-106
-117
-57
-108
35
7
-94
-32
-89
-78
-105
-9
40
-77
-40
-118
-53
-69
