81
-17
-21
-41
6
-39
-14
34
38
36
-32
5
-13
31
-28
-27
-18
39
-10
-1
-3
-3
27
-12
-7
7
-46
-7
20
12
-11
-3
-23
-36
-70
25
54
-17
17
-14
12
-3
-11
44
-20
16
14
-41
57
69
-1
-5
-5
-1
-4
51
-25
-39
13
-16
45
46
-22
52
-4
-65
-6
-61
-41
31
95
6
-3
-10
42
-51
-14
-47
-14
-14
-72
-9
-25
33
11
-8
23
-13
37
-12
5
-10
-31
-26
-12
-83
22
-41
58
-6
20
58
-19
27
-16
63
-10
40
-20
-26
101
34
-11
4
56
-41
-25
-15
39
-23
21
26
30
39
6
46
-23
15
-28
24
-26
-97
17
17
54
36
-16
18
22
-84
-69
1
24
-20
-7
19
-25
-4
54
29
-87
-1
-3
-6
33
3
-4
24
-8
12
22
-59
47
8
29
18
-29
-12
70
41
20
-13
-5
-28
35
-32
33
49
-21
-80
-27
-43
-45
6
-1
25
-9
-15
17
30
-2
11
53
-19
16
-74
49
-21
-22
3
51
46
-1
-33
-12
-10
-30
0
-36
5
2
-15
-42
31
30
36
30
19
5
7
4
4
0
-46
1
-8
-49
44
75
-38
62
-20
40
-15
-33
29
33
48
-12
-39
31
59
2
24
-6
35
22
69
-3
-69
34
-5
74
15
19
17
26
-46
11
-41
32
-25
53
29
-18
-24
15
-21
6
-26
5
-2
-27
4
-36
25
-5
-41
9
23
23
-32
31
-47
5
-19
-22
-80
0
11
97
25
-39
81
13
24
-48
54
-15
45
2
-22
65
6
-25
19
34
-37
-37
3
62
-26
-18
111
26
24
34
39
-90
8
9
18
-53
-34
34
26
23
57
31
48
9
-41
-40
2
23
9
-7
32
-26
-19
79
41
-46
32
4
-8
45
-12
-26
-2
-49
26
-62
-48
33
27
-8
0
-65
46
76
15
12
-75
44
-12
40
-2
34
60
-66
-57
-27
2
-15
-30
12
6
-31
2
16
2
-48
-27
67
-25
31
-74
45
-23
-9
2
54
50
-5
-29
-11
-24
-33
-4
-45
14
-5
-13
-36
19
29
21
31
20
-8
10
8
-3
-9
-46
-1
-6
-35
50
78
-36
80
-18
38
-15
-23
71
26
36
-8
-36
33
62
-12
28
-13
32
20
52
-2
-58
24
0
73
19
14
6
24
-43
13
-31
31
-29
49
44
-9
-22
5
-31
18
7
-13
-2
-25
-23
-28
40
1
-28
5
-12
15
-18
34
-45
8
-14
-31
-75
-6
15
67
19
-32
75
-7
16
-47
40
5
55
6
-30
57
3
-6
-4
43
-45
-27
3
50
-26
-24
110
25
25
43
36
-71
5
10
23
-43
-17
35
29
14
48
56
38
9
-40
-44
2
35
11
-2
37
-6
-17
61
19
-22
13
9
-11
60
-14
-3
7
-55
32
-62
-50
41
35
-7
6
-48
48
63
32
14
-61
32
-12
34
0
32
43
-66
-49
-26
-1
-15
-26
4
1
-30
1
29
-1
-49
-26
70
-25
38
-67
46
-24
-11
2
57
52
-3
-28
-15
-28
-31
-12
-38
12
0
-9
-36
20
24
21
23
21
-9
6
17
-2
-8
-49
0
-4
-33
51
76
-41
91
-18
42
-13
-20
78
31
35
-8
-39
41
66
-11
40
-14
36
15
62
7
-59
20
3
71
15
24
11
28
-49
15
-24
17
-23
65
40
-16
-23
-6
-30
16
13
-12
-9
-26
-28
-34
33
-4
-29
13
-2
12
-21
36
-42
8
-17
-24
-79
-9
17
70
18
-34
73
-7
16
-47
42
-1
54
3
-31
52
5
-4
-11
41
-45
-32
6
53
-25
-25
127
25
22
47
35
-87
6
5
24
-46
-1
28
35
13
48
50
36
11
-42
-47
3
45
9
-2
36
-13
-12
66
18
-25
14
7
-19
56
-8
-6
6
-38
29
-61
-48
35
37
-7
11
-47
43
61
27
13
-57
29
-16
35
2
43
44
-66
-46
-26
-2
-12
-14
1
3
-34
1
26
4
-44
-35
65
-25
28
-66
45
-22
-14
-1
59
48
0
-27
-12
-23
-36
-5
-37
9
-5
-10
-35
20
28
21
26
19
-2
3
7
-1
-4
-44
1
-10
-34
48
73
-36
81
-18
42
-19
-28
64
29
40
-10
-34
33
61
-9
30
-15
34
25
58
5
-66
22
3
71
18
22
13
23
-49
12
-32
27
-36
49
38
-18
-24
-3
-25
19
10
-11
-9
-25
-20
-30
35
-1
-32
7
-2
16
-24
40
-44
7
-16
-32
-80
-5
11
71
19
-30
73
-4
15
-43
45
-4
54
5
-31
47
4
-10
-2
36
-42
-31
6
54
-27
-18
107
22
25
46
39
-79
5
6
24
-50
-12
31
30
13
47
52
38
11
-44
-46
0
25
13
2
40
-10
-15
64
21
-22
15
10
-18
58
-14
-5
3
-47
28
-58
-43
42
36
-6
5
-45
48
66
34
13
-62
32
-9
32
4
44
43
-66
-48
-26
2
-12
-23
4
4
-31
2
25
-9
-51
-29
66
-20
24
-69
50
-14
-15
7
47
46
2
-20
-22
-4
-25
1
-35
13
-1
-20
-38
27
29
38
27
16
2
6
3
-2
0
-42
-9
-12
-50
44
74
-37
71
-20
34
-13
-25
42
30
50
-17
-34
31
57
-5
31
2
36
30
65
1
-67
29
4
77
24
15
17
14
-40
7
-26
25
-20
53
28
-10
-22
14
-29
1
-16
6
-3
-30
-13
-37
30
-11
-37
2
13
17
-31
30
-42
4
-26
-19
-82
-2
4
80
26
-33
74
12
19
-41
53
-12
47
-3
-28
50
20
-20
7
34
-35
-33
3
63
-29
-21
113
27
26
32
31
-92
3
-1
17
-47
-29
30
29
22
57
36
40
7
-52
-42
-4
19
13
-7
34
-30
-24
77
32
-52
28
3
-8
42
-10
-23
0
-42
24
-59
-37
35
23
-10
-3
-65
45
68
28
12
-69
37
-10
37
-3
26
47
-62
-53
-26
-6
-16
-28
10
4
-36
4
16
-3
-51
-36
54
-14
-15
-34
15
-22
-24
33
22
29
-31
5
-16
30
-42
-18
7
30
-2
-24
-13
-34
32
3
0
-2
-35
12
16
15
4
1
-6
-12
-55
6
71
-26
16
-50
21
-9
-18
72
20
-2
8
-49
47
53
-9
-6
-8
21
4
46
-47
-53
2
1
43
11
-23
26
0
-68
-10
-52
-48
12
73
11
0
-7
45
-49
-7
-63
-11
-18
-61
-29
-13
10
-18
1
20
-6
38
4
43
-14
-18
-10
-6
-79
36
-46
44
5
35
46
-12
19
-26
58
0
25
14
-19
90
7
-20
21
27
-32
-13
-26
10
-27
-8
16
19
47
23
60
-25
36
-18
4
-24
-62
10
14
29
48
-9
11
12
-49
-35
8
23
-25
-22
18
-22
-22
55
31
-78
5
-13
-2
51
-14
5
15
-29
2
10
-66
15
-1
5
12
-27
11
74
43
15
-31
18
-7
41
1
53
46
-32
-68
-37
3
-60
-3
4
24
-10
-14
15
10
4
-9
62
-18
-4
-55
5
-30
-26
7
51
70
31
-24
11
67
-35
4
31
38
11
-10
-21
-5
3
26
-25
-4
-14
-21
21
13
-11
-6
-13
3
-55
16
29
19
-52
-17
14
16
-17
-55
-27
43
26
-23
-4
55
-14
-20
-21
6
-4
-3
5
-4
27
-34
44
31
1
58
-21
-19
-13
-60
-9
26
5
3
-39
-3
34
-21
-13
-47
13
25
-21
31
-12
29
-37
-17
-9
8
51
-2
-28
11
-39
-29
42
-6
-12
-21
75
-20
16
11
5
12
20
36
-38
60
-68
17
37
12
13
25
-34
-4
-32
20
34
-43
-3
-56
39
47
-3
41
11
28
48
24
-24
-96
21
3
34
22
-19
30
-16
-36
8
10
-53
-19
8
-22
6
35
48
43
-19
-1
14
-17
18
-10
-10
-5
-25
-15
-21
-23
42
53
47
-20
-14
-19
19
-10
21
1
5
-10
20
-52
57
23
21
-97
0
-37
-20
-9
-2
52
-20
-62
60
-7
13
7
15
-6
20
-66
9
-35
-2
-33
46
82
34
-54
-9
71
-32
26
32
27
43
-22
-40
-3
14
32
-24
17
39
5
6
13
15
-36
30
8
-42
6
32
-26
7
-40
37
14
-20
-8
27
38
2
-13
-38
69
-20
-5
-38
25
2
8
25
-9
28
-9
74
-13
42
76
3
-5
26
-19
43
-44
-22
28
-39
-69
-43
11
9
-43
-12
25
-13
13
-28
10
-16
-15
-16
38
27
-26
16
-14
-5
-6
7
19
10
5
73
-15
-26
14
19
9
-12
28
-43
34
-41
19
-20
-25
23
42
-44
-1
-52
35
48
-40
-10
71
16
47
20
60
-26
28
69
12
-38
-30
35
21
31
40
30
45
-23
-30
22
4
-20
13
6
6
16
41
71
56
4
32
30
-9
54
-29
-7
-48
-52
-30
-49
-37
22
40
16
-25
-26
33
14
-21
-1
-36
78
9
10
-44
67
25
-31
9
14
17
44
-39
-14
35
-32
-68
53
20
-21
-22
26
-11
28
-60
-10
-34
6
-34
36
79
29
-45
-5
52
-22
24
29
41
36
-11
-27
-7
17
11
-19
20
31
8
21
11
17
-44
18
8
-32
10
21
-26
10
-28
50
17
-22
50
27
26
6
-13
-21
78
-21
-7
-37
26
19
-3
26
-8
20
3
76
-13
36
56
11
-10
27
-9
37
-45
-12
31
-31
-49
-42
3
13
-40
-30
17
-5
-13
-28
9
-18
-3
-12
12
21
-11
23
-9
0
-8
-16
17
12
-3
55
-19
-35
7
1
10
-10
25
-41
35
-27
0
-18
-21
33
31
-21
1
-45
31
37
-29
-8
72
9
40
20
68
-15
26
73
16
-29
-17
27
20
35
37
45
32
-21
-26
17
3
-6
11
21
6
21
35
46
33
11
15
28
-10
68
-33
6
-38
-59
-22
-50
-40
16
43
12
-25
-1
36
5
-7
1
-27
73
14
16
-31
71
15
-33
13
17
16
44
-33
-20
31
-28
-53
50
5
-23
-10
32
-12
31
-63
-8
-33
7
-36
36
77
19
-43
-6
54
-24
19
29
40
35
-6
-27
-4
17
5
-15
18
27
7
17
12
19
-42
17
5
-31
15
23
-28
16
-28
48
15
-23
60
31
24
5
-14
-19
76
-18
-2
-39
23
15
-1
31
-1
21
2
70
-12
35
66
9
-13
26
-8
38
-43
-8
32
-34
-48
-43
-1
5
-34
-32
16
-2
-20
-32
2
-22
-1
-12
6
20
-4
20
-8
6
-11
-9
15
14
-3
52
-16
-43
8
3
6
-9
25
-43
34
-32
2
-15
-21
31
25
-14
2
-42
29
38
-30
-9
77
13
41
15
64
-19
25
62
12
-27
-15
25
20
35
37
42
27
-17
-26
17
2
-6
11
16
12
14
40
46
36
14
13
28
-8
68
-25
14
-34
-49
-21
-48
-39
14
41
9
-19
-1
35
3
-8
-4
-24
74
11
19
-28
68
19
-34
16
14
11
44
-35
-21
27
-35
-49
52
7
-24
-11
26
-7
26
-66
-4
-31
1
-37
38
79
32
-42
-5
61
-29
24
27
37
41
-8
-27
-10
16
16
-14
17
31
1
13
11
19
-42
19
8
-34
11
22
-24
8
-31
44
13
-21
35
27
26
2
-17
-23
78
-23
-7
-41
24
14
-6
29
-11
23
-3
72
-11
33
54
5
-10
27
-13
43
-49
-25
31
-33
-54
-47
2
9
-35
-23
24
0
-16
-29
11
-17
-4
-14
15
18
-13
14
-13
0
-11
-11
18
10
-1
56
-17
-31
8
0
13
-10
21
-40
37
-26
4
-12
-21
30
32
-15
3
-41
30
41
-33
-5
64
8
47
18
64
-4
25
64
14
-35
-26
32
12
32
33
45
38
-12
-28
22
0
-11
15
20
9
22
32
43
41
21
17
27
-4
68
-29
9
-40
-57
-20
-45
-30
15
35
8
-29
-5
41
6
-2
2
-34
71
16
16
-27
69
18
-34
14
14
15
48
-39
-21
31
-34
-54
54
5
-25
-12
34
-9
30
-65
8
-29
-7
-30
43
78
34
-48
-17
77
-26
22
39
47
47
-20
-41
-4
14
30
-25
11
42
-3
6
10
16
-41
33
10
-35
1
34
-23
20
-42
39
19
-9
9
20
39
1
-11
-28
68
-16
-2
-36
16
16
8
35
-6
25
-15
77
-5
40
78
-3
-1
23
-3
38
-36
-11
22
-29
-72
-44
5
4
-35
-12
21
-13
-10
-28
7
-17
-19
-18
18
22
-22
10
-9
0
-4
18
26
0
3
49
-13
-37
7
12
8
-8
29
-52
48
-38
10
-17
-18
22
25
-33
7
-38
35
56
-34
-18
74
12
51
26
53
-31
30
58
4
-41
-37
28
14
26
45
33
41
-13
-38
30
3
-18
10
14
14
1
35
57
50
7
23
24
-3
49
-23
7
-46
-43
-31
-44
-25
16
40
9
-23
-26
34
10
-11
-3
-37
74
4
13
-31
61
26
-19
4
15
5
43
-35
-11
35
-43
-66
58
18
-23
-22
23
-5
3
-28
1
-33
-38
-1
26
56
30
-31
6
60
-43
-3
55
36
39
-22
-28
-41
9
22
-10
-8
2
-11
18
9
7
-10
15
19
-40
-5
43
7
-48
-60
21
7
-10
-8
8
26
24
-30
-12
40
-37
-27
-38
28
-2
-22
-14
-11
2
-21
43
0
-5
42
-3
-24
-11
-46
-14
-2
-14
22
-35
0
19
-6
-9
-70
-5
32
-13
23
2
16
-57
-3
-7
22
43
7
30
5
-16
3
33
2
4
-20
47
-10
45
-10
-7
7
19
35
-23
26
-20
26
26
-15
15
38
-35
7
-20
8
7
-56
-16
-50
19
56
-7
69
16
54
73
0
-23
-55
12
16
11
44
-1
25
-27
-18
32
7
-56
-17
-9
-8
18
6
55
40
9
2
11
-7
44
-19
4
-23
-55
-21
-25
-42
7
46
21
-40
-21
7
8
8
21
-5
47
11
27
-6
79
16
0
-74
6
22
-40
-25
-4
51
-17
-61
53
-18
28
-4
71
-19
-6
-43
6
-38
-16
17
54
59
13
7
17
53
-38
-2
14
31
16
6
2
14
8
21
-25
-1
-29
-8
20
0
-14
-6
-25
2
-61
7
42
19
-55
3
14
14
-5
-17
-25
32
11
-34
8
58
-2
-26
-22
3
-8
3
-4
-16
16
-30
31
27
-7
40
-14
-34
-10
-69
-10
38
21
7
-26
17
42
-30
-19
-40
3
28
-16
5
-6
33
-31
2
11
15
46
3
-26
5
-45
-31
29
-30
0
-25
68
-18
27
-7
-7
1
20
16
-47
52
-57
4
44
17
6
16
-33
2
-11
13
30
-33
-6
-55
38
41
-2
37
22
14
-3
24
-30
-86
22
15
43
12
-34
12
15
-46
-24
17
-41
-14
3
-25
3
18
45
30
-24
-11
14
-25
10
-10
-16
-4
-8
6
-37
-17
39
32
24
-3
-2
-19
15
-2
24
15
8
-14
26
-34
49
6
5
-107
-2
-33
-24
0
-15
46
-11
-52
40
-29
8
0
16
8
15
-46
16
-38
-3
-29
41
73
21
-28
7
61
-36
10
14
22
41
-4
-35
21
14
26
-12
19
38
4
13
4
19
-34
25
4
-36
-1
26
-27
-1
-24
41
15
-16
49
34
22
-20
-30
-25
70
-13
-11
-40
23
-16
11
19
-24
28
-6
66
-13
27
49
6
-17
31
-26
34
-41
-26
33
-31
-52
-41
-9
-2
-32
-18
21
-1
-22
-23
18
-18
6
-9
34
19
-30
1
-14
-6
-2
-15
14
23
-2
61
-15
-17
-9
10
9
-17
5
-46
28
-29
5
-18
-18
20
26
-37
9
-27
25
44
-30
-10
52
11
46
0
55
-15
16
38
15
-58
-27
37
29
38
34
-4
30
-7
-28
5
4
-17
10
1
5
12
28
66
45
24
17
31
-19
46
-26
-10
-52
-47
-24
-60
-18
19
16
1
-35
-17
43
0
-6
-5
-26
62
9
26
-24
66
4
-39
-6
17
18
39
-43
-20
31
-28
-53
47
7
-14
-30
30
-3
25
-52
1
-32
6
-26
31
68
16
-16
2
52
-29
6
13
32
32
2
-20
18
13
14
-13
23
26
11
25
3
15
-43
21
6
-34
3
28
-30
13
-14
49
18
-23
95
37
18
-16
-33
-14
66
-9
0
-39
34
-2
13
16
-23
27
16
68
-8
29
39
20
-24
36
-17
12
-36
-8
34
-19
-35
-41
-12
4
-18
-36
10
11
-39
-26
11
-21
17
-7
19
25
-24
13
-15
-7
-6
-29
1
20
-5
47
-22
-26
-7
-2
9
-27
11
-40
25
-12
-14
-13
-23
24
14
-16
5
-26
22
38
-25
-8
53
12
42
7
60
0
13
33
21
-53
-18
27
27
45
36
8
19
-1
-30
3
-1
5
10
16
0
16
42
41
23
15
9
29
-21
59
-29
2
-37
-42
-21
-51
-31
16
17
-5
-25
2
45
-8
6
0
-17
54
12
25
-20
70
0
-39
3
14
17
41
-32
-24
26
-18
-35
36
-4
-24
-23
35
-7
21
-51
1
-31
1
-28
36
70
8
-14
5
54
-29
5
9
30
29
4
-20
21
16
4
-10
22
21
13
26
6
16
-44
20
4
-39
5
32
-33
15
-15
47
15
-23
103
34
19
-15
-34
-14
67
-3
-4
-37
32
1
15
22
-21
25
12
66
-9
26
42
20
-28
33
-20
12
-32
-5
32
-24
-36
-43
-12
-1
-18
-40
13
10
-46
-27
10
-22
15
-12
21
25
-12
13
-11
-9
-7
-31
-5
22
-5
52
-22
-30
-5
3
8
-24
8
-45
20
-15
-12
-12
-16
19
18
-6
5
-26
21
39
-24
-10
58
10
39
7
61
-3
17
28
20
-50
-18
27
26
47
35
11
16
5
-34
2
2
10
10
15
3
7
42
44
22
11
3
29
-17
61
-27
5
-34
-34
-23
-43
-26
16
17
-5
-18
6
42
-7
-1
-1
-14
59
11
21
-19
66
1
-40
10
10
14
40
-28
-29
23
-18
-37
39
-3
-23
-21
38
-1
23
-49
2
-34
2
-31
31
71
13
-19
6
52
-30
8
13
27
28
1
-15
19
15
9
-14
25
23
8
23
5
17
-44
21
-1
-35
6
29
-34
14
-21
51
11
-28
93
33
16
-19
-35
-20
75
-7
0
-40
33
-1
12
17
-29
28
19
69
-8
33
37
16
-24
33
-17
14
-40
-10
33
-25
-47
-44
-14
2
-16
-37
14
4
-43
-24
19
-21
16
-9
27
22
-22
13
-16
-6
-10
-37
-2
24
1
53
-18
-24
-5
4
10
-17
8
-40
16
-10
-12
-18
-18
24
18
-19
5
-26
22
40
-22
-5
52
8
43
3
62
6
12
32
22
-59
-13
27
25
44
34
9
20
0
-35
0
0
6
12
12
-1
16
40
48
30
11
5
33
-15
59
-30
0
-39
-41
-22
-46
-25
22
10
-9
-23
1
43
-7
8
6
-20
60
8
25
-17
69
7
-39
13
16
19
39
-30
-27
27
-21
-44
36
-12
-23
-19
55
1
29
-49
21
-28
-3
-21
42
70
12
-19
-8
76
-29
5
22
41
40
-8
-30
20
17
10
-20
17
29
2
12
0
10
-36
23
1
-36
-1
27
-24
27
-28
38
17
-16
77
21
26
-18
-25
-14
66
2
5
-33
23
0
20
27
-24
28
-1
63
3
35
69
13
-14
24
-11
12
-13
12
29
-25
-50
-30
-14
-10
-11
-22
5
-4
-34
-26
8
-25
-4
-5
11
18
-25
0
-7
-7
-2
9
3
7
0
28
-9
-27
7
17
8
-13
14
-54
27
-31
-14
-5
-14
27
18
-29
4
-20
19
52
-31
-16
60
20
56
16
40
-29
8
10
8
-54
-39
24
35
42
37
-7
25
8
-43
10
9
-2
1
10
17
-12
33
53
39
-1
18
27
-21
39
-23
-5
-41
-17
-23
-45
-10
18
17
-1
-16
-18
41
-5
-6
-4
-26
64
-6
23
-18
51
16
-28
-2
13
0
34
-33
-21
29
-28
-34
30
5
-30
-30
34
-3
0
-27
5
-32
-34
3
30
42
24
-8
12
58
-54
-5
21
23
36
-17
-14
-19
16
20
-5
-9
-5
-4
22
0
10
-11
8
20
-51
-10
56
8
-47
-36
30
6
-15
36
12
11
2
-43
-3
44
-34
-40
-34
36
-18
-27
-31
-20
6
-21
31
-5
-13
26
3
-33
-5
-48
-12
7
-19
23
-26
15
27
-23
-21
-59
-8
30
-8
4
8
24
-51
11
13
19
49
-4
16
1
-18
3
26
-14
7
-19
40
-11
49
-10
-6
2
3
19
-17
23
-3
3
25
-11
8
28
-35
13
-10
-4
8
-44
-22
-62
20
50
-8
63
35
29
26
-2
-40
-62
10
26
28
37
-26
6
-1
-19
14
18
-40
-19
-1
-20
15
-3
46
25
15
-8
13
-17
35
-27
7
-15
-44
-7
-40
-30
8
21
-1
-24
-10
15
13
28
23
-9
34
13
32
12
68
1
-10
-69
-9
19
-40
-33
-15
46
-9
-40
36
-51
23
-19
63
-12
-5
-41
9
-41
-15
12
53
63
15
0
12
49
-41
-3
14
31
13
9
2
14
5
19
-27
0
-23
-16
21
1
-9
-10
-25
2
-58
8
40
18
-54
-1
10
14
-7
-18
-25
37
11
-37
7
58
-15
-22
-22
18
-18
0
-3
-20
10
-27
36
25
0
36
-17
-25
-8
-61
-2
40
19
11
-35
11
42
-31
-21
-38
12
29
-17
21
-7
36
-30
0
9
13
54
-6
-30
8
-42
-32
32
-21
2
-19
65
-18
25
-6
-3
4
21
21
-49
56
-57
-2
37
15
16
7
-40
3
-18
8
29
-38
-8
-55
38
34
-4
38
31
8
2
22
-35
-93
27
15
44
14
-36
18
10
-42
-22
18
-43
-15
5
-28
3
26
44
27
-26
-15
13
-30
8
-13
-16
-2
-7
9
-31
-19
41
33
22
-10
-4
-20
19
0
23
11
0
-10
24
-37
46
8
0
-108
-3
-36
-23
-8
-19
44
-4
-49
40
-36
7
-3
27
6
19
-53
20
-30
-4
-28
37
70
16
-23
-2
66
-33
11
19
19
38
-3
-35
16
11
20
-17
23
35
-1
13
1
20
-33
27
2
-38
-1
20
-24
1
-23
44
14
-25
55
26
22
-21
-28
-24
65
-13
4
-36
34
-13
15
11
-34
27
0
67
-18
34
55
10
-11
30
-28
28
-34
-12
37
-30
-49
-37
-8
-3
-26
-24
18
-3
-14
-28
20
-16
8
-8
32
32
-32
-2
-10
-11
1
-11
8
24
-4
56
-12
-22
-8
15
14
-20
17
-47
27
-25
0
-23
-23
18
19
-46
8
-27
23
48
-33
-14
61
15
45
7
51
-16
10
26
15
-56
-30
37
30
39
37
-8
23
-2
-35
4
5
-9
10
2
3
5
37
63
40
11
18
25
-25
43
-29
-14
-50
-39
-25
-50
-23
17
12
2
-30
-16
41
-3
-8
-5
-27
62
10
20
-18
59
9
-41
-12
21
12
31
-44
-22
29
-19
-50
42
4
-18
-31
41
-5
32
-58
6
-27
5
-31
27
67
11
-13
0
55
-29
6
13
29
26
8
-28
16
15
2
-16
24
20
1
27
2
25
-39
23
2
-33
3
29
-28
9
-14
59
16
-31
96
28
21
-13
-33
-12
65
-12
5
-39
33
-4
12
12
-34
22
15
67
-12
36
36
14
-19
29
-13
15
-30
-3
36
-21
-37
-40
-10
5
-16
-38
10
12
-35
-29
18
-20
18
-7
15
29
-20
13
-11
-10
-7
-28
-5
24
-2
41
-19
-28
-10
2
10
-21
16
-40
29
-15
-12
-20
-21
15
16
-16
6
-25
17
40
-29
-13
62
13
41
11
55
-7
9
24
17
-48
-19
21
33
47
30
11
11
4
-33
-5
3
6
5
5
0
5
41
44
22
9
6
28
-22
56
-27
4
-33
-41
-21
-42
-31
21
18
-5
-31
5
43
-15
6
1
-20
56
13
22
-10
61
-1
-39
-7
12
9
35
-33
-28
23
-16
-35
35
-9
-28
-23
43
0
31
-59
7
-31
-1
-29
30
67
9
-14
1
53
-25
3
12
26
30
5
-24
16
20
-1
-16
24
22
5
28
6
24
-42
23
1
-37
5
31
-25
13
-17
48
13
-28
106
28
18
-14
-33
-16
70
-12
5
-39
31
-5
17
11
-31
22
18
67
-12
35
42
19
-23
31
-13
16
-27
0
36
-25
-36
-36
-10
1
-18
-42
5
11
-36
-28
15
-23
16
-8
10
28
-16
10
-11
-8
-5
-25
-1
25
-6
36
-19
-27
-6
3
12
-21
17
-39
21
-11
-12
-22
-19
22
15
-14
6
-27
17
38
-34
-11
66
12
43
8
59
-7
10
25
20
-45
-16
24
29
48
33
12
11
10
-39
-3
4
4
6
10
1
7
46
38
25
2
5
24
-24
60
-28
-2
-35
-36
-22
-46
-24
17
15
-5
-29
4
41
-13
3
4
-16
56
12
19
-12
59
5
-38
-3
15
6
37
-30
-27
26
-10
-26
31
-11
-34
-21
37
-2
24
-60
11
-27
0
-32
32
69
13
-15
2
61
-30
12
11
25
32
5
-24
14
17
7
-3
26
25
6
22
5
23
-44
23
0
-40
9
22
-26
3
-20
53
11
-29
81
28
22
-14
-32
-20
70
-10
-5
-42
35
-1
4
13
-30
25
18
69
-13
34
45
11
-18
29
-20
29
-37
-14
38
-29
-38
-44
-6
5
-24
-45
11
11
-28
-30
19
-21
16
-13
15
25
-16
8
-8
-12
-9
-35
-3
24
-6
42
-18
-20
-2
6
13
-21
15
-41
18
-8
-12
-23
-18
18
20
-24
5
-25
20
40
-29
-11
45
9
45
9
55
0
9
27
22
-43
-22
26
26
42
29
10
19
7
-42
2
-2
-5
16
17
2
12
42
43
33
18
5
24
-18
56
-30
-3
-38
-45
-22
-44
-22
22
14
-4
-35
-1
48
-7
1
6
-26
57
12
16
-11
63
2
-44
-4
16
8
38
-38
-27
22
-18
-34
35
-20
-30
-16
52
1
37
-54
19
-25
-7
-25
38
68
8
-19
-12
70
-27
10
22
35
48
-4
-36
18
16
12
-18
17
31
-6
12
4
17
-37
25
2
-36
3
30
-23
18
-27
41
17
-13
69
19
24
-15
-23
-13
67
-5
9
-34
22
1
18
24
-25
27
6
66
-5
36
61
5
-15
22
-4
17
-15
12
31
-27
-49
-37
-10
-10
-23
-28
3
-3
-29
-28
10
-23
-7
-8
15
21
-31
-1
-1
-9
-3
5
1
12
-4
33
-10
-27
-4
10
9
-14
19
-52
29
-30
-9
-13
-13
23
15
-34
9
-28
20
56
-33
-19
61
10
48
20
47
-34
9
15
12
-44
-31
27
30
37
34
-6
17
8
-45
8
4
-2
0
12
10
-10
29
54
38
4
16
23
-17
41
-19
-7
-43
-19
-29
-43
-11
16
21
1
-26
-22
43
-5
-8
-5
-28
60
0
18
-22
51
14
-32
-15
15
1
36
-36
-20
24
-29
-37
33
10
-34
-30
27
-1
8
-27
1
-31
-36
1
26
46
25
-3
8
60
-46
0
24
23
41
-19
-14
-18
11
20
-14
-5
-4
-8
22
4
11
-9
8
16
-53
-7
60
2
-48
-35
28
3
-8
20
16
10
2
-45
-1
48
-34
-34
-37
30
-20
-21
-23
-25
5
-5
32
-18
-6
22
-7
-40
-4
-38
-10
6
-7
26
-22
10
21
-24
-21
-66
-12
27
-15
0
3
27
-42
12
2
20
50
-6
17
6
-24
-4
16
-15
8
-17
50
-11
45
-19
-9
4
8
22
-22
20
-4
7
16
-8
10
25
-36
18
-14
1
8
-49
-21
-52
15
51
-15
66
33
28
28
0
-40
-43
12
20
29
38
-25
8
-4
-23
7
9
-40
-20
-4
-28
11
4
47
29
11
-4
7
-19
32
-27
12
-20
-48
-15
-35
-33
4
21
-5
-34
-11
17
15
28
21
-6
37
18
31
5
68
2
-16
-71
-2
20
-31
-30
-17
44
-8
-49
33
-37
21
-16
60
-10
3
-43
6
-39
-19
13
57
65
18
3
16
48
-35
-1
23
34
11
11
10
5
5
28
-22
-2
-22
-20
20
2
-9
-5
-23
1
-59
16
34
15
-54
4
9
14
-15
-16
-23
38
11
-34
11
69
-16
-16
-24
20
-13
-1
3
-24
14
-26
34
22
10
49
-15
-24
-9
-60
8
32
11
13
-42
12
31
-36
-20
-29
15
27
-11
26
-8
39
-24
-4
7
9
53
-4
-25
12
-42
-28
37
-23
0
-18
68
-17
24
-7
4
9
19
16
-45
63
-53
-2
34
19
11
-2
-42
3
-19
4
29
-35
-11
-46
37
29
-3
42
24
1
-1
23
-36
-85
25
13
45
12
-36
19
11
-41
-24
19
-49
-9
6
-23
0
31
43
24
-16
-16
7
-34
10
-15
-11
0
-8
11
-31
-14
37
42
26
-9
-3
-22
23
0
22
15
-3
-13
23
-37
46
12
-1
-107
-2
-37
-21
-9
-19
43
-3
-52
48
-28
5
-1
19
8
28
-52
16
-25
-3
-26
42
73
21
-31
1
64
-29
6
20
24
35
-5
-23
18
11
35
-21
19
29
-4
12
-1
18
-33
30
1
-29
3
21
-30
5
-18
49
11
-28
46
31
20
-17
-27
-22
79
-18
5
-36
41
-16
19
24
-36
27
-7
71
-18
41
58
18
-11
29
-15
32
-34
-14
37
-38
-38
-56
-14
-4
-11
-29
12
2
-9
-29
24
-10
2
-2
31
30
-32
8
-4
-6
4
-9
10
23
0
60
-13
-25
-6
17
13
-18
12
-41
35
-25
-1
-22
-19
23
7
-51
11
-33
18
43
-31
-21
58
15
40
11
54
-16
6
28
20
-55
-16
35
25
39
29
-15
27
-9
-26
0
9
-13
11
11
-9
12
40
51
28
16
12
27
-22
43
-29
-7
-49
-31
-29
-52
-20
10
21
9
-32
-14
31
1
-8
-1
-20
52
8
18
-19
61
14
-40
-8
18
3
41
-43
-21
34
-17
-43
49
11
-17
-33
32
8
34
-56
6
-23
3
-26
36
74
18
-22
2
55
-22
4
12
17
23
5
-14
14
15
21
-13
20
9
-3
24
3
21
-38
23
2
-35
8
21
-34
15
-15
58
11
-33
89
27
20
-12
-35
-17
82
-30
7
-42
46
-7
6
14
-33
23
12
70
-14
38
39
19
-16
28
-5
30
-30
-10
37
-36
-27
-49
-12
2
2
-41
6
19
-17
-29
28
-23
12
-4
13
30
-26
15
-10
-7
-8
-25
3
26
1
45
-19
-22
-4
8
18
-15
10
-33
28
-17
-14
-24
-20
27
4
-33
8
-27
13
38
-28
-18
55
11
43
5
63
-3
8
29
24
-46
-8
27
26
42
24
5
22
0
-27
-5
1
3
19
20
-13
23
47
32
17
11
-1
22
-16
58
-30
2
-34
-40
-22
-51
-15
12
16
6
-36
-2
39
-3
2
8
-9
42
13
18
-14
55
12
-41
-5
13
-1
49
-35
-26
31
-10
-28
43
-5
-28
-28
40
2
41
-59
0
-21
1
-27
34
72
13
-20
-2
54
-22
6
12
31
25
3
-12
14
13
13
-12
21
13
3
24
4
15
-41
28
4
-34
7
24
-35
21
-12
64
11
-33
95
26
19
-10
-31
-13
80
-22
12
-42
42
0
11
19
-33
22
11
71
-15
36
48
20
-21
32
-3
29
-26
-8
37
-32
-27
-58
-14
2
0
-42
4
14
-26
-31
22
-20
14
-4
10
29
-21
23
-5
-4
-8
-23
1
25
-5
43
-18
-27
-3
3
15
-17
10
-35
25
-13
-17
-23
-19
24
9
-24
8
-28
17
38
-28
-19
67
13
36
8
60
-7
9
33
23
-41
-5
27
25
38
24
6
23
2
-30
-2
4
7
18
26
-10
14
46
29
19
13
0
21
-20
58
-27
5
-32
-33
-26
-46
-23
9
20
6
-28
2
39
-3
6
5
-12
45
12
17
-17
59
11
-38
-1
15
1
49
-31
-25
25
-20
-27
37
-1
-31
-26
34
7
36
-55
1
-18
3
-26
33
69
17
-24
0
59
-24
8
11
31
26
-1
-10
8
14
15
-11
21
22
3
19
7
12
-40
28
1
-37
11
18
-34
18
-12
63
10
-34
92
29
17
-19
-32
-14
86
-23
6
-43
48
4
8
18
-36
31
19
70
-16
37
44
18
-22
32
-4
30
-36
-20
38
-35
-34
-61
-9
0
-4
-39
11
10
-28
-28
22
-21
10
-13
23
34
-24
14
-5
-6
-5
-35
-3
27
-3
51
-17
-25
-2
11
16
-14
11
-37
24
-12
-15
-26
-20
21
7
-26
3
-29
13
37
-24
-14
63
10
37
5
60
-3
3
34
24
-46
-4
23
22
39
24
2
26
1
-34
-4
1
5
19
25
-8
17
42
35
20
14
-1
27
-16
54
-29
6
-40
-36
-26
-46
-22
16
23
5
-25
3
38
0
17
5
-18
47
15
19
-18
60
4
-42
9
18
7
51
-35
-24
26
-16
-33
39
-6
-23
-27
53
2
41
-54
16
-18
0
-22
43
68
10
-23
-7
63
-30
9
23
43
38
-4
-21
10
18
18
-6
14
22
-3
9
2
8
-36
21
3
-36
9
19
-26
23
-21
45
13
-17
72
15
22
-14
-23
-10
78
-9
8
-31
42
17
19
26
-31
27
6
67
-12
41
73
17
-14
19
6
28
-12
17
33
-32
-41
-48
-12
-7
-4
-23
3
-6
-26
-30
12
-20
-5
-4
11
25
-29
7
2
-2
2
7
-2
8
-2
34
-9
-29
2
19
15
-10
14
-47
32
-24
-21
-16
-13
24
-1
-42
4
-25
15
48
-26
-20
79
14
46
23
45
-44
2
13
11
-44
-22
26
34
33
29
-5
19
2
-39
3
9
-6
8
19
16
-15
26
47
26
-4
8
17
-18
41
-19
4
-37
-18
-25
-49
-12
15
30
7
-21
-19
37
3
2
-2
-26
52
-4
13
-25
47
21
-29
-6
15
-4
44
-38
-22
27
-27
-29
34
17
-35
-34
28
1
3
-32
6
-29
-33
6
31
44
24
-8
15
52
-47
-8
27
15
32
-17
-11
-28
17
23
2
-10
-7
-4
16
0
9
-6
2
20
-51
-5
56
5
-48
-40
30
1
-15
35
11
16
3
-46
1
51
-38
-28
-34
42
-22
-23
-22
-24
5
-19
35
-17
-3
32
-1
-32
-11
-41
-6
11
-17
24
-25
18
21
-29
-19
-51
-9
21
-7
12
3
32
-48
3
4
7
53
-6
19
9
-20
-1
26
-13
5
-18
40
-10
48
-11
-5
12
9
17
-16
30
-4
0
19
-10
12
18
-43
13
-10
-8
7
-44
-25
-53
13
52
-9
65
29
23
24
5
-37
-50
10
25
23
33
-36
3
-1
-13
12
18
-43
-17
4
-25
12
5
39
26
4
-9
3
-18
30
-27
8
-13
-50
-17
-43
-28
5
34
6
-29
-13
10
14
25
24
-5
24
15
32
3
64
8
-15
-76
-5
14
-34
-28
-17
46
1
-29
36
-32
19
-17
52
-5
0
-46
11
-42
-21
19
60
58
35
-1
19
43
-13
-10
6
17
17
17
14
19
11
38
-19
-9
-23
-23
8
10
-20
-11
-4
2
-57
18
33
13
-29
8
20
4
-6
-36
-23
45
12
-34
11
70
-19
-8
-19
-2
-15
9
-1
-20
21
-34
37
27
17
41
-25
-16
-14
-72
21
16
15
11
-30
4
26
-34
-38
-25
21
42
-3
20
-15
53
-27
-10
12
-7
53
-13
-6
12
-40
-27
23
-16
0
-11
58
-16
17
1
15
15
19
16
-39
57
-57
10
34
31
9
12
-60
5
-12
2
31
-37
-20
-32
25
28
16
45
10
4
5
25
-39
-82
21
24
36
4
-44
15
19
-39
-16
27
-39
9
10
-33
3
36
55
24
-9
-30
3
-46
3
-12
-24
3
-12
14
-31
5
42
41
29
-6
-12
-27
38
-24
24
9
-15
-15
36
-39
23
10
4
-116
2
-41
-11
-3
-20
46
-7
-49
54
-15
-1
4
38
-3
23
-58
24
-23
2
-18
51
72
30
-37
0
73
-9
4
2
29
45
-5
-16
16
26
30
-19
14
22
-3
0
7
2
-37
44
1
-24
11
23
-29
20
-14
62
-5
-16
42
25
32
-6
-29
-14
74
-15
13
-35
19
5
20
21
-37
31
-31
64
-12
31
71
13
-13
25
-16
46
-33
9
33
-27
-67
-40
-16
-16
-23
-13
9
7
-23
-38
21
-16
-4
9
3
12
-24
33
-12
1
3
-4
1
16
1
31
-11
-32
4
26
25
-10
5
-49
32
-48
8
4
-2
10
31
-34
3
-22
17
39
-31
-30
88
19
38
28
53
-49
19
40
16
-35
-28
33
39
29
11
-4
29
3
-25
-1
14
-4
32
12
2
-6
31
55
31
-1
-1
23
-29
48
-22
-6
-40
-31
-12
-48
-1
11
21
11
-22
-15
32
18
-39
2
-29
57
-3
20
-33
38
28
-33
-15
16
1
55
-34
-20
31
-34
-36
44
19
-35
-17
39
-4
28
-57
9
-17
5
-26
46
66
28
-30
5
67
-9
-1
-8
25
24
1
-8
11
28
17
6
15
16
0
14
5
7
-42
34
5
-29
16
9
-29
20
-11
68
-2
-23
75
23
33
-8
-35
-12
80
-20
0
-43
30
17
5
19
-37
31
-14
63
-2
25
63
11
-21
24
-23
49
-37
-13
35
-27
-48
-48
-13
-12
-21
-35
6
25
-30
-37
26
-30
6
10
1
12
-10
29
-13
-2
-12
-27
-7
21
2
35
-17
-22
6
16
31
-10
-5
-42
28
-33
3
-1
-10
7
28
-21
3
-16
14
30
-29
-29
65
17
34
24
62
-27
24
54
19
-25
-20
23
31
37
5
10
27
11
-27
1
10
-1
37
18
2
15
36
39
11
15
-14
27
-17
58
-28
-1
-29
-45
-8
-49
-1
12
20
6
-25
3
40
11
-26
10
-20
56
7
23
-21
41
18
-33
-17
11
4
54
-32
-24
28
-27
-26
42
2
-31
-10
48
-5
31
-62
13
-23
5
-25
39
65
27
-32
2
65
-4
-2
1
32
35
5
-6
16
31
13
-8
11
11
3
10
3
3
-45
45
6
-24
12
24
-30
27
-14
69
-1
-26
84
27
35
-7
-35
-7
79
-11
7
-38
22
15
14
16
-37
30
-22
61
-1
30
79
13
-26
27
-16
40
-31
6
37
-22
-55
-45
-15
-11
-14
-34
4
16
-42
-40
18
-23
6
18
-4
13
-10
33
-15
2
-9
-10
-5
19
6
24
-16
-33
6
16
28
-13
6
-47
26
-29
-6
1
-13
7
20
-23
2
-20
14
36
-33
-29
82
18
37
30
57
-33
19
43
18
-39
-20
22
37
30
9
8
18
12
-30
6
15
3
31
21
14
7
44
37
14
16
-11
24
-24
60
-26
7
-31
-40
-4
-46
-7
5
20
5
-17
6
34
13
-26
5
-18
58
2
26
-20
42
24
-36
-5
10
2
45
-24
-20
30
-29
-23
33
3
-34
-18
43
-2
35
-58
10
-18
0
-23
34
66
27
-31
0
67
-11
-2
-1
35
33
-1
-3
7
23
12
-10
12
19
-4
13
5
3
-39
45
5
-21
10
17
-29
23
-13
66
1
-23
83
16
31
-8
-37
-8
77
-16
9
-40
29
7
18
19
-41
27
-12
68
-1
29
60
10
-16
26
-14
38
-33
-3
37
-26
-49
-54
-12
-15
-15
-34
-1
15
-40
-35
24
-29
-1
6
2
14
-13
25
-12
1
-11
-16
-3
15
2
26
-18
-27
3
10
29
-11
8
-48
26
-36
-1
-2
-16
6
22
-14
0
-20
14
32
-34
-23
75
10
39
23
61
-27
19
48
21
-35
-21
25
32
32
5
3
21
13
-26
-1
9
5
31
17
5
6
40
36
12
14
-11
22
-20
55
-26
-5
-37
-37
-11
-34
-4
13
23
6
-24
0
38
5
-21
7
-19
58
10
24
-24
44
14
-32
-8
11
7
47
-28
-24
31
-23
-19
35
3
-29
-15
47
3
31
-54
19
-26
-1
-21
43
65
32
-32
-6
71
-6
5
6
35
47
-10
-11
16
23
28
-9
7
23
-2
4
7
-1
-43
45
3
-38
6
22
-29
32
-21
57
5
-14
43
17
32
-9
-31
-12
78
-13
0
-31
23
18
14
18
-34
33
-26
67
-3
29
73
2
-16
23
-8
54
-23
-1
26
-20
-62
-45
-9
-15
-21
-15
9
2
-34
-37
12
-25
-7
15
7
13
-28
28
-4
1
-5
1
9
7
2
18
-12
-28
3
25
25
-8
4
-48
29
-34
-1
-6
-4
11
14
-38
8
-20
21
47
-31
-35
78
14
42
30
54
-46
20
35
11
-45
-24
31
34
25
16
-1
23
9
-37
10
12
-7
33
21
8
-7
19
50
26
9
-6
18
-25
48
-22
9
-41
-28
-12
-47
6
8
21
6
-22
-15
35
19
-23
-3
-30
54
0
24
-29
32
25
-24
-1
15
0
53
-30
-16
33
-34
-33
45
12
-37
-17
14
8
9
-27
4
-30
-31
8
29
45
32
1
15
42
-32
-16
22
13
31
-13
1
-22
20
44
1
-9
-1
-4
19
4
1
-15
14
21
-56
-7
61
-5
-31
-43
37
-1
-10
18
17
20
5
-51
6
45
-43
-30
-27
31
-27
-12
-35
-37
1
-32
33
-11
-10
43
-20
-37
-9
-39
17
8
-14
20
-15
1
7
-33
-31
-50
-4
27
-5
1
-1
39
-50
8
14
4
37
-11
34
1
-13
0
14
-7
3
-14
30
-14
39
-16
-10
24
14
15
-13
22
-7
18
28
-9
1
29
-35
13
-1
-9
1
-42
-38
-43
13
46
6
74
5
32
35
2
-38
-50
4
20
20
22
-33
12
10
-9
13
24
-37
10
0
-35
0
-4
48
18
17
-21
-2
-29
33
-30
4
-16
-52
-4
-48
-16
3
25
3
-28
-14
13
21
9
24
-4
20
11
46
-1
38
21
-9
-83
-6
10
-29
-20
-17
47
-7
-42
47
-23
21
-13
46
5
-23
-52
5
-48
-10
23
42
65
13
-39
-9
-33
-15
-19
69
35
24
-19
12
-24
-3
-3
10
-6
-44
-29
7
-2
-19
-17
-36
5
-57
16
-6
-10
22
-12
23
34
-23
35
-17
65
19
-31
19
45
-17
85
-32
26
16
41
-17
-24
-1
-9
42
21
38
-23
28
-7
-18
-28
1
64
83
7
-19
8
76
-51
-9
-32
-16
36
-17
27
-16
33
-57
-8
-13
-7
82
-6
-16
18
-20
-28
15
9
-26
-25
41
-16
15
61
10
11
55
30
-31
9
-22
5
46
21
39
-11
-52
12
-23
3
11
-36
24
54
45
42
7
63
28
-4
-35
20
-27
-35
-7
40
28
30
-2
51
-20
-18
-59
22
21
-37
-18
20
-7
22
42
43
-101
-39
13
-63
57
-1
-4
15
-45
-26
-2
-10
38
63
89
-10
-7
-30
57
46
25
2
0
-6
39
-41
65
60
-12
-53
10
-9
-28
1
-5
48
46
3
13
25
30
-20
49
-10
-3
-78
34
-46
-21
3
74
81
41
-51
-6
-35
-30
0
76
34
51
-52
1
-11
-10
27
58
11
4
-27
-6
0
-6
-16
10
1
-46
32
-25
-25
42
-5
52
19
-24
-15
23
69
2
-23
4
39
-14
70
-41
46
4
40
21
-26
17
-22
68
-10
54
-77
44
4
10
-12
78
28
48
19
-41
-42
62
-25
-11
-35
-43
27
17
20
-27
13
-70
-13
-38
21
43
-24
-17
-8
2
-8
8
8
-37
-15
67
15
-38
76
19
15
32
29
-65
22
-27
37
29
28
28
14
-61
17
-42
40
27
-32
0
81
42
19
5
59
14
5
-13
13
-15
13
12
46
-11
29
35
74
-35
17
-25
22
26
-6
-5
44
-3
22
49
78
-48
-19
36
-47
68
-34
-27
-21
-69
-47
-34
12
6
69
56
-31
-19
20
46
18
-6
-31
67
4
13
-51
75
115
-45
-9
1
52
12
-14
-14
22
3
-10
36
22
5
-64
48
-15
2
-79
32
-30
-11
4
71
80
35
-50
0
-38
-31
-11
60
30
40
-50
12
-12
-3
3
67
6
-6
-20
-4
-3
-6
-22
0
11
-48
37
-24
-33
61
-6
50
20
-24
33
18
60
-8
-21
18
34
-26
82
-49
52
16
23
22
-18
10
-15
65
0
56
-94
39
3
16
-2
67
15
38
20
-27
-28
48
-27
-2
-15
-49
25
30
-23
-31
14
-60
4
-38
-11
49
-6
-13
-5
0
-11
-10
12
-31
-21
42
9
-38
71
13
21
26
9
-53
34
-16
40
12
23
27
2
-45
16
-34
37
26
-32
-8
75
45
25
13
60
33
8
-5
24
-29
35
18
42
-17
19
41
57
-16
8
-16
11
36
7
12
40
13
39
40
61
-39
-31
37
-55
66
-31
-8
-1
-87
-42
-29
9
10
67
60
-27
-2
24
34
18
-9
-22
52
2
9
-48
74
90
-38
-10
-2
44
26
-8
-19
15
0
7
40
14
3
-65
56
-15
4
-77
31
-37
-11
7
71
81
33
-47
-4
-42
-23
-14
69
37
37
-50
10
-11
-2
0
64
9
-4
-17
-6
-6
-10
-22
-2
9
-47
35
-24
-38
63
-7
47
23
-17
52
24
61
-6
-24
22
35
-22
87
-47
51
18
32
20
-15
6
-16
66
4
57
-83
38
-3
16
1
55
27
47
21
-32
-32
45
-31
-3
-6
-44
22
26
-33
-34
11
-58
3
-36
-9
46
-14
-12
-3
3
-7
-4
14
-35
-23
35
11
-47
76
12
17
26
11
-55
33
-15
33
14
19
28
-5
-43
15
-37
37
27
-32
-8
90
44
24
14
57
27
9
-13
22
-36
35
17
45
-15
27
43
58
-19
4
-17
14
43
1
6
46
3
48
44
57
-39
-29
40
-60
67
-30
0
-2
-78
-41
-22
8
3
68
58
-19
-6
22
32
25
-10
-24
53
0
11
-49
75
95
-39
-4
-3
46
25
-7
-14
14
-4
10
34
21
1
-74
44
-10
1
-74
25
-30
-14
5
68
81
33
-50
-3
-39
-31
-9
60
34
48
-51
10
-13
-6
3
70
6
0
-18
-4
-2
-7
-24
6
7
-53
29
-22
-32
62
-6
50
21
-17
26
20
59
-9
-20
15
39
-30
73
-52
48
21
17
18
-20
10
-14
67
3
57
-88
35
1
13
4
67
15
27
21
-30
-30
39
-27
-2
-19
-49
26
26
-20
-30
16
-61
1
-40
-5
43
-15
-9
-7
0
-9
-13
17
-34
-25
38
10
-33
77
11
23
29
9
-50
27
-8
40
9
18
31
-1
-50
18
-35
38
23
-31
-10
74
38
29
14
64
29
11
-4
21
-31
35
19
39
-21
22
42
56
-17
6
-18
9
32
4
10
39
15
39
41
62
-36
-29
38
-61
65
-33
-8
-10
-89
-43
-31
9
10
66
61
-29
-12
24
35
30
-5
-27
46
0
8
-47
73
86
-41
-5
-1
48
29
-11
-15
17
-1
2
41
13
5
-65
58
-10
2
-73
22
-40
-20
-4
63
73
31
-42
-10
-29
-32
-4
69
38
45
-49
8
-16
-5
11
67
7
11
-13
-1
-1
-9
-31
6
-4
-51
27
-22
-22
51
-10
45
19
-24
30
22
57
-5
-27
15
39
-16
63
-44
51
26
28
15
-27
18
-16
61
12
49
-69
52
0
3
-2
72
27
49
12
-28
-37
50
-31
-10
-26
-46
21
16
-7
-31
13
-67
-8
-30
8
39
-19
-11
-8
-1
-11
-9
13
-38
-18
40
17
-39
79
10
32
26
20
-55
24
-12
26
32
27
34
4
-41
16
-36
34
27
-32
-3
101
50
30
11
66
1
1
-17
13
-25
15
7
41
-9
33
44
70
-30
2
-14
20
21
-7
6
65
-16
20
44
60
-54
-26
30
-49
65
-34
-12
-16
-61
-40
-36
22
6
62
51
-25
-16
24
47
19
-3
-40
63
-1
17
-45
63
108
-38
7
-6
47
21
-22
-7
23
-5
6
26
9
-2
-54
37
2
0
-39
-2
-27
-19
4
19
56
9
-29
-16
-24
-36
-15
70
31
23
-35
18
-42
-3
-2
25
-3
-35
-8
12
4
1
-19
-20
9
-49
13
19
-16
21
-39
32
27
-22
65
18
40
8
-39
14
29
-36
55
-40
43
10
15
-35
-36
-8
4
42
3
22
-27
20
-22
-25
0
-11
64
68
13
-3
15
61
-49
-6
-51
-29
26
-20
-6
-9
26
-65
7
-34
-2
75
-8
7
1
-13
-23
14
1
-14
-30
26
-10
20
49
-1
22
35
31
-22
4
4
19
38
6
23
0
-35
13
-13
-3
-2
-41
3
28
39
53
10
80
25
10
-21
6
-30
-12
-26
34
12
35
-6
42
-18
-4
-41
16
7
-30
-10
11
-23
7
41
44
-86
-31
9
-42
65
-19
13
-1
-55
-41
-11
-18
18
43
58
-25
-10
3
41
59
23
-10
32
7
41
-26
76
55
-20
-49
0
26
-35
-7
-5
43
36
-11
5
7
37
-18
