-128
-117
-87
-126
-110
-116
-111
-113
-120
-120
-21
-126
-126
-125
-122
-126
-125
-118
44
-124
-124
-85
-122
-123
-126
-121
-26
-117
-124
-124
-112
-126
-126
-69
-125
-125
-128
10
-118
-101
-102
-118
-128
-126
-106
-95
-116
-128
-120
-119
-118
-93
-113
-113
-124
-125
-109
-119
-113
-123
-128
-108
-122
-119
-128
-113
-125
-122
-105
-104
27
-118
-120
-127
-127
-125
-106
-100
-127
-113
-119
-123
-126
-128
-128
-104
-123
-119
-114
-121
-127
-126
-114
-114
-124
-118
-120
-124
-126
-115
-128
-128
-8
-127
-128
-123
-109
-126
-120
-119
-126
-103
-124
-118
-66
-127
-118
-126
-128
-85
-126
-128
-125
-123
124
-118
-123
-112
-128
-124
-110
-123
-128
-114
-128
-122
-120
-125
-117
-125
-128
-124
-128
-107
-9
-125
-121
-122
-122
-126
-96
-121
-128
-128
-124
-110
-128
-122
-126
-122
-125
-100
-120
-128
-126
-122
-126
-128
-11
-126
-118
-127
-119
-127
-126
-59
-17
-128
-126
-125
-127
-128
-126
-116
-128
-123
-125
-111
-108
-107
-123
-125
-115
-62
-126
16
-128
-122
-124
-34
-121
-121
-122
-128
-125
-128
-121
-128
-110
-118
-123
-123
-126
-128
-128
-114
-127
-119
-126
-125
-127
-84
-128
-123
-119
-127
-118
-124
-111
-126
-127
-118
-122
-127
-126
-123
-120
-81
-124
-118
-122
-86
-126
-120
-127
-119
-110
-122
-126
-101
-124
-110
-70
-118
-128
-122
-122
47
-126
-123
-128
-118
-117
-122
-91
-125
-125
-115
-95
-123
-118
-124
-117
-122
-113
-121
-121
32
-118
-122
-120
-99
-127
-84
-123
-119
-125
-127
-119
-126
-119
-122
-125
-125
-116
-125
-122
-20
-127
-95
-39
-121
-114
-114
-121
-125
-126
-117
-126
-90
-97
-90
-127
-100
-102
-119
-128
-112
-125
-126
-127
4
-123
-125
-128
-128
-126
-127
-124
-124
-121
-70
-123
-117
-128
-116
-97
-123
-125
-127
-127
-121
-111
-125
-96
-127
-112
-125
-121
-127
-116
-50
-127
-113
-122
29
-128
-74
-126
-124
-128
-109
-126
-124
-90
-123
-125
-116
-35
-124
-122
-120
-120
-120
-73
-125
-124
-127
-125
-128
-87
-7
-124
-57
-126
-124
-75
-78
-110
-122
-122
-121
-122
-127
-122
-124
-102
-106
-121
-74
-125
-4
-123
-127
-120
-124
-108
-103
-127
-110
-124
-114
-127
-127
-120
-119
-125
-126
-103
-111
-113
-104
-95
-115
-88
-128
-103
-124
-123
-116
-124
-124
-101
-120
-116
-98
-127
-124
-117
-122
-121
-128
-123
-126
-119
-122
-73
-123
-102
-120
-5
-117
-121
-122
-126
-128
-116
-125
-120
-120
-125
-128
-119
-124
-123
-122
-127
-128
-124
-119
-103
-47
-124
-128
-128
-126
-125
-121
-8
-108
-120
-118
-127
-115
-119
-117
-127
7
-124
-123
-115
-124
-121
-124
-126
-89
-125
-114
-122
-118
-125
-118
-115
-118
-123
-114
-124
-70
-106
-126
-122
-125
-126
-127
-99
-124
-125
7
-118
-126
-122
-122
-124
-128
-121
-118
-116
-124
-122
-123
-128
-126
-124
-104
-124
-123
-126
-110
-126
-124
-14
-122
-107
-119
-117
-123
-123
-114
-125
-126
-124
-115
-121
-125
-123
-122
-117
-127
-125
-127
-127
-126
-123
-126
-128
-103
-117
-115
-98
-115
-119
-126
-128
-115
-126
-115
-123
-125
-124
-128
-38
-120
-43
-123
-127
-123
-120
-128
-126
-126
-101
-124
-125
-125
-126
-125
-30
-128
-128
-122
-123
-123
-110
-128
-118
-124
-123
-124
-126
-121
-126
-126
-124
95
-110
-124
-127
-94
-122
-122
-113
-124
-126
-122
-115
-123
-128
-126
-55
-115
-128
-112
-127
-118
-123
-115
-127
-126
-126
-94
-128
-122
118
-123
-120
-20
-128
-124
-123
-117
-48
-126
-126
-127
-112
-22
-125
-1
-116
-127
-128
28
-121
-128
-126
-120
-126
-102
-124
-125
-104
-98
-120
-124
-118
-126
-126
-117
-108
-125
-50
-116
-126
-128
-127
-127
-73
-121
-127
-128
-112
-122
-127
-105
-110
-118
-120
-119
-118
-123
-122
-125
-127
-126
-128
-119
-109
-115
-123
-2
-111
-123
-87
-127
-124
-127
-125
-94
-127
-119
-127
-115
-122
-123
-118
-98
-120
-124
-128
-125
-111
-118
-124
-90
-122
-125
-113
-118
-117
-104
-103
-115
-126
-122
-122
-127
-123
-127
-128
-119
-126
-123
-116
-111
-124
-42
-122
-123
-113
-127
-123
-127
-126
-96
-117
-126
-127
-125
-126
-122
-117
-128
-102
-127
-127
-113
-108
-98
-111
-114
-110
-113
-128
-127
8
-122
-128
-116
-101
-118
-123
-123
-93
-126
-102
-125
-128
-120
-126
-128
-123
-125
-119
-126
-119
-114
-126
-92
-111
-105
-125
-120
-116
92
-115
-85
-121
-118
-122
-123
-118
-100
-118
-120
-127
-123
-101
-119
-124
-125
-119
-126
-126
-128
-121
-128
-126
-123
-127
-126
-117
-125
-125
-128
-128
-117
-127
-126
-127
-120
-128
-119
-128
-125
-82
-128
-82
-112
-126
-128
-120
-123
-126
-126
-63
-124
-122
-122
-126
-103
-100
-123
-117
-125
-125
-116
-127
-119
-119
-119
-110
-126
-113
-125
-96
-113
-99
-117
-127
-78
-120
126
-116
-125
-116
-120
-99
-125
-125
-126
31
-123
-121
-120
-128
-98
-120
30
-82
-126
-123
-111
-123
-120
-126
-127
-122
-117
-108
-121
-115
-128
-121
-122
-116
-121
-122
-109
-113
19
-125
-124
-118
-121
-125
-126
-122
-128
-126
-118
-126
-123
-112
-128
31
-126
-127
-116
-118
-128
-125
-127
-109
-128
-121
-119
-115
-51
-128
-126
-115
-125
-127
-92
-109
-127
-125
-106
-128
-128
-111
-116
-104
-124
-89
-126
-119
-75
-124
-128
-126
-127
-118
-113
-123
-122
-126
-124
-122
-125
-126
-126
-127
-119
-126
-121
-98
-117
-128
-128
-118
-118
-117
-118
127
-115
-117
-112
-118
-128
-121
-122
-127
-126
-128
-125
-109
-120
-126
-123
-99
-125
-120
-120
-127
-61
-119
-126
-127
-122
52
-127
-114
-126
-116
-86
-117
-124
-126
-122
-125
0
-109
-126
-126
-107
-126
-122
-127
-127
-115
-124
-125
-116
-20
-126
-115
-127
-96
-122
-116
-128
-104
-124
-120
-124
-104
-117
-127
-109
-121
-114
-117
-116
-124
-127
-126
-96
-123
-108
-127
-122
-126
-118
-71
-127
-128
-94
-110
-124
-126
-126
-126
-116
-123
-123
-79
-128
-125
-126
-127
-118
-124
-119
-113
-128
-126
-124
-120
-123
-128
-124
-124
-122
-116
-127
-116
-120
-126
-123
-118
-126
-127
-96
-126
-102
-43
-124
-126
-122
-125
-85
-127
-118
-123
-115
-91
-2
-124
-112
-113
-122
-89
-105
-125
-124
-125
-122
-128
4
-128
-121
