15
-48
52
-36
-5
-12
-25
-22
-32
-23
-13
-27
16
-29
-29
-58
-38
46
40
-1
-49
-26
19
-23
-27
-7
-61
5
-28
-23
-59
-45
-22
-13
62
-12
-18
-14
-46
-71
-55
-37
-6
-6
-43
-32
-17
43
-26
12
-9
16
-28
-51
-72
22
26
-64
-21
-43
-4
-5
-88
-14
57
-71
-19
-44
-6
-16
6
-35
-14
-30
27
-4
3
-51
-47
-9
-24
-49
3
-85
-26
-15
25
-76
47
-31
-17
-36
-33
22
9
2
-44
-25
3
9
-96
-50
-1
59
15
63
13
3
20
-58
-6
14
-6
-26
-37
9
-25
-11
-11
-23
49
-60
-66
-10
-10
19
56
-30
-51
-35
-5
-36
-34
2
6
-30
-38
12
-58
-17
-7
-25
5
-82
-24
-44
-38
40
33
15
-4
-11
1
-3
-47
-7
-21
-31
18
7
-68
50
16
40
-5
-76
-99
-24
-38
-45
-80
-43
-17
-42
-48
-28
-8
-32
-25
-83
-8
4
-32
-53
-76
-49
38
-121
-24
-32
-42
-46
9
-20
-4
36
-32
-9
24
-72
4
-7
20
8
-29
-29
-31
-14
13
-13
-30
-22
5
18
-15
-48
-17
34
35
-12
-70
-46
13
4
-1
-1
-15
-37
-2
-38
-13
3
13
25
35
27
-33
-43
-53
-14
-44
12
-9
4
41
-48
-22
-46
-30
-50
-42
-3
-41
-18
57
4
-77
14
-27
9
-53
-9
-48
-21
-39
-30
16
-37
-1
-35
-57
25
-23
-28
-16
-46
5
-65
-9
-35
-39
-27
-45
20
-51
-27
-19
-46
28
-49
13
19
-25
-10
-87
-61
-27
26
-4
-33
26
22
-18
-62
21
-8
-44
35
-4
-24
56
15
13
-7
-1
-47
8
-31
-1
22
-30
9
-13
-10
24
53
-3
-7
-14
46
48
-52
9
-28
-42
-36
-29
-62
40
-13
30
-37
-47
26
-23
-34
-20
-10
-5
-41
20
-11
-25
39
-31
-50
-73
-76
-45
-12
10
-51
-45
16
11
-3
-18
-2
22
-27
-26
-86
-56
22
-18
-17
-46
13
-17
-43
26
13
-5
18
-59
19
-26
-17
-15
39
-14
-10
14
-10
-56
-15
53
-16
-16
-15
-14
-37
-31
17
-8
-31
20
-23
-35
-42
39
-9
-40
-24
19
1
-31
-4
-44
27
35
44
34
-19
12
-30
12
11
20
-23
-37
-34
-12
-49
-15
19
-16
-80
-6
-7
-9
-53
-38
-40
-3
71
-3
22
-83
15
4
-65
31
-48
-10
-27
10
35
-16
19
16
-4
-72
-43
-62
2
-4
-15
-40
-53
-54
-58
42
-56
-43
15
-53
-19
19
1
-45
-15
50
-6
-29
-23
11
51
-70
-29
-42
-14
13
23
-42
2
-3
-18
13
-7
-21
-15
14
-69
15
56
15
-10
9
127
-10
-41
44
-44
-36
-2
-28
10
-19
-42
-44
-29
-50
35
-4
-23
-77
35
8
-5
-55
38
-57
0
6
64
15
-25
-80
-62
16
-70
5
5
-23
8
34
51
6
12
-27
-70
-95
-4
-40
-4
-19
-36
20
2
-31
-15
-62
13
-6
-95
-62
3
0
-28
-21
-7
-63
-17
-4
5
66
7
1
9
-20
-2
-29
-26
25
-3
60
-77
-54
-17
-13
13
41
-1
-32
-8
48
-22
-38
-20
-36
-38
-33
-29
4
-62
1
-19
51
-70
-26
-18
-27
-30
6
-8
-14
3
-14
0
19
-31
7
-34
29
-47
-32
57
-20
-5
6
-2
16
-10
16
-86
-52
46
30
10
-34
-22
-25
4
-26
-47
21
-94
15
-21
-37
31
12
31
-71
14
-28
-21
-24
0
-6
-9
26
-31
14
-4
-47
-29
-28
-33
-22
20
58
-16
-3
-19
6
-59
-57
-26
-5
-26
-50
-12
-15
-25
2
-11
29
-12
40
14
3
2
17
-34
-56
28
-26
8
1
-22
-9
-64
-2
-65
-16
48
-86
-29
3
-30
20
-49
-3
53
-22
5
-64
6
-50
30
2
-19
-70
-72
26
-2
-24
-25
2
-75
-47
32
-15
22
24
-18
-8
31
-28
-3
1
-73
38
16
-47
-86
-46
51
-3
15
4
-39
-32
-18
-10
-27
-3
-30
52
-38
-52
17
20
-45
42
-15
11
30
-7
6
-17
-24
-16
-40
-10
-11
36
35
-59
-36
30
-26
-3
37
-24
14
-8
-22
-61
25
34
-75
-33
16
-54
32
-29
18
-56
-15
46
-13
2
72
6
-32
7
5
-43
-8
47
-69
-35
23
-19
-18
-12
-83
-23
-52
45
-22
-51
-14
-5
-42
10
-5
-16
-47
-16
1
-97
-12
-13
62
2
-42
-3
-27
-33
-13
9
23
-55
40
-24
34
-22
66
-32
-32
14
-22
-17
27
-47
27
23
-18
-28
-4
-7
-17
-7
39
57
-23
40
-26
52
-35
-39
6
15
-24
-71
-14
-38
-9
-92
-35
-43
14
-69
38
-17
-13
36
22
-39
-14
-45
-27
53
-11
-27
50
-30
-66
-45
19
-34
-30
66
-48
21
29
25
16
-8
1
-21
-81
-31
-24
-37
32
11
-3
-14
36
11
-13
-45
-43
19
-14
-3
-51
-25
-14
20
-15
-50
-40
-50
-52
-26
-84
16
-49
-25
16
47
38
-19
-56
-6
11
36
-12
-31
-10
-14
41
-51
-38
-87
-48
-77
12
-4
-53
13
23
7
-35
22
-8
16
-85
7
-27
56
41
-24
-68
48
-12
48
-63
-23
5
-16
-46
1
30
16
16
-22
-26
-16
-42
-72
-47
12
19
32
34
-21
-31
2
-23
17
0
-12
30
-4
-27
8
2
-20
-20
-41
-5
31
23
-74
3
-12
-8
32
3
-47
-33
-21
-2
-16
0
43
-10
23
-13
-37
-78
32
3
10
-40
-34
-26
-74
-25
-70
-59
-32
20
-22
-15
1
-41
12
-2
12
37
15
-16
-38
-64
15
-80
-5
9
-9
-3
-28
-53
-18
-9
-19
-30
-38
-9
33
5
2
-28
-88
-28
-25
-12
15
-2
-7
-14
-47
12
-33
5
24
-17
13
-10
32
-14
2
-8
-40
10
11
-24
67
0
3
-21
-3
-13
-23
-27
53
-14
9
26
-42
-23
-10
41
1
7
-55
7
-56
-16
1
27
6
-17
-59
-22
-14
-67
-8
-13
-4
33
31
-34
-7
-65
-30
21
20
-14
-77
-16
-40
-24
12
-64
