-48
6
-49
17
-9
-86
21
-63
-44
127
2
-84
-90
1
-29
-2
-17
12
-44
-14
-64
-83
-88
2
-52
35
0
-22
-13
-62
-19
7
-23
-8
4
-46
55
-32
-48
-36
-47
-16
-1
-45
4
-35
17
-40
-36
-50
-93
53
-81
-44
-33
-2
-64
17
-2
-27
47
41
-22
15
18
-8
-17
-45
-37
-33
-10
78
-58
-56
2
-64
8
-15
-57
-22
-28
-16
-66
-45
49
6
25
8
9
3
-30
-65
-20
-35
-5
-11
-9
-37
-27
-4
-44
-26
-28
29
-3
21
-84
12
-25
-9
15
-9
7
-3
-39
-19
-61
68
37
-34
-27
-19
-35
-30
-21
-13
-12
23
-15
-32
-62
-57
28
-30
9
-21
15
11
-46
-56
26
-73
-34
33
56
-32
-55
-73
47
16
-41
2
-40
-20
25
-25
-44
-93
-68
-13
-24
-16
-32
13
-48
-51
-59
-87
-26
-83
-4
-56
31
-16
47
-68
29
-54
-91
-78
3
12
-48
-50
-49
16
-13
-33
14
30
5
-49
-30
-3
-34
5
-6
-53
2
-60
-27
96
-1
-68
-89
-8
-4
-20
-17
14
-21
-3
-64
-50
-58
4
-50
36
21
-31
-8
-56
-14
-23
-11
-18
14
-16
57
-57
-25
-31
-23
-22
9
-33
-6
-26
1
-37
-25
-27
-60
42
-48
-14
5
8
-41
-12
5
-16
50
24
-13
6
25
-19
-12
-48
-27
-37
0
80
-45
-70
-24
-66
7
-17
-52
-32
-28
-14
-64
-37
32
-11
0
5
-11
-35
-46
-69
-16
-27
-6
-45
-47
-37
-18
-16
-65
-19
-4
6
-20
14
-53
-3
-6
-18
5
-13
-2
3
-20
-19
-39
48
20
-23
-17
1
-23
-23
-15
0
-52
-15
-5
-40
-35
-52
28
-15
5
-5
6
3
-30
-35
6
-33
-17
7
46
-3
-44
-77
45
6
-29
13
-40
-14
18
-37
-44
-79
-54
-4
-23
-28
-27
37
-49
-55
-74
-50
-7
-49
-13
-52
35
-22
30
-49
22
-17
-90
-59
11
6
-37
-67
-65
8
-25
-23
-8
39
-22
-48
-25
-5
-29
5
-12
-53
7
-62
-22
97
-3
-65
-91
-9
-4
-24
-21
13
-30
-5
-64
-54
-57
0
-53
38
19
-34
-7
-57
-15
-25
-10
-19
17
-17
56
-57
-14
-31
-23
-22
11
-22
-7
-22
5
-34
-15
-30
-65
43
-46
-13
5
6
-38
-4
1
-16
51
23
-14
8
24
-19
-11
-44
-29
-38
5
90
-44
-71
-24
-64
6
-8
-61
-34
-34
-26
-59
-40
34
-2
4
0
-15
-31
-48
-65
-16
-23
-4
-44
-48
-36
-27
-20
-69
-19
-4
2
-19
10
-53
-2
-4
-22
4
-12
4
-3
-23
-23
-37
43
16
-26
-20
6
-25
-25
-10
2
-51
-17
-6
-43
-29
-48
28
-15
5
-8
13
4
-30
-37
6
-34
-12
1
48
-5
-39
-76
44
-4
-27
4
-38
-17
22
-37
-40
-74
-53
-7
-20
-29
-25
38
-47
-57
-65
-54
-6
-46
-12
-52
31
-22
29
-50
20
-22
-90
-59
10
6
-34
-67
-63
8
-26
-19
-13
40
-22
-54
-28
-5
-30
8
-12
-56
9
-64
-27
100
-5
-67
-93
-8
-2
-17
-23
18
-26
-5
-67
-52
-59
-5
-56
38
17
-36
-6
-59
-18
-22
-10
-16
19
-19
56
-58
-14
-31
-24
-22
9
-21
-8
-24
9
-35
-15
-27
-70
48
-47
-12
2
6
-36
-3
-2
-15
52
22
-11
12
24
-21
-13
-39
-32
-41
9
86
-53
-72
-25
-63
6
-10
-61
-33
-36
-24
-62
-42
36
-2
6
0
-21
-32
-45
-66
-14
-23
-1
-42
-50
-36
-27
-17
-69
-24
-5
3
-18
8
-54
1
-6
-22
1
-7
5
-4
-22
-20
-40
44
15
-25
-21
11
-25
-27
-10
-1
-53
-14
-6
-43
-29
-42
25
-14
6
-9
15
1
-28
-35
7
-35
-8
3
44
-5
-44
-76
46
-2
-27
5
-39
-21
24
-36
-43
-72
-51
-9
-18
-27
-26
36
-49
-56
-68
-59
-10
-49
-13
-50
31
-22
30
-48
24
-19
-91
-62
11
6
-35
-67
-62
8
-29
-19
-9
39
-24
-53
-26
-5
-31
7
-12
-50
6
-64
-23
97
-2
-65
-89
-11
-3
-21
-22
13
-31
0
-64
-54
-59
-4
-53
36
21
-34
-11
-58
-14
-24
-11
-19
19
-18
55
-57
-19
-30
-21
-23
12
-24
-7
-22
6
-34
-15
-26
-64
46
-45
-9
9
8
-36
-10
-1
-16
49
25
-9
9
22
-20
-10
-47
-29
-44
7
84
-44
-74
-26
-63
8
-10
-61
-32
-32
-25
-61
-38
33
-5
3
0
-17
-30
-45
-63
-17
-24
-3
-46
-52
-34
-25
-21
-66
-22
-4
1
-18
10
-54
1
-7
-20
0
-9
4
-4
-22
-23
-37
43
15
-25
-17
7
-25
-22
-9
0
-53
-17
-10
-41
-31
-44
25
-10
7
-6
14
1
-28
-41
1
-36
-14
3
47
-7
-41
-78
42
-1
-27
3
-40
-15
22
-38
-42
-72
-50
-7
-17
-26
-26
38
-49
-54
-63
-54
-5
-46
-13
-50
30
-22
28
-48
24
-19
-89
-57
9
5
-33
-65
-63
10
-28
-15
-10
36
-25
-51
-24
-5
-33
9
-9
-52
3
-66
-20
99
2
-65
-85
-10
-5
-21
-23
10
-27
-3
-66
-51
-61
4
-50
36
16
-27
-10
-56
-11
-22
-14
-19
15
-18
57
-55
-32
-29
-28
-28
15
-33
-1
-28
-1
-38
-22
-25
-59
36
-47
-17
5
3
-38
-13
7
-19
47
27
-14
4
24
-15
-12
-42
-23
-40
-1
81
-40
-69
-23
-65
6
-16
-54
-32
-29
-20
-61
-40
30
-9
4
3
-8
-35
-47
-69
-17
-32
-3
-46
-44
-39
-21
-18
-62
-24
-2
0
-20
13
-56
-2
-11
-21
0
-15
-2
0
-19
-24
-39
43
23
-23
-14
0
-26
-26
-16
-3
-49
-14
-12
-38
-28
-50
23
-13
8
-8
8
1
-33
-43
2
-36
-15
9
38
-5
-45
-77
42
2
-26
10
-38
-11
13
-36
-47
-76
-54
-4
-25
-25
-27
34
-53
-54
-72
-49
-11
-53
-10
-54
28
-20
30
-47
21
-23
-92
-59
9
6
-44
-67
-63
11
-28
-20
-7
37
-21
-46
-59
-5
-38
17
-18
-69
15
-57
-39
109
6
-86
-84
5
-28
-11
-12
12
-41
-14
-63
-91
-85
16
-49
33
-1
-26
-18
-59
-18
12
-11
-3
11
-44
50
-37
-53
-48
-39
-21
-3
-38
9
-40
26
-42
-40
-43
-86
48
-77
-37
-30
-3
-74
4
-5
-25
41
30
-27
9
17
-2
-16
-39
-37
-46
-17
67
-63
-55
2
-62
7
-19
-49
-17
-21
-25
-51
-45
46
2
22
8
7
4
-22
-64
-19
-31
-3
-10
-6
-37
-20
2
-33
-23
-33
19
-2
20
-78
14
-15
-2
8
-20
1
2
-44
-18
-57
68
29
-29
-34
-21
-30
-32
-18
-11
-6
13
-10
-38
-50
-57
31
-27
6
-12
18
0
-47
-52
20
-65
-37
29
47
-31
-58
-72
46
21
-25
3
-42
-22
30
-34
-33
-86
-68
-16
-15
-24
-33
2
-56
-47
-65
-87
-17
-74
-1
-66
24
-20
49
-58
38
-53
-92
-76
1
8
-53
-44
-50
15
-14
-33
3
13
7
-48
-19
8
-40
-5
-6
-51
-12
-55
-31
91
7
-65
-70
12
-17
-9
-5
-12
-27
1
-58
-41
-67
-16
-60
32
3
-32
-8
-50
-17
-3
-21
-9
-5
-31
47
-27
-52
-31
-35
-12
9
-51
-5
-29
-3
-38
-52
-14
-69
5
-74
-17
-9
-19
-50
-4
4
-32
31
21
-18
14
10
-20
-13
-57
-37
-25
-23
63
-53
-57
-10
-55
-1
-25
-55
-16
-17
0
-51
-21
17
-5
-10
14
0
-18
-47
-54
-19
-38
13
-36
-38
-36
-9
-19
-42
-35
-8
3
-17
0
-70
-2
-32
0
-1
-16
-1
10
-36
-13
-47
46
26
-20
-10
-57
-28
-27
-17
-3
-41
-15
1
-38
-28
-66
19
-20
8
-20
-22
-2
-39
-29
2
-34
-43
3
28
-23
-35
-60
36
0
-28
-4
-34
-25
-4
-31
-41
-85
-61
-22
-35
-18
-15
34
-38
-47
-74
-52
-6
-64
4
-42
19
-6
27
-57
10
-38
-71
-80
12
-5
-47
-61
-56
25
-9
-36
4
36
-9
-34
-17
4
-30
-11
-7
-30
-17
-61
-24
67
6
-55
-73
17
5
-22
0
4
-10
3
-52
-27
-45
-16
-60
28
25
-32
3
-45
-7
-35
-7
-22
3
-23
43
-50
-26
-35
-14
-11
14
-24
-5
-20
-19
-41
-40
-12
-45
3
-55
0
7
-9
-30
-13
4
-33
37
-3
-8
9
6
-24
2
-43
-33
-36
-21
70
-43
-80
-45
-55
-2
-26
-57
-27
-23
-10
-53
-30
13
-10
-27
8
-14
-51
-42
-52
-17
-33
12
-40
-45
-38
-18
-34
-55
-35
12
-11
-34
-7
-46
-14
-20
-18
-12
-24
6
12
-17
-18
-37
36
15
-15
8
-16
-41
-16
-20
11
-53
-33
-1
-43
-17
-55
17
-9
0
-10
-22
-1
-29
-26
-4
-13
-21
-5
19
-3
-26
-54
31
-5
-23
0
-31
-16
-6
-36
-35
-79
-48
-13
-32
-33
-16
44
-38
-47
-67
-26
-9
-39
-12
-38
29
-4
12
-46
13
-16
-67
-38
23
4
-24
-65
-63
22
-14
-35
-12
46
-25
-42
-17
3
-30
-10
-14
-35
-15
-63
-20
70
1
-49
-75
8
12
-26
-6
7
-11
5
-50
-29
-44
-27
-65
30
22
-32
1
-45
-9
-38
-4
-19
5
-19
41
-55
-24
-36
-8
-7
16
-9
-5
-19
-14
-41
-32
-11
-46
5
-54
0
12
-10
-31
-4
4
-28
39
-7
-9
4
5
-26
1
-39
-33
-35
-13
74
-40
-76
-43
-56
-1
-25
-64
-29
-23
-12
-56
-34
12
-6
-23
0
-17
-48
-43
-49
-18
-33
4
-47
-44
-38
-27
-37
-58
-37
9
-11
-28
-6
-43
-12
-13
-21
-11
-18
8
11
-15
-17
-34
34
12
-13
9
-12
-39
-16
-21
13
-51
-37
-7
-45
-16
-52
11
-10
1
-11
-14
-5
-26
-28
-2
-17
-15
-11
25
-3
-22
-59
24
-11
-30
-5
-31
-16
-3
-36
-34
-71
-52
-12
-30
-31
-20
41
-37
-48
-60
-23
0
-37
-12
-42
28
-2
15
-40
10
-19
-72
-35
25
-1
-24
-69
-62
19
-14
-26
-15
46
-28
-39
-14
2
-33
-8
-18
-35
-13
-64
-22
69
0
-50
-76
9
13
-27
-5
9
-10
6
-50
-32
-43
-27
-65
30
22
-34
2
-46
-8
-38
-6
-20
6
-19
41
-56
-22
-38
-8
-8
15
-6
-7
-19
-16
-37
-29
-9
-48
7
-53
0
12
-10
-28
-3
2
-28
39
-5
-8
7
3
-31
0
-38
-34
-35
-13
74
-41
-75
-43
-57
-1
-18
-65
-30
-26
-13
-54
-35
11
-1
-21
0
-19
-47
-43
-48
-15
-38
8
-43
-42
-39
-28
-35
-58
-38
12
-11
-27
-7
-43
-15
-14
-22
-11
-19
9
9
-16
-18
-34
31
11
-14
9
-8
-37
-16
-23
11
-52
-37
-6
-46
-17
-54
13
-11
2
-8
-15
-7
-23
-27
1
-15
-15
-11
22
-3
-23
-54
27
-9
-29
-8
-28
-16
0
-33
-33
-69
-49
-15
-30
-32
-19
42
-39
-50
-61
-29
-1
-34
-11
-40
33
-3
14
-41
11
-15
-70
-37
24
-2
-24
-72
-63
19
-16
-26
-17
53
-27
-42
-18
6
-34
-8
-15
-31
-14
-63
-22
69
3
-48
-75
10
13
-26
-6
7
-8
5
-48
-31
-44
-23
-62
27
25
-34
1
-44
-8
-37
-6
-18
4
-20
40
-54
-24
-38
-9
-11
13
-11
-5
-20
-16
-42
-34
-9
-45
8
-53
2
9
-11
-32
-7
5
-29
39
-3
-10
1
2
-28
0
-37
-34
-36
-22
73
-39
-75
-45
-57
-1
-20
-65
-26
-20
-16
-57
-31
13
-4
-25
-1
-19
-49
-45
-48
-16
-34
4
-44
-45
-38
-26
-34
-56
-37
11
-12
-30
-6
-42
-14
-13
-23
-10
-20
7
10
-11
-18
-33
33
11
-15
11
-15
-41
-12
-23
11
-45
-37
-7
-44
-20
-55
12
-11
0
-5
-15
-4
-24
-32
0
-16
-18
-10
25
-3
-21
-56
23
-11
-23
0
-32
-14
0
-34
-36
-74
-52
-14
-29
-30
-24
41
-38
-49
-65
-24
-2
-30
-14
-39
33
-3
15
-39
11
-14
-70
-33
25
-4
-22
-70
-64
18
-16
-25
-14
47
-25
-43
-13
5
-34
-10
-8
-33
-19
-61
-21
72
8
-51
-75
11
3
-26
-3
2
-9
3
-50
-32
-48
-21
-62
27
24
-29
-2
-43
-8
-32
-8
-20
4
-22
43
-48
-27
-36
-11
-12
21
-23
-2
-21
-18
-41
-41
-5
-44
-1
-53
-5
7
-14
-32
-11
8
-34
38
0
-7
6
3
-24
3
-39
-31
-34
-24
67
-35
-74
-45
-56
-3
-19
-59
-27
-20
-16
-57
-28
9
-12
-26
4
-9
-50
-44
-53
-15
-32
11
-42
-44
-36
-27
-33
-56
-41
7
-15
-26
-5
-49
-11
-16
-14
-14
-26
4
5
-14
-20
-32
35
18
-13
7
-21
-43
-16
-16
9
-50
-32
-6
-45
-22
-54
16
-7
1
-5
-18
-6
-31
-32
0
-16
-20
-4
22
-1
-25
-54
26
-7
-20
-2
-34
-17
-8
-33
-36
-81
-47
-14
-35
-30
-21
39
-40
-47
-66
-20
-6
-40
-11
-39
29
-3
14
-41
10
-14
-69
-34
18
-3
-30
-65
-63
21
-14
-29
-9
47
-21
-38
-35
0
-31
-2
-24
-45
-14
-47
-31
72
12
-64
-66
5
-15
-12
-1
-13
-17
-1
-52
-51
-66
-8
-50
28
3
-30
-17
-40
-21
1
-3
-10
-3
-32
35
-27
-54
-46
-32
-25
8
-50
-1
-31
4
-43
-48
-20
-66
4
-66
-17
-11
-21
-62
-4
-8
-22
24
14
-25
0
14
-10
-14
-43
-40
-37
-28
56
-51
-55
-10
-47
-6
-27
-47
-8
-11
-10
-47
-26
18
2
-8
14
-5
-14
-38
-54
-19
-27
9
-27
-27
-34
-10
-15
-24
-39
-17
-4
-16
3
-67
4
-22
4
-7
-25
0
12
-39
-9
-42
44
23
-22
-9
-54
-30
-26
-17
3
-27
-13
3
-45
-23
-62
21
-13
-3
-12
-16
-6
-41
-29
1
-30
-39
2
22
-21
-33
-62
38
3
-11
1
-36
-20
9
-36
-33
-82
-69
-21
-25
-20
-22
19
-42
-54
-71
-49
-2
-55
9
-53
19
-3
28
-46
19
-38
-71
-70
9
-2
-53
-52
-59
19
-8
-35
-9
18
-1
-34
-24
9
-36
-2
-5
-50
-10
-51
-33
87
2
-59
-63
8
-18
-10
-12
-24
-28
7
-53
-34
-62
-23
-59
33
0
-26
-14
-54
-24
-4
-19
-9
-9
-30
45
-21
-51
-29
-30
-18
12
-42
-3
-30
-7
-43
-46
-8
-77
3
-75
-17
-14
-19
-55
-9
5
-29
32
22
-24
15
15
-21
-11
-56
-39
-15
-20
70
-56
-51
-11
-51
-3
-24
-58
-18
-20
-1
-51
-23
18
1
0
13
-1
-18
-55
-58
-19
-40
17
-41
-36
-37
-12
-17
-38
-43
-15
2
-18
0
-75
-1
-27
-6
3
-8
-2
8
-37
-12
-48
45
30
-11
-8
-55
-33
-30
-12
-7
-38
-14
-12
-41
-29
-64
18
-16
12
-27
-25
-11
-34
-30
-9
-36
-37
4
27
-18
-33
-61
35
-6
-33
-10
-35
-24
-7
-34
-43
-88
-65
-22
-40
-14
-11
21
-39
-44
-75
-56
0
-60
11
-43
10
-5
32
-53
3
-39
-78
-90
12
-8
-46
-60
-55
19
-4
-31
-5
33
-7
-34
-18
5
-28
-9
-8
-33
-20
-61
-26
64
2
-52
-68
15
3
-29
-8
-4
-12
11
-53
-22
-43
-22
-57
31
20
-33
0
-47
-12
-33
-9
-21
-4
-20
35
-50
-26
-36
-4
-9
18
-12
-5
-24
-25
-43
-39
-7
-50
2
-58
-2
1
-14
-32
-18
1
-27
35
-5
-11
7
12
-29
4
-43
-34
-30
-23
71
-44
-70
-48
-52
-7
-17
-60
-29
-21
-15
-52
-28
9
-6
-25
11
-18
-53
-51
-53
-17
-38
4
-45
-38
-41
-22
-34
-50
-42
9
-13
-32
-7
-44
-13
-15
-27
-11
-19
9
9
-18
-16
-35
33
16
-8
8
-24
-44
-11
-20
5
-52
-33
-12
-41
-23
-54
13
-5
7
-14
-32
-10
-26
-26
-11
-17
-19
-8
17
-3
-20
-53
26
-13
-28
-4
-33
-22
-9
-35
-39
-79
-51
-13
-39
-28
-11
31
-45
-46
-70
-21
-6
-36
-8
-36
24
-3
14
-39
8
-19
-76
-42
24
-4
-28
-65
-61
21
-11
-25
-17
43
-22
-41
-16
5
-27
-11
-16
-33
-18
-60
-25
66
-3
-45
-69
11
8
-30
-8
-1
-16
11
-49
-23
-45
-26
-59
31
18
-33
2
-50
-16
-39
-4
-23
-1
-20
36
-56
-25
-38
-5
-11
17
0
-6
-22
-22
-44
-31
-12
-47
7
-60
0
6
-14
-32
-14
-2
-22
39
-5
-13
4
12
-28
3
-39
-40
-29
-14
76
-37
-69
-47
-53
-7
-18
-68
-31
-22
-19
-52
-36
10
-1
-20
4
-17
-49
-49
-51
-17
-37
3
-50
-43
-39
-29
-37
-55
-43
6
-8
-27
-8
-42
-16
-12
-27
-9
-16
8
6
-13
-14
-37
32
12
-6
9
-16
-42
-15
-19
8
-50
-38
-18
-42
-27
-53
11
-5
8
-11
-24
-15
-21
-23
-10
-17
-10
-12
21
-4
-20
-54
21
-18
-34
-8
-36
-20
-3
-34
-33
-72
-50
-14
-32
-26
-14
28
-44
-48
-61
-21
0
-32
-4
-41
21
0
15
-37
9
-21
-78
-43
24
-5
-26
-65
-62
16
-10
-18
-23
45
-30
-41
-16
3
-27
-11
-15
-33
-19
-60
-28
69
-2
-46
-71
11
6
-27
-7
-4
-15
11
-48
-21
-45
-30
-62
29
17
-33
3
-48
-14
-36
-4
-22
-1
-23
37
-55
-21
-38
-4
-9
16
5
-6
-21
-22
-45
-29
-10
-47
10
-56
4
5
-13
-30
-12
1
-24
37
-3
-10
3
10
-29
2
-39
-37
-27
-14
79
-41
-68
-45
-49
-6
-19
-66
-32
-22
-17
-53
-36
9
-2
-19
4
-20
-46
-51
-49
-17
-38
3
-50
-43
-41
-28
-35
-57
-45
5
-5
-28
-9
-41
-16
-14
-26
-10
-14
7
9
-14
-15
-35
32
12
-8
11
-16
-39
-15
-19
10
-49
-38
-17
-43
-24
-54
11
-7
6
-11
-24
-15
-19
-22
-8
-18
-9
-12
20
-6
-20
-52
21
-15
-36
-10
-36
-21
-1
-32
-33
-72
-46
-17
-28
-25
-12
31
-42
-48
-61
-26
1
-32
-8
-39
24
-1
15
-40
9
-19
-77
-42
23
-4
-26
-65
-59
15
-9
-17
-26
45
-30
-42
-16
6
-27
-14
-12
-32
-19
-59
-29
67
-5
-47
-72
9
6
-26
-7
-2
-17
10
-45
-21
-42
-27
-61
30
21
-33
3
-44
-14
-39
-6
-25
-4
-20
37
-56
-24
-36
-5
-11
13
-2
-6
-22
-20
-45
-33
-13
-45
11
-57
1
5
-14
-33
-17
0
-18
37
-7
-13
1
12
-29
3
-39
-39
-28
-16
76
-41
-71
-46
-53
-6
-15
-69
-32
-24
-22
-52
-35
12
-3
-22
7
-17
-46
-46
-51
-19
-37
0
-50
-43
-40
-25
-34
-54
-42
6
-8
-27
-6
-40
-16
-14
-25
-10
-13
6
7
-15
-12
-38
32
12
-7
11
-20
-41
-15
-24
8
-46
-37
-15
-43
-25
-50
8
-10
5
-10
-26
-15
-22
-22
-10
-17
-13
-13
22
-5
-21
-53
23
-16
-32
-3
-35
-19
-6
-33
-36
-70
-49
-16
-29
-25
-12
30
-46
-50
-66
-23
-2
-30
-4
-41
26
-3
16
-38
10
-17
-76
-43
25
-4
-27
-64
-59
16
-11
-22
-23
43
-28
-42
-13
4
-29
-12
-10
-29
-23
-59
-27
69
0
-48
-71
13
0
-23
-10
-3
-12
12
-53
-25
-44
-26
-56
30
19
-30
-4
-49
-13
-30
-8
-22
-3
-24
38
-47
-26
-34
-9
-9
20
-9
-6
-28
-19
-42
-37
-6
-48
2
-59
-6
0
-12
-32
-16
2
-28
35
3
-14
13
11
-26
0
-42
-33
-26
-17
73
-43
-68
-42
-56
-7
-13
-63
-31
-23
-14
-54
-32
9
-6
-18
3
-17
-47
-50
-54
-18
-36
12
-46
-41
-38
-30
-28
-52
-44
7
-9
-26
-5
-46
-13
-18
-24
-6
-19
7
3
-16
-16
-33
33
19
-10
7
-24
-42
-13
-16
3
-56
-37
-19
-44
-24
-54
10
-5
9
-13
-28
-13
-27
-26
-10
-17
-15
-8
18
1
-24
-51
28
-14
-29
-4
-35
-18
-6
-33
-37
-77
-47
-16
-36
-21
-12
26
-42
-43
-69
-23
-2
-43
-5
-39
22
-4
17
-38
9
-18
-76
-47
19
-4
-32
-64
-59
22
-13
-21
-21
44
-28
-39
-33
3
-33
-3
-24
-46
-19
-48
-37
66
10
-60
-64
4
-20
-11
-11
-22
-20
3
-49
-45
-67
-12
-52
31
7
-29
-21
-46
-23
1
-5
-9
-8
-33
38
-24
-54
-40
-24
-19
10
-33
-2
-34
-4
-45
-47
-18
-74
3
-66
-16
-17
-23
-63
-7
-10
-17
24
12
-30
4
21
-8
-13
-46
-40
-30
-22
60
-54
-49
-12
-49
-12
-22
-53
-10
-15
-14
-47
-27
20
5
2
12
-3
-16
-45
-52
-20
-25
12
-34
-25
-36
-10
-14
-24
-40
-17
-1
-15
4
-66
-3
-20
1
-1
-18
-1
9
-42
-4
-43
41
25
-14
-12
-55
-28
-27
-13
0
-28
-20
-5
-49
-32
-63
20
-8
3
-16
-22
-13
-35
-24
-9
-31
-31
-1
22
-21
-34
-65
35
-1
-20
-6
-38
-25
12
-38
-32
-78
-69
-25
-22
-19
-13
12
-47
-49
-71
-51
3
-47
10
-57
13
1
28
-44
16
-43
-79
-78
5
-7
-52
-54
-55
20
-4
-28
-16
16
-5
-35
-23
11
-34
-2
-3
-53
-11
-55
-34
85
2
-60
-66
7
-18
-13
-14
-21
-31
10
-49
-39
-62
-26
-57
30
-2
-28
-16
-54
-26
-7
-16
-10
-9
-34
44
-25
-50
-35
-29
-14
12
-45
-6
-29
-6
-42
-48
-8
-82
3
-74
-12
-13
-23
-53
-8
-1
-31
31
20
-23
13
14
-15
-12
-53
-36
-19
-22
70
-56
-50
-13
-55
-5
-24
-58
-15
-22
4
-52
-19
18
-1
1
12
1
-15
-57
-56
-18
-43
20
-40
-37
-35
-12
-17
-37
-47
-18
2
-16
5
-78
-1
-28
-9
-2
-7
3
4
-42
-15
-43
41
28
-12
-10
-54
-29
-30
-15
-8
-38
-17
-8
-41
-28
-65
19
-16
11
-26
-29
-6
-33
-31
-9
-35
-36
2
24
-19
-34
-58
38
-5
-33
-17
-37
-23
-9
-31
-45
-88
-62
-25
-39
-14
-10
19
-40
-48
-72
-55
3
-60
10
-46
8
-2
31
-51
2
-44
-78
-87
8
-11
-47
-59
-55
19
-2
-30
-8
27
-9
-35
-16
5
-24
-14
-9
-30
-19
-59
-28
63
-1
-51
-69
12
1
-26
-5
-5
-15
15
-51
-24
-45
-21
-54
30
17
-33
-1
-50
-12
-32
-4
-24
-2
-26
31
-48
-27
-38
-5
-10
17
-15
-5
-25
-25
-46
-38
-6
-53
4
-56
3
2
-13
-36
-22
-2
-27
36
-5
-10
6
12
-24
2
-41
-33
-31
-22
70
-41
-66
-48
-52
-4
-21
-63
-29
-22
-9
-52
-27
10
-6
-23
7
-12
-46
-54
-52
-18
-36
10
-43
-42
-40
-23
-34
-52
-44
7
-11
-28
-8
-45
-11
-18
-28
-13
-25
9
3
-24
-16
-31
31
17
-12
6
-22
-44
-14
-21
5
-53
-36
-13
-38
-20
-52
16
-5
4
-15
-32
-11
-23
-25
-11
-14
-15
-7
17
-4
-20
-53
27
-14
-29
-8
-37
-21
-10
-34
-38
-80
-46
-17
-38
-28
-11
30
-38
-49
-70
-22
-1
-39
-10
-35
20
4
14
-38
11
-20
-76
-48
24
-3
-28
-62
-61
25
-9
-25
-20
43
-25
-43
-14
6
-22
-12
-13
-28
-19
-62
-29
65
-4
-47
-72
11
4
-26
-7
-5
-18
15
-50
-22
-45
-32
-57
31
17
-38
5
-48
-10
-36
-6
-24
1
-24
35
-50
-23
-37
-4
-11
11
0
-7
-23
-20
-44
-30
-9
-55
6
-59
1
3
-15
-33
-17
-3
-21
40
-7
-11
1
14
-25
2
-37
-35
-25
-17
77
-42
-65
-46
-52
-1
-21
-66
-32
-22
-14
-53
-32
6
-1
-20
3
-16
-49
-51
-50
-16
-39
6
-47
-44
-40
-29
-36
-54
-49
3
-10
-25
-7
-43
-12
-14
-27
-10
-17
6
4
-17
-12
-35
29
14
-11
9
-17
-44
-17
-20
6
-51
-35
-18
-41
-23
-52
10
-6
5
-15
-25
-17
-22
-22
-10
-15
-11
-11
22
-7
-19
-52
22
-18
-37
-10
-38
-19
-3
-35
-36
-73
-50
-18
-32
-24
-11
26
-41
-52
-64
-21
-3
-35
-8
-36
20
1
16
-37
10
-23
-74
-48
24
-6
-26
-64
-60
19
-11
-19
-27
40
-30
-43
-13
6
-22
-15
-13
-32
-18
-57
-30
66
-2
-46
-69
12
5
-28
-11
-5
-17
13
-46
-25
-43
-30
-59
30
18
-30
4
-47
-13
-38
-7
-20
-1
-22
37
-52
-22
-37
-4
-11
11
2
-5
-23
-21
-47
-32
-9
-51
11
-56
1
2
-12
-29
-17
1
-24
39
-8
-11
5
11
-27
2
-36
-35
-27
-12
77
-41
-65
-45
-52
1
-18
-68
-33
-22
-14
-52
-32
8
-1
-22
2
-21
-48
-49
-52
-16
-39
6
-51
-43
-43
-27
-35
-54
-47
7
-6
-27
-8
-41
-15
-13
-27
-13
-17
8
7
-16
-13
-37
30
12
-10
9
-17
-40
-11
-18
8
-51
-36
-16
-42
-22
-52
7
-6
6
-13
-24
-18
-18
-23
-11
-18
-12
-12
17
-5
-17
-52
21
-17
-37
-11
-39
-22
-1
-33
-34
-73
-46
-21
-30
-24
-12
27
-40
-48
-66
-21
-2
-31
-6
-38
21
3
15
-37
10
-19
-79
-45
27
-8
-27
-65
-59
16
-10
-16
-25
42
-32
-43
-15
6
-25
-13
-13
-29
-19
-60
-28
65
-3
-47
-71
10
6
-28
-8
0
-16
14
-49
-24
-45
-26
-56
32
17
-33
4
-49
-12
-38
-3
-24
-4
-22
32
-53
-27
-35
-3
-11
14
-3
-7
-20
-20
-44
-35
-8
-50
9
-58
3
6
-16
-31
-20
-3
-18
36
-8
-13
5
11
-24
0
-37
-33
-29
-16
76
-43
-67
-49
-52
-1
-18
-68
-30
-21
-14
-53
-28
9
0
-23
4
-18
-48
-52
-51
-17
-41
2
-51
-46
-43
-29
-35
-52
-45
6
-10
-28
-7
-40
-14
-14
-26
-13
-17
7
7
-17
-16
-34
31
11
-11
7
-21
-45
-13
-21
7
-49
-35
-16
-41
-19
-55
11
-8
5
-15
-27
-15
-21
-25
-8
-16
-11
-9
20
-6
-18
-50
20
-15
-33
-9
-36
-19
-4
-32
-37
-73
-50
-17
-29
-25
-12
31
-40
-51
-66
-20
-1
-36
-2
-39
21
-1
15
-36
12
-19
-75
-46
26
-3
-26
-68
-61
18
-10
-18
-24
39
-30
-41
-14
5
-25
-10
-14
-29
-20
-60
-27
69
-1
-49
-71
13
2
-25
-9
-5
-11
12
-49
-27
-47
-25
-56
30
18
-29
-4
-49
-11
-28
-5
-20
-1
-21
32
-45
-27
-34
-9
-11
21
-9
-8
-26
-23
-43
-38
-2
-53
4
-60
-1
2
-12
-34
-17
4
-24
36
0
-14
13
12
-22
2
-35
-32
-27
-19
72
-43
-67
-45
-54
-5
-16
-64
-32
-21
-13
-56
-33
9
-8
-22
5
-15
-48
-51
-51
-14
-38
13
-46
-40
-42
-29
-31
-52
-46
5
-7
-26
-4
-50
-13
-19
-24
-11
-19
9
6
-20
-15
-33
33
20
-10
5
-25
-47
-16
-13
2
-60
-36
-15
-42
-19
-55
12
-7
4
-14
-27
-17
-25
-29
-8
-18
-13
-6
19
0
-22
-52
26
-13
-28
-7
-34
-17
-7
-31
-41
-78
-48
-21
-36
-22
-15
30
-40
-48
-74
-21
-3
-42
-6
-38
22
-4
15
-39
8
-16
-76
-51
22
-5
-30
-68
-62
20
-10
-26
-19
47
-29
-39
-37
3
-30
-5
-22
-44
-18
-50
-36
66
10
-61
-66
3
-20
-10
-12
-22
-18
5
-48
-46
-68
-12
-48
30
5
-31
-20
-46
-21
4
-5
-8
-7
-33
34
-25
-54
-41
-26
-17
11
-35
-1
-34
-4
-45
-47
-17
-77
6
-68
-12
-20
-22
-63
-12
-5
-13
24
4
-31
8
21
-8
-12
-40
-37
-33
-25
61
-54
-49
-15
-46
-9
-25
-52
-10
-19
-12
-44
-27
22
4
-4
12
-4
-17
-44
-50
-18
-29
12
-30
-27
-33
-9
-12
-26
-46
-19
-1
-13
5
-71
0
-21
-2
-8
-19
2
7
-41
-5
-42
41
24
-16
-13
-59
-32
-24
-15
2
-27
-17
-5
-45
-31
-59
22
-11
0
-20
-24
-16
-35
-25
-9
-33
-31
2
20
-25
-36
-64
33
-1
-19
-4
-39
-23
10
-35
-34
-80
-74
-30
-25
-21
-15
9
-50
-54
-74
-50
6
-51
10
-54
17
1
28
-45
19
-42
-77
-78
8
-6
-48
-55
-53
19
-5
-34
-17
19
-2
-34
-27
10
-31
-4
-8
-48
-14
-50
-32
85
0
-61
-66
1
-15
-13
-14
-20
-31
12
-49
-41
-63
-20
-54
30
-7
-28
-18
-54
-22
-4
-16
-9
-9
-30
38
-23
-51
-34
-31
-13
13
-45
-5
-31
-7
-43
-49
-7
-84
7
-74
-7
-12
-21
-54
-10
-1
-27
33
12
-20
14
17
-15
-15
-46
-27
-19
-24
69
-59
-50
-16
-56
-5
-17
-56
-14
-16
6
-51
-18
16
-3
-6
15
2
-16
-56
-54
-16
-45
19
-42
-35
-34
-14
-17
-38
-44
-15
6
-19
4
-74
7
-29
-10
-6
-8
6
-5
-42
-12
-44
41
30
-11
-8
-54
-34
-33
-16
-6
-39
-20
-11
-36
-28
-61
19
-19
9
-28
-24
-6
-31
-28
-10
-37
-36
7
31
-21
-33
-55
34
-4
-34
-16
-37
-25
-7
-31
-45
-88
-61
-28
-39
-12
-11
21
-37
-51
-75
-56
2
-61
10
-41
6
-6
29
-50
5
-39
-79
-90
11
-13
-44
-58
-59
22
1
-26
-1
30
-6
-40
-20
5
-21
-12
-13
-28
-22
-54
-29
64
5
-52
-70
11
3
-28
-8
-5
-12
12
-44
-28
-43
-15
-55
27
17
-33
-4
-48
-15
-35
-5
-19
0
-20
28
-51
-24
-37
-2
-10
15
-15
-4
-23
-27
-40
-38
-3
-57
8
-57
8
-1
-15
-33
-20
-3
-24
37
-7
-10
8
14
-26
4
-37
-28
-31
-26
74
-47
-65
-54
-50
-4
-11
-66
-29
-18
-6
-51
-24
7
-9
-26
7
-17
-48
-50
-50
-18
-37
11
-43
-45
-40
-27
-34
-52
-44
8
-10
-25
-9
-42
-9
-18
-29
-13
-22
11
-3
-24
-13
-33
28
17
-9
5
-25
-43
-12
-19
6
-51
-38
-15
-40
-22
-48
15
-7
3
-15
-33
-10
-27
-23
-12
-15
-15
-7
19
-7
-15
-51
22
-16
-34
-11
-37
-18
-10
-34
-36
-79
-47
-14
-36
-26
-12
33
-35
-49
-73
-25
-1
-35
-8
-29
18
2
12
-40
8
-22
-77
-46
24
-9
-26
-65
-60
23
-9
-20
-16
46
-26
-47
-19
7
-19
-14
-15
-30
-19
-57
-28
63
0
-48
-70
12
9
-28
-11
-3
-20
12
-46
-25
-41
-22
-55
30
16
-34
4
-48
-13
-37
-6
-22
0
-19
31
-54
-20
-36
-2
-8
11
-2
-6
-22
-21
-43
-32
-7
-58
11
-58
5
2
-14
-33
-15
-3
-18
38
-9
-9
4
13
-26
2
-32
-30
-26
-17
76
-46
-63
-48
-52
-6
-13
-69
-33
-18
-11
-53
-30
9
-2
-23
3
-19
-48
-49
-51
-17
-40
4
-48
-44
-40
-28
-34
-52
-45
9
-8
-30
-8
-41
-11
-13
-28
-11
-18
10
-1
-21
-13
-33
27
10
-8
5
-22
-40
-14
-20
9
-51
-36
-16
-41
-22
-48
9
-10
8
-16
-26
-13
-22
-20
-13
-15
-12
-7
22
-8
-16
-49
20
-20
-34
-10
-37
-20
-5
-36
-35
-70
-48
-18
-31
-22
-14
30
-38
-49
-69
-21
1
-32
-4
-34
16
1
13
-38
7
-16
-75
-44
24
-8
-24
-64
-60
17
-8
-17
-22
43
-29
-46
-15
3
-20
-13
-20
-28
-18
-60
-29
64
1
-48
-72
7
7
-29
-10
0
-16
12
-45
-23
-46
-25
-57
30
17
-34
3
-48
-15
-37
-3
-20
0
-20
33
-54
-17
-34
-1
-10
14
2
-7
-22
-21
-43
-32
-6
-56
13
-60
6
3
-12
-30
-18
-4
-19
39
-7
-9
5
13
-27
2
-33
-33
-25
-15
76
-44
-65
-53
-53
-4
-12
-69
-31
-19
-11
-52
-30
8
-1
-22
3
-19
-47
-47
-52
-14
-39
6
-49
-45
-42
-30
-35
-56
-43
6
-7
-26
-7
-39
-13
-13
-30
-10
-18
7
3
-17
-12
-35
29
12
-10
4
-17
-39
-11
-18
9
-50
-38
-15
-41
-20
-50
10
-8
4
-17
-26
-13
-21
-20
-12
-14
-10
-8
26
-9
-18
-49
18
-19
-37
-10
-38
-18
-5
-31
-32
-71
-47
-18
-30
-24
-17
32
-40
-50
-66
-22
0
-31
-5
-36
22
3
15
-40
9
-17
-77
-43
25
-8
-23
-65
-62
18
-11
-16
-25
43
-31
-46
-16
7
-20
-10
-19
-28
-18
-59
-29
66
1
-49
-69
11
5
-26
-9
3
-17
15
-42
-27
-48
-21
-54
30
14
-37
2
-49
-17
-38
-1
-23
-1
-20
30
-55
-24
-36
1
-11
11
-4
-7
-21
-22
-45
-32
-4
-55
11
-60
7
5
-15
-29
-20
-3
-16
38
-6
-9
4
15
-27
1
-33
-30
-30
-20
74
-43
-65
-53
-51
-2
-11
-68
-31
-21
-10
-55
-32
8
-2
-25
6
-16
-50
-53
-48
-17
-40
2
-52
-44
-42
-29
-35
-55
-46
8
-7
-24
-9
-36
-12
-13
-29
-12
-18
8
-2
-19
-16
-34
28
11
-9
7
-19
-42
-13
-19
9
-48
-37
-13
-36
-21
-47
7
-9
3
-16
-25
-12
-23
-21
-10
-18
-8
-6
24
-6
-17
-50
20
-20
-37
-11
-37
-19
-6
-33
-35
-72
-46
-15
-32
-26
-10
35
-40
-51
-67
-26
2
-30
-4
-34
17
-1
14
-38
10
-20
-75
-44
23
-8
-20
-65
-61
17
-10
-16
-23
47
-29
-45
-12
5
-22
-12
-13
-26
-21
-57
-27
70
2
-45
-73
8
-1
-24
-6
0
-14
16
-45
-28
-46
-19
-52
29
16
-31
-5
-48
-14
-31
-3
-24
-3
-20
29
-46
-24
-34
-4
-12
19
-12
-10
-25
-19
-41
-34
0
-53
6
-59
2
4
-12
-33
-20
1
-24
35
0
-11
15
16
-27
0
-32
-28
-24
-21
71
-46
-64
-51
-51
-3
-9
-62
-32
-21
-11
-54
-30
8
-10
-22
5
-16
-46
-53
-53
-13
-37
12
-46
-45
-38
-31
-33
-53
-47
7
-5
-24
-5
-47
-8
-18
-28
-10
-20
8
-2
-20
-13
-31
29
18
-10
6
-22
-44
-13
-15
4
-60
-36
-16
-39
-18
-49
15
-6
4
-15
-26
-15
-28
-25
-13
-19
-15
-3
20
0
-24
-52
23
-17
-35
-8
-39
-17
-9
-30
-40
-79
-46
-16
-37
-23
-16
35
-38
-45
-72
-23
2
-37
-5
-35
18
-1
13
-41
7
-14
-75
-51
20
-9
-24
-65
-59
20
-11
-19
-19
51
-27
-41
-38
2
-29
-6
-24
-42
-16
-43
-34
68
11
-62
-63
2
-20
-17
-7
-24
-21
3
-49
-45
-65
-10
-49
29
1
-28
-22
-46
-24
-3
-4
-10
-6
-31
33
-26
-49
-43
-26
-21
11
-34
0
-32
-6
-45
-44
-15
-77
6
-69
-8
-19
-23
-62
-12
-8
-19
24
8
-29
2
18
-6
-14
-36
-34
-31
-28
60
-55
-47
-17
-47
-5
-20
-50
-10
-12
-9
-45
-20
20
4
-5
8
-6
-16
-44
-52
-18
-30
11
-31
-28
-37
-12
-15
-24
-41
-21
0
-14
6
-68
5
-20
-5
-6
-20
4
5
-44
-4
-42
39
26
-16
-12
-57
-34
-28
-14
0
-26
-23
-5
-43
-29
-58
20
-11
2
-16
-27
-14
-36
-23
-8
-32
-32
3
27
-27
-32
-61
33
-2
-23
-2
-43
-21
11
-37
-34
-80
-69
-28
-26
-17
-13
12
-43
-50
-77
-49
4
-45
12
-50
9
0
28
-46
15
-37
-78
-81
8
-11
-50
-53
-55
19
-4
-23
-15
19
-2
-39
-31
6
-29
-1
-8
-47
-14
-39
-32
90
11
-56
-69
-7
-11
-16
-25
-21
-33
13
-45
-39
-68
-7
-46
22
-12
-25
-19
-45
-32
-9
-7
-12
-12
-26
38
-31
-40
-35
-32
-8
13
-46
-8
-28
-7
-36
-43
-6
-85
16
-79
-7
-15
-19
-52
-11
-4
-30
32
15
-15
14
12
-12
-18
-35
-16
-24
-27
74
-53
-49
-18
-62
-6
-6
-57
-14
-11
9
-55
-18
13
-8
-11
5
-3
-21
-51
-53
-17
-51
6
-36
-35
-34
-22
-14
-35
-50
-11
6
-17
1
-60
16
-35
-13
-4
-11
4
-3
-40
-9
-40
37
32
-17
-10
-52
-36
-32
-13
-2
-35
-15
-14
-35
-28
-55
13
-6
8
-24
-21
-8
-32
-22
-7
-40
-32
10
31
-20
-24
-52
33
-11
-43
-19
-42
-25
-7
-28
-43
-89
-57
-22
-43
-7
-8
25
-36
-41
-77
-50
2
-65
9
-40
6
-2
27
-58
-1
-33
-83
-91
12
-22
-48
-58
-65
17
1
-19
2
34
-9
-43
-23
2
-22
-14
-15
-26
-14
-43
-27
74
5
-47
-67
6
11
-26
-19
-4
-13
8
-40
-31
-39
-9
-51
22
11
-30
-4
-46
-21
-35
6
-23
6
-21
33
-55
-19
-33
-2
-14
19
-18
-9
-18
-18
-34
-32
-1
-58
11
-58
9
-2
-17
-31
-21
1
-32
37
-5
-7
16
11
-24
-2
-26
-20
-34
-21
78
-41
-69
-53
-52
-2
-6
-60
-29
-15
-8
-54
-26
9
-9
-21
-6
-25
-50
-46
-55
-14
-41
10
-42
-51
-38
-40
-33
-54
-46
8
-6
-24
-15
-37
1
-20
-28
-10
-20
5
-1
-23
-18
-26
25
14
-11
3
-17
-43
-14
-16
7
-55
-33
-11
-41
-14
-46
11
-3
-1
-17
-27
-13
-20
-19
-10
-16
-14
1
24
1
-8
-52
21
-19
-44
-18
-39
-20
-9
-32
-35
-80
-44
-10
-39
-20
-14
37
-34
-46
-74
-25
5
-41
-2
-34
21
2
10
-49
-1
-11
-78
-50
20
-17
-22
-65
-65
17
-8
-16
-10
53
-27
-49
-23
4
-22
-9
-18
-24
-12
-48
-28
72
3
-44
-68
6
16
-30
-22
-1
-20
9
-39
-28
-40
-19
-51
26
12
-30
-1
-48
-25
-36
5
-17
7
-18
29
-59
-17
-31
4
-10
15
-4
-10
-17
-15
-36
-27
3
-56
14
-54
10
5
-18
-30
-21
-1
-28
37
0
-10
16
10
-27
0
-27
-19
-31
-20
81
-44
-69
-50
-54
-1
-7
-71
-28
-16
-11
-55
-27
7
0
-18
-2
-31
-51
-47
-55
-18
-41
1
-50
-46
-35
-38
-32
-52
-44
9
-5
-23
-15
-33
-2
-17
-27
-8
-13
0
2
-18
-16
-26
27
11
-11
4
-15
-39
-17
-18
10
-54
-32
-12
-44
-14
-47
7
-2
4
-18
-18
-12
-19
-21
-9
-18
-16
2
23
-4
-9
-47
17
-25
-40
-20
-39
-18
0
-32
-37
-76
-47
-12
-33
-17
-14
33
-38
-50
-69
-27
3
-39
-2
-33
22
2
12
-44
3
-11
-79
-45
19
-16
-22
-64
-64
16
-6
-10
-18
50
-31
-46
-20
3
-21
-9
-18
-25
-11
-52
-28
71
6
-45
-68
5
17
-29
-20
-1
-16
8
-43
-29
-37
-18
-50
24
11
-29
-3
-48
-21
-35
7
-17
7
-19
33
-58
-14
-37
1
-10
10
-3
-8
-20
-16
-36
-25
-3
-56
16
-53
10
4
-14
-31
-19
2
-29
39
-3
-13
19
9
-27
-5
-25
-19
-28
-17
82
-45
-69
-50
-53
-1
-3
-69
-28
-17
-13
-54
-30
8
2
-14
-4
-30
-51
-45
-53
-14
-43
7
-46
-47
-38
-39
-31
-56
-47
5
-3
-27
-11
-36
0
-18
-28
-8
-15
0
0
-18
-14
-29
25
10
-14
0
-12
-39
-15
-17
10
-56
-32
-14
-40
-19
-46
7
-2
3
-16
-20
-14
-18
-19
-7
-15
-14
1
27
2
-10
-46
19
-26
-40
-19
-36
-20
-3
-36
-33
-77
-44
-13
-33
-20
-17
31
-40
-50
-68
-27
5
-39
-1
-34
21
-2
11
-46
7
-6
-78
-47
22
-17
-21
-65
-66
13
-10
-9
-19
48
-31
-50
-18
3
-20
-9
-19
-24
-12
-52
-29
75
1
-43
-69
3
15
-28
-19
1
-17
8
-41
-29
-41
-17
-52
25
9
-32
-1
-45
-25
-34
7
-19
8
-19
30
-57
-15
-35
-2
-8
15
-4
-10
-19
-17
-38
-25
-1
-56
14
-56
8
2
-13
-28
-19
-3
-26
38
-2
-11
13
8
-26
-3
-26
-20
-31
-20
82
-43
-68
-53
-52
-1
-5
-70
-27
-19
-11
-55
-28
8
0
-18
-2
-28
-52
-49
-50
-16
-42
4
-48
-49
-35
-43
-32
-52
-48
7
-3
-21
-11
-35
-2
-20
-29
-7
-17
-1
2
-18
-15
-28
27
10
-15
4
-13
-38
-15
-20
10
-49
-33
-13
-41
-19
-46
6
0
1
-14
-17
-14
-18
-20
-9
-18
-14
0
27
1
-11
-48
21
-24
-41
-17
-37
-19
-3
-33
-37
-74
-45
-12
-33
-17
-18
33
-36
-50
-71
-28
3
-33
-3
-35
20
1
11
-47
7
-11
-78
-46
20
-16
-22
-64
-64
16
-7
-8
-20
49
-31
-45
-18
3
-25
-9
-16
-32
-17
-48
-28
80
2
-45
-67
4
10
-25
-19
-4
-18
10
-40
-32
-46
-12
-52
23
9
-27
-6
-44
-25
-31
6
-23
3
-18
31
-55
-19
-37
-1
-16
18
-15
-9
-25
-17
-36
-34
1
-55
9
-57
2
1
-13
-33
-19
-2
-30
36
1
-6
15
10
-25
-3
-22
-14
-30
-25
77
-40
-62
-53
-53
0
-2
-64
-26
-22
-11
-55
-28
6
-9
-17
-2
-21
-49
-51
-57
-13
-42
6
-42
-49
-34
-43
-30
-50
-49
7
-1
-19
-10
-38
0
-20
-29
-11
-21
3
-4
-22
-18
-30
29
19
-16
0
-21
-43
-15
-11
8
-53
-32
-9
-43
-16
-46
9
-3
-1
-15
-20
-17
-24
-24
-6
-23
-18
3
26
0
-9
-53
18
-19
-41
-17
-40
-16
-4
-30
-39
-81
-46
-18
-39
-19
-14
34
-32
-49
-75
-25
6
-42
-3
-33
20
1
11
-50
1
-12
-77
-49
17
-16
-21
-66
-67
16
-6
-13
-13
50
-28
-45
-45
-3
-26
-2
-27
-43
-16
-35
-33
75
9
-56
-62
-7
-17
-16
-23
-18
-23
8
-43
-48
-65
4
-42
26
-5
-26
-20
-41
-33
-3
6
-10
-5
-30
34
-31
-46
-46
-25
-20
9
-40
-4
-32
-1
-42
-42
-14
-76
11
-67
-8
-23
-20
-61
-12
-10
-21
27
7
-27
6
12
-4
-15
-27
-23
-33
-32
62
-50
-48
-21
-52
-7
-8
-53
-10
-9
-6
-46
-20
20
4
-7
2
-8
-19
-39
-57
-16
-35
3
-28
-30
-33
-19
-15
-21
-45
-22
0
-10
7
-58
14
-20
-5
-6
-23
4
2
-38
-5
-34
42
24
-20
-18
-53
-35
-27
-14
3
-30
-13
-4
-43
-23
-57
17
-5
-1
-14
-23
-16
-34
-18
-7
-34
-32
12
27
-25
-28
-58
28
-6
-22
-9
-44
-24
7
-35
-32
-80
-71
-25
-27
-13
-16
13
-37
-48
-76
-49
-2
-50
16
-50
9
4
27
-51
7
-32
-75
-81
10
-14
-50
-51
-60
13
-1
-19
-9
23
-2
-39
-33
-3
-26
5
-23
-70
7
-45
-39
120
11
-80
-68
-50
0
2
-31
-26
-46
-3
-34
-66
-84
4
-38
18
-38
-26
-32
-52
-43
7
-19
-19
1
-56
39
-40
-18
-39
-40
-9
-2
-44
-13
-8
20
-19
-40
-59
-120
43
-72
-19
-27
-15
-80
-6
-3
-21
42
19
-21
4
18
17
-31
-20
-25
-29
-10
53
-67
-42
-3
-67
-16
3
-53
16
-12
-26
-45
-9
20
13
27
13
-1
1
-32
-59
-8
-42
-15
32
-38
-15
-44
-8
-36
-10
-26
26
10
16
-58
16
-34
-5
3
-15
15
-16
-65
-8
-48
47
16
-54
-30
-12
-34
-31
-17
3
-21
26
-4
-35
-51
-19
9
-14
-9
-28
21
-1
-28
-29
-6
-53
-32
42
57
-25
-15
-68
39
-4
-45
-47
-26
-45
16
-27
-32
-80
-61
-30
-32
0
-30
-4
-7
-53
-67
-83
-7
-75
12
-56
16
-4
44
-85
4
-23
-90
-67
-2
-6
-56
-28
-64
24
11
-26
5
43
-2
-30
-12
-6
-20
-12
-32
-45
-9
-42
-23
88
4
-60
-62
-41
19
-4
-19
-22
-19
-8
-29
-39
-55
7
-31
26
-6
-45
-24
-49
-33
-10
-11
-24
5
-24
20
-54
1
-21
-12
-16
9
-42
-16
-7
4
-15
-24
-34
-86
31
-47
0
-4
-15
-45
-20
0
-16
45
1
-13
-5
17
0
-23
-26
-12
-31
1
58
-57
-62
-26
-52
-19
-2
-61
0
-16
-28
-44
-12
15
9
-2
9
-23
-36
-42
-56
-12
-30
-11
-5
-62
-19
-28
-24
-57
-17
-5
5
-6
-1
-41
6
-23
1
-6
-14
6
0
-53
-6
-41
33
5
-35
-21
-8
-22
-33
-14
11
-38
-8
0
-38
-15
-17
6
-7
-9
-19
11
-6
-15
-17
-16
-19
-15
13
39
-1
-5
-66
28
-12
-31
-32
-24
-39
6
-40
-39
-65
-52
-33
-25
-15
-30
21
-14
-57
-70
-51
-7
-46
-2
-46
24
1
18
-71
8
13
-80
-48
11
-6
-40
-43
-68
12
-9
-22
-5
44
-24
-39
-13
-6
-18
-12
-34
-45
-3
-42
-24
88
7
-56
-59
-41
20
-8
-20
-18
-19
-9
-30
-41
-55
-3
-31
28
-6
-44
-25
-50
-32
-16
-18
-22
9
-24
24
-58
3
-20
-12
-14
7
-25
-14
-6
-2
-15
-20
-36
-87
37
-46
1
-1
-18
-40
-17
0
-12
47
2
-12
-7
15
-4
-21
-25
-19
-31
5
61
-55
-63
-28
-54
-16
7
-65
-1
-15
-41
-43
-13
17
17
2
1
-23
-34
-40
-55
-15
-30
-13
-6
-57
-20
-32
-23
-60
-18
-4
4
-9
-4
-40
6
-22
2
-5
-15
5
3
-44
-9
-37
31
1
-33
-21
-4
-23
-32
-16
11
-36
-8
2
-35
-21
-16
4
-6
-7
-22
11
-9
-10
-19
-13
-19
-10
17
43
-1
-3
-66
29
-17
-27
-32
-26
-44
9
-39
-34
-62
-56
-31
-20
-16
-30
18
-16
-58
-60
-50
-9
-45
-4
-48
23
-4
20
-71
7
9
-80
-49
6
-10
-36
-47
-69
7
-10
-17
-9
43
-24
-42
-9
-7
-17
-10
-34
-46
-3
-44
-24
88
3
-56
-62
-42
22
-9
-20
-19
-22
-9
-28
-40
-53
-3
-30
25
-8
-44
-18
-51
-33
-12
-18
-24
8
-23
23
-58
4
-18
-15
-15
8
-23
-14
-5
0
-14
-20
-36
-88
36
-46
1
-2
-16
-43
-14
1
-13
47
4
-12
-6
12
-3
-22
-21
-21
-30
4
62
-56
-62
-29
-56
-16
11
-64
-4
-18
-44
-45
-17
19
16
2
-1
-25
-35
-41
-57
-15
-29
-12
-4
-59
-20
-33
-24
-63
-21
-3
2
-9
-3
-42
6
-23
-4
-8
-17
3
1
-43
-7
-41
29
0
-34
-23
0
-22
-30
-13
10
-34
-7
2
-37
-24
-15
7
-4
-4
-22
11
-7
-12
-20
-11
-20
-10
15
43
-2
-6
-56
30
-20
-27
-34
-25
-47
8
-38
-31
-60
-54
-31
-18
-14
-30
18
-16
-57
-60
-51
-12
-44
-4
-49
20
0
21
-72
8
11
-82
-46
7
-7
-37
-46
-69
9
-13
-16
-9
44
-25
-45
-11
-7
-19
-7
-33
-43
-3
-45
-22
88
6
-55
-62
-41
23
-9
-23
-17
-21
-11
-34
-37
-56
-3
-28
29
-5
-43
-21
-50
-34
-13
-14
-23
7
-23
22
-56
4
-20
-16
-16
8
-28
-15
-6
-4
-13
-23
-38
-83
33
-47
-4
-1
-16
-43
-19
0
-14
47
3
-14
-8
14
-4
-18
-17
-17
-30
1
63
-56
-63
-33
-56
-14
7
-67
1
-19
-42
-46
-15
19
14
-2
4
-24
-36
-41
-56
-17
-29
-14
-5
-60
-24
-33
-23
-60
-19
-5
4
-10
-4
-39
6
-19
-2
-7
-15
8
0
-42
-8
-41
33
0
-40
-22
-3
-22
-28
-13
13
-35
-7
1
-35
-22
-16
7
-3
-12
-21
9
-10
-10
-24
-12
-18
-15
17
45
-6
-5
-60
22
-17
-30
-32
-26
-44
4
-37
-36
-64
-53
-29
-20
-14
-31
17
-17
-56
-62
-48
-8
-41
-5
-48
18
-3
21
-68
8
9
-83
-46
9
-8
-39
-47
-68
12
-9
-21
-10
43
-22
-41
-10
-9
-20
-11
-33
-48
-8
-42
-27
89
7
-59
-61
-41
14
-4
-21
-19
-21
-5
-28
-46
-59
-1
-27
24
-10
-38
-23
-47
-31
-14
-11
-25
7
-31
20
-51
0
-24
-15
-18
8
-32
-15
-9
-1
-14
-27
-33
-84
30
-49
-3
-3
-19
-44
-21
-2
-15
45
2
-12
-4
19
2
-22
-16
-12
-32
2
57
-56
-59
-29
-54
-16
8
-63
1
-21
-31
-44
-13
11
8
-2
7
-22
-33
-39
-58
-12
-33
-13
-3
-64
-20
-37
-18
-57
-18
-9
8
-6
-4
-43
6
-22
-3
-4
-17
8
-3
-43
-12
-39
35
4
-38
-21
-5
-21
-30
-7
11
-40
-7
1
-38
-15
-16
8
-7
-11
-18
10
-7
-16
-20
-13
-23
-13
17
42
-2
-6
-64
21
-16
-29
-33
-31
-42
4
-35
-41
-66
-46
-32
-26
-9
-26
16
-15
-56
-64
-52
-5
-48
-3
-48
22
1
22
-70
4
12
-83
-46
5
-7
-40
-48
-67
13
-8
-18
-9
45
-22
-35
-36
-6
-18
-1
-37
-62
2
-41
-44
107
11
-78
-54
-39
-11
2
-25
-25
-33
-5
-24
-67
-83
21
-28
19
-31
-26
-25
-47
-37
3
-10
-9
3
-49
28
-36
-17
-36
-34
-17
-12
-35
-11
-6
18
-25
-43
-53
-110
34
-71
-25
-30
-25
-82
-12
-5
-19
40
13
-24
3
6
15
-20
-7
-30
-32
-20
48
-72
-43
-16
-64
-17
-2
-48
20
-14
-30
-38
-9
24
12
23
2
-2
2
-25
-61
-7
-41
-15
34
-24
-12
-41
-7
-34
-12
-33
19
8
12
-51
10
-31
2
1
-21
15
-12
-62
-9
-44
54
20
-53
-35
-19
-36
-27
-17
6
-18
23
-1
-38
-45
-22
0
-16
-9
-23
20
-5
-31
-29
-5
-50
-35
36
56
-29
-24
-66
31
-4
-31
-42
-35
-44
23
-25
-31
-76
-63
-31
-21
-5
-30
-13
-12
-56
-63
-81
-8
-63
15
-60
18
2
41
-77
9
-21
-78
-65
-3
-8
-51
-30
-56
14
7
-30
1
43
2
-27
