-9
60
-39
-17
-29
40
5
3
46
18
7
33
4
18
3
125
12
-44
29
5
24
-11
53
-58
67
-77
78
51
43
12
-2
34
-10
-20
-24
-39
6
-14
-25
14
-15
23
-2
-48
17
28
49
-10
0
-32
81
61
23
14
-3
39
-44
-40
-41
-2
10
38
44
36
6
-43
6
58
18
-17
31
12
-11
8
14
-42
-34
-71
2
-9
3
33
32
1
15
-8
-75
42
-29
23
69
-13
26
48
11
21
3
9
-16
28
52
66
7
-7
47
23
51
24
4
0
-2
-1
-41
32
-37
40
5
-20
13
2
30
28
13
16
-63
-28
11
38
9
-7
54
11
32
19
-18
22
70
38
-27
12
-15
22
5
13
13
21
21
25
-22
18
-17
-12
24
20
73
14
7
11
39
-48
26
9
30
-51
-6
34
36
51
24
-36
-78
37
-6
100
57
-40
31
-7
44
-22
-7
43
-45
54
16
-18
-36
-28
45
-12
13
69
2
-11
25
-43
4
13
49
14
-83
17
44
-26
-28
-36
1
9
-50
-24
2
54
46
32
4
29
-27
-42
-7
22
10
-17
11
18
39
101
17
-12
36
6
21
10
5
-31
4
11
-20
34
-3
-55
28
68
7
-41
9
2
-77
27
30
2
-11
-3
50
-55
-5
64
-42
16
-19
0
-19
-3
4
11
6
-18
-27
19
124
5
9
-1
9
-10
27
29
12
28
-47
-24
1
-17
58
4
-12
34
-35
-34
5
4
-1
53
-39
-9
1
37
-31
10
-5
-2
-10
-11
-8
-29
30
-2
16
-27
60
-12
-34
-4
-39
-33
-25
18
37
22
-7
-19
12
-41
-34
-28
-1
-76
-9
7
102
-33
-28
-36
6
-31
10
-16
40
36
-65
10
-35
-40
19
38
6
-19
-24
4
-34
54
-3
-57
77
-10
-2
18
-30
59
55
22
-11
-10
-33
21
3
14
67
35
-8
12
5
39
5
10
0
70
12
-2
-30
29
13
-39
37
20
-59
3
35
-29
-41
28
-3
-31
9
13
3
-22
-7
15
-15
60
63
-22
-14
27
32
-8
-28
44
15
29
67
-8
-3
-23
28
57
-13
27
-52
23
-25
2
27
2
-38
10
2
3
46
36
1
-30
56
12
-22
26
37
0
-11
44
-19
6
-15
52
-10
25
22
32
-43
-2
-11
-27
-84
-20
8
-77
66
-25
-36
21
2
12
48
-17
46
-3
7
6
21
33
-1
12
-10
-22
20
1
-42
-12
-4
3
-30
-7
3
-24
-59
15
20
-1
-26
45
11
13
-13
-23
-32
45
-2
30
-1
56
23
47
47
-15
25
-1
-14
21
-5
2
-3
70
24
39
12
59
-39
-2
-98
34
-6
-11
2
76
40
20
-5
-41
-16
-5
6
-29
-44
49
11
-4
-12
-19
39
-7
-9
60
-16
-51
-18
-1
9
-24
35
38
50
-26
21
-39
-42
-3
-9
-11
45
-24
-5
29
-7
8
-8
-31
6
6
2
-7
-28
-12
61
33
72
49
-14
31
29
-22
-11
-20
38
-29
66
38
35
71
0
23
-6
44
-33
-69
-3
44
-3
37
25
-30
7
-52
31
-44
5
-27
9
12
7
-1
48
21
9
26
-22
-37
-40
-6
-1
8
-38
-33
-72
-4
-12
-14
19
-54
-9
-39
33
63
30
-20
-25
24
17
42
17
34
-87
5
8
-15
34
-17
-41
-28
-23
22
11
9
18
12
13
15
-48
29
9
34
22
-43
17
-11
9
-36
-93
37
-55
13
8
12
5
26
41
9
-27
31
-9
77
-22
31
-20
21
20
-38
87
20
44
-14
17
28
-30
37
-41
3
-9
-5
19
-14
22
-2
4
1
17
7
-17
-12
-28
6
25
-50
-25
-9
-33
-6
-26
38
18
-43
-17
-24
-2
40
-27
39
-15
21
10
7
-16
13
46
-32
-3
-26
2
-10
10
5
99
47
-16
63
-45
-21
-47
-19
-38
-7
-10
18
-2
14
-51
5
-24
-2
-28
-27
28
-24
-19
-11
-31
-12
7
35
90
54
-14
-21
31
13
-19
-21
15
-17
-4
5
7
23
1
6
-74
-25
38
19
-6
-18
17
-38
-16
16
4
57
-45
30
27
6
-29
31
15
76
-1
11
10
15
68
-2
36
14
30
15
-46
-27
6
0
-10
-32
-32
46
-33
-5
21
-12
-49
17
-18
-3
4
-7
-38
-27
12
17
43
10
30
21
-37
46
-46
-30
39
-19
-18
-8
50
31
-78
-51
16
-24
40
3
38
-11
20
-28
18
0
46
-39
-21
34
-86
-4
-10
-10
-10
-6
11
-7
-38
-53
3
4
42
-9
44
-7
-21
-33
7
49
3
-18
-2
56
-64
67
58
49
-14
-18
66
-28
-3
-1
27
-49
60
-50
72
13
24
65
88
-18
10
37
-3
-22
4
46
64
18
21
-26
7
-9
14
-26
42
-15
20
-13
8
29
54
-20
-4
59
-3
42
-19
47
-19
17
10
-96
-16
1
78
29
9
9
20
17
-10
21
33
-12
-31
-78
6
32
-18
41
19
10
-39
39
-32
-29
-49
35
-7
38
-23
-5
15
63
-29
9
13
20
14
32
-42
-6
14
-57
-32
-23
-66
20
27
-20
63
4
14
-14
-13
-41
-13
53
-30
31
-32
-6
-13
17
-33
-1
-17
36
65
45
-29
15
10
0
-64
-9
48
74
21
23
-35
5
-1
-7
11
5
1
-49
-20
0
19
10
0
34
-13
9
-13
118
1
-1
36
-39
2
-1
12
32
-66
12
-1
21
3
-30
20
-2
18
42
-23
8
42
-6
-11
33
-17
5
-42
-35
24
-61
-128
26
102
-13
-37
-11
-1
-17
23
-17
-35
-2
-12
-7
-2
5
47
-3
57
93
-45
-30
1
13
5
19
1
-38
-3
4
25
-3
21
73
4
4
-18
-41
50
-13
27
-28
78
27
31
-32
-7
-2
32
25
23
-39
5
5
28
15
15
-5
1
-4
64
-1
86
-3
42
80
-12
-81
-50
22
4
6
19
38
-35
17
-19
-21
26
2
-10
-11
27
-20
