16
24
46
-21
-6
-21
10
67
-18
50
69
-15
40
0
-37
33
-7
-14
-15
-4
48
26
24
45
61
39
-39
60
7
-10
24
29
34
8
16
4
37
16
71
-46
1
30
60
-39
-9
28
-6
4
3
-28
-7
2
21
44
-59
28
-4
28
-25
-50
45
95
30
-45
41
32
0
28
75
55
1
70
-29
52
68
-1
27
58
-15
42
-1
52
-2
-17
51
19
38
-27
5
-28
-4
12
-24
29
-3
21
-38
-30
40
22
28
64
-7
8
-11
48
19
31
-2
14
-8
-13
40
27
-4
18
16
26
48
-18
16
41
30
36
-3
90
34
24
-43
48
-49
59
3
43
39
10
10
6
-33
11
7
26
-1
44
9
31
49
76
50
0
-2
37
19
11
-3
4
14
8
73
2
1
0
64
17
11
29
-25
-17
21
-19
33
-25
29
28
71
-34
89
2
7
56
30
27
5
16
-39
39
92
-15
14
18
37
-42
49
22
14
-10
-2
-67
5
42
-19
63
67
-1
-15
46
-29
42
3
8
-7
-26
16
29
15
30
60
45
-34
21
11
-1
21
21
18
-2
14
-28
57
22
32
-33
11
50
27
-34
-7
6
2
-5
10
1
-14
-4
27
58
-55
38
7
8
-8
-40
59
73
54
69
8
21
-5
27
70
69
49
70
-40
28
8
-3
28
35
-2
36
1
62
-7
-45
84
25
54
-18
-11
-24
-4
11
-13
30
16
47
-22
-18
38
16
29
93
13
18
-10
38
2
21
11
-25
35
-25
4
-22
-46
33
15
7
66
0
2
52
46
61
1
107
25
28
-46
36
-36
29
-22
28
67
2
29
26
-15
9
37
2
-9
59
19
25
24
73
53
-17
-14
53
6
13
-1
1
5
9
56
-5
16
-35
55
50
-8
36
-37
-5
35
1
57
1
45
2
77
-38
65
-1
-17
21
43
45
35
12
-29
26
75
-9
1
47
36
-28
40
21
22
-9
14
-62
9
39
-19
55
83
-9
-8
45
-34
57
1
-7
-26
-26
32
25
20
32
59
47
-56
24
12
-4
28
33
15
4
9
-21
53
21
28
-39
0
50
30
-41
-3
9
4
-8
13
2
-7
1
27
44
-58
25
16
14
-21
-25
58
69
66
49
5
24
-9
18
69
83
36
71
-30
26
28
-4
24
32
-8
43
-7
53
-6
-46
85
35
57
-15
-4
-11
-12
8
-14
31
22
50
-22
-24
41
8
31
87
5
10
-13
41
1
15
1
-15
28
-27
11
-18
-43
31
20
10
58
-2
6
41
51
56
6
108
23
32
-47
38
-49
37
-20
26
62
13
13
22
-15
9
30
10
-8
58
25
39
40
81
39
-21
-36
56
6
19
0
-3
16
17
54
1
12
-34
47
47
-22
26
-32
0
40
6
50
11
53
8
69
-44
65
-23
-13
29
38
45
37
34
-20
16
83
-10
12
42
35
-12
45
21
19
-8
17
-62
9
41
-18
54
81
-10
-4
48
-31
57
1
0
-24
-26
36
21
18
32
57
50
-57
28
9
-3
31
31
18
6
6
-22
53
22
24
-38
-3
45
33
-38
-1
7
-2
-7
12
1
-5
0
26
48
-54
22
16
18
-25
-27
57
72
65
48
7
22
-12
15
72
87
42
76
-27
22
32
-4
29
31
-8
37
-7
56
-9
-45
85
34
60
-17
-5
-5
-14
8
-14
31
26
47
-25
-20
47
6
32
86
6
7
-20
43
1
15
0
-12
33
-24
12
-21
-47
32
14
10
55
1
3
44
51
53
11
108
21
30
-49
41
-52
39
-21
19
63
16
15
25
-18
5
28
11
-15
58
25
37
34
84
37
-22
-38
57
3
20
7
-4
13
16
56
1
12
-39
48
49
-26
27
-36
0
45
3
46
11
55
9
70
-45
65
-18
-12
28
41
48
41
38
-19
14
82
-17
16
44
37
-9
42
20
19
-10
12
-65
10
38
-19
52
82
-7
-7
43
-35
57
3
0
-25
-25
32
27
20
34
56
49
-53
25
11
-2
27
31
14
6
8
-24
52
22
27
-39
2
47
27
-40
-3
4
0
-6
13
1
-6
0
26
49
-63
23
15
14
-16
-26
58
70
63
46
6
22
-9
18
73
85
38
73
-31
28
30
-1
29
33
-6
41
-2
54
-6
-47
86
33
58
-12
-4
-12
-13
8
-16
31
24
48
-23
-24
41
6
32
91
3
9
-16
42
-2
13
0
-15
27
-23
12
-21
-44
30
19
9
57
-4
5
43
49
57
5
106
22
33
-48
39
-49
39
-23
22
63
12
12
25
-18
7
31
11
-8
60
24
35
39
82
40
-21
-35
56
7
19
2
-5
15
17
51
1
12
-34
48
48
-18
27
-35
-1
39
7
51
12
55
9
71
-47
65
-22
-12
29
39
43
35
36
-24
18
79
-10
17
43
39
-13
44
21
21
-6
-2
-66
4
42
-16
60
66
-1
-12
44
-29
46
7
11
-6
-25
23
29
18
35
58
47
-37
17
17
-3
17
22
19
-5
12
-21
52
23
34
-30
18
52
28
-35
-12
3
3
-2
11
5
-12
-3
28
56
-44
34
17
3
-8
-40
57
71
47
74
8
23
-4
21
72
67
47
67
-38
31
9
0
27
29
-5
32
-3
57
-8
-46
87
26
56
-16
-5
-23
-7
11
-17
27
11
45
-27
-23
37
15
30
100
6
19
-10
40
0
21
4
-25
24
-21
2
-22
-48
29
15
7
62
-8
8
54
44
61
8
101
20
31
-42
37
-33
29
-23
27
72
2
24
25
-21
7
39
3
-8
53
22
33
30
70
54
-11
-21
56
6
12
3
-2
-3
9
53
-5
16
-36
53
51
-9
39
-38
-5
34
3
58
6
53
6
78
-36
64
-3
-15
24
44
43
41
19
-31
26
78
-14
8
45
37
-17
16
23
41
-25
2
-32
10
61
-21
52
68
-12
24
-1
-43
32
-9
-8
-22
-8
42
25
22
45
55
37
-42
47
9
-8
20
19
31
8
14
3
44
15
77
-51
-2
34
50
-52
-8
30
-6
7
6
-28
-1
1
25
48
-68
36
-2
27
-28
-47
51
100
21
-32
35
31
0
23
73
66
19
74
-28
46
63
-6
27
50
-9
38
-3
46
-1
-25
43
23
42
-18
0
-29
-6
11
-24
37
-8
19
-39
-34
35
19
27
62
-3
2
-7
50
13
35
-1
13
-6
-9
30
20
2
19
11
25
52
-18
19
50
35
38
-8
89
33
27
-51
47
-55
49
-1
46
43
8
20
12
-34
10
17
18
-2
46
16
28
41
77
50
6
-12
37
19
16
-5
3
11
12
78
-2
-3
4
71
13
8
37
-28
-19
16
-15
43
-19
36
30
72
-30
83
-1
8
54
31
26
9
21
-35
35
81
-19
9
15
39
-29
14
22
27
-16
-21
-33
18
28
-13
74
52
-14
23
11
-16
-8
27
46
19
-9
1
6
15
39
59
46
28
17
-1
-13
4
23
26
12
29
-4
56
-1
82
-15
53
44
17
-58
-9
21
15
-11
16
0
-21
-26
10
49
-25
44
-15
0
37
-39
48
60
26
36
45
45
-13
38
34
6
42
63
-61
56
0
-11
23
25
10
25
15
52
8
6
44
34
15
26
19
0
25
32
-15
-10
15
8
-20
-8
6
14
25
62
7
19
7
36
-5
1
17
-3
18
-21
39
0
3
8
5
12
39
-22
-9
51
10
36
13
103
28
45
5
45
-22
39
22
15
58
6
32
12
-36
37
23
13
-14
80
21
49
29
38
64
5
49
40
17
25
-10
-4
-17
-3
46
-21
28
1
6
31
21
12
-46
7
23
-14
52
-48
30
-9
76
-27
66
27
-19
18
36
33
10
-7
-30
57
55
-14
20
54
56
-2
24
9
-22
-4
-5
-57
35
1
5
86
48
2
-9
13
-11
0
48
18
13
-24
-19
25
17
5
39
50
31
13
-4
-9
2
34
-10
5
26
-32
68
18
60
1
69
44
-6
-46
-12
3
31
-30
19
20
-6
-46
12
36
-5
47
-19
-13
39
-37
33
27
27
59
25
42
-19
39
4
20
59
60
-66
42
-8
-18
49
1
48
24
31
39
6
-6
40
24
30
33
18
19
28
21
-3
-14
55
43
-14
12
13
9
41
65
-1
38
7
40
-11
-24
32
-32
51
-22
27
-20
-8
13
17
0
42
-10
-25
48
18
44
12
111
53
42
2
44
-12
22
15
0
53
12
31
10
-14
59
13
15
-14
92
27
35
27
21
44
-6
43
25
30
48
8
6
-20
3
40
-8
28
9
-13
51
21
-2
-34
32
16
7
65
-41
21
-27
89
-21
55
15
-39
-7
40
56
-29
-3
-23
62
11
7
-6
63
77
11
20
3
-7
-15
0
-56
28
-4
10
77
64
-1
-8
26
-13
24
57
16
3
-20
-10
16
27
13
30
51
21
-2
-8
-8
0
38
-2
0
29
-17
61
14
60
-7
66
38
-3
-38
-5
12
34
-32
24
29
-2
-36
17
29
-15
33
-3
-11
40
-12
38
23
46
94
34
41
-14
34
3
23
79
65
-69
38
4
-28
42
-20
30
37
9
54
6
-4
45
30
23
37
31
17
23
25
-3
-22
63
30
-6
11
22
-2
30
60
-16
28
-9
34
-6
-22
18
-22
40
-24
34
-12
-14
14
24
7
37
-8
-30
50
22
38
12
113
25
39
17
45
-11
16
22
11
59
12
31
5
-17
60
-3
14
-15
84
32
53
33
30
37
1
34
30
26
35
-12
2
-21
14
30
-16
29
1
-14
45
13
-16
-36
31
17
17
59
-33
36
-21
77
-16
64
8
-37
-11
29
46
-12
13
-13
48
32
4
17
61
68
18
22
6
-9
-14
3
-55
28
-2
12
76
62
-4
-2
27
-12
26
53
18
9
-16
-10
16
25
12
28
55
15
2
-10
-12
0
43
-2
2
28
-16
61
14
62
-12
63
37
2
-34
-6
12
30
-29
23
25
-2
-43
16
30
-10
28
-5
-3
36
-14
37
23
48
87
38
42
-16
33
0
28
78
65
-66
37
8
-30
44
-22
25
37
6
51
7
-3
40
28
24
36
29
22
19
25
-4
-22
59
26
-5
13
28
-3
31
58
-13
30
-11
37
-4
-22
20
-21
43
-22
34
-15
-15
17
16
7
35
-8
-33
52
21
37
17
114
27
44
17
47
-13
23
22
11
58
12
30
7
-20
61
0
16
-21
84
32
56
33
32
36
-1
31
30
28
42
-5
-1
-19
14
27
-19
29
0
-15
43
10
-14
-40
31
23
13
54
-33
35
-18
77
-18
67
6
-38
-9
30
53
-8
15
-11
47
23
-1
19
59
71
18
20
3
-5
-15
-2
-57
29
-5
9
76
62
-2
-7
24
-14
24
57
19
2
-17
-11
18
26
12
27
53
22
-3
-8
-8
-2
38
-3
-1
26
-15
60
13
61
-9
67
39
0
-37
-5
9
31
-31
21
23
-3
-40
17
29
-14
34
0
-11
41
-13
38
25
46
89
35
45
-14
34
2
23
80
63
-69
39
6
-26
44
-18
31
37
7
51
6
-4
46
27
24
36
31
14
22
24
-6
-20
61
30
-7
10
21
-1
31
60
-16
29
-8
36
-8
-21
17
-20
41
-22
35
-12
-16
13
21
6
37
-8
-30
51
19
37
13
113
23
41
14
46
-11
18
22
12
59
11
29
6
-18
58
-3
14
-14
82
32
53
33
32
39
3
33
30
27
36
-13
3
-24
13
27
-18
30
6
-12
46
16
-14
-37
30
16
15
56
-30
36
-19
78
-20
62
7
-38
-10
31
45
-12
15
-14
50
29
5
19
60
70
15
30
8
-14
-4
-14
-66
27
0
4
88
41
4
-2
14
-12
3
58
24
16
-15
-15
20
18
11
33
54
30
4
-7
-8
-7
35
-6
-6
20
-21
66
18
62
4
72
43
-5
-42
-18
2
29
-26
16
17
-12
-38
13
39
-6
46
-3
-16
38
-28
33
30
28
74
31
50
-17
32
14
23
74
56
-70
48
-14
-23
48
-6
42
19
11
42
9
-5
38
26
29
31
28
11
23
30
-8
-13
53
36
-15
11
14
10
34
62
-6
34
8
38
-12
-19
17
-30
44
-20
28
-16
-13
14
15
-2
43
-15
-26
50
13
39
18
105
45
45
1
44
-11
16
19
4
57
12
31
11
-22
52
10
10
-17
83
28
42
24
28
48
6
43
29
29
46
9
5
-32
3
41
-15
28
2
-9
51
25
-5
-42
27
19
8
65
-30
29
-18
86
-23
60
12
-43
-9
41
50
-16
5
-26
69
25
2
1
62
77
17
10
16
25
-17
-8
-34
16
18
-19
74
56
-9
11
13
-19
-10
40
39
14
6
9
10
18
34
52
47
22
3
-4
-13
2
23
29
3
28
0
64
0
95
-21
55
41
12
-67
-5
34
12
-4
12
-4
-14
-23
6
46
-39
56
-13
3
25
-37
53
70
19
25
52
48
-11
31
35
21
66
71
-61
49
1
-24
27
19
21
21
9
49
6
0
43
27
16
27
19
-2
27
26
-8
2
19
18
-29
2
2
14
34
47
4
13
2
43
-15
12
10
6
23
-19
39
-3
18
12
-2
7
39
-16
-11
57
11
36
0
102
19
31
0
44
-23
30
22
24
65
9
31
25
-35
39
19
6
-12
79
29
38
18
44
59
11
42
35
20
29
-7
-5
-20
0
58
-24
13
10
9
23
20
8
-48
7
11
-12
59
-34
35
-5
74
-24
75
18
-21
8
38
23
15
5
-28
57
51
-24
18
42
58
7
4
22
44
-12
-9
-23
17
26
-5
64
48
-10
29
18
-15
5
23
38
0
-9
14
4
25
44
51
44
13
29
-3
-11
6
30
29
18
27
9
46
-6
87
-32
51
40
18
-50
1
28
6
-8
14
-5
-19
-16
11
44
-19
38
-8
-1
17
-26
41
65
35
18
42
51
-7
26
26
12
28
67
-58
45
20
-11
31
18
9
38
12
45
11
4
52
26
7
28
22
-3
13
39
-16
6
18
-2
-6
-4
17
7
17
47
-5
10
3
43
3
9
16
11
12
-25
45
18
4
8
6
11
31
-9
0
67
14
36
11
87
13
37
9
51
-20
45
14
21
53
8
36
15
-27
34
8
20
-1
78
18
49
44
48
67
-2
48
40
7
23
-10
-12
-7
0
44
-20
10
2
7
25
16
8
-39
10
8
-5
36
-42
42
-4
73
-18
62
11
-14
36
37
24
13
0
-30
49
59
-17
34
47
43
-2
16
8
-5
-10
3
-46
27
3
16
75
45
2
-6
19
-13
16
51
30
-6
-24
-8
14
30
13
37
47
7
14
-6
-4
-4
31
-1
8
31
-17
57
11
70
-19
66
41
-1
-32
-3
8
19
-32
19
16
-9
-37
19
35
4
35
-11
-23
27
-14
29
37
39
83
27
49
-8
31
4
24
62
68
-72
34
6
-20
55
-19
40
31
19
41
12
-1
53
17
18
28
23
11
13
21
-4
-4
52
23
3
10
26
0
25
52
-16
33
-3
40
7
-9
32
-16
45
-25
31
-1
-11
10
19
7
39
7
-18
81
22
42
10
95
12
35
13
50
-8
23
16
13
55
7
40
8
-10
58
-1
17
-4
82
26
39
45
36
51
-10
36
25
19
34
-4
0
-19
10
29
-13
9
4
-5
39
20
-4
-37
34
8
8
45
-41
35
-22
84
-7
56
3
-31
1
38
46
-16
0
-24
50
23
3
17
59
59
0
21
6
-6
-9
15
-48
19
-2
15
62
61
8
1
31
-13
41
60
19
-7
-17
5
11
35
17
31
48
-5
8
-12
-3
0
40
2
6
32
-11
56
10
73
-34
57
41
2
-15
-2
25
17
-30
28
25
-13
-26
20
36
-1
27
1
-14
32
8
33
29
51
98
45
53
-12
20
3
32
73
67
-75
36
26
-26
49
-33
15
38
-2
47
12
-6
52
28
16
39
36
12
9
26
-5
-16
62
16
14
8
39
-13
20
53
-20
20
-20
39
9
-12
23
-12
37
-27
32
3
-10
18
28
10
34
-2
-28
73
29
38
18
102
2
42
29
51
-1
21
19
20
53
5
32
4
-6
58
-19
12
-9
78
34
54
45
44
36
0
10
32
16
34
-17
-4
-13
21
13
-22
8
-4
-2
38
10
-11
-36
31
5
27
34
-31
44
-18
75
-5
65
-2
-28
2
24
44
-1
20
-16
36
45
-7
34
61
54
20
24
8
-2
-9
18
-45
19
-2
15
61
61
6
3
27
-6
43
58
20
-6
-17
5
13
35
17
33
48
-5
8
-11
-5
0
39
6
7
32
-9
57
10
72
-34
60
41
2
-10
-4
24
16
-32
26
24
-13
-29
19
30
0
26
1
-12
32
7
35
27
52
102
46
51
-10
24
3
31
69
67
-71
34
23
-32
46
-34
11
39
-2
50
9
0
48
29
17
41
35
14
6
24
-6
-15
57
15
14
9
41
-12
21
52
-22
22
-23
36
10
-10
22
-13
32
-24
34
2
-7
17
27
14
32
-3
-27
75
27
36
23
102
0
45
32
51
-4
21
21
21
55
6
35
2
-6
60
-16
13
-13
76
36
55
51
43
36
2
13
31
17
32
-17
-5
-12
23
9
-19
8
-7
-2
37
9
-13
-39
33
7
27
36
-31
46
-16
74
-4
64
-1
-27
3
25
44
1
24
-13
35
40
-7
37
58
54
20
22
6
-3
-8
17
-48
20
-1
14
61
63
9
0
26
-14
39
60
17
-4
-16
6
12
35
20
27
46
-3
11
-8
-4
1
39
5
3
31
-11
57
10
69
-34
58
42
1
-15
0
22
18
-31
27
23
-10
-28
22
34
-1
29
1
-12
32
4
35
28
50
94
44
49
-10
22
1
32
70
66
-75
39
27
-30
48
-27
18
38
0
49
11
-5
52
27
19
39
35
12
8
27
-5
-18
62
18
14
5
40
-11
20
54
-18
22
-24
37
8
-13
25
-15
34
-25
33
1
-12
18
27
12
35
-2
-29
71
27
35
19
103
2
40
27
50
-4
20
22
19
55
5
33
5
-8
55
-19
11
-11
76
32
54
47
44
34
2
12
30
16
34
-18
-3
-16
21
14
-22
14
-4
-4
41
10
-11
-38
33
9
28
36
-30
44
-18
75
-7
64
0
-27
3
25
42
-3
19
-15
39
45
-3
35
61
57
18
21
9
-4
-2
-2
-55
20
3
14
74
46
7
3
16
-12
21
59
23
-2
-16
-3
12
28
18
37
51
2
12
-7
-2
-7
36
5
0
24
-12
62
13
71
-17
68
43
-4
-26
-14
14
17
-28
21
19
-17
-27
20
35
4
33
0
-22
26
-6
27
34
36
80
34
56
-12
26
7
27
66
63
-73
41
6
-25
47
-17
32
28
7
39
13
-4
52
22
17
28
33
7
9
29
-6
-6
50
25
2
9
26
-2
28
54
-15
30
-2
39
3
-10
21
-18
35
-24
30
-1
-13
12
21
6
40
-8
-19
72
18
41
21
92
18
39
14
51
-7
19
21
15
58
9
35
4
-13
53
-3
9
-7
76
30
43
37
41
47
0
25
31
16
33
2
3
-28
8
25
-13
9
-1
-3
44
20
-3
-38
30
13
18
42
-32
43
-16
83
-8
58
3
-32
7
37
41
-11
14
-24
56
38
0
16
57
61
16
-1
18
32
-15
-3
-25
14
19
-13
65
54
-6
16
17
-18
6
36
32
-4
2
18
-1
27
38
47
41
8
17
-4
-8
3
28
39
5
33
6
63
-3
100
-35
54
39
12
-46
0
40
5
-7
10
-11
-18
-7
13
42
-32
49
-7
-3
11
-19
45
70
26
12
54
53
-7
22
28
17
53
76
-58
42
12
-25
32
11
15
33
2
45
7
-1
51
22
6
30
23
-5
16
34
-7
10
19
10
-10
4
11
5
28
37
-8
6
-4
45
-2
18
11
12
13
-18
45
13
25
9
3
7
31
-12
-7
70
15
38
4
92
5
26
8
50
-19
34
21
28
63
10
41
25
-28
35
6
7
-1
76
26
41
37
51
57
4
40
34
8
21
-11
-10
-12
1
53
-15
4
7
12
17
16
4
-38
12
1
-6
42
-37
46
-7
71
-17
68
10
-12
28
33
13
13
9
-30
47
54
-22
30
37
51
6
12
23
40
-17
-15
-21
13
32
-7
65
41
-10
31
21
-12
9
22
37
0
-14
14
-1
24
45
53
40
10
31
-7
-8
1
31
36
16
32
10
45
-5
86
-33
53
36
18
-45
-3
33
2
-11
13
-6
-24
-9
14
43
-21
38
-7
-4
12
-22
40
62
38
20
43
53
-8
27
24
16
27
71
-59
41
21
-12
34
19
2
36
8
45
13
6
50
26
7
27
17
-5
10
43
-12
7
11
-4
-3
-1
16
7
18
47
-7
10
1
43
8
16
11
7
13
-26
45
23
12
7
5
14
27
-15
-1
66
17
38
14
90
14
37
6
50
-20
47
15
24
52
10
41
13
-26
30
11
19
-3
77
18
48
46
49
70
0
45
37
4
20
-7
-12
-10
-1
47
-21
6
-1
11
21
15
12
-42
10
16
-7
33
-41
38
-2
75
-18
61
14
-9
41
37
24
14
2
-29
53
63
-13
31
45
37
-8
24
12
-8
-15
0
-47
26
7
14
77
44
1
-3
17
-11
26
50
28
-7
-29
-6
13
30
16
41
46
6
8
-8
-2
-10
34
1
9
35
-18
54
14
71
-17
69
41
1
-30
-7
13
17
-35
18
19
-14
-38
21
40
4
37
-10
-25
24
-16
29
33
44
97
31
55
-8
33
2
25
59
71
-78
34
4
-18
57
-17
36
34
15
44
11
1
58
16
16
24
19
7
8
23
-4
-3
46
19
2
8
26
0
27
55
-21
34
-9
40
8
-8
27
-20
44
-29
30
3
-10
11
22
9
38
7
-22
79
24
45
11
99
10
40
10
51
-7
19
14
17
55
8
43
5
-9
57
0
17
-10
84
27
41
51
38
53
-8
33
25
16
26
-3
0
-20
10
27
-19
9
-1
-1
34
21
-1
-40
32
12
11
40
-41
32
-20
86
-7
54
5
-29
5
40
43
-17
1
-26
52
23
9
19
66
56
-8
25
9
-8
-14
13
-50
18
-2
12
63
57
5
4
33
-9
43
60
22
-9
-19
7
9
36
20
32
50
-2
3
-14
-5
-5
42
8
6
34
-7
56
10
70
-31
58
38
6
-20
-3
28
19
-30
25
23
-14
-29
21
34
-4
25
1
-11
28
4
36
29
52
110
46
53
-8
21
1
34
80
72
-77
34
19
-30
49
-33
12
41
-5
51
10
-3
56
27
16
37
33
9
6
29
-6
-13
56
10
15
7
38
-13
17
55
-29
21
-24
39
7
-10
21
-12
40
-30
36
11
-8
16
26
11
32
3
-32
76
30
40
18
105
-2
46
33
52
-3
17
17
23
55
6
38
6
-9
56
-15
11
-9
81
35
57
49
47
40
4
20
31
12
26
-17
-2
-14
20
17
-26
5
-3
0
30
8
-10
-38
29
12
25
31
-31
41
-16
74
-6
67
0
-27
8
28
39
0
22
-17
40
43
-7
39
64
54
14
27
10
-8
-13
18
-48
19
-4
13
62
55
4
6
31
-7
42
61
23
-11
-21
7
9
35
16
31
51
-5
1
-14
-5
-1
41
8
9
33
-7
56
11
71
-33
60
40
7
-15
-4
26
16
-34
26
21
-16
-31
20
35
-2
23
-3
-10
31
5
39
27
50
109
49
53
-10
22
2
35
75
72
-74
35
18
-31
45
-35
9
40
-1
53
8
-4
52
28
16
38
34
13
5
28
-6
-13
55
13
18
4
38
-15
19
54
-30
23
-27
37
6
-10
24
-13
38
-28
34
7
-8
18
26
13
33
-1
-33
75
30
40
23
106
-1
48
35
52
-2
19
18
22
58
4
36
6
-7
57
-13
12
-13
83
36
58
49
49
39
2
17
32
11
31
-18
-1
-13
22
12
-25
11
-4
-2
33
7
-11
-37
29
12
27
31
-28
43
-18
74
-9
68
-2
-26
7
27
38
3
27
-12
41
43
-4
41
64
55
17
23
9
-7
-13
12
-50
19
-5
14
62
57
5
3
31
-12
40
60
21
-9
-18
6
7
36
16
31
48
2
3
-13
-5
-5
41
6
6
32
-5
52
9
69
-33
62
39
7
-20
-4
25
17
-31
23
19
-13
-30
20
36
-5
28
1
-11
32
2
39
27
53
109
47
55
-9
22
0
38
80
68
-76
35
19
-31
47
-30
14
38
-5
48
10
-6
57
25
17
38
34
10
6
29
-6
-15
57
15
15
7
35
-11
16
52
-30
22
-22
36
6
-8
22
-15
42
-31
34
7
-11
14
25
12
33
0
-32
75
28
37
19
105
-1
44
30
51
-3
22
16
22
57
6
36
6
-10
55
-17
12
-13
78
32
58
48
48
41
5
17
31
12
31
-20
-3
-19
20
14
-27
7
0
-3
34
10
-12
-41
28
12
24
31
-27
45
-18
75
-11
67
-1
-27
6
27
39
1
22
-14
43
44
-7
39
65
58
16
23
12
-7
-9
-6
-54
21
0
13
75
43
2
6
22
-11
25
57
25
-7
-19
-5
7
29
16
41
54
4
3
-12
-2
-13
38
3
2
30
-8
57
12
69
-16
73
39
2
-30
-14
17
18
-28
20
14
-19
-30
22
36
-3
35
1
-20
27
-4
30
33
45
98
39
62
-12
24
4
29
74
66
-76
37
4
-25
49
-21
29
30
5
41
12
-6
58
19
16
27
31
2
9
34
-7
-3
46
21
6
11
25
-4
21
52
-24
29
-3
40
3
-6
17
-19
45
-26
32
4
-13
14
16
6
41
-2
-23
73
19
42
19
94
15
46
18
52
-3
20
17
20
60
7
39
5
-14
54
-2
10
-7
79
28
48
36
43
54
2
33
31
13
29
-1
0
-27
9
26
-20
8
-1
-3
39
20
-5
-40
24
13
14
39
-32
40
-16
82
-10
59
0
-33
10
37
36
-6
13
-24
56
34
-2
25
60
60
10
3
22
28
-16
-4
-26
14
18
-11
65
48
-6
18
22
-14
8
35
34
-2
-2
18
-3
28
39
52
45
8
16
-9
-10
-2
30
37
8
35
10
59
-3
95
-37
58
39
18
-47
-1
44
2
-8
9
-11
-21
-13
15
44
-33
46
-8
0
11
-26
43
71
28
23
52
57
-7
22
26
16
50
79
-64
42
10
-27
33
9
10
36
-1
44
8
1
50
19
5
28
21
-10
13
39
-8
11
16
3
-5
4
12
3
25
37
-14
3
-6
42
-2
19
13
12
19
-21
45
17
22
11
1
7
31
-7
-9
72
15
39
4
91
7
31
9
52
-19
33
18
32
61
7
45
23
-28
34
5
8
-4
79
25
46
39
53
62
8
47
36
2
19
-10
-13
-8
0
53
-21
2
7
13
13
16
4
-39
11
2
-6
35
-36
45
-2
71
-13
69
8
-14
29
35
14
15
9
-30
47
51
-22
32
39
46
-1
10
24
36
-18
-18
-18
14
31
-4
65
44
-13
33
24
-13
9
23
31
0
-15
14
-4
23
47
53
42
9
31
-5
-8
0
33
33
17
32
11
52
-5
87
-33
54
34
17
-43
-3
33
-4
-12
15
-8
-25
-10
16
45
-23
34
-6
-5
10
-22
40
59
34
19
47
57
-11
30
31
17
28
72
-60
45
16
-10
32
22
2
37
2
43
12
6
55
27
7
23
17
-5
11
42
-13
6
8
-4
-1
-4
13
7
18
47
-7
7
-1
43
8
21
12
9
15
-26
44
22
10
7
7
13
34
-19
0
68
18
38
18
91
14
42
7
52
-19
53
15
24
54
7
44
12
-25
32
7
17
-8
79
16
49
47
55
69
-2
44
37
4
13
-6
-13
-10
-1
49
-21
8
4
11
22
14
15
-41
11
15
-8
31
-44
36
-3
73
-20
62
13
-10
42
37
21
15
2
-30
52
64
-13
28
47
37
-10
25
12
-15
-17
-7
-45
28
8
16
76
42
2
-1
18
-12
24
48
26
-8
-26
-5
7
27
15
43
46
4
12
-9
-1
-9
38
-1
5
35
-18
54
13
70
-17
69
38
2
-30
-9
12
10
-34
18
11
-22
-38
19
38
3
37
-14
-24
22
-10
31
33
44
86
34
62
-13
35
0
31
64
70
-78
37
9
-18
57
-13
35
29
15
35
11
-1
55
17
15
23
17
10
7
23
-1
-5
45
18
8
13
20
2
27
56
-20
35
-5
47
7
-6
26
-18
49
-30
28
3
-6
11
20
9
43
1
-22
80
25
45
14
101
15
45
10
52
-6
24
10
13
53
11
44
5
-5
56
-6
17
-17
87
25
39
40
40
58
-11
26
20
12
22
2
3
-25
7
29
-20
6
5
0
32
23
4
-38
33
16
7
37
-40
29
-23
88
-13
54
4
-30
14
40
43
-14
-1
-23
54
25
14
14
64
50
-7
20
9
-10
-17
9
-47
23
5
19
62
59
4
7
31
-10
42
57
11
-6
-15
5
7
33
19
34
49
-8
10
-14
-3
-3
43
4
6
30
-10
54
12
72
-32
51
33
8
-17
-4
27
12
-29
28
18
-19
-30
20
33
-4
25
-3
-10
19
14
33
26
49
91
48
57
-16
25
-2
39
75
71
-76
36
37
-27
51
-28
16
42
-3
41
10
-4
50
25
14
31
30
14
4
26
-3
-12
53
13
19
11
35
-12
19
53
-22
22
-22
47
10
-10
19
-13
41
-33
31
6
-8
16
25
14
36
-4
-28
74
31
40
23
104
1
48
27
53
-2
25
13
16
49
12
36
1
-4
60
-22
14
-12
80
30
50
40
47
42
-6
11
30
11
26
-10
-1
-9
19
18
-25
9
-2
2
32
7
-6
-37
30
13
19
29
-33
38
-19
75
-13
63
-2
-29
15
27
42
-1
24
-13
38
46
4
30
60
48
14
24
11
-11
-14
13
-50
23
1
18
62
56
3
5
34
-10
43
58
17
-4
-16
6
5
34
16
36
48
-9
5
-16
-4
-3
43
1
4
32
-6
49
10
70
-30
58
37
8
-12
-3
27
11
-30
25
21
-21
-36
19
35
3
18
-2
-9
24
14
38
24
50
108
50
58
-14
28
-3
37
77
71
-77
37
32
-32
53
-38
10
39
-2
47
9
-4
46
23
17
32
34
14
4
28
-2
-14
50
8
22
8
37
-12
18
51
-22
21
-26
43
12
-11
21
-11
41
-36
31
6
-8
20
25
14
35
-1
-35
78
33
36
23
105
-2
50
33
54
1
25
12
17
55
11
41
-1
-4
58
-23
16
-18
80
32
55
43
47
45
-2
12
29
8
29
-6
-1
-10
20
9
-30
9
-6
1
34
7
-8
-40
34
16
20
30
-29
42
-21
76
-8
67
-2
-29
9
26
39
5
23
-9
39
45
0
36
62
46
17
23
8
-8
-13
7
-53
22
-1
17
63
60
4
5
30
-12
42
60
16
-7
-16
3
6
32
24
33
49
-4
7
-13
-4
-5
43
3
2
30
-5
49
9
70
-30
59
34
10
-17
-4
26
13
-28
27
19
-19
-32
20
37
-3
25
-2
-7
24
8
36
29
51
102
48
59
-16
26
0
39
72
71
-81
38
28
-29
47
-26
16
38
-2
44
10
-3
51
21
17
35
32
15
5
29
-3
-13
54
13
16
11
32
-7
19
52
-20
20
-23
44
8
-9
18
-10
41
-31
32
3
-11
19
25
14
39
0
-32
71
28
39
21
103
-2
43
26
53
-2
21
13
17
54
11
37
0
-5
59
-22
14
-16
78
31
54
42
46
45
1
15
32
9
24
-13
-1
-21
18
16
-29
8
-3
3
34
10
-9
-39
29
15
20
25
-28
42
-19
76
-10
63
-1
-29
14
28
43
2
23
-13
42
44
3
37
65
49
13
24
12
-12
-11
-9
-53
23
8
15
72
46
6
10
18
-12
28
55
16
-8
-18
-4
8
26
18
47
49
-3
9
-9
1
-11
39
3
-1
28
-13
54
14
73
-13
66
37
4
-27
-20
18
14
-29
23
15
-28
-26
21
32
1
33
-1
-20
21
-1
28
32
38
82
38
68
-17
29
3
34
63
63
-78
47
16
-21
52
-12
27
29
8
32
12
-4
51
21
19
22
33
8
2
33
-7
-7
40
23
9
12
22
-1
20
58
-21
31
-7
45
5
-9
14
-21
42
-28
28
-1
-6
15
21
10
46
-13
-21
70
23
45
21
95
22
49
12
52
-6
23
11
14
51
12
36
-2
-8
54
-6
11
-13
80
25
43
34
40
55
-1
20
27
14
26
9
4
-27
9
29
-20
6
0
4
38
20
3
-40
26
21
11
34
-32
38
-17
86
-16
54
1
-30
20
36
40
-10
16
-22
58
39
9
14
60
53
5
2
21
26
-18
-7
-21
16
22
-11
64
49
-6
20
14
-16
10
33
28
-5
-5
16
-2
24
40
53
43
6
21
-5
-11
-4
28
34
6
34
10
58
-3
96
-36
53
38
18
-49
-1
42
0
-6
9
-15
-24
-11
14
40
-29
49
-11
3
5
-19
44
67
29
17
55
59
-8
24
30
24
55
79
-61
42
18
-25
32
11
11
36
-1
40
8
3
48
20
7
23
20
-11
10
37
-8
12
13
4
-4
5
9
6
24
39
-9
6
-12
45
2
20
12
11
20
-24
42
14
24
10
1
10
33
-9
-8
71
16
40
7
90
11
36
7
52
-19
39
16
26
58
10
45
20
-25
38
5
8
-8
78
26
45
38
55
62
7
39
34
1
17
-3
-11
-11
4
53
-21
-1
10
14
11
15
7
-44
10
7
-8
34
-35
39
-5
71
-16
67
8
-13
33
34
14
17
9
-26
51
52
-19
29
36
42
-1
15
30
35
-29
-24
-11
11
29
-7
67
32
-6
34
33
-15
0
30
27
7
-11
11
-5
22
44
51
45
9
24
-13
-3
-7
29
34
6
29
11
41
0
77
-28
53
31
22
-38
-3
32
-6
-9
20
-4
-23
-15
18
52
-15
38
-3
3
-1
-33
38
63
25
21
49
59
-12
22
32
22
28
73
-65
49
17
-3
29
28
1
31
-1
44
9
7
58
26
6
14
17
2
6
37
-12
4
10
-4
2
-7
13
16
22
48
-12
5
-3
45
12
25
11
6
26
-22
35
30
11
12
0
9
36
-18
4
69
21
38
18
86
20
50
-1
49
-18
44
9
21
46
5
37
13
-20
32
1
16
-11
77
11
46
44
61
77
9
36
36
0
13
4
-15
-12
2
60
-29
9
-3
20
29
22
11
-45
9
20
-14
30
-40
27
2
75
-21
67
15
-9
32
38
24
21
-3
-30
52
75
-9
21
56
40
-19
19
17
-7
-23
-12
-43
26
11
14
81
33
0
6
37
-15
19
46
13
-4
-18
-15
11
26
11
39
51
3
10
-21
6
-17
34
1
-3
27
-10
54
17
59
-14
66
27
8
-34
-14
17
0
-24
18
1
-27
-36
23
25
-6
37
-3
-19
-2
-17
23
29
38
71
29
68
-17
26
-6
49
53
72
-79
32
9
-9
60
-5
32
28
11
27
11
-1
57
14
13
21
19
12
-1
22
-3
5
43
15
10
11
15
6
34
47
-20
22
10
58
8
6
13
-13
54
-23
27
17
-3
11
7
2
45
-3
-12
79
25
44
12
91
18
47
-8
50
-15
28
4
18
43
16
30
16
-2
50
-13
20
-8
81
17
39
31
45
74
5
22
17
15
21
17
-5
-20
1
49
-25
-5
4
5
40
25
3
-38
25
20
-6
38
-35
27
-12
86
-14
60
-3
-33
18
48
43
-7
-3
-28
53
30
12
5
62
52
-9
12
16
5
-22
-2
-48
20
6
24
73
52
-3
13
50
-8
37
58
1
1
-8
-4
11
33
19
38
48
0
0
-26
6
-15
42
7
2
23
5
47
13
55
-19
54
27
16
-33
-14
37
5
-23
28
10
-24
-30
21
18
-9
29
13
-9
-5
1
24
19
46
84
37
71
-19
20
-10
55
51
69
-79
30
25
-14
50
-22
17
44
-11
32
10
2
57
25
6
25
23
17
-4
22
1
-7
51
7
14
13
22
-3
28
44
-20
12
-2
56
13
6
4
-5
47
-28
27
18
-4
19
16
10
38
-8
-12
68
30
39
18
96
5
42
9
52
-11
26
7
23
44
17
27
12
1
57
-30
19
-7
71
20
49
34
48
66
7
17
27
19
20
0
-7
-12
10
36
-31
-5
-7
8
41
11
-4
-34
28
15
7
30
-29
36
-9
78
-14
60
-11
-31
20
34
46
7
15
-19
40
43
2
17
62
48
10
12
17
3
-22
-1
-48
20
5
25
71
47
-4
14
57
-4
38
57
2
2
-9
-3
11
34
14
43
50
-3
-1
-25
5
-15
43
5
2
22
3
47
15
55
-19
56
27
19
-28
-13
35
5
-24
27
13
-24
-33
19
20
-3
24
13
-8
-3
1
24
18
43
90
38
72
-16
20
-9
54
49
69
-78
31
25
-15
50
-27
15
42
-11
31
11
4
53
23
7
25
24
20
-8
23
2
-7
48
7
16
9
25
-4
26
46
-19
14
-8
54
14
4
6
-6
47
-28
23
15
-4
21
15
9
37
-8
-16
72
30
39
19
95
7
45
12
52
-9
27
5
23
46
16
27
11
1
56
-28
19
-10
70
20
46
37
47
66
7
19
28
19
24
1
-8
-13
10
32
-33
-2
-10
7
43
10
0
-37
30
15
6
30
-29
38
-7
78
-15
62
-12
-34
17
35
48
10
13
-17
39
38
-1
17
62
48
10
14
15
2
-20
-5
-48
22
3
21
71
45
-5
10
50
-9
35
57
10
4
-7
-5
9
33
18
35
50
4
-2
-24
3
-15
41
3
0
22
7
47
12
57
-20
57
27
19
-30
-11
30
4
-22
26
11
-21
-35
20
22
-7
29
14
-9
-2
-4
27
24
44
92
39
71
-17
21
-8
50
59
70
-80
32
21
-15
50
-24
16
38
-9
34
10
1
55
19
7
24
23
16
-4
22
-1
-5
53
6
15
11
24
-1
25
44
-20
14
-3
57
15
5
5
-4
52
-26
29
16
-6
21
11
8
42
-3
-16
71
29
38
16
93
0
43
9
51
-8
28
4
21
47
15
29
13
-2
59
-30
20
-10
71
20
46
37
50
66
8
20
27
15
24
2
-6
-16
9
32
-31
-3
-5
6
43
14
-4
-36
28
13
5
30
-29
36
-10
80
-14
61
-9
-34
14
38
46
13
11
-22
40
39
0
20
64
47
5
20
17
-2
-18
-16
-44
22
11
15
77
34
4
14
36
-15
24
51
6
-4
-10
-13
10
26
15
42
49
1
9
-17
7
-17
36
3
-7
24
-7
57
18
57
-8
63
28
9
-25
-17
22
0
-20
23
5
-29
-29
24
22
-3
39
3
-17
0
-11
25
30
33
74
33
72
-17
23
-6
47
57
66
-82
40
18
-11
53
-6
27
25
2
28
12
1
56
18
14
17
28
12
0
27
-7
1
46
16
12
11
17
6
26
50
-23
24
6
58
9
0
4
-13
53
-22
30
14
-4
15
12
5
47
-13
-13
73
25
40
15
86
20
48
-2
48
-13
23
3
17
42
15
27
9
-5
53
-17
15
-12
73
16
35
32
46
74
11
20
21
14
21
15
-1
-28
3
44
-23
0
-4
8
44
25
5
-38
21
17
-4
36
-29
32
-11
85
-16
59
-7
-32
18
43
41
-5
8
-25
55
45
12
8
64
51
-2
9
24
31
-27
-11
-18
14
20
-5
69
38
-2
20
30
-17
3
37
23
5
-1
13
2
23
41
50
41
8
12
-7
-3
-9
25
33
-1
29
11
57
-1
81
-21
49
35
19
-48
-5
44
-7
-6
17
-12
-29
-16
16
38
-21
47
-3
3
-14
-32
39
66
18
22
53
65
-9
22
25
29
47
72
-69
45
22
-14
30
14
7
32
-9
39
3
7
49
20
4
8
22
-6
5
31
-5
5
10
-1
-4
1
12
12
28
40
-10
6
-12
54
10
26
9
9
28
-20
33
23
26
12
-4
12
39
-18
-1
73
20
39
7
87
12
44
0
50
-22
35
10
26
49
6
37
19
-20
37
0
8
-9
71
15
39
38
57
72
12
28
30
4
16
4
-11
-18
4
60
-30
0
2
22
23
18
14
-44
13
11
-16
37
-36
31
3
73
-21
70
11
-10
28
39
18
21
0
-31
51
63
-14
20
43
41
-10
0
32
38
-21
23
-46
8
55
6
60
72
-23
47
7
-48
10
35
12
19
49
29
-15
38
36
87
42
-5
50
-1
-1
7
40
28
-6
-17
25
29
-1
80
-57
-18
20
37
-6
24
44
13
-21
29
-23
-12
-9
3
33
-26
8
-10
42
-7
-37
49
93
23
-120
45
50
-15
-5
53
28
27
56
-39
26
106
6
43
61
4
28
-15
43
-4
7
24
39
18
6
30
7
-2
17
-49
40
45
16
-22
-27
10
12
5
47
-10
23
-33
79
28
-19
19
11
18
-39
24
34
-8
-6
-11
21
24
-29
-7
46
-3
27
29
121
56
39
-2
48
-47
51
41
29
40
2
48
16
-44
38
23
30
-11
60
25
42
39
42
64
2
56
54
18
47
57
-6
39
10
44
-2
21
28
49
40
18
-5
-13
4
1
8
25
-21
-9
14
73
-50
82
-3
-19
29
21
26
-1
37
-25
57
61
-23
26
12
31
14
12
22
35
-26
-13
-37
13
23
-5
76
54
-1
8
35
-25
15
28
15
15
11
-15
-12
23
-7
64
50
31
-25
-6
-15
5
35
20
-5
28
11
44
5
54
-24
53
29
6
-11
1
44
7
-23
10
8
-14
-37
14
43
-20
36
-9
9
30
-14
48
46
45
50
21
63
-17
15
27
-2
51
70
-58
29
-2
-18
17
-7
4
24
-5
54
3
13
47
24
0
22
12
-7
42
27
-7
-3
44
3
9
10
12
18
31
24
-5
31
19
34
3
10
20
-4
39
-24
30
13
-15
-9
4
22
39
-25
-14
80
7
41
33
105
14
44
31
53
6
20
24
24
64
18
45
2
-12
56
2
15
-18
65
32
35
3
36
73
-8
66
51
7
23
-12
-8
2
-8
45
-17
6
-2
16
34
15
-26
-40
31
21
-6
39
-26
35
-21
67
-16
78
-12
-30
-6
29
11
7
3
-8
45
57
-1
24
40
48
0
0
19
45
-18
-2
-39
14
17
2
67
72
-8
18
35
-18
27
35
-1
10
8
1
-15
30
-1
65
47
23
-15
-11
-17
9
42
22
6
24
15
34
2
54
-31
42
24
16
-16
3
54
8
-21
18
11
-8
-34
16
35
-20
30
1
10
18
-7
43
38
48
45
24
66
-15
9
18
9
35
74
-52
28
19
-13
21
-18
5
36
-17
51
2
15
47
27
-4
27
17
4
26
25
-4
-3
52
-6
7
11
12
12
31
21
-12
23
9
40
5
5
12
6
31
-23
38
17
-8
-4
9
27
29
-20
-10
63
8
38
34
105
9
34
32
58
2
23
25
23
62
23
40
3
-11
56
-14
22
-11
63
33
37
12
43
63
-8
59
56
9
30
-21
-12
6
-1
38
-19
5
-8
16
28
3
-31
-30
35
11
1
26
-20
44
-15
64
-19
73
-23
-24
5
23
18
10
12
-6
35
55
-4
28
42
45
8
-2
21
41
-11
-1
-36
13
18
2
64
66
-7
22
34
-16
26
34
2
11
9
1
-14
31
-6
64
48
17
-14
-11
-17
12
42
20
6
24
15
30
4
53
-34
41
26
21
-13
5
52
5
-20
18
11
-10
-40
15
36
-15
24
-2
13
15
-6
43
37
46
36
29
67
-17
7
15
10
34
73
-49
29
29
-14
24
-21
2
35
-13
51
2
14
44
26
2
26
16
6
24
26
-5
0
49
-6
9
13
18
11
31
21
-8
22
8
41
5
3
9
9
34
-25
35
16
-4
-2
6
27
27
-20
-12
61
8
34
35
101
16
39
28
57
1
28
23
21
60
24
37
0
-12
60
-16
25
-14
63
32
35
10
42
61
-7
55
56
5
37
-14
-14
9
-3
39
-19
3
-11
17
28
0
-31
-30
36
11
1
24
-20
41
-14
62
-16
75
-22
-26
4
24
19
14
13
-6
31
53
-5
30
41
47
11
2
20
43
-15
-3
-38
16
17
1
67
69
-9
17
34
-18
26
38
2
10
10
0
-14
29
0
65
47
25
-19
-9
-16
10
41
21
5
24
16
33
2
54
-32
45
27
20
-15
4
50
6
-19
18
11
-8
-36
15
37
-21
31
1
11
20
-8
46
40
47
50
27
67
-16
9
18
6
40
73
-54
30
19
-12
20
-18
6
33
-15
53
0
15
49
24
-5
27
16
5
25
24
-5
-5
54
-7
5
10
12
13
30
23
-12
23
9
40
5
6
9
6
34
-25
38
17
-7
-4
9
26
31
-21
-11
64
8
37
34
104
1
33
30
58
5
22
22
24
65
23
36
3
-13
58
-15
23
-11
63
32
36
12
42
62
-7
57
55
9
30
-22
-11
2
-2
38
-19
7
-7
16
30
3
-30
-31
37
10
-1
28
-20
42
-16
64
-18
72
-19
-25
2
24
17
14
11
-8
35
56
-2
30
46
44
7
8
25
33
-19
-9
-37
13
21
-2
74
54
-1
9
33
-24
15
31
11
21
10
-11
-10
24
-5
63
48
27
-22
-7
-19
0
32
19
-4
27
10
49
6
50
-19
48
30
7
-9
2
48
7
-24
12
5
-20
-37
15
41
-11
33
-3
4
27
-15
46
46
39
40
18
65
-17
11
25
-2
56
69
-55
29
8
-15
18
-7
1
25
-11
49
0
14
43
24
1
18
14
-7
38
25
-11
0
43
-1
6
11
16
16
31
23
-8
30
14
33
0
2
23
-1
36
-25
31
15
-13
-7
1
25
36
-32
-12
72
7
44
38
103
21
44
31
57
4
19
24
21
59
18
45
-1
-14
55
-1
16
-20
63
32
33
6
39
71
-7
63
53
9
26
-5
-7
1
-9
43
-18
7
-7
19
39
9
-24
-41
34
23
-4
38
-27
32
-18
69
-16
78
-12
-27
-6
28
15
8
9
-9
42
60
-4
26
40
50
4
0
32
45
-14
30
-45
10
44
5
69
71
-23
33
13
-42
9
38
9
26
39
27
-16
36
29
83
39
4
30
1
-9
4
29
27
-2
-10
27
46
-2
83
-52
-6
29
33
-14
19
51
9
-20
23
-24
-15
-14
2
37
-40
27
-4
33
-1
-37
53
82
30
-65
44
55
-15
-5
47
16
58
61
-42
22
86
-1
32
46
0
26
-36
54
-9
9
27
31
5
6
24
-10
5
9
-41
35
43
10
-24
-26
15
12
16
37
-4
22
-28
75
29
-11
20
7
23
-37
23
37
-12
-4
-13
27
29
-37
-6
49
0
28
31
118
32
34
10
49
-41
41
41
30
44
6
58
14
-44
35
19
27
-11
61
19
42
28
41
63
6
59
55
15
38
37
-5
25
7
39
-12
15
29
50
40
10
-9
-18
10
5
-2
30
-23
8
11
70
-48
78
-1
-12
14
23
17
4
26
-28
52
68
-28
22
16
36
10
