-46
-2
-31
-20
3
-112
11
-44
-50
117
23
-108
-63
-30
-83
-3
-9
-4
-54
-17
-18
-91
-94
17
-33
37
-28
11
-30
-74
-8
0
-15
-27
-38
-44
68
-51
-11
-45
-58
-7
3
-93
0
-7
-8
-59
-29
-50
-89
8
-64
-29
-31
10
-49
22
-10
-68
56
70
-24
-13
11
-11
-38
-51
5
-9
0
110
-88
-33
35
-67
20
-13
-55
-22
-53
11
-77
-30
18
-7
42
-5
-19
-27
-46
-64
-42
-36
27
-32
-48
-41
-17
-15
-41
13
-26
34
-46
22
-57
11
-41
-9
12
-30
-10
3
-74
-46
-68
56
49
-59
-32
17
-14
-26
-22
59
-29
40
-30
-19
-87
-56
28
-21
3
-35
33
-3
-78
-53
17
-57
-75
42
32
-44
-68
-45
51
0
-52
1
-25
-3
16
-34
-48
-98
-62
-20
-24
-34
-7
23
-47
-36
-73
-90
0
-79
9
-73
32
-46
74
-96
53
-47
-105
-74
24
8
-36
-55
-59
19
12
-64
-17
10
13
-58
-34
-11
-32
-31
-3
-89
-9
-49
-35
107
22
-103
-89
-24
-41
-13
-5
7
-13
-5
-33
-82
-69
25
-24
35
19
-19
-32
-65
-14
-17
-3
-35
-21
-26
75
-69
-2
-53
-2
-1
-7
-80
-10
-25
-12
-61
-27
-6
-70
-3
-44
-6
-21
7
-34
-14
7
-54
65
53
-5
40
5
-23
-30
-55
24
-24
14
104
-97
-69
-32
-64
9
-30
-60
-25
-56
18
-87
-32
32
-16
9
-7
-32
-65
-34
-66
-34
-14
17
-36
-68
-45
1
-20
-55
25
-13
23
-62
16
-43
13
-40
-16
9
-44
-17
-6
-57
-37
-56
26
40
-41
-26
47
-14
-17
-15
73
-80
-4
-20
-30
-52
-68
10
1
18
-20
41
3
-61
-44
-1
-33
-54
24
21
-13
-53
-44
56
-3
-38
5
-29
-18
4
-50
-51
-88
-64
-23
-28
-52
-12
41
-49
-34
-98
-58
11
-56
1
-69
47
-53
70
-87
50
-22
-109
-57
28
12
-20
-81
-77
5
-5
-53
-19
39
-19
-53
-33
-14
-28
-25
2
-90
-1
-48
-26
105
23
-95
-82
-28
-46
-12
-8
1
-30
-8
-30
-78
-66
22
-22
39
10
-13
-27
-65
-12
-22
-3
-37
-21
-29
68
-68
6
-56
-13
-4
-5
-67
-9
-19
-12
-65
-17
-20
-74
8
-41
-8
-29
5
-26
-11
-2
-51
62
52
-4
20
4
-26
-30
-50
17
-21
11
109
-92
-71
-14
-64
8
-9
-69
-17
-52
7
-80
-36
30
-8
11
-13
-29
-55
-46
-66
-34
-13
16
-33
-66
-50
-11
-25
-54
27
-12
18
-65
18
-43
5
-37
-25
-2
-46
-12
-16
-59
-41
-51
21
33
-47
-27
49
-19
-20
-15
71
-64
-8
-21
-28
-53
-55
12
3
12
-19
36
3
-59
-47
-3
-31
-47
25
24
-13
-48
-44
51
-9
-44
-6
-23
-16
11
-49
-42
-81
-59
-20
-25
-48
-12
42
-51
-37
-85
-61
15
-49
1
-65
38
-50
68
-90
46
-31
-110
-48
22
15
-22
-76
-70
3
7
-43
-20
33
-22
-57
-31
-13
-30
-21
3
-92
0
-49
-30
107
19
-98
-85
-24
-45
-9
-11
8
-27
-7
-30
-75
-70
14
-25
39
6
-14
-27
-67
-13
-19
-1
-31
-23
-31
67
-69
6
-57
-14
-6
-7
-61
-10
-23
-10
-67
-17
-19
-76
11
-42
-4
-25
5
-26
-10
-4
-48
64
51
-4
26
4
-24
-33
-49
14
-23
13
107
-98
-71
-15
-65
6
-14
-70
-21
-53
7
-85
-40
29
-7
15
-15
-35
-54
-45
-67
-31
-13
18
-32
-71
-49
-10
-23
-54
26
-11
19
-66
18
-41
5
-38
-24
-4
-43
-12
-17
-61
-39
-56
22
32
-46
-27
54
-18
-19
-14
70
-67
-4
-20
-28
-55
-53
10
1
14
-20
38
-2
-57
-49
-2
-32
-48
27
24
-12
-53
-46
54
-10
-47
-5
-24
-18
14
-48
-45
-79
-60
-21
-25
-46
-13
41
-51
-33
-87
-65
14
-53
0
-63
40
-51
71
-86
47
-28
-110
-51
26
12
-19
-73
-69
5
3
-43
-18
32
-24
-56
-31
-16
-30
-22
3
-87
-1
-49
-28
105
20
-95
-83
-28
-45
-12
-9
4
-26
-5
-29
-78
-67
16
-26
36
13
-14
-29
-65
-13
-21
-4
-35
-19
-29
68
-68
1
-57
-10
-6
-3
-68
-9
-23
-13
-64
-17
-16
-71
8
-42
-2
-29
7
-26
-16
-1
-49
62
54
-1
24
3
-26
-30
-55
19
-27
13
106
-91
-72
-17
-63
8
-12
-69
-19
-50
8
-83
-35
29
-9
12
-13
-31
-57
-42
-62
-35
-13
17
-38
-69
-48
-10
-26
-51
23
-11
17
-65
20
-44
6
-40
-20
-3
-45
-12
-15
-57
-42
-51
19
31
-49
-24
48
-19
-17
-15
68
-65
-8
-25
-27
-54
-55
11
5
17
-20
32
3
-58
-54
-8
-34
-50
27
24
-14
-49
-43
52
-5
-44
-7
-26
-14
12
-51
-44
-80
-57
-20
-25
-46
-14
44
-50
-32
-86
-60
16
-53
0
-63
40
-51
66
-88
47
-28
-108
-50
23
13
-22
-74
-73
9
3
-41
-14
34
-25
-54
-31
-13
-30
-24
2
-87
-9
-50
-33
108
23
-98
-85
-29
-43
-13
-10
4
-17
-6
-37
-78
-69
24
-25
35
14
-17
-33
-61
-12
-19
-8
-37
-21
-28
71
-67
-7
-53
-9
-6
-3
-82
-10
-27
-14
-63
-23
-9
-70
-4
-43
-7
-24
4
-33
-16
9
-58
63
55
-9
32
6
-22
-32
-50
27
-27
13
104
-89
-71
-27
-65
9
-23
-61
-23
-56
10
-85
-35
28
-14
14
-8
-30
-63
-39
-66
-36
-18
18
-40
-68
-48
-7
-22
-51
23
-12
17
-64
20
-45
10
-48
-19
4
-47
-18
-10
-54
-38
-57
22
41
-46
-22
43
-19
-20
-16
67
-77
-3
-26
-27
-47
-66
11
3
19
-22
39
2
-62
-50
-4
-35
-51
27
15
-12
-53
-44
55
-5
-37
0
-29
-15
3
-50
-54
-83
-63
-22
-29
-47
-12
41
-51
-36
-96
-56
9
-59
5
-68
41
-51
68
-84
46
-26
-108
-56
25
12
-22
-77
-77
10
-3
-49
-19
38
-18
-51
-49
-7
-19
-17
-2
-99
4
-41
-41
111
21
-102
-60
-26
-81
-13
-5
-1
-47
-9
-23
-92
-90
25
-30
37
-17
3
-30
-69
-9
-6
-11
-27
-26
-40
65
-57
-15
-57
-45
-5
0
-95
0
-12
2
-61
-35
-42
-80
7
-65
-23
-30
10
-54
4
-9
-63
56
63
-33
-8
6
-5
-38
-50
3
-16
4
101
-88
-39
27
-64
20
-12
-48
-18
-49
4
-66
-30
11
-11
37
0
-21
-35
-38
-65
-44
-31
29
-34
-49
-49
-12
-14
-36
19
-33
20
-42
26
-53
7
-33
-1
10
-43
-11
3
-72
-45
-64
56
43
-57
-35
18
-12
-31
-14
57
-28
37
-26
-24
-80
-63
30
-10
3
-28
36
-15
-78
-54
10
-48
-71
38
28
-38
-67
-45
53
4
-39
1
-28
-11
22
-40
-36
-92
-65
-25
-18
-38
-10
24
-54
-32
-82
-89
9
-73
11
-76
32
-49
74
-88
58
-47
-105
-79
17
8
-34
-53
-62
19
16
-65
-20
6
11
-54
-18
-1
-20
-23
0
-91
-14
-60
-35
101
24
-92
-70
0
-38
-34
1
-6
-22
-2
-32
-71
-81
4
-35
38
-3
-36
-37
-59
-11
3
-27
-26
-28
-33
65
-44
-18
-47
-15
3
-4
-81
-18
-11
-14
-59
-49
0
-91
-35
-76
0
-21
-8
-48
-7
14
-70
47
38
-19
25
9
-16
-30
-54
-13
-22
29
94
-88
-41
-14
-58
-4
-39
-49
-17
-47
9
-71
-27
2
-2
-2
17
-27
-32
-31
-59
-41
-30
27
-38
-62
-30
2
-27
-34
-10
-22
13
-42
7
-61
12
-69
-4
8
-54
-11
15
-65
-29
-60
28
27
-52
-26
-15
-22
-21
-20
60
-64
14
9
-20
-52
-74
10
-10
22
-33
14
-2
-77
-30
4
-34
-83
29
10
-31
-42
-39
47
1
-40
-2
-30
-32
-17
-41
-55
-88
-66
-46
-35
-31
-6
32
-39
-27
-89
-56
6
-67
18
-55
29
-36
65
-75
33
-38
-88
-88
33
-3
-35
-78
-75
24
-2
-48
-13
46
4
-23
-3
-17
-36
-27
-10
-72
-28
-60
-8
99
21
-86
-87
7
-9
-48
23
4
9
4
-46
-62
-55
14
-31
31
26
-48
-34
-58
-8
-20
-4
-35
-25
-26
64
-61
-8
-63
30
6
-6
-57
-7
-20
-31
-64
-47
28
-60
-50
-73
17
-17
-10
-32
-16
21
-64
40
-5
-8
79
-5
-21
-17
-53
0
-31
29
101
-98
-84
-76
-57
-14
-60
-52
-23
-48
1
-79
-31
7
-5
-34
3
-31
-65
-7
-69
-33
-22
41
-24
-67
-27
13
-35
-41
-22
-9
6
-54
2
-54
6
-76
-20
3
-65
0
24
-36
-33
-39
5
13
-37
-20
10
-40
-13
-21
66
-73
-23
3
-23
-20
-96
-11
8
35
-22
14
2
-56
-19
-28
-19
-53
18
5
0
-26
-37
43
-3
-45
-5
-36
-22
-28
-49
-60
-84
-65
-51
-60
-36
-17
36
-36
-28
-95
-13
-8
-46
-2
-46
45
-40
64
-64
30
-21
-92
-52
49
16
-24
-99
-80
14
-11
-58
-14
81
-13
-41
-10
-17
-34
-25
-9
-80
-31
-64
-4
100
20
-79
-85
7
-9
-44
21
9
4
5
-40
-68
-51
6
-34
36
23
-48
-34
-58
-12
-26
2
-41
-28
-19
56
-66
-5
-64
28
6
-6
-44
-7
-17
-30
-70
-36
16
-64
-37
-68
12
-18
-18
-27
-9
13
-53
43
-12
-8
73
0
-25
-15
-51
-6
-28
38
103
-97
-86
-67
-60
-15
-54
-66
-20
-48
3
-83
-34
4
0
-35
-4
-29
-58
-20
-64
-33
-22
35
-30
-64
-34
4
-41
-49
-19
-10
2
-53
6
-46
5
-70
-24
-4
-64
-2
20
-38
-31
-38
7
11
-33
-17
18
-44
-16
-23
69
-64
-28
1
-28
-29
-86
-9
7
36
-19
11
-4
-54
-22
-26
-25
-53
13
10
3
-24
-41
37
-5
-52
-11
-31
-26
-24
-47
-56
-77
-74
-48
-51
-36
-20
31
-41
-37
-89
-16
3
-38
-2
-49
45
-32
66
-61
29
-27
-96
-40
46
13
-26
-92
-75
11
3
-50
-12
79
-18
-33
-5
-18
-38
-24
-11
-80
-30
-61
-5
100
19
-80
-87
10
-9
-44
21
12
3
7
-40
-69
-52
3
-36
38
20
-49
-31
-60
-8
-24
-1
-41
-26
-20
57
-67
-1
-67
30
5
-9
-37
-8
-16
-32
-67
-36
19
-64
-36
-67
11
-16
-17
-27
-7
12
-51
43
-8
-3
75
-3
-28
-16
-49
-6
-29
34
103
-96
-84
-66
-61
-15
-50
-71
-21
-52
-1
-83
-38
2
3
-34
-4
-30
-55
-21
-63
-31
-27
34
-26
-61
-35
1
-38
-49
-18
-9
3
-51
7
-45
4
-71
-23
-6
-65
-2
18
-40
-32
-40
6
10
-36
-16
23
-42
-13
-25
67
-65
-27
1
-26
-31
-85
-9
7
38
-16
15
-4
-52
-22
-24
-22
-55
13
11
4
-25
-38
40
-5
-54
-12
-28
-24
-21
-47
-54
-73
-74
-51
-52
-35
-18
32
-42
-37
-89
-19
3
-36
-3
-47
48
-32
65
-61
30
-26
-95
-42
46
13
-23
-92
-75
9
0
-51
-13
82
-18
-37
-10
-15
-37
-23
-9
-76
-28
-62
-5
100
20
-77
-86
9
-9
-46
22
11
6
7
-39
-68
-53
7
-34
33
24
-50
-34
-56
-11
-23
-1
-40
-29
-20
59
-65
-3
-67
29
1
-8
-43
-5
-18
-32
-70
-40
18
-63
-36
-69
12
-22
-15
-26
-13
16
-52
44
-7
-7
75
-5
-25
-17
-49
-9
-30
32
102
-94
-84
-68
-60
-15
-51
-66
-18
-47
-2
-86
-32
8
-1
-33
-4
-28
-59
-19
-64
-32
-24
30
-28
-65
-33
4
-36
-48
-19
-7
2
-52
7
-46
2
-71
-25
-2
-67
0
20
-35
-35
-36
6
10
-36
-15
16
-46
-11
-25
66
-63
-28
-3
-25
-29
-89
-8
8
39
-15
10
-2
-52
-27
-27
-24
-54
13
11
3
-26
-38
37
-5
-50
-7
-34
-25
-23
-46
-60
-79
-72
-51
-51
-33
-23
32
-41
-36
-95
-15
0
-37
-4
-45
50
-35
67
-60
29
-23
-95
-41
46
11
-25
-91
-77
11
0
-48
-11
79
-18
-38
-2
-16
-40
-21
-8
-75
-34
-58
-10
103
20
-82
-89
6
-9
-48
25
4
12
6
-47
-69
-58
7
-32
33
25
-49
-38
-56
-12
-17
-3
-37
-28
-22
64
-60
-9
-63
33
3
-4
-59
-8
-21
-28
-65
-45
33
-60
-47
-70
15
-15
-14
-30
-16
22
-62
43
-3
-9
79
-3
-20
-15
-50
-2
-33
32
100
-91
-80
-75
-60
-13
-57
-54
-26
-48
-4
-82
-28
5
-6
-35
2
-24
-67
-17
-67
-32
-21
35
-26
-65
-26
2
-33
-44
-25
-15
-2
-44
4
-56
9
-75
-17
-1
-70
-3
21
-33
-35
-35
6
17
-39
-19
7
-47
-13
-17
65
-75
-20
0
-25
-22
-99
-9
11
36
-17
17
-1
-58
-26
-25
-21
-53
18
7
4
-28
-36
39
-3
-44
-8
-38
-24
-31
-45
-69
-88
-67
-54
-57
-35
-20
31
-39
-30
-97
-10
-4
-48
3
-44
50
-38
65
-57
30
-18
-91
-48
48
9
-25
-91
-81
13
-7
-53
-15
79
-9
-36
-23
-10
-13
-24
-13
-80
-23
-53
-29
94
24
-87
-64
2
-38
-34
8
-13
-10
7
-32
-71
-71
9
-32
34
-3
-33
-42
-54
-17
2
-11
-33
-23
-34
59
-47
-24
-67
-8
-3
-3
-80
-15
-15
-4
-65
-47
-4
-79
-35
-75
0
-18
-6
-54
-6
0
-58
44
32
-27
19
12
-7
-32
-50
-23
-21
30
88
-79
-44
-18
-50
-7
-38
-41
-14
-40
-2
-66
-28
5
-3
-4
21
-25
-35
-26
-58
-38
-29
32
-33
-63
-31
-5
-27
-22
-12
-26
1
-38
15
-65
10
-58
0
8
-65
-10
8
-63
-28
-56
26
27
-53
-19
-14
-27
-25
-14
63
-57
13
6
-27
-44
-76
12
6
18
-22
16
-16
-71
-29
-5
-25
-70
22
11
-28
-40
-44
46
1
-30
1
-31
-29
-12
-45
-45
-91
-69
-47
-35
-30
-14
30
-38
-32
-93
-51
14
-56
21
-61
27
-35
64
-63
43
-37
-90
-85
34
0
-35
-72
-76
23
3
-49
-22
29
6
-31
-36
2
-17
-17
6
-86
-16
-61
-36
100
19
-82
-53
-2
-43
-29
-6
-22
-26
3
-22
-63
-72
3
-31
35
-8
-26
-39
-59
-22
2
-28
-27
-30
-29
62
-36
-17
-55
-19
-7
-1
-72
-15
-17
-18
-70
-47
-4
-97
-30
-78
-2
-35
-17
-50
-11
10
-63
44
43
-19
13
15
-20
-29
-55
-14
-15
12
93
-89
-45
-5
-50
3
-26
-56
-11
-38
17
-67
-33
6
-2
4
10
-20
-28
-47
-58
-44
-25
26
-44
-58
-35
-2
-27
-29
-23
-20
11
-48
6
-62
11
-58
-8
2
-58
-12
8
-63
-31
-60
22
27
-53
-23
-18
-27
-27
-20
50
-43
9
4
-19
-53
-65
9
-7
13
-37
1
-14
-64
-33
-3
-33
-74
29
12
-26
-34
-41
49
-2
-35
-16
-29
-36
-14
-46
-49
-87
-67
-42
-40
-22
-1
14
-43
-32
-89
-58
9
-70
21
-55
22
-28
66
-76
22
-39
-94
-92
30
-9
-30
-70
-72
25
6
-42
-15
31
-5
-21
-17
-12
-34
-27
-7
-80
-32
-64
-9
95
22
-78
-78
7
-18
-43
17
-3
9
15
-40
-61
-49
15
-29
34
18
-43
-32
-56
-20
-23
-10
-33
-30
-24
55
-59
-10
-71
26
2
3
-47
-7
-23
-34
-68
-45
20
-67
-40
-71
14
-30
-19
-33
-21
12
-56
40
1
-9
72
2
-25
-13
-51
3
-21
13
97
-101
-78
-71
-57
-12
-45
-56
-25
-41
9
-78
-28
7
-6
-35
5
-30
-65
-29
-66
-35
-25
34
-28
-57
-40
1
-38
-42
-26
-4
1
-58
3
-49
5
-64
-24
-2
-63
3
17
-39
-34
-38
5
17
-30
-14
7
-49
-10
-27
62
-65
-23
-1
-22
-29
-92
-5
14
35
-23
-3
-7
-44
-16
-33
-19
-53
13
5
-4
-20
-34
43
-13
-50
-11
-37
-35
-27
-49
-59
-83
-68
-51
-62
-33
-13
18
-47
-31
-101
-9
-1
-44
-3
-46
37
-34
61
-62
24
-30
-96
-57
46
7
-16
-93
-74
16
0
-54
-8
67
-15
-44
-18
-10
-34
-25
-6
-84
-32
-64
-10
92
19
-71
-71
13
-22
-40
18
-4
-2
13
-32
-62
-49
10
-30
34
15
-38
-32
-60
-20
-26
-5
-40
-34
-28
49
-63
-5
-73
16
1
-1
-31
-7
-15
-34
-78
-36
3
-69
-23
-69
10
-30
-21
-27
-17
4
-41
42
-2
-11
56
7
-25
-13
-50
-10
-19
19
96
-95
-77
-60
-61
-13
-39
-72
-18
-43
5
-78
-35
3
-1
-30
1
-24
-58
-39
-63
-34
-26
27
-29
-56
-44
-8
-42
-49
-21
-1
2
-58
8
-40
-7
-57
-25
-9
-63
0
10
-37
-32
-40
4
11
-34
-13
19
-48
-15
-27
65
-52
-23
0
-21
-42
-85
-3
12
33
-16
-7
-11
-43
-18
-29
-25
-51
11
7
-6
-23
-37
38
-13
-58
-13
-36
-28
-18
-45
-48
-75
-73
-50
-48
-34
-9
16
-49
-37
-89
-17
9
-30
-2
-45
28
-26
62
-60
28
-37
-100
-48
37
7
-16
-82
-69
13
13
-49
-11
63
-24
-37
-18
-10
-34
-26
-4
-84
-30
-64
-15
95
16
-73
-70
11
-23
-37
19
-5
-2
12
-31
-57
-49
6
-33
36
15
-34
-29
-59
-17
-27
-4
-38
-32
-31
50
-62
0
-75
16
4
-2
-24
-9
-14
-37
-80
-35
4
-69
-20
-65
14
-31
-21
-26
-15
5
-43
43
2
-9
56
4
-26
-12
-51
-10
-17
20
100
-96
-74
-56
-59
-13
-36
-73
-21
-40
5
-80
-37
1
-2
-28
0
-27
-54
-42
-61
-32
-27
24
-30
-56
-45
-8
-43
-52
-24
-4
6
-61
6
-41
-7
-57
-24
-12
-63
1
12
-36
-34
-38
6
12
-34
-10
21
-45
-15
-28
69
-51
-21
0
-21
-45
-81
-2
9
34
-14
-3
-11
-42
-20
-24
-25
-48
15
9
-8
-22
-37
37
-13
-57
-16
-34
-28
-17
-43
-49
-75
-72
-49
-46
-33
-7
20
-44
-37
-87
-22
10
-27
-3
-44
32
-25
63
-60
28
-35
-98
-46
39
7
-17
-80
-67
12
14
-46
-12
60
-23
-38
-19
-7
-34
-27
-3
-83
-30
-64
-14
94
16
-73
-72
8
-23
-36
20
-4
-2
12
-29
-60
-47
9
-32
35
17
-36
-29
-56
-18
-27
-6
-43
-33
-26
52
-64
-5
-73
16
0
-4
-31
-6
-15
-34
-80
-38
2
-67
-20
-67
14
-31
-20
-26
-20
5
-37
42
-2
-11
58
8
-26
-13
-49
-10
-17
21
95
-98
-77
-62
-63
-14
-33
-71
-22
-43
4
-79
-34
5
-2
-28
4
-25
-55
-37
-63
-34
-25
27
-31
-55
-45
-6
-41
-47
-20
-2
4
-59
9
-39
-7
-56
-24
-10
-64
-1
10
-41
-31
-41
7
11
-35
-10
18
-46
-14
-31
66
-51
-21
1
-21
-41
-80
-4
9
34
-14
-5
-13
-45
-19
-28
-25
-53
12
8
-6
-25
-39
38
-12
-56
-9
-36
-29
-20
-42
-51
-75
-74
-51
-44
-33
-9
19
-49
-38
-93
-18
7
-27
-2
-43
32
-29
62
-61
29
-32
-98
-48
39
9
-17
-80
-66
14
15
-51
-12
60
-22
-37
-14
-11
-36
-26
-6
-77
-36
-63
-13
99
18
-74
-75
7
-20
-41
18
-6
9
14
-42
-64
-49
9
-28
36
17
-44
-36
-57
-22
-18
-4
-35
-32
-26
56
-58
-11
-68
22
2
1
-45
-12
-22
-29
-71
-41
20
-68
-37
-70
12
-28
-16
-30
-21
12
-52
40
8
-12
72
3
-19
-15
-49
-2
-22
20
97
-99
-76
-67
-62
-11
-40
-61
-23
-42
5
-79
-28
3
-5
-31
-1
-28
-58
-34
-65
-34
-23
32
-30
-58
-36
-8
-30
-44
-23
-4
4
-52
5
-47
4
-64
-22
-1
-64
0
13
-36
-33
-34
7
18
-36
-16
3
-51
-12
-23
61
-65
-23
-2
-24
-31
-93
-6
14
35
-18
-1
-10
-46
-17
-29
-20
-53
13
5
-3
-25
-31
42
-11
-49
-8
-36
-33
-29
-45
-60
-83
-69
-53
-55
-29
-11
16
-45
-31
-97
-14
4
-45
0
-45
36
-34
66
-57
26
-26
-98
-58
42
7
-18
-86
-72
16
4
-51
-12
63
-15
-37
-33
-5
-13
-20
-10
-81
-28
-55
-35
89
22
-77
-56
-4
-47
-29
-3
-27
-13
8
-24
-66
-69
12
-34
35
-1
-29
-43
-58
-21
2
-17
-30
-26
-32
57
-42
-24
-73
-9
-2
1
-65
-15
-19
-13
-72
-47
-8
-85
-29
-72
5
-25
-15
-51
-12
-6
-47
42
39
-25
7
19
-7
-33
-51
-21
-15
15
90
-86
-44
-12
-50
-5
-27
-47
-9
-39
6
-62
-32
7
-3
3
16
-16
-34
-40
-54
-39
-20
28
-37
-55
-39
-8
-28
-22
-16
-20
1
-42
12
-58
7
-48
-1
6
-62
-8
1
-64
-27
-54
21
24
-50
-25
-21
-26
-31
-16
61
-41
8
8
-27
-50
-74
14
7
16
-25
5
-21
-57
-25
-9
-26
-59
24
13
-29
-34
-49
44
-5
-33
-12
-30
-33
-2
-45
-36
-85
-67
-48
-31
-24
-6
17
-46
-37
-91
-52
17
-54
17
-63
18
-27
64
-67
36
-41
-96
-88
25
-6
-29
-69
-70
25
9
-44
-21
18
-4
-29
-32
3
-12
-18
6
-89
-17
-63
-38
97
17
-85
-54
-2
-47
-33
-12
-23
-27
5
-19
-67
-73
-2
-31
34
-10
-29
-40
-56
-22
-1
-26
-26
-30
-32
58
-38
-16
-63
-16
-2
-1
-70
-18
-15
-20
-70
-48
-1
-105
-30
-75
4
-31
-18
-48
-11
6
-63
42
40
-17
9
14
-16
-30
-50
-12
-19
11
95
-86
-45
-6
-52
4
-28
-59
-6
-38
21
-68
-29
7
-2
5
9
-17
-27
-50
-55
-43
-29
23
-44
-57
-36
-5
-28
-30
-27
-22
10
-46
9
-63
14
-58
-11
-2
-57
-6
4
-67
-32
-54
19
25
-54
-26
-14
-21
-27
-20
52
-44
9
8
-20
-54
-63
8
-6
11
-36
-1
-10
-62
-32
-3
-35
-74
29
10
-26
-33
-41
49
-3
-37
-19
-31
-31
-12
-43
-52
-88
-65
-45
-41
-26
2
12
-45
-37
-88
-57
16
-69
18
-58
16
-25
68
-78
21
-44
-93
-91
28
-14
-28
-70
-71
24
6
-40
-18
26
-9
-24
-13
-11
-27
-30
-10
-78
-34
-61
-12
93
17
-79
-78
5
-19
-42
17
-7
7
17
-40
-63
-54
14
-28
35
19
-48
-34
-58
-19
-22
-7
-33
-29
-28
53
-56
-9
-72
28
3
2
-47
-8
-25
-36
-73
-45
21
-72
-40
-67
20
-29
-17
-37
-23
10
-55
39
3
-7
77
3
-21
-15
-48
1
-23
15
99
-98
-75
-72
-56
-9
-48
-60
-22
-40
15
-77
-26
8
-6
-34
1
-25
-62
-33
-66
-34
-26
36
-28
-61
-41
2
-37
-43
-28
-3
3
-58
2
-49
11
-66
-28
-2
-69
2
10
-43
-34
-35
1
15
-33
-18
9
-45
-9
-28
64
-69
-25
-1
-20
-26
-90
-9
16
33
-22
1
-6
-41
-15
-34
-20
-52
13
5
-5
-18
-33
42
-12
-51
-12
-38
-33
-31
-48
-61
-82
-64
-53
-61
-35
-12
17
-39
-35
-101
-12
3
-44
-6
-43
33
-30
62
-61
26
-29
-97
-66
49
7
-15
-91
-76
16
1
-52
-8
69
-18
-46
-14
-8
-25
-26
-6
-81
-33
-66
-16
94
15
-75
-70
12
-24
-38
16
-7
-4
17
-33
-63
-51
8
-29
36
15
-45
-30
-58
-17
-24
-4
-41
-30
-28
51
-60
-2
-72
22
0
-4
-27
-8
-15
-33
-78
-36
8
-78
-26
-67
12
-31
-23
-29
-21
2
-36
43
-4
-7
61
10
-23
-13
-47
-8
-18
24
100
-97
-75
-62
-59
-7
-41
-71
-20
-39
11
-80
-32
0
-1
-29
-1
-23
-57
-41
-62
-32
-28
25
-33
-57
-45
-8
-41
-49
-28
-5
2
-58
9
-41
1
-57
-25
-9
-64
0
9
-40
-33
-39
2
12
-36
-15
17
-50
-13
-30
65
-57
-21
-1
-19
-37
-80
-8
12
32
-18
-1
-14
-43
-19
-32
-25
-53
14
9
-8
-22
-37
36
-14
-59
-13
-38
-28
-25
-45
-52
-77
-75
-54
-51
-32
-5
15
-45
-40
-93
-17
7
-29
-3
-40
29
-28
63
-58
30
-35
-96
-52
40
2
-16
-81
-66
15
15
-48
-13
60
-24
-40
-14
-6
-26
-28
-6
-83
-30
-61
-17
92
14
-74
-70
14
-21
-39
12
-6
-4
14
-34
-64
-48
7
-32
38
14
-40
-29
-57
-16
-28
-5
-34
-31
-27
53
-61
1
-73
22
2
-5
-22
-8
-16
-36
-80
-37
9
-75
-20
-64
14
-30
-21
-29
-22
5
-41
42
-2
-7
71
9
-24
-14
-48
-7
-17
22
104
-95
-74
-62
-59
-6
-38
-77
-20
-37
9
-81
-32
1
-1
-28
-1
-29
-57
-38
-64
-31
-29
28
-33
-57
-46
-7
-43
-50
-26
-6
8
-59
7
-39
1
-55
-28
-11
-65
-1
11
-39
-31
-40
4
11
-36
-14
18
-46
-8
-27
68
-60
-21
1
-19
-39
-82
-10
14
34
-16
3
-14
-40
-20
-31
-23
-53
13
9
-7
-20
-36
36
-16
-57
-15
-37
-29
-24
-45
-53
-76
-75
-53
-49
-33
-8
16
-44
-38
-92
-18
7
-26
-2
-41
32
-26
66
-56
30
-33
-100
-54
44
1
-13
-82
-67
12
13
-45
-12
60
-23
-39
-15
-5
-29
-27
-5
-82
-31
-63
-16
92
15
-74
-71
10
-21
-39
15
-3
-1
16
-35
-64
-50
10
-30
39
14
-39
-30
-60
-17
-25
-5
-39
-34
-26
51
-62
-7
-73
22
0
-2
-27
-9
-14
-35
-77
-38
7
-72
-21
-65
14
-28
-21
-28
-22
4
-35
40
-3
-7
66
6
-21
-16
-47
-5
-16
21
98
-96
-73
-64
-59
-7
-38
-71
-20
-37
8
-81
-30
4
0
-30
-1
-24
-58
-40
-62
-32
-30
26
-33
-59
-46
-11
-41
-49
-23
-3
4
-59
8
-39
0
-57
-28
-10
-64
-1
11
-40
-35
-40
5
11
-36
-16
16
-49
-10
-29
65
-60
-20
-3
-19
-34
-85
-6
13
34
-17
-2
-13
-40
-22
-30
-24
-51
16
8
-6
-23
-35
36
-12
-57
-12
-37
-28
-27
-43
-55
-77
-74
-52
-49
-32
-9
19
-43
-37
-94
-17
10
-32
0
-41
29
-28
65
-59
32
-31
-98
-52
42
6
-14
-86
-67
15
14
-48
-11
59
-23
-36
-11
-11
-28
-25
-13
-75
-35
-62
-12
97
17
-76
-76
11
-17
-40
11
-8
9
15
-44
-67
-55
10
-28
35
18
-47
-36
-56
-22
-15
-4
-31
-29
-22
53
-57
-8
-70
26
0
4
-46
-15
-23
-33
-68
-41
22
-73
-36
-71
18
-28
-19
-37
-22
14
-46
39
6
-10
77
7
-15
-14
-41
-2
-24
19
99
-96
-75
-72
-60
-11
-45
-61
-24
-39
6
-81
-30
4
-7
-35
1
-23
-62
-33
-63
-31
-26
33
-30
-56
-39
-6
-34
-44
-26
-8
4
-53
6
-51
10
-64
-25
0
-64
2
16
-37
-32
-36
6
19
-32
-20
1
-54
-14
-22
62
-72
-21
0
-23
-25
-95
-7
16
33
-21
1
-12
-42
-22
-30
-21
-53
14
7
-2
-22
-31
40
-9
-48
-9
-37
-31
-33
-46
-67
-84
-68
-56
-58
-29
-14
16
-42
-34
-102
-12
3
-48
0
-44
34
-36
65
-61
24
-24
-97
-64
42
1
-13
-88
-73
14
3
-53
-11
67
-17
-37
-35
-1
-9
-23
-8
-80
-28
-57
-34
89
21
-77
-57
-5
-44
-30
-7
-27
-15
9
-24
-68
-71
13
-32
33
-3
-33
-42
-55
-22
4
-16
-28
-26
-30
56
-44
-21
-75
-6
1
0
-66
-15
-20
-14
-72
-45
-7
-89
-28
-74
7
-29
-13
-52
-16
-3
-44
40
30
-25
11
21
-6
-33
-44
-20
-15
17
91
-83
-43
-14
-48
-2
-30
-49
-9
-40
6
-60
-33
11
-4
-4
16
-16
-36
-38
-48
-39
-25
27
-36
-57
-38
-7
-27
-25
-18
-22
-1
-43
14
-63
13
-50
-7
2
-63
-6
-1
-62
-24
-56
21
25
-53
-28
-21
-29
-25
-16
60
-43
10
7
-23
-49
-68
11
11
12
-28
5
-27
-55
-26
-13
-29
-59
24
12
-29
-36
-49
42
-2
-35
-10
-31
-35
-4
-46
-43
-85
-73
-53
-38
-25
-6
13
-47
-38
-93
-48
20
-54
16
-61
21
-26
65
-69
37
-40
-94
-89
26
-7
-23
-68
-68
23
8
-46
-23
21
-5
-29
-34
4
-10
-17
0
-86
-17
-61
-35
95
16
-83
-51
-9
-44
-36
-11
-23
-27
8
-19
-68
-73
7
-31
34
-14
-25
-40
-58
-23
3
-23
-26
-29
-28
54
-36
-17
-61
-17
-4
-2
-73
-16
-16
-24
-73
-46
-1
-103
-27
-77
6
-33
-15
-51
-12
3
-60
44
35
-14
9
14
-13
-32
-44
-7
-15
13
96
-91
-43
-7
-51
0
-20
-58
-7
-37
22
-68
-27
4
-4
1
11
-16
-29
-49
-54
-38
-30
23
-43
-56
-36
-10
-28
-30
-24
-19
12
-48
9
-59
20
-58
-13
-1
-57
-6
-5
-70
-32
-55
20
29
-55
-24
-16
-24
-31
-20
53
-50
7
7
-13
-53
-58
8
-7
11
-39
3
-13
-60
-30
-1
-35
-72
35
15
-29
-34
-38
45
-4
-40
-20
-27
-35
-13
-42
-52
-90
-62
-46
-40
-22
2
13
-39
-39
-92
-58
14
-70
17
-53
13
-29
67
-82
22
-42
-94
-91
32
-15
-25
-68
-72
29
11
-35
-12
27
-6
-28
-17
-9
-24
-29
-17
-74
-34
-58
-11
92
24
-78
-76
4
-19
-44
11
-8
8
17
-38
-66
-53
19
-26
33
17
-49
-36
-58
-25
-22
-4
-31
-27
-24
51
-59
-6
-72
31
2
-2
-51
-7
-22
-44
-69
-44
24
-77
-37
-69
24
-33
-18
-38
-24
8
-50
40
2
-5
73
4
-19
-13
-41
5
-24
14
103
-106
-75
-75
-55
-9
-39
-65
-21
-36
18
-77
-21
6
-6
-36
-1
-28
-63
-28
-63
-32
-28
35
-24
-60
-36
-5
-37
-43
-28
-1
4
-55
3
-46
12
-70
-28
0
-66
5
7
-45
-34
-36
-1
15
-34
-21
7
-45
-9
-24
64
-65
-25
-1
-20
-27
-86
-10
16
30
-23
1
-9
-43
-15
-35
-20
-53
17
9
-8
-17
-31
39
-12
-59
-19
-39
-34
-31
-45
-58
-83
-67
-52
-61
-30
-14
20
-37
-34
-104
-15
5
-45
-4
-38
31
-31
66
-66
23
-29
-98
-62
49
1
-11
-95
-73
17
2
-43
-6
71
-19
-46
-22
-4
-22
-30
-8
-82
-31
-61
-14
91
21
-74
-68
14
-21
-40
10
-9
-5
16
-32
-66
-47
14
-24
36
8
-37
-31
-60
-20
-25
-4
-39
-32
-25
49
-61
0
-73
20
3
-6
-33
-7
-14
-40
-79
-37
9
-83
-21
-67
12
-35
-21
-35
-16
-2
-34
40
-7
-5
54
7
-21
-14
-40
-3
-16
21
99
-100
-74
-61
-56
-10
-31
-73
-19
-35
17
-80
-30
2
-1
-30
-4
-27
-58
-40
-61
-29
-30
28
-29
-56
-46
-12
-41
-48
-24
0
4
-60
12
-39
-1
-58
-29
-10
-65
3
5
-47
-35
-39
1
9
-40
-20
15
-46
-12
-26
67
-58
-21
0
-18
-40
-74
-9
9
30
-19
-2
-15
-43
-15
-34
-23
-53
19
9
-14
-23
-36
35
-16
-62
-18
-36
-29
-22
-44
-49
-74
-74
-51
-47
-29
-6
18
-43
-38
-99
-18
12
-32
1
-38
22
-26
64
-65
24
-30
-97
-49
41
2
-12
-82
-67
14
18
-43
-12
61
-26
-43
-16
-9
-22
-28
-13
-78
-29
-62
-14
92
19
-76
-73
9
-23
-40
11
-3
0
16
-33
-66
-49
12
-29
37
11
-42
-31
-59
-20
-24
-1
-35
-31
-24
48
-62
6
-68
23
2
-4
-28
-10
-15
-40
-78
-35
11
-81
-18
-68
17
-31
-24
-32
-19
-1
-34
41
-4
-4
64
8
-21
-14
-41
-8
-15
23
101
-95
-78
-66
-59
-12
-34
-75
-18
-35
16
-82
-31
1
1
-30
-4
-27
-56
-37
-62
-26
-30
26
-29
-60
-45
-11
-41
-53
-23
-5
4
-58
9
-35
1
-58
-28
-7
-67
-1
9
-41
-31
-39
2
12
-38
-21
21
-42
-8
-23
68
-59
-23
-2
-18
-36
-75
-11
14
30
-18
4
-15
-39
-15
-34
-22
-52
17
16
-10
-24
-37
33
-16
-65
-18
-38
-29
-22
-41
-46
-75
-77
-53
-47
-32
-12
21
-41
-38
-95
-20
9
-31
0
-39
31
-24
68
-66
26
-28
-100
-49
42
1
-8
-82
-68
16
17
-43
-13
61
-26
-41
-18
-4
-23
-26
-15
-80
-28
-65
-14
94
21
-75
-70
10
-26
-38
14
-2
-3
17
-29
-67
-52
17
-27
35
7
-37
-30
-60
-24
-24
-1
-39
-33
-25
47
-63
-2
-71
23
1
-4
-35
-9
-14
-40
-80
-37
10
-80
-17
-69
16
-35
-23
-30
-21
-1
-33
42
-1
-5
58
8
-21
-17
-40
-3
-17
15
97
-97
-74
-63
-57
-11
-28
-72
-20
-36
17
-83
-32
2
-2
-29
-2
-23
-60
-41
-59
-28
-31
27
-31
-58
-46
-12
-43
-50
-26
1
3
-55
8
-35
0
-58
-30
-10
-68
1
3
-46
-33
-39
2
12
-38
-17
16
-46
-10
-24
68
-55
-25
0
-13
-36
-73
-10
14
27
-18
-1
-14
-40
-17
-32
-25
-48
20
11
-10
-25
-37
34
-17
-64
-17
-36
-28
-25
-41
-53
-75
-70
-50
-50
-32
-7
23
-41
-38
-97
-23
14
-29
-2
-37
22
-28
65
-67
29
-32
-99
-50
42
4
-8
-82
-69
16
17
-42
-13
63
-26
-40
-12
-9
-24
-27
-15
-71
-34
-63
-10
98
21
-74
-76
6
-22
-39
14
-8
9
18
-40
-67
-55
17
-23
34
12
-49
-36
-55
-25
-17
-1
-36
-30
-21
51
-56
-4
-69
30
0
2
-48
-15
-21
-36
-70
-38
23
-77
-34
-71
18
-29
-19
-36
-24
8
-46
38
5
-6
73
9
-16
-17
-37
1
-21
16
99
-99
-74
-79
-58
-8
-37
-64
-22
-39
10
-80
-26
2
-7
-35
-1
-24
-59
-35
-62
-29
-28
29
-26
-58
-35
-9
-36
-46
-26
-4
6
-51
8
-49
11
-66
-27
-1
-64
0
8
-39
-33
-36
3
18
-38
-20
6
-48
-8
-20
62
-72
-24
1
-19
-26
-88
-8
17
29
-22
4
-13
-43
-17
-34
-22
-55
19
8
-5
-25
-33
39
-12
-56
-15
-39
-32
-31
-41
-63
-84
-68
-54
-56
-32
-13
22
-41
-33
-103
-14
11
-45
-2
-40
30
-32
64
-66
23
-22
-96
-61
44
0
-9
-89
-71
18
6
-45
-11
70
-16
-36
-35
-3
-6
-24
-12
-78
-25
-55
-32
89
24
-78
-55
-6
-43
-35
-4
-32
-14
8
-23
-67
-69
15
-31
32
-6
-29
-43
-56
-27
2
-14
-29
-26
-27
57
-44
-15
-76
-6
-4
-3
-67
-15
-16
-19
-74
-45
-4
-90
-27
-75
10
-32
-14
-55
-15
-5
-48
41
34
-20
7
16
-4
-33
-40
-18
-15
14
91
-86
-44
-18
-51
-2
-27
-48
-8
-34
8
-62
-21
8
-2
-4
11
-19
-38
-38
-49
-36
-27
26
-35
-57
-38
-14
-30
-25
-17
-24
1
-44
14
-58
19
-51
-11
3
-66
-4
-4
-66
-26
-55
19
28
-53
-25
-22
-31
-29
-16
60
-44
3
8
-22
-47
-66
9
7
15
-25
4
-26
-57
-23
-14
-26
-61
26
19
-31
-32
-47
40
-3
-41
-11
-33
-33
-4
-44
-41
-86
-71
-50
-38
-23
-6
15
-41
-36
-100
-48
17
-49
18
-56
15
-26
66
-71
33
-36
-96
-90
28
-12
-23
-70
-69
24
10
-34
-20
23
-6
-33
-33
3
-6
-17
-7
-77
-19
-51
-28
106
24
-78
-60
-14
-38
-40
-16
-17
-22
9
-17
-68
-78
17
-23
27
-19
-38
-39
-49
-31
2
-17
-28
-29
-22
56
-46
-7
-55
-5
3
3
-73
-19
-17
-26
-64
-42
10
-99
-26
-82
5
-23
-16
-48
-10
5
-62
44
42
-8
28
15
0
-39
-43
0
-18
18
105
-87
-41
-24
-54
-2
-24
-60
-11
-36
25
-73
-16
2
-5
1
5
-22
-35
-34
-52
-39
-38
9
-35
-55
-32
-18
-24
-40
-22
-23
11
-35
11
-48
34
-73
-15
8
-53
-6
0
-71
-31
-52
16
36
-54
-19
-13
-24
-25
-14
61
-56
7
-1
-16
-43
-54
-2
5
8
-37
21
-13
-62
-20
-7
-36
-70
38
14
-20
-30
-40
47
-13
-52
-23
-32
-38
-11
-41
-49
-91
-67
-44
-45
-24
0
23
-33
-34
-93
-53
14
-75
21
-56
14
-31
66
-85
25
-28
-101
-93
35
-23
-25
-73
-79
28
7
-30
-16
39
-2
-27
-18
-10
-20
-32
-28
-62
-22
-48
-4
105
21
-78
-79
-1
-6
-41
4
-4
7
14
-40
-69
-48
22
-20
30
7
-60
-34
-52
-31
-19
3
-31
-19
-19
55
-58
6
-63
43
1
0
-46
-10
-24
-38
-59
-40
31
-79
-39
-72
18
-28
-24
-36
-22
12
-58
36
1
4
89
-1
-6
-24
-33
12
-27
21
110
-95
-78
-84
-53
-7
-49
-60
-22
-35
19
-75
-17
6
-3
-34
-8
-39
-62
-12
-69
-33
-30
34
-22
-64
-31
-15
-35
-50
-28
-11
8
-38
1
-42
32
-76
-23
5
-61
0
15
-48
-39
-26
-5
12
-36
-22
14
-38
-5
-13
66
-82
-32
-4
-19
-12
-75
-25
20
21
-24
19
-8
-42
-9
-37
-20
-51
26
15
1
-13
-32
39
-8
-64
-26
-41
-36
-32
-51
-57
-86
-67
-51
-64
-25
-17
27
-28
-34
-102
-18
8
-59
4
-45
32
-35
64
-75
24
-13
-104
-62
48
-5
-5
-101
-82
13
0
-39
-6
79
-16
-44
-27
-7
-18
-27
-20
-68
-22
-52
-7
101
22
-75
-71
4
-9
-41
3
-1
-2
11
-33
-70
-45
12
-20
34
7
-50
-37
-56
-33
-24
6
-32
-23
-16
48
-64
8
-60
35
5
-3
-35
-12
-13
-34
-67
-31
21
-81
-23
-65
13
-26
-22
-28
-16
0
-44
37
-1
1
75
0
-16
-20
-33
7
-20
22
104
-95
-82
-70
-54
-7
-42
-76
-17
-35
16
-78
-22
1
7
-29
-7
-39
-56
-27
-64
-32
-33
27
-28
-60
-38
-21
-37
-54
-23
-3
3
-44
7
-34
17
-70
-21
-2
-57
-7
15
-45
-36
-30
1
9
-41
-18
21
-42
-10
-17
68
-73
-31
0
-19
-23
-69
-21
17
22
-18
16
-11
-41
-14
-36
-21
-53
25
14
-4
-18
-33
36
-13
-64
-28
-35
-33
-24
-46
-51
-79
-70
-53
-51
-25
-11
21
-33
-44
-94
-24
10
-49
0
-39
29
-29
65
-75
29
-20
-102
-49
35
-5
-9
-88
-73
13
15
-35
-11
70
-23
-38
-22
-7
-15
-24
-22
-66
-21
-54
-7
98
20
-72
-73
5
-6
-40
6
0
0
9
-39
-68
-44
10
-19
34
7
-53
-34
-56
-30
-23
6
-30
-24
-16
52
-64
10
-66
36
5
-6
-30
-12
-18
-36
-64
-28
18
-78
-20
-64
15
-23
-20
-27
-16
3
-46
38
-1
-2
83
0
-15
-25
-30
5
-17
24
108
-92
-82
-71
-54
-9
-41
-73
-16
-35
11
-78
-25
3
7
-29
-8
-38
-57
-24
-63
-31
-34
30
-27
-62
-40
-16
-37
-54
-23
-10
5
-48
7
-35
20
-71
-21
1
-58
-10
12
-43
-32
-32
-1
9
-41
-24
24
-38
-9
-14
68
-74
-28
-2
-16
-25
-73
-22
16
25
-16
18
-14
-39
-15
-37
-18
-51
22
17
0
-20
-33
38
-16
-65
-26
-33
-33
-27
-51
-49
-80
-70
-52
-53
-28
-14
22
-35
-40
-93
-24
7
-47
2
-40
32
-34
66
-76
29
-14
-101
-53
39
-4
-4
-90
-78
12
10
-35
-11
73
-21
-41
-20
-9
-15
-25
-23
-65
-22
-55
-8
101
17
-72
-73
2
-10
-40
5
0
0
12
-37
-69
-47
14
-22
32
8
-51
-35
-54
-33
-20
7
-31
-21
-16
48
-64
9
-65
32
5
-3
-32
-12
-17
-37
-66
-28
20
-77
-23
-66
12
-27
-18
-25
-18
-1
-41
39
2
-1
76
-2
-14
-24
-31
7
-20
21
105
-92
-79
-75
-54
-8
-41
-76
-17
-38
15
-79
-22
3
5
-30
-7
-38
-58
-28
-60
-31
-34
27
-29
-62
-36
-22
-36
-53
-26
-4
6
-42
6
-34
17
-71
-23
2
-59
-9
14
-44
-33
-32
0
9
-41
-21
22
-40
-7
-20
67
-69
-29
-1
-18
-24
-72
-21
18
22
-16
20
-12
-37
-13
-38
-23
-51
25
16
0
-22
-34
37
-15
-67
-27
-35
-33
-25
-46
-52
-76
-69
-53
-51
-27
-15
24
-32
-42
-95
-24
9
-45
0
-41
30
-32
65
-76
28
-17
-102
-55
35
-4
-5
-88
-74
14
12
-36
-13
73
-22
-39
-16
-10
-21
-24
-25
-67
-27
-51
-8
109
17
-74
-74
-5
-10
-39
5
-8
3
11
-42
-70
-53
18
-22
29
6
-57
-37
-52
-34
-16
7
-32
-23
-16
57
-61
3
-65
42
1
-2
-44
-12
-22
-36
-62
-37
31
-75
-35
-67
13
-26
-19
-35
-21
9
-53
38
6
4
83
1
-9
-22
-27
12
-27
23
107
-94
-72
-81
-57
-7
-44
-66
-22
-39
14
-78
-19
3
-3
-31
-5
-33
-62
-21
-67
-30
-30
29
-25
-62
-31
-19
-34
-46
-28
-12
9
-37
7
-41
25
-74
-26
4
-60
-2
14
-44
-38
-31
2
16
-45
-26
11
-41
-8
-12
67
-80
-28
3
-20
-14
-79
-22
17
21
-21
22
-13
-43
-14
-32
-23
-56
25
14
-1
-17
-35
36
-7
-62
-24
-41
-32
-29
-45
-62
-87
-68
-60
-60
-27
-14
25
-27
-40
-102
-20
8
-57
4
-42
32
-35
64
-76
22
-16
-100
-61
42
-6
-4
-96
-79
15
6
-37
-8
73
-16
-38
-36
-4
-1
-21
-23
-70
-27
-48
-28
98
22
-72
-57
-11
-41
-36
-15
-21
-10
12
-22
-68
-70
23
-24
29
-10
-41
-41
-51
-34
2
-7
-27
-23
-24
61
-47
-10
-68
4
-2
-1
-70
-18
-21
-18
-67
-44
5
-87
-33
-73
4
-24
-9
-52
-14
-6
-51
43
32
-18
28
9
4
-36
-40
-8
-18
20
96
-83
-42
-33
-53
-7
-28
-52
-9
-35
14
-66
-12
10
-2
-2
10
-22
-43
-26
-51
-33
-36
15
-32
-55
-33
-18
-27
-28
-15
-30
3
-36
20
-46
28
-59
-13
10
-62
-5
3
-62
-29
-47
23
28
-55
-28
-10
-28
-20
-7
69
-61
8
5
-23
-38
-67
3
11
11
-24
19
-27
-56
-20
-15
-29
-63
32
17
-28
-32
-49
38
-6
-44
-19
-37
-37
-8
-46
-43
-87
-76
-51
-45
-27
-8
21
-33
-37
-97
-50
13
-61
25
-59
18
-26
67
-78
31
-24
-93
-92
31
-13
-20
-73
-76
24
12
-30
-21
33
0
-28
-38
-6
-13
-19
-1
-107
-4
-36
-34
124
38
-93
-41
-55
-69
-25
6
-38
-59
5
-5
-72
-86
11
3
26
-64
4
-46
-53
-16
17
-11
-37
-43
-61
27
-57
-1
-63
-69
1
6
-76
-27
34
8
-54
-36
-54
-120
21
-81
-14
-16
-1
-56
17
-20
-55
54
49
-17
-80
18
29
-66
-28
4
5
9
83
-87
-38
54
-40
26
18
-45
9
-33
2
-61
-7
-10
-15
43
8
-8
-21
-50
-50
-43
-33
13
8
-74
-37
-46
-19
-40
22
-18
27
-33
42
-37
-8
-38
-3
14
-43
1
-11
-94
-40
-57
35
37
-82
-50
2
-16
-27
-18
73
-22
49
-20
-15
-97
-12
22
-7
-14
-40
46
-21
-76
-32
10
-37
-55
49
27
-46
-52
-69
46
-9
-58
-38
-5
-12
39
-35
-26
-81
-74
-39
-19
-16
-1
33
-1
-42
-89
-79
31
-53
16
-67
-4
-29
72
-104
37
-27
-105
-73
13
-4
-42
-35
-65
28
21
-42
-32
0
-5
-24
-17
-11
-19
-36
-25
-80
-21
-41
-14
111
19
-89
-68
-31
-23
-26
15
-30
-5
0
-22
-65
-60
7
1
28
-6
-50
-46
-54
-21
1
-10
-40
-28
-33
23
-59
7
-53
10
4
-6
-58
-25
10
-3
-51
-38
-18
-97
-1
-74
6
-17
-24
-40
-4
1
-43
59
28
-3
15
5
17
-53
-35
20
-13
27
84
-104
-59
-31
-45
-7
-28
-63
-4
-46
-2
-61
-10
7
-14
-7
12
-37
-59
-23
-48
-28
-16
9
-5
-77
-37
-20
-30
-56
6
-13
14
-36
17
-40
11
-50
9
3
-48
1
-1
-81
-28
-51
15
21
-66
-33
15
-18
-25
-17
69
-61
5
-4
-22
-41
-31
-10
5
12
-26
52
-10
-50
-13
-13
-18
-46
28
19
-14
-28
-56
47
-12
-34
-33
-10
-37
1
-57
-57
-78
-65
-54
-28
-29
-15
29
-7
-46
-95
-51
14
-45
4
-58
25
-35
56
-75
50
-5
-106
-69
27
1
-17
-67
-77
11
-6
-38
-17
31
-20
-34
-23
-14
-17
-29
-22
-85
-15
-41
-15
107
21
-83
-59
-30
-27
-22
15
-29
-11
-4
-19
-69
-55
4
3
30
-11
-36
-47
-54
-17
-5
-14
-40
-27
-31
23
-63
5
-54
-4
-1
-4
-49
-20
14
-11
-54
-28
-25
-92
10
-67
3
-26
-21
-30
1
-9
-38
56
22
-4
-5
5
7
-47
-32
8
-7
22
83
-97
-63
-20
-48
-9
-11
-66
2
-44
-11
-62
-15
1
-4
-10
7
-32
-46
-33
-48
-33
-23
12
-11
-74
-41
-21
-31
-58
1
-9
12
-44
16
-41
-1
-52
9
-5
-46
-1
0
-70
-30
-43
13
16
-67
-31
13
-24
-24
-21
65
-44
-2
-2
-17
-51
-28
-3
6
8
-24
38
-11
-44
-19
-15
-17
-37
30
24
-19
-28
-55
47
-10
-33
-33
-11
-36
4
-54
-47
-71
-65
-53
-23
-27
-15
25
-14
-47
-84
-54
10
-42
-2
-57
20
-32
59
-78
44
-8
-100
-57
17
3
-17
-67
-72
6
2
-33
-16
25
-24
-36
-19
-15
-19
-26
-22
-87
-16
-42
-15
107
16
-82
-60
-30
-26
-25
13
-28
-14
-3
-20
-68
-53
1
1
28
-12
-38
-42
-58
-15
-4
-13
-43
-28
-31
23
-63
8
-55
-5
0
-6
-44
-21
14
-11
-52
-29
-23
-94
6
-66
4
-26
-20
-33
4
-8
-38
56
23
-6
-2
4
10
-50
-29
5
-7
24
84
-99
-63
-21
-50
-10
-12
-66
1
-44
-14
-64
-19
1
-3
-10
5
-34
-48
-36
-50
-34
-22
11
-11
-73
-40
-20
-33
-60
0
-6
11
-45
15
-43
-3
-51
5
-10
-49
-1
-3
-68
-29
-47
13
12
-69
-35
19
-22
-24
-17
66
-42
0
-1
-19
-53
-26
-2
9
13
-22
38
-10
-45
-19
-17
-16
-39
30
23
-20
-29
-46
47
-12
-33
-34
-10
-37
4
-55
-46
-71
-66
-52
-22
-27
-15
26
-13
-46
-83
-52
8
-38
-3
-57
19
-27
60
-77
45
-8
-103
-58
17
5
-16
-66
-73
6
0
-33
-14
27
-23
-39
-18
-14
-19
-25
-21
-84
-15
-45
-15
107
20
-82
-61
-29
-23
-26
12
-27
-12
-6
-25
-66
-57
4
4
31
-9
-37
-45
-55
-20
-4
-12
-42
-29
-30
24
-61
6
-54
-6
-3
-4
-48
-21
14
-14
-50
-32
-24
-90
5
-68
0
-28
-22
-33
-1
-8
-38
55
21
-5
0
4
6
-46
-25
9
-6
23
84
-99
-63
-25
-48
-8
-12
-67
3
-46
-11
-65
-17
2
-5
-11
8
-32
-48
-36
-50
-34
-22
10
-10
-75
-43
-21
-31
-57
0
-11
12
-44
15
-40
-1
-50
6
-5
-49
2
-3
-67
-30
-46
15
12
-75
-34
16
-23
-23
-18
66
-47
0
-2
-17
-50
-30
-1
11
7
-22
36
-13
-43
-22
-17
-15
-41
28
25
-23
-29
-49
40
-10
-35
-33
-11
-37
-2
-52
-50
-74
-65
-52
-22
-28
-16
23
-16
-47
-86
-50
9
-38
-2
-56
17
-31
59
-74
43
-9
-104
-59
18
4
-19
-64
-73
10
5
-37
-17
29
-24
-36
-13
-12
-19
-32
-23
-83
-22
-41
-20
110
20
-88
-65
-27
-25
-27
12
-30
0
-1
-24
-71
-61
9
8
24
-9
-44
-45
-53
-20
-2
-7
-42
-25
-35
24
-58
5
-55
6
3
-8
-57
-24
12
-7
-49
-35
-19
-92
-5
-71
3
-19
-29
-38
-6
-2
-41
59
24
-6
11
1
14
-49
-28
18
-16
27
84
-104
-62
-30
-47
-6
-23
-62
-1
-50
-5
-61
-12
2
-15
-10
10
-35
-56
-24
-50
-30
-22
10
-6
-79
-35
-24
-26
-50
3
-16
14
-38
13
-41
7
-49
8
3
-50
4
-3
-74
-33
-48
18
19
-70
-34
13
-18
-20
-10
66
-61
3
-1
-22
-40
-33
-4
4
12
-25
45
-13
-49
-15
-14
-22
-44
28
21
-18
-30
-52
39
-11
-32
-33
-17
-40
-2
-54
-58
-78
-62
-55
-29
-25
-14
24
-11
-46
-92
-49
13
-45
5
-58
24
-34
60
-73
45
-3
-103
-65
21
1
-17
-72
-74
13
-1
-37
-15
33
-18
-31
-33
-7
-3
-25
-15
-98
-15
-34
-39
118
32
-88
-41
-41
-72
-20
13
-37
-33
7
-4
-74
-78
18
13
24
-50
-6
-39
-56
-14
7
-10
-30
-41
-46
31
-55
1
-63
-54
-4
-9
-72
-25
28
11
-58
-44
-49
-106
8
-81
-21
-22
-14
-61
4
-15
-51
53
39
-18
-45
-2
27
-52
-23
3
0
5
82
-96
-35
30
-50
20
4
-43
11
-41
4
-56
0
2
-16
29
7
-15
-28
-41
-54
-38
-38
17
6
-62
-37
-40
-20
-40
18
-23
23
-37
34
-33
-7
-34
-3
12
-48
1
-10
-99
-41
-53
45
37
-83
-50
2
-21
-25
-17
75
-33
42
-12
-21
-84
-21
15
-2
-6
-32
47
-26
-72
-36
9
-33
-54
42
28
-47
-53
-62
42
-12
-42
-36
-15
-19
33
-36
-34
-78
-73
-45
-23
-19
-2
24
-9
-44
-87
-78
23
-47
20
-67
11
-28
67
-89
43
-23
-93
-84
16
-3
-25
-46
-61
23
20
-49
-32
5
1
-26
