-112
-71
-113
-63
-109
-91
-78
-83
-63
-76
-78
-113
-50
-122
-110
-91
-106
-121
-100
-69
-103
-78
-56
-113
-93
-115
-91
-101
-91
-37
-99
-86
-75
-112
-109
-92
-111
-104
-115
-89
99
-67
-89
-86
-95
-103
-103
-73
-82
-71
-123
-101
-108
-89
-82
-63
-114
-65
-83
-114
-99
-89
-67
-117
-116
-111
-121
-95
-106
-89
-95
-109
-92
-102
-107
-65
-113
-113
-109
-111
-103
-96
-37
-92
-80
-85
-93
-111
-113
-97
-22
-93
-108
-116
-96
-85
-102
-103
-118
-116
-91
37
-114
-111
8
-19
-96
-115
-52
-69
-8
-118
-99
-78
-109
-111
-95
-106
-56
-117
-78
-109
-101
-107
-40
-123
-85
-104
-114
-109
-107
-80
-97
-114
-119
-80
-106
-105
-100
-91
122
-92
-93
-97
-99
-107
-76
-96
-99
-113
-61
-114
-56
-121
-122
-116
-102
-100
-118
-104
-96
-99
-69
-92
-118
-113
-119
-116
-114
-112
-99
-110
-98
-96
-121
-101
-83
-113
-69
-88
-119
-111
-109
-93
-120
-114
-123
-80
-120
-22
-98
-78
-52
-50
-35
-117
-98
-111
-56
-102
-122
-92
-115
-123
-119
-86
-104
-92
-121
-86
-116
-102
-115
-114
-86
-92
-117
-125
-67
-99
-96
-108
-56
-54
-96
-117
-101
-101
-118
-120
-93
-119
-118
-75
-92
-73
-99
-100
-116
-102
-82
-96
-95
-63
-116
-42
-122
-109
-80
-95
-114
-22
-71
-98
-92
-99
-117
-99
-65
-92
-96
-107
-124
-112
-73
-113
-88
-71
-71
-101
-123
-117
-105
-76
-105
-80
-86
-100
-88
-115
-115
-102
-63
-89
-92
-106
-89
-123
-119
-35
-100
-102
-89
-107
-95
-88
-122
-114
-75
-111
-104
-108
-83
-92
-119
-123
-114
-102
-121
-93
-95
-109
-111
-108
-111
-119
-95
-63
-96
-101
-114
-114
-112
-118
-113
-105
127
-80
-107
-120
-93
-47
-111
-112
-85
-114
-96
-114
-111
-119
-85
-110
-56
-27
-75
-123
-100
-50
-89
-78
-63
-40
-114
-85
-117
-88
-89
-111
-105
-85
-122
-114
-101
-109
-115
-98
-98
-65
-102
-117
-92
-112
-89
-114
-91
82
-111
-32
-113
-112
-105
-97
-105
-119
-102
-97
-99
-98
-106
-121
-40
-83
-109
-88
-110
-103
-106
-116
-88
-109
-110
-105
-95
-100
-108
-103
-30
-86
-116
-125
-86
-104
-83
-111
-111
-65
-107
-52
-102
-69
-91
-75
-101
-113
-98
-114
-96
-117
-82
-110
-76
-80
-119
-120
-110
-91
-105
-95
-99
-105
-107
-86
-91
-61
-93
-91
-107
-96
-120
-116
-69
-85
-114
-69
-97
-112
-91
-116
-116
-98
-92
-113
-42
-102
-86
-120
-117
-103
-73
-93
-102
-88
-88
-120
-83
-50
-114
-108
-116
-83
-117
-96
-123
-63
-116
-121
-119
-101
-107
-71
-109
-116
-98
-78
-99
-117
-121
-89
-59
-119
-105
-85
-67
-96
-102
-110
-85
-100
-107
-116
-93
-115
-88
-100
-110
-104
-118
-99
-108
-96
-117
-103
-109
-98
-99
-104
-54
-95
-100
-89
-42
-101
-71
-124
-98
-114
-40
-85
-117
-116
-83
-122
-122
-113
-125
-96
-86
-80
-100
-101
-104
-98
-117
-92
-88
-107
-100
-108
-93
-105
-22
-101
-104
-78
-80
-116
-65
-45
-54
-122
-101
-108
-45
-98
-82
-65
-112
-109
-19
-97
-98
-97
-109
-80
-117
-59
-40
-102
-100
-100
-102
-56
-114
-97
-98
-122
-118
-78
-121
-112
-106
-95
-88
-113
-82
-111
-110
-89
-52
-122
-115
-107
-52
-111
-123
-109
-117
-113
-89
-117
59
-71
-118
-119
-112
-96
-106
-97
-113
-65
-99
-86
-92
-96
-109
-78
-109
-113
-111
-117
-97
-103
-106
37
-122
-100
-95
-118
-111
-103
-42
-110
-125
-54
-113
-104
-104
-121
-91
-14
-78
-103
-114
-37
-123
-86
-117
-102
-101
-107
-25
-114
-111
-96
-101
-88
-112
-118
-83
-93
-117
-117
-113
-104
-73
-120
-80
-99
-112
-103
-122
-61
-101
-92
-114
-102
-110
-108
-125
-92
-102
-82
-54
-111
-123
-91
-86
-97
-111
-98
-63
-109
-97
-101
-42
-119
-56
-88
-113
-107
-113
-88
-100
-98
-103
-76
-104
-111
-101
-63
-106
-125
-45
-108
-111
-93
-108
-88
-103
-109
-123
-42
-115
-115
-89
-96
-114
-120
-97
-97
-89
-92
-113
-104
-107
-91
-111
-116
-119
-116
-93
-112
-114
-88
-113
-59
-115
-107
-104
-76
-117
-117
-108
-123
-106
-85
-59
25
-95
-75
-112
-88
-69
-86
-101
-83
-116
-69
-98
-91
-117
-32
-107
-89
-45
-114
-76
-111
-113
-117
-121
-98
-99
-85
-42
-111
-103
-92
-117
-73
-95
-76
-83
-97
-109
-93
-103
-76
-82
-119
-95
-100
-89
-118
-102
-106
-37
-95
-117
-105
-112
-75
-113
-119
-73
-92
-89
-114
-111
-96
-113
-89
-120
-111
-114
-98
-117
-108
-109
-114
-103
-80
-69
-19
-124
-122
-86
-116
-113
-124
-93
-111
-102
-102
-114
-80
-115
-91
-56
-75
-112
-113
-119
-88
-109
-83
-54
-109
-108
-88
-109
16
-113
-105
-106
-93
-92
-115
-111
-80
-112
-98
-73
-92
-76
-107
-113
-104
-108
-82
-71
-102
-61
-99
-120
-71
-67
-106
-120
-99
-112
-96
-123
-75
-105
-114
-114
-91
-86
-80
-85
-88
-89
-47
-83
-111
-119
-108
-102
-78
-83
-114
-117
63
-102
103
-109
-82
-96
-107
-114
-96
47
-76
-59
-119
-117
-83
-30
-97
-117
-88
-103
-119
-71
-89
-106
-114
-69
-16
-111
-109
-109
-88
-71
-69
-99
-98
-98
-103
-107
-109
-91
-116
-95
-65
-120
-75
-119
-125
-91
-120
-40
-45
-119
-71
-122
-113
-86
-111
45
-85
-105
-8
-104
-97
-80
-83
-83
-107
-85
-109
-122
-111
-104
-114
-115
-95
-54
-86
-107
-106
-119
-97
-42
8
-78
-118
-113
-108
-101
-95
-91
-85
-117
-59
-98
-98
-54
-125
-107
-88
-113
-119
-82
-111
-97
-95
-109
-117
-108
-27
-96
-63
-92
-120
-99
-124
-103
-102
-98
-91
-126
-93
-109
-102
-37
-95
-35
-101
-54
-92
-40
-106
-101
-67
-103
-112
-42
-111
-114
-14
-113
-96
-117
-101
-111
-112
-113
-104
-59
-93
40
-97
-78
-88
-91
-111
-119
-105
-110
-116
-101
-54
-122
-117
110
-69
-102
-119
-75
-126
-40
-116
-103
-110
-71
-109
-85
-110
-112
-124
-100
-91
-124
-108
-99
-112
-122
-102
-106
-61
-123
-69
-78
-106
-47
-69
-102
-109
-80
-42
-97
-98
-113
-78
-85
-91
-88
-89
-59
-112
-101
-109
-97
-113
-92
-102
-73
-120
-99
-106
