-33
-1
-19
-37
-9
-36
19
-26
-3
-7
-5
-5
26
-31
-49
-2
-30
-36
-13
-28
28
-45
-50
71
13
-45
4
-36
-3
-44
-24
-43
-20
-13
-13
17
-10
-35
-13
-7
5
-17
4
-38
-8
8
16
-17
-27
24
-53
-66
-67
-2
-25
-6
40
-18
21
-61
-26
8
21
31
9
7
-42
-8
23
-2
-14
29
-53
-53
-73
19
-2
-27
-46
22
-13
55
-19
21
-55
-38
-46
-4
-45
-83
-41
-22
-32
15
13
-44
-62
14
-19
-39
-3
18
-21
-34
-67
-41
-17
-9
-15
-15
44
-10
-12
-33
-35
-71
-16
-33
22
-46
-52
-8
16
-38
-34
-4
4
8
22
13
-7
-50
2
-8
-46
-23
4
1
17
-40
37
-30
-22
-8
-10
-20
-56
-11
-29
3
10
-13
-6
-9
-16
41
13
-16
-73
-30
-31
-17
-7
27
7
-30
-49
-64
1
-31
2
6
3
-53
-14
-75
-41
16
-36
-40
24
-28
-1
-40
-16
-21
11
-63
-1
-7
-7
-43
-6
3
-16
-64
-36
-37
4
-26
13
-1
10
-20
18
-48
-60
-11
-43
-7
38
-7
26
-76
-52
54
-25
-69
10
-34
-31
-40
-13
-45
-1
-6
-24
-2
0
10
-7
-12
14
-3
-41
-27
-30
-1
-7
-13
-19
12
-47
-80
-55
-29
-30
-26
26
13
34
-28
-13
18
8
44
-1
1
-22
-4
27
8
16
-15
-57
-40
-34
-10
-46
-57
-48
-11
-24
59
-31
1
-55
-24
-28
0
-33
-84
-6
-33
-31
53
-9
16
-39
3
-3
-46
-7
27
5
-26
-67
-46
-48
-12
-55
-25
22
-17
-1
-38
-43
-55
-13
-41
39
-21
-41
38
16
-35
-28
24
6
24
23
-4
0
-66
-25
-15
-61
-5
4
13
24
-40
38
-23
-40
7
-25
-26
-61
-3
-35
-30
-50
-10
-4
-37
-28
20
-6
-5
-79
-57
-38
-1
-3
3
-3
-1
-34
-71
-27
-34
13
-9
-1
-26
12
-85
-24
13
-31
-73
10
-37
-1
-8
-16
-19
-3
-42
-13
-14
-9
-43
-24
-2
-24
-50
-22
-37
4
-18
11
1
5
-16
27
-49
-58
-22
-41
-22
23
-5
36
-70
-44
53
-1
-60
-2
-28
-26
-27
-8
-50
4
-10
-36
0
-5
-2
-6
-15
-10
-11
-37
-32
-26
4
-7
-15
-13
14
-46
-60
-59
-36
-38
-22
31
2
20
-44
-28
9
-10
23
10
-15
-27
-5
45
3
8
-20
-50
-55
-38
-8
-21
-32
-46
4
-14
64
-26
3
-68
-35
-24
-4
-34
-74
-20
-36
-27
54
6
9
-46
-2
0
-41
0
27
7
-23
-71
-32
-46
-30
-49
-40
24
-18
-20
-45
-47
-62
-10
-48
26
-30
-53
27
8
-37
-28
7
20
15
19
0
4
-66
-23
-15
-63
-4
3
6
29
-43
41
-31
-28
14
-21
-22
-62
4
-44
-13
-42
-29
-4
-15
-13
27
8
-2
-71
-55
-35
18
0
12
2
-6
-41
-65
-17
-35
11
-17
-11
-31
2
-82
-33
24
-29
-58
3
-30
-3
-19
-21
-21
2
-49
-15
-12
-12
-51
-18
0
-21
-53
-26
-40
7
-18
12
3
5
-17
23
-49
-60
-25
-42
-17
25
-4
36
-72
-49
49
-3
-59
3
-29
-30
-30
-11
-53
2
-6
-37
1
-5
0
-7
-17
-6
-10
-36
-32
-25
6
-8
-13
-14
15
-44
-63
-57
-33
-37
-21
29
1
22
-42
-21
12
-9
27
8
-10
-27
-8
39
6
8
-19
-51
-58
-39
-9
-29
-36
-44
3
-18
62
-27
-2
-65
-33
-25
-5
-36
-70
-17
-36
-28
55
5
9
-45
-6
-4
-42
-2
29
10
-26
-73
-35
-41
-20
-53
-33
24
-14
-16
-44
-51
-60
-11
-51
26
-23
-50
28
7
-31
-26
12
15
12
18
-1
1
-65
-28
-13
-60
-5
2
7
27
-38
42
-33
-35
20
-23
-18
-59
-2
-38
-16
-44
-23
-6
-16
-17
26
8
-5
-80
-55
-35
16
-4
9
1
-6
-39
-63
-21
-36
13
-15
-7
-29
4
-79
-28
22
-30
-59
2
-34
1
-17
-24
-22
3
-45
-18
-11
-8
-46
-18
-4
-21
-52
-23
-37
5
-19
12
2
7
-17
22
-49
-61
-23
-40
-18
26
-5
36
-73
-45
50
-6
-61
-2
-28
-28
-30
-10
-49
3
-8
-35
-3
-7
2
-5
-18
-8
-10
-37
-31
-25
-2
-13
-14
-12
11
-50
-62
-57
-33
-35
-20
27
4
22
-42
-23
9
-9
26
6
-12
-24
-8
44
5
8
-20
-52
-54
-35
-7
-24
-34
-48
1
-14
63
-28
0
-67
-32
-24
-7
-37
-75
-16
-37
-29
56
5
11
-46
-4
-2
-41
-1
30
11
-25
-69
-34
-46
-26
-51
-35
24
-16
-18
-44
-47
-61
-11
-50
23
-30
-53
32
8
-35
-28
6
19
12
19
-1
2
-64
-25
-13
-62
-5
-2
8
28
-39
40
-31
-36
16
-20
-24
-61
4
-40
-10
-47
-26
-4
-14
-14
26
8
-2
-74
-58
-33
13
-3
11
-3
-2
-39
-63
-20
-33
10
-16
-7
-27
3
-79
-33
23
-27
-59
6
-31
-2
-15
-22
-21
3
-49
-13
-14
-11
-45
-11
4
-20
-57
-24
-39
-2
-23
2
-1
4
-20
19
-39
-62
-16
-40
-9
30
-5
27
-70
-47
49
-15
-64
10
-36
-30
-35
-10
-49
-10
-9
-35
-4
0
-1
-10
-14
5
-6
-39
-27
-34
0
-7
-14
-14
9
-47
-75
-54
-30
-25
-24
25
7
27
-32
-15
8
1
45
2
-8
-26
-4
33
5
16
-16
-59
-47
-37
-7
-34
-51
-48
-11
-22
54
-27
-1
-58
-31
-30
-3
-32
-79
-9
-36
-39
53
-4
10
-41
-1
-9
-43
-4
28
0
-29
-67
-46
-46
-18
-49
-29
30
-13
-8
-41
-44
-57
-11
-38
34
-23
-42
33
4
-32
-24
16
4
18
20
-4
5
-70
-27
-15
-59
1
8
4
20
-35
37
-27
-38
11
-23
-16
-54
-5
-35
-23
-47
-15
-14
-27
-21
23
-3
-10
-80
-57
-36
3
0
6
-7
-4
-35
-70
-25
-31
14
-12
-2
-26
5
-76
-29
13
-25
-70
7
-38
1
-6
-18
-21
-8
-51
-20
-8
-9
-47
-35
7
-17
-33
-4
-41
16
-13
-5
-13
-4
4
28
-24
-65
2
-32
-35
-23
-21
21
-34
-50
58
21
-45
9
-35
-9
-42
-14
-51
-30
-18
-11
5
-21
-30
-14
-3
-7
-18
3
-39
-15
12
21
-12
-24
5
-40
-60
-64
-10
-32
-6
46
-21
18
-62
-25
7
14
19
7
3
-48
-10
18
0
-11
21
-40
-49
-53
16
4
-21
-48
13
-13
55
-14
10
-62
-48
-41
-7
-37
-80
-53
-22
-39
24
6
-43
-56
12
-24
-44
0
19
-19
-35
-58
-43
-17
-23
-16
-16
48
-11
-10
-23
-21
-71
-19
-30
22
-54
-55
-3
9
-31
-29
-15
7
18
16
11
0
-56
-2
-12
-45
-12
8
-13
6
-50
40
-31
-22
-9
-13
-22
-51
-16
-36
0
8
-10
-13
6
-15
47
12
-9
-70
-28
-29
-13
10
21
13
-24
-46
-61
-6
-36
7
3
7
-51
-21
-68
-40
8
-30
-45
15
-24
-7
-32
-16
-32
14
-62
-14
7
-7
-41
-13
-2
1
-64
-14
-48
11
-29
6
5
18
-20
7
-42
-61
-27
-37
-5
29
-7
23
-73
-55
53
-16
-56
16
-31
-35
-40
-9
-64
7
-14
-31
0
2
8
-18
2
18
-11
-44
-46
-24
17
-7
-14
-25
16
-58
-77
-47
-33
-45
-23
19
-6
36
-41
-9
15
10
48
9
1
-27
4
35
16
26
-11
-68
-36
-51
12
-32
-47
-51
-3
-16
55
-25
-11
-67
-17
-12
8
-40
-76
-7
-29
-27
44
3
13
-42
-2
-17
-41
3
11
6
-24
-66
-35
-44
-5
-44
-42
20
-20
-5
-26
-45
-57
-21
-26
34
-25
-45
47
8
-32
-17
16
-2
20
29
-2
-8
-51
-23
3
-43
-10
21
4
-2
-30
46
-25
-26
0
-34
-47
-57
-9
-34
-25
-40
-15
-3
-18
-30
25
10
3
-93
-40
-40
-13
-4
10
-5
-7
-17
-54
-22
-22
7
-6
-5
-30
12
-65
-26
6
-32
-91
-11
-25
-4
-47
-21
-29
7
-39
9
5
-28
-42
6
-14
-8
-61
-12
-28
1
-26
46
17
27
-41
-7
-69
-72
-25
6
-22
76
-4
50
-92
-49
85
-53
-67
5
-20
-48
-38
1
-53
51
25
-60
-24
15
28
4
-28
-3
-16
-44
-69
-37
-12
-37
-22
-19
8
-48
-88
-65
-37
-58
-53
8
28
43
-12
-14
22
14
63
-6
-22
-3
24
82
19
16
-18
-56
-38
-23
8
-55
-53
-57
-40
-3
76
-8
-16
-73
-7
-4
10
-31
-98
18
-60
-17
79
16
67
-46
12
23
-39
-1
1
46
-16
-81
-45
-71
16
-74
-61
-4
-21
-16
-37
-73
-52
9
-37
11
-2
-74
69
25
-30
-29
44
17
9
31
-15
-1
-46
-35
12
-48
-11
34
13
13
-3
22
-12
-21
5
-25
-67
-65
21
-43
-14
-97
-18
6
-40
-31
-12
-10
27
-80
-52
-52
25
8
-10
-29
32
-24
-38
-47
-37
10
-15
-39
-9
33
-94
-28
3
-30
-98
17
-15
10
-35
-29
-29
-12
-64
25
-11
-36
-48
-12
-19
-7
-50
-6
-37
-12
-18
45
21
16
-39
-2
-58
-70
-40
10
-11
70
-4
55
-101
-39
82
-43
-66
4
-29
-40
-37
4
-65
44
15
-55
-25
11
17
4
-30
-13
-3
-51
-74
-28
-9
-44
-29
-17
2
-49
-77
-69
-42
-62
-40
7
20
27
-22
-12
17
-3
51
-3
-33
-12
14
78
18
17
-20
-60
-42
-33
8
-47
-41
-49
-31
-7
69
-16
-8
-69
-13
-3
13
-35
-85
10
-60
-15
79
36
60
-56
-8
14
-36
-4
11
49
-18
-73
-28
-67
0
-89
-59
-1
-32
-15
-52
-77
-44
6
-42
9
-1
-68
60
16
-23
-32
41
8
3
22
-19
-3
-52
-33
5
-41
2
26
14
15
-1
17
-19
-28
16
-29
-46
-57
25
-43
-11
-91
-24
2
-40
-24
-1
-10
24
-73
-45
-48
34
3
1
-37
23
-32
-36
-32
-31
7
-15
-35
-4
30
-86
-30
5
-29
-87
6
-14
5
-33
-37
-21
-5
-60
12
-1
-25
-44
-9
-17
-10
-51
-9
-36
-13
-19
46
24
20
-39
-8
-53
-70
-34
7
-9
74
-5
54
-101
-43
79
-43
-62
8
-28
-37
-39
6
-65
45
13
-55
-25
14
20
2
-28
-10
-4
-51
-71
-29
-7
-45
-25
-16
9
-47
-78
-70
-44
-65
-40
5
19
32
-23
-11
18
2
58
-1
-28
-9
13
74
15
18
-15
-55
-45
-36
9
-46
-46
-48
-34
-10
67
-19
-9
-68
-14
-3
17
-32
-89
16
-58
-16
80
34
63
-52
-10
16
-37
-2
11
46
-17
-76
-30
-65
10
-90
-50
0
-31
-12
-49
-78
-42
2
-40
10
-2
-70
57
16
-20
-32
46
3
3
22
-16
-2
-53
-37
7
-38
0
28
20
10
-2
14
-19
-29
18
-26
-42
-61
22
-37
-15
-93
-17
-1
-45
-28
-6
-12
24
-75
-41
-53
36
3
-3
-36
23
-34
-31
-32
-31
11
-16
-33
-3
33
-85
-28
0
-27
-91
11
-16
3
-31
-37
-25
-6
-64
11
-3
-28
-50
-12
-17
-8
-51
-4
-36
-9
-21
44
22
17
-37
-8
-59
-73
-34
11
-9
74
-2
56
-99
-43
83
-47
-65
4
-27
-39
-36
5
-65
46
13
-56
-30
13
22
1
-31
-10
-3
-50
-74
-31
-6
-46
-27
-18
2
-51
-76
-69
-45
-65
-41
7
17
32
-20
-8
16
0
56
-5
-26
-7
12
76
17
13
-16
-56
-43
-32
7
-49
-42
-49
-29
-8
68
-19
-6
-69
-11
-2
14
-32
-92
14
-62
-15
81
28
64
-53
-8
15
-36
-2
12
49
-18
-74
-31
-69
3
-88
-57
-3
-30
-15
-48
-78
-47
6
-42
9
-2
-70
57
15
-23
-32
41
6
1
22
-15
0
-50
-33
9
-39
1
25
18
14
-4
15
-16
-30
17
-27
-50
-61
22
-41
-11
-96
-19
0
-46
-29
-4
-12
23
-70
-44
-49
35
3
-2
-39
24
-34
-34
-31
-34
7
-17
-32
-3
32
-86
-33
4
-29
-90
12
-14
2
-31
-33
-22
-5
-62
15
-2
-28
-45
-7
-9
-6
-51
-9
-30
-11
-21
39
19
28
-43
-9
-64
-74
-29
4
-10
74
-7
45
-90
-48
86
-45
-60
9
-18
-47
-38
6
-61
42
21
-63
-31
18
24
2
-36
-4
-13
-49
-69
-37
-12
-34
-25
-9
16
-49
-87
-66
-28
-55
-46
7
21
38
-16
-14
23
7
65
-4
-23
-5
21
77
14
21
-9
-57
-39
-27
11
-50
-57
-55
-42
0
61
-11
-12
-69
-5
-5
14
-28
-99
15
-62
-21
82
14
67
-47
12
15
-36
-6
-2
41
-17
-80
-49
-61
16
-82
-58
2
-32
-14
-43
-78
-50
8
-36
12
-4
-62
63
19
-25
-32
47
6
7
35
-15
6
-52
-36
8
-43
-4
39
11
9
-4
17
-11
-27
12
-28
-50
-58
20
-41
-14
-88
-18
2
-42
-33
-11
-11
18
-83
-51
-51
27
4
-11
-44
30
-30
-40
-45
-33
10
-17
-37
-13
36
-86
-32
8
-19
-97
15
-20
0
-27
-27
-28
-18
-64
17
-12
-35
-54
-21
4
-3
-53
-1
-40
9
-16
6
2
16
-16
11
-35
-81
-18
-35
-15
19
-10
21
-59
-48
57
-4
-55
16
-29
-41
-42
3
-66
-1
-19
-36
-17
-2
3
-18
-14
9
-13
-36
-44
-34
11
-2
-7
-18
8
-59
-75
-54
-26
-33
-24
25
-6
19
-43
-11
5
-3
44
8
-7
-34
-1
32
2
28
-11
-58
-37
-49
14
-25
-34
-49
-11
-12
53
-18
-17
-69
-29
-4
-3
-29
-85
-25
-34
-33
47
-3
12
-46
5
-28
-39
3
15
13
-34
-58
-47
-31
-13
-39
-46
27
-26
-4
-28
-48
-70
-15
-32
27
-31
-41
49
1
-28
-19
5
-3
15
19
-2
2
-63
-24
-7
-35
1
23
-16
2
-36
51
-22
-23
4
-29
-40
-49
-5
-46
-20
-39
-19
-15
-6
-28
26
10
-2
-86
-42
-40
-6
7
15
-14
2
-13
-53
-21
-25
9
-2
-10
-32
11
-70
-27
14
-17
-85
-13
-28
-3
-39
-2
-23
6
-48
3
13
-29
-47
-26
-3
-15
-50
-5
-51
13
-30
-1
3
16
-21
9
-46
-68
-34
-34
-13
19
-8
36
-77
-44
65
0
-53
17
-27
-36
-31
-11
-63
9
-21
-33
2
-2
3
-7
-8
5
-17
-41
-53
-21
8
-2
-20
-22
-1
-55
-62
-60
-26
-58
-17
31
-6
24
-41
-18
12
10
30
10
-8
-29
4
64
9
21
-21
-57
-46
-50
12
-7
-38
-48
6
-9
59
-29
-15
-75
-30
-16
-2
-33
-66
-16
-49
-25
54
12
21
-44
-3
-14
-37
0
26
10
-18
-62
-29
-50
-21
-41
-41
19
-33
-3
-34
-50
-68
-23
-35
29
-48
-51
39
7
-33
-20
1
7
10
20
3
-10
-62
-22
-11
-50
-4
8
0
6
-34
45
-21
-21
6
-26
-54
-59
-10
-41
-16
-38
-29
0
-14
-13
23
9
3
-86
-40
-33
3
1
18
-8
-13
-30
-45
-18
-25
1
-16
4
-34
9
-70
-34
19
-34
-72
-11
-19
12
-38
-16
-28
13
-48
12
-4
-38
-42
-6
-7
-11
-52
-11
-43
-7
-36
27
11
26
-44
-18
-60
-74
-30
2
-9
72
3
46
-103
-35
101
-47
-62
15
-21
-49
-34
-4
-60
53
14
-55
-32
9
26
9
-39
5
-16
-46
-69
-42
-9
-31
-32
-18
8
-60
-74
-71
-39
-83
-38
0
22
42
-28
-7
24
13
66
-3
-17
-3
16
103
22
15
-25
-62
-37
-40
4
-50
-61
-52
-34
-13
74
-22
-18
-78
-5
-23
15
-24
-96
16
-79
-22
77
20
78
-34
-4
13
-37
-10
19
32
-15
-76
-47
-74
2
-82
-53
-15
-35
-10
-40
-82
-50
6
-42
13
-12
-68
58
12
-16
-29
47
-4
-1
25
-13
-3
-62
-32
5
-50
-2
32
23
16
-7
11
-10
-39
13
-18
-62
-63
8
-45
-19
-102
-18
-4
-54
-39
-21
-17
16
-77
-43
-51
36
7
-14
-37
16
-42
-44
-37
-41
12
-25
-27
-3
35
-91
-31
6
-24
-79
24
-16
29
-24
-31
-27
-8
-72
27
-4
-32
-58
-18
-13
-15
-44
-5
-51
-10
-24
30
13
21
-38
-14
-39
-70
-39
8
-6
61
1
56
-114
-27
101
-35
-67
12
-33
-36
-37
0
-55
48
7
-51
-29
0
12
10
-33
-8
-7
-51
-66
-28
-6
-41
-42
-16
3
-61
-64
-70
-39
-74
-23
8
9
20
-36
-12
18
-3
56
3
-27
-7
8
95
16
13
-27
-57
-47
-51
-2
-43
-38
-42
-19
-8
67
-26
-13
-75
-15
-18
16
-27
-85
1
-75
-19
74
41
65
-52
-15
4
-35
-11
24
36
-20
-68
-26
-67
-11
-85
-46
-10
-46
-13
-54
-83
-51
-1
-46
8
-14
-60
57
10
-12
-30
36
-8
-11
22
-13
-2
-67
-28
-1
-43
10
18
34
22
-7
15
-24
-38
22
-16
-51
-57
13
-39
-16
-82
-18
-9
-43
-26
-5
-14
19
-64
-46
-43
40
3
2
-33
14
-46
-43
-12
-35
7
-14
-27
-5
34
-81
-24
12
-28
-68
12
-16
21
-31
-32
-13
-2
-75
17
-3
-22
-54
-17
-12
-13
-45
-4
-45
-11
-26
30
14
16
-38
-10
-38
-68
-40
3
-2
66
0
56
-109
-31
97
-37
-66
13
-33
-34
-36
1
-62
44
7
-45
-25
5
14
9
-33
-6
-6
-49
-66
-30
-3
-39
-37
-18
0
-57
-66
-70
-36
-80
-26
12
8
24
-36
-9
21
-1
62
1
-24
-7
2
87
13
17
-22
-53
-51
-48
3
-40
-43
-42
-16
-13
64
-29
-15
-74
-17
-18
15
-28
-88
5
-71
-16
76
37
56
-49
-18
6
-37
-11
28
33
-18
-73
-26
-68
-9
-86
-38
-7
-44
-12
-47
-82
-47
-4
-44
10
-15
-59
57
9
-8
-31
40
-8
-7
15
-15
-1
-63
-28
0
-39
10
21
35
18
-13
13
-22
-38
27
-13
-44
-58
6
-41
-14
-84
-16
-13
-48
-26
-4
-20
17
-70
-45
-47
41
4
-1
-29
12
-43
-40
-16
-39
13
-17
-21
-7
38
-76
-24
8
-30
-78
14
-19
20
-34
-34
-17
-1
-71
16
-3
-20
-53
-23
-11
-13
-42
-5
-48
-8
-26
33
12
17
-41
-13
-44
-69
-38
6
-4
62
-2
57
-107
-29
100
-34
-65
12
-31
-36
-39
-4
-58
47
5
-51
-29
3
14
10
-33
-5
-6
-48
-68
-29
-3
-42
-41
-17
1
-60
-62
-70
-37
-75
-25
11
5
23
-33
-7
20
-4
59
1
-23
-5
6
92
16
15
-23
-55
-47
-51
2
-42
-40
-47
-15
-12
63
-26
-11
-76
-14
-17
17
-30
-86
4
-73
-15
76
38
63
-51
-13
0
-38
-10
27
35
-19
-70
-28
-65
-6
-85
-46
-10
-46
-9
-51
-82
-50
-1
-44
10
-16
-55
56
10
-10
-32
37
-8
-9
20
-14
0
-67
-25
2
-40
9
17
36
21
-12
15
-21
-38
26
-13
-51
-55
8
-38
-17
-83
-16
-10
-46
-27
-6
-19
17
-71
-45
-42
37
1
0
-32
15
-46
-40
-20
-38
7
-14
-23
-6
37
-80
-19
12
-31
-74
15
-16
18
-33
-29
-16
-2
-73
16
-2
-24
-52
-18
-6
-15
-47
-9
-43
-11
-35
23
14
20
-48
-15
-53
-68
-38
-3
-4
73
-2
47
-98
-34
102
-39
-59
17
-27
-45
-36
-6
-62
41
17
-57
-35
19
16
11
-43
7
-14
-50
-70
-35
-11
-33
-36
-11
11
-59
-78
-69
-28
-68
-30
4
12
34
-27
-7
26
7
74
-5
-17
0
14
88
15
25
-16
-65
-44
-45
8
-45
-60
-54
-27
-9
59
-25
-16
-83
-7
-22
19
-25
-94
13
-78
-26
81
15
75
-38
3
8
-34
-15
16
34
-18
-75
-46
-64
-1
-85
-52
-9
-37
-11
-45
-87
-57
3
-43
11
-9
-57
61
9
-13
-35
47
-7
-7
28
-11
3
-64
-27
3
-44
4
33
21
16
-7
18
-13
-41
21
-13
-57
-53
10
-43
-14
-90
-15
-3
-52
-33
-18
-21
12
-80
-48
-42
32
5
-9
-44
19
-39
-46
-37
-38
10
-25
-29
-10
43
-82
-32
14
-23
-78
21
-21
16
-28
-25
-26
-12
-70
24
-12
-30
-57
-25
-2
-14
-45
3
-44
15
-19
-2
3
18
-16
11
-39
-86
-28
-36
-19
13
-11
30
-64
-42
71
4
-55
19
-29
-39
-38
-4
-68
1
-13
-32
-3
-10
-1
-5
-21
5
-18
-36
-51
-25
10
1
-13
-20
8
-55
-63
-64
-16
-43
-11
35
-9
17
-50
-12
11
9
38
6
-6
-38
0
54
-2
19
-17
-52
-50
-54
14
-9
-35
-49
4
-13
60
-22
-20
-80
-33
-9
-7
-28
-79
-27
-49
-34
51
5
13
-45
-1
-25
-40
-2
20
17
-32
-61
-40
-35
-19
-37
-42
21
-34
-3
-25
-52
-77
-22
-37
20
-46
-49
42
6
-30
-21
0
-1
3
17
3
-2
-63
-25
-13
-36
0
19
-9
13
-40
49
-24
-22
15
-17
-47
-51
-12
-51
-12
-34
-27
-7
-7
-22
26
10
-1
-86
-41
-33
7
7
19
-10
-10
-25
-49
-21
-32
7
-8
1
-38
10
-70
-34
26
-23
-69
-10
-19
7
-41
-2
-28
10
-56
8
1
-34
-52
-21
-6
-12
-47
-4
-48
11
-30
-5
4
15
-24
7
-39
-69
-35
-31
-10
22
-8
36
-79
-48
68
-3
-52
21
-35
-39
-34
-8
-64
3
-20
-31
9
2
0
-6
-14
15
-14
-40
-52
-23
11
-2
-18
-21
8
-58
-65
-58
-26
-59
-15
29
-6
28
-44
-11
11
10
46
8
-7
-32
0
58
7
22
-18
-59
-49
-59
12
-15
-45
-47
12
-18
62
-29
-14
-69
-28
-19
-2
-36
-68
-9
-46
-26
48
14
14
-43
-9
-15
-37
1
21
10
-19
-66
-31
-50
-13
-44
-31
20
-30
-1
-26
-58
-66
-25
-36
26
-43
-51
38
7
-30
-16
9
-5
7
18
1
-4
-60
-28
-8
-42
-8
13
2
9
-29
36
-23
-22
11
-25
-49
-52
-15
-35
-18
-39
-25
-7
-17
-25
17
2
0
-91
-42
-37
3
-2
15
-6
-14
-29
-44
-19
-26
6
-13
10
-32
13
-71
-31
20
-36
-77
-7
-21
9
-42
-21
-29
9
-45
16
3
-39
-42
-1
-9
-3
-51
-12
-40
-9
-29
26
13
27
-49
-20
-55
-70
-33
-2
-8
75
3
46
-103
-42
97
-45
-62
21
-29
-52
-39
-5
-60
47
22
-59
-26
19
29
8
-43
4
-15
-44
-75
-41
-8
-33
-32
-18
9
-55
-80
-68
-37
-82
-40
2
25
44
-27
-7
27
10
73
-3
-21
1
19
93
18
21
-20
-61
-41
-42
9
-50
-67
-51
-35
-8
74
-21
-21
-80
-5
-21
21
-25
-97
14
-75
-19
73
21
78
-35
-8
14
-39
-11
14
36
-16
-83
-52
-72
12
-82
-51
-12
-34
-12
-33
-88
-47
6
-43
10
-8
-65
63
16
-7
-33
53
-9
0
26
-17
0
-64
-34
6
-48
-4
41
24
15
0
14
-10
-36
15
-13
-55
-54
3
-39
-18
-99
-16
-4
-55
-42
-18
-22
19
-79
-47
-52
37
3
-10
-36
19
-35
-43
-42
-38
20
-26
-29
-6
40
-87
-32
7
-31
-93
23
-14
28
-29
-34
-32
-7
-75
25
-7
-30
-55
-18
-14
-7
-40
-6
-45
-12
-22
30
16
14
-43
-14
-37
-69
-41
5
-7
65
1
50
-116
-32
96
-37
-65
14
-35
-43
-34
-4
-58
47
9
-51
-24
9
10
3
-37
-1
-5
-47
-64
-30
-6
-40
-36
-15
3
-62
-73
-68
-36
-73
-27
10
13
29
-38
-10
20
0
66
5
-28
-7
10
84
10
16
-18
-57
-51
-55
2
-44
-45
-40
-15
-10
67
-28
-16
-72
-11
-17
13
-25
-87
4
-75
-16
72
36
61
-51
-20
0
-36
-12
21
40
-18
-76
-25
-67
1
-87
-40
-9
-43
-8
-39
-89
-50
2
-48
10
-16
-61
53
11
-6
-30
46
-14
-10
21
-14
3
-70
-28
3
-37
8
26
33
18
-4
11
-22
-36
25
-15
-55
-54
7
-38
-20
-82
-17
-14
-45
-34
-5
-23
20
-76
-48
-50
40
5
-4
-29
15
-39
-45
-13
-33
12
-17
-23
-7
40
-77
-24
14
-32
-81
12
-21
19
-31
-32
-19
-2
-73
24
0
-24
-52
-14
-13
-6
-38
-5
-41
-9
-24
29
16
17
-45
-14
-38
-66
-39
3
-3
71
1
50
-113
-35
92
-42
-63
15
-37
-40
-35
0
-62
43
9
-45
-25
12
13
8
-30
-2
-8
-49
-64
-30
-6
-42
-31
-16
3
-54
-73
-65
-39
-72
-26
9
12
31
-34
-9
24
1
69
5
-22
-8
2
76
16
16
-16
-49
-52
-46
3
-43
-52
-44
-18
-14
65
-30
-16
-69
-16
-13
18
-28
-89
9
-71
-18
77
35
58
-49
-16
10
-40
-13
22
38
-15
-78
-27
-69
4
-86
-35
-4
-45
-9
-38
-87
-44
1
-47
10
-15
-65
57
9
-3
-31
48
-13
-4
19
-12
6
-64
-33
5
-37
7
28
35
15
-11
10
-20
-36
28
-15
-50
-55
5
-36
-17
-84
-8
-14
-47
-30
-8
-25
16
-76
-45
-53
36
3
-8
-31
13
-35
-43
-18
-35
13
-21
-20
-6
41
-70
-21
14
-31
-88
14
-21
17
-32
-37
-20
-6
-69
16
-6
-19
-51
-19
-12
-8
-42
-5
-47
-9
-25
30
16
15
-42
-16
-41
-68
-39
6
-6
66
1
49
-112
-34
98
-39
-60
16
-34
-40
-36
-6
-59
44
11
-50
-30
8
11
9
-33
-1
-7
-48
-66
-31
-4
-41
-38
-15
0
-60
-69
-68
-36
-76
-23
11
9
29
-35
-8
23
0
63
4
-21
-4
5
88
14
13
-19
-53
-50
-52
1
-45
-44
-44
-15
-14
66
-29
-16
-72
-12
-18
17
-26
-88
7
-74
-14
76
34
61
-49
-18
4
-40
-14
23
40
-17
-74
-27
-68
0
-88
-44
-9
-44
-6
-40
-89
-49
1
-47
8
-15
-60
53
10
-6
-35
44
-11
-6
20
-14
3
-68
-27
3
-37
9
26
36
19
-8
13
-20
-38
27
-14
-54
-56
3
-36
-21
-84
-13
-11
-47
-32
-6
-24
18
-72
-46
-50
41
3
-6
-29
14
-39
-45
-18
-37
12
-16
-23
-5
40
-77
-25
16
-35
-81
17
-16
17
-31
-31
-17
-1
-75
21
-1
-22
-52
-9
-7
-6
-45
-10
-39
-10
-30
26
12
25
-46
-20
-58
-71
-35
-2
-6
73
2
41
-105
-38
102
-43
-59
19
-27
-50
-33
-6
-60
45
19
-59
-31
20
20
12
-44
6
-15
-46
-78
-37
-12
-30
-32
-13
12
-57
-80
-69
-28
-75
-37
0
18
43
-27
-6
26
7
71
0
-17
-2
15
86
17
22
-17
-62
-41
-40
3
-49
-64
-50
-31
-10
67
-23
-17
-78
-9
-22
19
-25
-99
14
-79
-25
84
13
72
-38
-5
10
-37
-15
14
38
-18
-77
-46
-66
4
-85
-52
-7
-39
-7
-40
-91
-51
4
-48
11
-11
-61
55
7
-13
-35
51
-10
-4
29
-15
2
-66
-33
4
-45
1
36
24
16
-5
15
-13
-41
20
-17
-55
-54
8
-40
-17
-93
-14
-8
-51
-39
-15
-21
18
-85
-52
-48
38
3
-14
-42
17
-36
-49
-39
-36
18
-26
-30
-9
45
-84
-36
15
-22
-87
19
-22
21
-21
-27
-29
-12
-72
20
-7
-27
-56
-27
-3
-12
-45
5
-44
8
-21
-2
4
16
-19
11
-37
-77
-32
-33
-19
15
-8
30
-71
-45
70
-4
-54
22
-30
-40
-36
-4
-69
4
-17
-33
-1
-1
-7
-8
-22
8
-13
-39
-51
-26
9
0
-11
-19
7
-56
-68
-61
-12
-42
-16
34
-10
22
-46
-13
10
10
45
9
-9
-34
-1
52
-1
20
-15
-58
-49
-57
12
-8
-38
-47
3
-11
58
-21
-19
-70
-32
-10
-3
-32
-79
-23
-50
-34
52
3
12
-43
-7
-21
-39
-6
19
20
-27
-63
-35
-38
-15
-42
-41
22
-39
-3
-23
-54
-70
-22
-38
25
-51
-50
38
4
-26
-17
9
-7
5
18
-1
3
-65
-26
-9
-32
4
21
-5
9
-34
45
-23
-20
14
-16
-46
-48
-12
-46
-15
-38
-25
-10
-11
-21
25
0
-2
-94
-46
-36
9
6
16
-15
-8
-25
-51
-18
-26
6
-12
1
-38
15
-69
-35
23
-23
-79
-9
-21
8
-37
-6
-29
6
-51
8
2
-37
-49
-23
-2
-10
-51
-7
-52
13
-27
-4
2
16
-22
10
-45
-71
-34
-34
-15
15
-8
34
-72
-47
66
-1
-56
16
-31
-38
-32
-5
-63
4
-19
-33
6
-7
5
0
-11
14
-17
-43
-51
-24
8
-1
-16
-20
2
-61
-62
-60
-29
-59
-12
21
-4
28
-39
-12
15
12
32
5
-2
-33
4
56
11
17
-27
-59
-45
-51
12
-17
-42
-47
16
-21
60
-31
-16
-78
-26
-17
-7
-32
-69
-12
-49
-27
51
5
23
-45
-2
-20
-37
4
25
10
-25
-62
-32
-49
-19
-41
-32
19
-24
-1
-30
-52
-67
-23
-33
27
-43
-53
38
8
-35
-16
3
3
10
19
6
-5
-58
-21
-7
-47
-5
14
2
12
-31
41
-24
-24
9
-21
-58
-51
-14
-41
-15
-42
-24
-3
-15
-26
19
8
4
-80
-40
-33
2
6
11
-2
-13
-27
-51
-21
-30
7
-13
3
-32
11
-79
-36
23
-35
-68
-10
-21
5
-40
-13
-31
11
-48
23
-6
-34
-47
-1
-7
-9
-56
-11
-40
-9
-36
31
13
27
-51
-14
-60
-73
-36
-5
-8
75
9
44
-103
-40
103
-41
-65
15
-26
-52
-41
-2
-56
52
18
-63
-27
15
33
11
-37
-1
-12
-51
-77
-38
-11
-39
-28
-16
13
-58
-80
-73
-40
-79
-40
-2
26
45
-21
-10
24
17
70
-3
-23
3
19
105
14
15
-21
-66
-45
-40
5
-55
-69
-54
-35
-10
74
-20
-19
-84
0
-20
16
-23
-100
13
-81
-20
76
13
87
-34
-8
10
-39
-10
10
47
-15
-87
-51
-73
10
-93
-56
-11
-35
-11
-33
-88
-53
4
-46
11
-11
-73
59
16
-14
-28
52
0
-2
31
-15
2
-64
-33
9
-55
-4
36
24
13
-2
15
-12
-39
22
-6
-63
-60
6
-39
-15
-107
-16
-4
-53
-40
-21
-14
21
-84
-51
-52
42
0
-10
-35
18
-34
-47
-40
-39
17
-27
-35
-3
40
-94
-33
12
-30
-89
21
-18
25
-32
-31
-32
-8
-74
34
-9
-38
-61
-19
-9
-15
-49
-2
-44
-15
-28
31
11
16
-45
-10
-43
-68
-41
-2
-10
58
8
50
-110
-29
104
-32
-70
7
-25
-43
-39
-4
-52
45
7
-58
-22
7
12
12
-38
-9
-7
-47
-71
-25
-4
-44
-38
-14
8
-60
-67
-73
-42
-78
-25
1
13
24
-37
-12
18
1
55
4
-26
-7
6
95
11
12
-26
-58
-52
-56
3
-44
-43
-43
-15
-12
71
-23
-15
-78
-14
-20
16
-28
-85
3
-74
-14
71
33
68
-48
-19
4
-37
-15
22
39
-19
-73
-25
-66
-7
-96
-49
-11
-41
-8
-44
-90
-54
-4
-52
10
-19
-66
51
8
-11
-25
44
-7
-13
22
-10
-1
-70
-31
5
-48
5
22
32
17
-7
16
-24
-35
27
-6
-58
-59
6
-35
-24
-88
-19
-9
-43
-30
-5
-14
23
-78
-48
-45
46
1
-3
-24
14
-41
-44
-15
-38
16
-17
-29
-5
40
-88
-26
17
-36
-77
13
-15
18
-35
-33
-15
0
-77
31
-9
-28
-57
-12
-13
-5
-41
-3
-37
-13
-27
31
13
14
-50
-13
-40
-68
-37
-2
-1
66
3
52
-111
-34
96
-43
-65
13
-34
-41
-38
0
-55
46
10
-53
-23
6
15
12
-37
-2
-5
-45
-66
-33
-8
-46
-33
-14
9
-54
-69
-72
-42
-74
-28
4
15
25
-29
-10
20
1
66
0
-23
-7
6
82
10
19
-21
-53
-51
-53
1
-51
-53
-46
-15
-18
67
-27
-13
-71
-11
-17
17
-28
-92
11
-71
-15
73
30
66
-51
-21
7
-38
-14
18
46
-25
-74
-29
-67
8
-96
-39
-10
-38
-5
-39
-93
-47
1
-50
7
-14
-64
52
12
-9
-30
49
-15
-5
21
-12
4
-63
-32
10
-37
5
28
35
19
-5
8
-23
-40
32
-9
-52
-52
0
-32
-23
-93
-10
-11
-49
-35
-10
-21
16
-79
-48
-47
42
1
-10
-25
15
-40
-43
-21
-41
21
-19
-19
-5
45
-83
-22
17
-37
-89
15
-16
19
-35
-37
-19
-5
-76
26
-9
-26
-54
-20
-10
-10
-49
-4
-41
-11
-30
35
10
14
-46
-15
-45
-67
-37
1
-6
62
3
47
-111
-29
102
-37
-69
10
-25
-39
-40
-5
-53
47
7
-56
-23
4
15
12
-38
-4
-8
-48
-74
-27
-5
-45
-37
-15
7
-60
-66
-73
-38
-75
-27
3
10
23
-31
-10
19
-1
59
-1
-23
-5
3
94
12
12
-27
-55
-52
-53
1
-48
-46
-48
-16
-14
68
-28
-10
-80
-10
-18
17
-27
-93
6
-76
-11
73
31
66
-51
-19
6
-39
-9
20
44
-22
-74
-29
-63
0
-91
-49
-10
-43
-6
-43
-93
-51
1
-50
10
-15
-63
52
13
-12
-27
45
-6
-8
23
-11
2
-65
-27
9
-40
6
25
36
23
-10
12
-24
-39
29
-6
-54
-55
4
-35
-22
-92
-17
-9
-45
-33
-5
-17
22
-75
-49
-48
46
-1
-2
-28
16
-43
-44
-19
-39
20
-11
-29
-4
42
-91
-22
20
-35
-81
17
-12
18
-38
-30
-15
1
-78
27
-10
-30
-54
-11
-6
-4
-49
-12
-41
-10
-36
31
11
18
-52
-14
-53
-67
-37
0
-8
71
-3
43
-99
-35
103
-34
-63
16
-29
-51
-36
-5
-59
46
15
-62
-26
16
22
17
-43
8
-12
-47
-74
-33
-14
-38
-32
-12
9
-60
-81
-72
-26
-69
-35
-4
17
36
-20
-5
26
12
70
-3
-19
0
16
87
11
21
-18
-68
-44
-45
5
-56
-63
-55
-25
-11
65
-19
-16
-80
-5
-21
17
-27
-96
14
-80
-20
79
11
83
-42
-7
7
-36
-17
12
46
-19
-75
-46
-63
6
-93
-54
-9
-33
-4
-42
-94
-56
1
-51
13
-12
-63
59
10
-16
-33
52
-6
-5
35
-13
1
-71
-30
3
-44
-1
32
24
18
-6
19
-14
-42
22
-6
-61
-49
4
-36
-19
-88
-16
-1
-43
-40
-17
-20
21
-83
-60
-45
37
1
-9
-38
24
-35
-48
-38
-35
18
-20
-30
-4
47
-96
-30
20
-26
-87
19
-21
20
-26
-26
-22
-12
-74
30
-13
-30
-52
-28
-2
-16
-47
4
-45
7
-23
0
5
15
-20
10
-43
-77
-33
-37
-13
14
-2
29
-67
-41
70
-1
-54
18
-33
-44
-37
-3
-68
2
-16
-39
-4
-3
-1
-2
-20
6
-14
-39
-58
-26
9
-5
-10
-16
11
-52
-64
-61
-20
-41
-17
29
-3
23
-48
-16
13
7
41
8
-11
-32
1
57
-2
18
-17
-59
-51
-57
6
-15
-42
-48
6
-12
57
-21
-15
-74
-30
-12
-6
-34
-82
-23
-49
-29
49
2
15
-41
-9
-23
-41
-4
20
21
-25
-57
-43
-35
-14
-51
-46
18
-33
-3
-25
-62
-72
-21
-40
23
-46
-51
38
0
-31
-17
13
-9
3
20
-2
6
-66
-25
-9
-36
2
25
-4
13
-30
42
-21
-22
18
-18
-46
-50
-15
-46
-14
-46
-26
-9
-8
-27
22
4
0
-95
-44
-38
14
4
14
-16
-8
-28
-50
-24
-32
11
-8
1
-34
15
-73
-33
26
-25
-77
-6
-15
9
-45
-8
-29
9
-57
7
5
-41
-52
-27
7
-19
-57
-4
-27
3
-29
-2
12
23
-20
-1
-23
-43
-22
-30
19
42
9
33
-52
-56
74
10
-52
29
-64
-30
-46
-13
-64
-15
4
-20
2
3
10
-23
1
35
-4
-44
-39
-35
15
9
-16
-18
8
-58
-77
-63
-26
-39
-24
16
10
44
-42
-8
23
5
71
14
15
-31
-12
27
4
26
2
-73
-32
-71
15
-47
-73
-42
0
-30
64
-25
-2
-53
-12
-29
12
-31
-72
-4
-35
-29
43
-25
19
-28
5
-29
-51
-5
32
-1
-22
-52
-30
-46
7
-49
-30
14
-22
7
-38
-58
-58
-23
-21
45
-20
-24
27
11
-28
-10
25
-9
21
13
2
2
-64
-20
-5
-48
-17
33
19
11
-23
51
-27
-40
5
-31
-29
-33
-27
-16
-21
-16
3
-8
-24
-30
13
-6
-3
-86
-45
-39
-15
-4
14
-6
-15
-20
-64
-32
-29
18
-23
2
-35
21
-68
-16
22
-45
-90
2
-24
-7
-30
-27
-17
-12
-51
9
1
-15
-18
1
-5
-25
-63
-1
-23
-1
-36
38
18
37
-45
-17
-68
-56
-24
-1
-7
87
23
50
-89
-44
103
-31
-53
10
-32
-51
-37
-14
-52
41
34
-62
-27
26
47
3
-34
1
-16
-53
-67
-32
-11
-35
-16
-14
10
-46
-88
-77
-39
-76
-50
-9
43
54
-28
-22
36
12
68
-3
-4
-5
28
93
15
14
-10
-59
-43
-34
7
-67
-82
-45
-57
-17
88
-9
-14
-73
-3
-28
22
-21
-92
20
-72
-19
86
6
88
-23
14
14
-45
-8
7
41
-15
-71
-43
-75
30
-90
-60
-12
-34
-6
-42
-90
-44
16
-43
14
-4
-71
53
23
-12
-21
48
5
12
19
-9
4
-58
-44
7
-65
-13
40
23
12
-1
28
-15
-33
21
-16
-67
-48
14
-39
-12
-87
-2
-2
-52
-35
-25
-14
21
-86
-48
-55
33
-1
-18
-37
18
-31
-46
-54
-38
21
-26
-48
-12
42
-97
-23
20
-33
-91
19
-13
20
-19
-37
-27
-19
-70
25
-12
-28
-42
-14
-13
-20
-45
-2
-44
-8
-31
36
23
20
-47
-11
-54
-65
-35
-4
-8
69
2
43
-102
-34
94
-24
-56
13
-32
-48
-33
-3
-55
41
17
-59
-29
17
27
13
-32
-9
-9
-49
-69
-31
-6
-41
-25
-9
10
-51
-66
-72
-35
-70
-29
-11
28
31
-28
-19
24
6
60
4
-22
-8
14
87
9
21
-17
-54
-45
-38
4
-49
-57
-49
-31
-11
71
-14
-14
-77
-8
-16
11
-26
-84
7
-67
-16
81
22
71
-41
-4
3
-39
-14
15
48
-18
-68
-35
-62
2
-96
-48
-3
-41
-8
-44
-90
-48
0
-52
10
-16
-68
50
11
-13
-24
45
-2
-2
25
-9
3
-70
-38
3
-48
1
26
28
16
-12
20
-16
-38
27
-15
-54
-58
14
-41
-17
-89
-12
-8
-42
-32
-12
-6
23
-76
-50
-55
40
-4
-8
-35
8
-30
-47
-33
-35
14
-20
-35
-11
41
-86
-31
14
-25
-83
7
-27
13
-30
-28
-26
-9
-64
25
-4
-22
-54
-11
-14
-20
-38
-5
-41
-3
-29
36
16
22
-47
-11
-50
-63
-33
-1
-11
70
0
43
-100
-36
87
-24
-51
15
-32
-46
-32
-3
-56
40
15
-57
-29
21
30
6
-30
-12
-12
-51
-69
-35
-5
-41
-22
-12
7
-43
-65
-67
-36
-74
-31
-5
27
32
-27
-18
29
5
56
4
-22
-7
15
84
11
19
-18
-47
-47
-30
8
-42
-57
-47
-34
-11
71
-14
-18
-73
-12
-9
17
-26
-84
10
-64
-18
83
24
70
-40
-6
11
-40
-7
18
47
-18
-75
-34
-64
3
-92
-42
1
-37
-12
-39
-85
-42
3
-48
10
-11
-72
56
8
-8
-28
48
3
4
21
-9
3
-70
-40
4
-44
-1
34
21
11
-14
20
-17
-35
26
-18
-54
-59
14
-41
-18
-91
-9
-6
-42
-28
-14
-14
21
-78
-48
-56
39
-2
-11
-36
10
-28
-42
-34
-34
15
-23
-33
-11
39
-84
-30
13
-26
-84
9
-17
13
-26
-34
-27
-10
-65
16
-3
-17
-55
-14
-9
-21
-44
-2
-40
-5
-34
37
16
21
-46
-12
-50
-66
-32
-3
-9
69
1
45
-100
-30
96
-23
-54
13
-31
-47
-36
-5
-56
43
16
-56
-29
16
27
11
-29
-10
-9
-49
-73
-30
-6
-45
-26
-11
8
-51
-66
-71
-38
-72
-31
-6
25
33
-26
-17
28
6
58
4
-19
-6
17
87
10
18
-16
-51
-43
-38
7
-47
-55
-55
-32
-11
72
-17
-12
-80
-9
-17
18
-27
-83
9
-66
-15
80
19
78
-39
-5
7
-42
-11
16
47
-20
-67
-36
-61
2
-95
-49
-4
-40
-6
-43
-86
-46
2
-50
10
-14
-73
54
8
-11
-28
46
-2
-1
25
-9
3
-71
-39
2
-46
-1
28
27
13
-10
20
-18
-39
28
-14
-55
-58
12
-44
-17
-93
-7
-4
-42
-31
-13
-13
23
-74
-55
-52
38
-1
-7
-38
10
-32
-44
-37
-35
14
-19
-35
-11
42
-85
-28
13
-27
-81
7
-21
13
-27
-28
-26
-6
-67
20
-4
-19
-54
-7
-5
-20
-54
-4
-28
-9
-33
31
15
29
-45
-12
-62
-63
-30
-3
-10
79
9
43
-91
-40
104
-28
-59
14
-32
-53
-37
-8
-54
32
27
-60
-28
30
31
6
-36
0
-13
-51
-72
-34
-6
-29
-20
-3
11
-48
-82
-76
-30
-72
-45
-5
25
49
-21
-14
26
15
73
-5
-14
-3
24
83
14
21
-9
-62
-46
-37
6
-55
-74
-51
-47
-11
77
-13
-10
-73
-7
-25
21
-26
-96
19
-72
-21
87
6
77
-33
9
10
-44
-13
10
37
-13
-72
-43
-62
14
-91
-61
1
-35
-6
-43
-91
-51
7
-43
16
-6
-71
57
15
-12
-28
47
-5
8
30
-9
10
-63
-44
3
-58
-8
41
17
11
-4
31
-15
-36
21
-16
-56
-48
9
-38
-12
-84
-2
-5
-46
-33
-21
-15
16
-79
-60
-54
34
2
-16
-44
14
-32
-44
-49
-42
25
-28
-41
-15
40
-95
-34
14
-23
-95
16
-24
16
-20
-27
-27
-17
-68
22
-12
-26
-51
-26
9
-21
-59
4
-25
5
-22
2
6
16
-16
10
-25
-60
-21
-31
4
35
10
32
-49
-49
70
10
-53
30
-50
-36
-45
-8
-66
-14
1
-32
-7
4
8
-14
-12
24
-6
-41
-49
-37
15
2
-8
-20
10
-51
-75
-63
-26
-34
-24
26
3
39
-42
-11
15
-1
67
5
-3
-34
-15
37
-3
20
-4
-68
-41
-67
8
-43
-61
-42
-7
-20
66
-15
-6
-61
-28
-17
5
-34
-84
-20
-38
-30
53
-15
22
-29
9
-32
-49
-1
26
12
-27
-56
-42
-34
1
-57
-46
16
-27
1
-31
-59
-67
-21
-27
37
-26
-36
42
0
-23
-4
26
-11
15
12
-3
9
-71
-29
-10
-40
-3
39
2
8
-31
54
-27
-24
12
-20
-35
-32
-21
-37
-17
-31
-5
-16
-15
-28
17
-7
-7
-98
-52
-43
-1
2
14
-13
-8
-21
-59
-31
-34
22
-16
-1
-34
16
-66
-21
28
-29
-97
-2
-18
0
-36
-14
-19
-8
-51
1
13
-29
-38
-67
8
-35
-13
10
-25
2
-31
-31
13
10
8
42
-21
-63
-23
-19
-28
-44
-43
6
-10
-66
80
55
-30
7
-24
-10
-43
-3
-59
-44
-7
0
-11
-25
-49
-31
6
-1
-12
8
-27
-27
19
36
-22
-18
22
-53
-52
-69
19
-7
9
64
-16
7
-79
-25
16
19
-6
32
7
-74
-9
21
-21
-7
48
-36
-52
-78
57
45
-17
-34
44
9
43
-14
27
-34
-54
-26
-21
-17
-78
-49
-19
-42
9
2
-89
-56
26
-38
-45
-3
24
-31
-21
-52
-24
2
1
11
-3
46
-11
-14
-25
-39
-74
-43
-20
25
-47
-56
-22
13
-41
-19
-23
10
13
15
21
-10
-42
13
-22
-19
-22
22
-9
-3
-40
46
-25
-20
-22
-22
-25
-47
-40
-19
-8
19
-22
-14
37
4
44
36
-20
-61
-16
-17
-10
-4
61
22
-43
-39
-61
15
-20
-11
5
-3
-64
-15
-75
-53
13
-52
-42
23
-40
-16
-47
-23
-55
3
-48
-8
-9
-11
-35
-20
9
-31
-36
0
-16
0
-19
-7
12
18
-24
18
-52
-52
-27
-28
-4
21
-7
33
-44
-55
48
-1
-47
17
-38
-28
-28
-16
-72
-14
9
-32
-8
2
16
-23
-16
29
7
-37
-30
-45
7
-1
-17
-18
5
-44
-73
-69
-11
-44
-40
28
21
35
-59
-12
24
18
44
7
3
-42
-13
44
-3
33
1
-55
-26
-53
4
-21
-59
-40
-13
-8
46
-23
0
-38
-41
-22
11
-18
-82
2
-34
-28
49
-9
-10
-28
4
-36
-58
6
35
-15
-18
-47
-24
-37
8
-31
-38
17
-18
-10
-39
-56
-34
-32
-19
44
-15
-19
20
13
-33
-7
6
-11
39
-13
15
0
-81
-25
-27
-32
-9
22
-9
1
-18
37
-23
-34
0
-26
-44
-44
-23
-31
-29
-48
-6
-33
-26
-23
10
-13
-15
-88
-36
-26
3
2
10
-4
-25
-8
-63
-34
-34
14
-29
-3
-45
1
-58
-25
6
-49
-100
-17
-27
-6
-24
-21
-42
-7
-28
-23
6
-7
-41
-35
-2
-37
-23
15
-40
3
-23
-1
12
5
-19
19
-51
-68
-26
-27
-23
8
-16
31
-57
-41
61
14
-43
6
-23
-34
-19
-3
-65
-6
-10
-40
-5
3
7
-11
-22
-9
-3
-41
-28
-30
7
-10
-17
-12
15
-30
-54
-66
-15
-54
-23
33
3
12
-70
-29
17
4
13
9
-21
-39
0
65
3
29
-11
-35
-39
-45
1
8
-23
-36
-4
5
47
-18
-4
-58
-52
-13
-8
-21
-67
-17
-39
-21
41
19
-20
-40
-1
-28
-43
4
29
1
-19
-46
-19
-39
-16
-25
-42
19
-23
-24
-46
-57
-54
-29
-33
26
-31
-32
31
2
-36
-10
-12
8
11
-1
15
-6
-78
-20
-22
-34
-7
14
-22
13
-32
30
-25
-24
6
-25
-48
-61
-5
-48
-25
-49
-29
-23
-6
-11
22
15
-8
-78
-40
-29
28
-3
24
-8
-22
-18
-56
-13
-33
2
-22
-19
-37
-6
-60
-43
10
-33
-78
-29
-32
0
-42
-16
-38
8
-33
-17
3
-22
-56
-32
-3
-40
-19
13
-37
2
-22
-1
9
8
-22
20
-47
-71
-31
-24
-22
12
-13
32
-59
-41
57
11
-43
7
-28
-34
-22
-1
-67
-2
-12
-37
-4
4
10
-13
-19
-7
-2
-45
-25
-29
6
-14
-16
-14
14
-31
-57
-62
-17
-56
-21
35
7
11
-66
-24
14
4
19
9
-19
-37
-1
67
4
37
-11
-35
-39
-43
5
8
-28
-38
-7
-1
48
-19
-9
-58
-53
-13
-8
-20
-66
-18
-34
-24
42
19
-15
-38
-6
-28
-43
-1
28
1
-18
-51
-20
-38
-16
-30
-39
20
-22
-22
-43
-53
-54
-33
-33
27
-33
-35
35
4
-36
-9
-8
4
13
-2
16
-8
-73
-24
-21
-31
-7
13
-23
10
-30
24
-25
-25
9
-24
-45
-65
-5
-44
-24
-52
-28
-23
-7
-7
17
9
-7
-82
-39
-31
27
-4
24
-6
-20
-17
-52
-17
-30
2
-22
-13
-33
-3
-64
-39
6
-33
-82
-26
-27
-1
-44
-18
-40
5
-35
-14
1
-26
-57
-30
0
-38
-22
14
-41
2
-23
1
10
11
-24
18
-46
-68
-28
-24
-22
12
-14
30
-60
-40
63
12
-43
9
-26
-35
-22
-4
-66
-3
-11
-39
-7
4
7
-11
-20
-5
-5
-44
-31
-29
7
-10
-16
-13
13
-35
-57
-66
-15
-55
-25
32
2
11
-68
-25
13
7
19
9
-19
-38
0
65
4
31
-10
-40
-39
-46
1
7
-28
-39
-8
2
47
-18
-7
-60
-48
-15
-4
-20
-68
-15
-41
-24
42
15
-10
-37
-2
-27
-45
0
27
2
-17
-45
-20
-37
-19
-29
-45
20
-27
-20
-43
-57
-53
-30
-33
27
-34
-34
32
2
-33
-7
-6
4
11
3
16
-5
-80
-20
-21
-34
-6
13
-18
12
-31
32
-25
-24
5
-20
-49
-60
-2
-46
-28
-50
-28
-21
-4
-10
15
8
-8
-79
-43
-31
26
0
23
-10
-21
-18
-55
-17
-31
3
-23
-16
-36
-2
-62
-40
7
-32
-82
-27
-28
0
-39
-16
-37
4
-34
-13
3
-23
-56
-24
7
-30
-35
7
-22
-2
-22
-12
7
12
-23
20
-37
-61
-24
-21
-15
23
-11
32
-47
-48
60
6
-52
17
-35
-33
-25
-14
-64
-10
-3
-38
-5
4
10
-22
-22
15
2
-46
-28
-40
7
-3
-18
-9
12
-41
-73
-65
-12
-44
-30
26
16
23
-60
-14
14
14
44
2
-9
-40
-10
55
-2
35
-5
-52
-29
-51
1
-14
-51
-40
-21
-2
48
-20
-2
-46
-46
-26
8
-19
-81
-3
-37
-32
45
3
-5
-31
8
-31
-51
1
23
-10
-17
-48
-27
-34
0
-29
-43
19
-20
-15
-48
-62
-48
-29
-23
39
-25
-23
36
8
-32
-4
1
-11
26
-1
13
-1
-74
-24
-22
-33
-9
26
-22
8
-21
31
-21
-35
1
-21
-46
-47
-13
-37
-26
-46
-13
-31
-13
-20
11
-7
-14
-83
-46
-27
14
-2
13
-14
-14
-15
-62
-29
-32
15
-25
-13
-38
1
-63
-32
11
-34
-95
-17
-34
-4
-28
-18
-34
-8
-34
-17
3
-19
-48
-61
9
-34
-33
9
-35
0
-20
-26
-1
-3
8
29
-18
-68
-16
-22
-23
-41
-33
8
-24
-53
56
50
-29
15
-22
-12
-43
3
-63
-47
-15
-10
-6
-21
-36
-29
-4
-6
-17
-1
-29
-29
19
17
-16
-22
16
-51
-50
-63
-2
-16
-4
55
-21
9
-75
-29
12
13
-4
22
7
-67
-10
39
-15
-2
28
-45
-45
-73
42
39
-13
-38
22
1
54
-10
12
-44
-57
-31
-10
-30
-80
-54
-18
-37
15
7
-64
-49
17
-36
-47
0
20
-28
-23
-46
-29
-7
-13
5
-27
40
-10
-12
-31
-33
-72
-38
-26
23
-58
-42
0
7
-35
-17
-24
5
21
13
20
-3
-61
1
-21
-20
-12
23
-24
5
-49
51
-17
-19
-14
-23
-28
-47
-20
-34
-3
0
-27
-16
25
-5
38
36
-15
-59
-17
-25
-5
-4
42
0
-36
-39
-65
7
-10
-7
3
-3
-53
-25
-51
-55
7
-27
-51
3
-23
-14
-52
-8
-35
14
-41
-30
9
-19
-58
