-55
-22
-12
14
21
-48
-47
-48
-73
-57
-50
-63
-67
-78
-65
-70
-61
-68
-47
-80
-18
6
3
-8
-57
-58
-76
-87
-43
-44
-89
11
-68
-39
5
-126
-70
-115
-30
-65
-48
-112
-91
-74
-95
-77
-29
-60
-80
-63
-65
-65
-58
-47
-41
-38
-63
-109
-85
37
17
-51
-58
-40
-29
-39
-49
-78
-54
-61
-65
-5
-73
37
-65
-48
-27
-34
-2
-24
-60
-68
-54
-87
-72
-83
-78
-42
-63
-21
-62
-65
-29
-54
9
-71
-51
-95
-73
-65
-56
-79
-86
5
-56
-80
-32
43
-59
-77
-51
89
-11
-36
-55
-70
-95
3
-117
-92
-91
-92
-86
-52
-69
-53
-43
-33
-34
-20
-38
-57
10
-50
-67
-63
-70
-68
-85
-96
-75
-52
-85
-72
-54
-68
-35
-66
-62
-52
-79
-33
-68
-33
-82
-71
-59
-98
-67
-87
-84
-52
-46
-39
-47
-76
-50
-81
-74
-84
-58
-33
-62
-61
-75
-106
-86
-103
-24
-46
-57
-64
-83
-67
-66
-69
-41
-31
-103
-58
-67
-81
-100
-105
-86
-26
-57
-77
-51
-56
-54
-65
-63
-36
-38
-77
-71
-73
-71
-74
-120
-80
-65
-55
-68
-70
-64
-54
-59
-44
-42
-50
-58
-49
-53
-84
-85
-90
-66
-70
-85
-84
-74
-51
-59
-75
-60
-63
-52
-35
-55
-58
-76
-71
-55
-58
-52
-40
-72
-60
-74
-43
-39
-54
-23
-94
-52
-71
-63
-61
-71
-121
-94
-71
-55
-69
-31
-91
-105
-61
-64
-69
-62
-81
-79
-86
-43
-50
-53
-73
-46
-31
-50
-44
-23
-23
-70
-60
-32
-75
-73
-82
-54
-45
-60
-44
-57
-66
-72
-55
-86
-20
-90
-53
-70
-86
-42
-30
-21
-66
-12
-34
-18
2
-6
1
-44
-29
22
-46
-44
-90
-78
-69
-37
-85
-21
-43
-39
-87
-64
-92
-72
-72
-75
-101
-65
-54
-69
-111
-90
-94
-62
-113
-109
-98
-88
-81
-82
-63
-56
-81
-81
-75
-28
-68
-43
-62
-47
-38
-61
-17
-25
-60
-37
-71
-51
-55
-79
-48
-73
-69
-111
-93
-85
-92
-61
-52
-50
-71
-34
-65
-64
-80
-60
-71
-95
-75
-69
-44
-51
-100
-62
-41
-51
-32
-33
-25
-60
57
-24
16
25
-40
-91
-30
-98
-82
-90
30
-100
-75
-28
-5
-28
-128
17
-27
-2
15
-26
-19
-70
-58
-50
-58
-38
-49
-81
11
-7
-72
-29
-63
-59
-36
-87
-13
-28
-42
-18
-12
-11
-65
-83
-51
-11
-16
-42
-76
-100
8
-48
-44
-72
-47
-62
-4
-106
-37
-86
-54
-34
-22
-14
26
-66
-78
-66
-18
43
-55
-67
14
-56
-41
-77
-61
-34
-9
-30
-2
-25
-52
-67
-17
-6
15
8
-69
-19
-63
-39
-59
-17
-79
-47
-48
-16
-17
-56
18
-60
-13
-16
-35
-21
-1
26
-94
-59
-85
34
10
-38
-3
-50
2
-39
-49
-67
-83
-71
-17
-75
-102
-30
-3
-25
-82
89
-12
-62
-64
4
-51
-66
-56
-29
-25
-43
-28
19
-27
-45
-5
11
-83
-68
-14
-36
-18
-7
-36
-101
-119
-24
-32
3
-12
-33
-68
-45
5
-102
-66
-45
-39
-26
-88
-1
-78
-19
-73
19
-77
-66
-35
-45
-4
-74
-79
-66
11
-32
-9
-85
1
-28
-46
-80
-48
-59
28
-21
-93
-11
-44
-34
-25
29
-14
27
-84
46
12
-16
59
-21
-106
-28
-56
-99
-22
-41
-29
30
-83
-13
60
-8
-81
38
21
-117
-79
78
-51
-42
9
-34
-32
13
-25
-98
-51
-23
-64
-57
-85
-86
-15
-42
24
110
-45
-81
-45
-23
-64
90
-18
-49
-54
-115
-66
-110
-38
-56
-55
-62
-85
9
-63
26
-67
6
-43
-40
-49
-74
-85
-17
10
20
-95
-77
34
-21
-20
-18
28
-16
-5
-28
10
-27
-64
-16
-60
-80
-38
-19
-55
-72
-13
12
-81
-74
-19
-32
-27
-24
-42
-51
-122
-97
5
-56
-65
11
40
-60
-41
13
-79
-21
-118
-83
4
47
-77
19
-41
-57
-41
-69
-54
-41
-70
-88
4
-18
-14
-100
-51
-3
-1
-79
-72
-12
-68
-48
-11
-21
-8
-63
-16
-53
28
-45
-50
-55
-6
8
-45
-58
-108
-78
-23
12
36
-88
-6
-12
-35
-101
15
-51
33
-31
-34
9
0
-22
-57
45
-21
-23
-89
-72
-45
12
23
29
-37
-35
-68
-80
-14
-77
-51
-40
-52
-57
-37
-3
-44
-61
-35
-45
-64
-82
-98
-19
-32
-47
-66
-31
-67
-57
-5
-24
-4
-49
-36
-80
-81
81
-14
-103
-71
-46
-32
-45
-79
22
-6
-7
-57
-52
-53
-51
-51
29
-71
-20
-2
-55
-14
-48
-49
-56
-59
18
52
28
-82
-14
-29
-3
25
27
-91
56
23
-110
-82
-58
-23
-49
-3
14
-37
-81
-80
-61
-62
-102
-27
-61
-61
2
-53
-113
14
-54
-42
-52
-12
-32
1
-25
-18
-24
-1
-41
-82
-70
12
-94
-81
30
-23
-65
-57
-15
-23
10
-23
-35
-30
-6
-35
1
18
-36
17
27
-37
-38
-69
-104
-39
-86
-81
-27
-82
-46
-14
12
-49
-56
-127
-63
-103
-107
-65
-75
-30
-71
-78
-62
-91
-83
-91
-95
-67
-76
-110
-74
-80
-34
-75
-102
-52
-84
-84
-8
-27
0
-8
-53
-27
-7
-98
-77
-24
-61
-79
-50
-71
-77
-80
-77
-76
29
-8
15
-31
-97
33
-95
-79
-57
-82
-47
-73
-48
-84
-18
-69
-56
-16
-71
4
-46
-48
-54
-77
-54
-74
-80
-103
-104
-99
-123
-119
-41
24
