-105
-115
-121
-114
-109
-122
-107
-104
-123
-115
-119
-109
-117
-119
-106
-114
-105
-116
-92
-104
-113
-121
-111
-114
-113
-74
-113
-115
-118
-112
-123
-123
-108
-102
-116
-111
-119
-98
-119
-118
-108
-105
-116
-117
-124
-86
-111
-125
-109
-93
-101
-122
-114
-111
-114
-111
-121
-110
-121
-122
-115
-113
-119
-122
-110
-120
-100
-104
-116
-121
-119
-127
-114
-111
-121
-120
-108
-114
-109
-110
-116
-112
-71
-89
-110
-119
-117
-28
-116
-101
-105
-113
-117
-116
-120
-110
-116
-108
-127
-85
-69
-113
-118
-124
-124
-117
-111
-114
-109
-123
-125
-124
-105
-110
-76
-114
-123
-123
-57
-104
-124
-114
-116
-122
-111
-103
-113
-111
-113
-122
-123
-105
-121
-114
-111
-112
-125
-115
-68
-123
-122
-111
-120
-117
-114
-120
-117
-106
-36
-113
-118
-124
-119
-120
-111
-116
-92
-113
-103
-113
-117
-105
-122
-123
-111
-113
-126
-20
-118
-122
-108
-126
-115
-108
-117
-110
-85
-126
-91
-110
-122
-114
-107
-105
-120
-119
-116
-123
-100
-115
-108
-115
-115
-104
-103
-82
-116
-108
-89
-123
-119
-120
-102
-124
-109
-119
-105
-113
-118
-120
-114
-114
-119
-104
-23
-109
-109
-106
-123
-113
-113
-125
-106
-113
-121
-116
-111
-119
-122
-125
-90
-91
-112
-124
-121
-121
-114
-36
-127
-116
-115
-110
-103
-112
-117
-126
-113
-122
-105
-119
-108
-120
-119
-80
-97
-123
-120
-110
-110
-113
-117
-121
-109
-108
-108
-122
-120
-123
-111
-115
-114
-117
-78
-117
-114
-117
-117
-118
-117
-117
-10
-103
-124
-119
-33
-100
-119
-119
-98
-109
-113
-110
-117
-121
-121
-112
-117
-125
-109
-101
-101
-115
-121
-113
-97
-118
-103
-121
-110
-118
-114
-114
-122
-124
-100
-107
-101
-111
-118
-99
-115
-97
-108
-115
-111
-124
-125
-11
-121
-72
-64
-101
-118
-121
-119
-127
-105
-58
-123
-53
-109
-117
-126
-122
-123
-122
-121
-104
-112
-121
-114
-111
-117
-117
-114
-123
-105
-48
-37
-121
-126
-109
-119
-59
-112
-125
-127
-124
-123
-111
-110
-68
-112
-117
-119
-111
-121
-114
-104
-93
-119
-126
-124
-123
-123
-117
-124
-121
-122
-122
-106
-108
-122
-116
-111
-122
-122
-118
-110
-110
-110
-121
-112
-120
-114
-120
-112
-109
-117
-118
-113
-101
-119
-117
-107
-118
-108
-115
-100
127
-100
-112
-117
-121
-49
-119
-107
-125
-114
-116
-99
-42
-126
-122
-32
-121
-126
-124
-102
-111
-104
-108
-107
-118
-51
-123
-107
-123
-124
-115
-125
-115
-111
-115
-109
-107
-112
-111
-126
-61
-107
-126
-125
-119
-117
-106
-123
-108
-120
-126
-82
-110
-101
-106
-105
-88
-121
-101
-106
-67
-86
-114
-110
-125
-113
-67
-123
-117
-95
-118
-122
-74
-111
-121
-117
-125
-111
-115
-120
-101
-108
-84
-114
-124
-117
-117
-113
-117
-86
-113
-119
-119
-114
-80
-108
-105
-117
-103
-118
-108
-127
-86
-122
-118
-115
-111
-105
-113
-127
-119
-119
-102
-107
-120
-121
2
-73
-126
-122
-107
-110
-102
-120
-122
-118
-122
-89
-121
-126
-104
-120
-118
-38
-116
-108
-122
-123
-113
-124
-111
-127
-120
-101
-119
-109
-63
-78
-73
-29
-125
-8
-116
-97
-112
-85
-88
-124
-122
-101
-119
-104
-124
-111
3
-117
-106
-116
-126
-98
-96
-117
-102
-116
-102
-127
-117
-117
-109
-106
-117
-110
-96
-116
-117
-112
-117
-121
-103
-81
-121
-101
-102
-124
-116
-125
-111
-123
-122
-108
-124
-110
-122
-126
-114
-111
-106
-113
-110
-105
-115
-126
-109
-104
-118
-111
-124
-109
-118
-113
-84
-115
-109
-108
-124
-126
-117
-124
-121
-103
-111
-114
-122
-109
-116
-117
-112
-117
-118
-41
-122
-109
-116
-101
-106
-126
-117
-37
-105
-114
-124
-108
-122
-102
-121
-115
-118
-96
-112
-107
-116
-113
-117
-110
-87
-115
-122
-119
-106
-117
-77
-111
-110
-123
-114
-57
-117
-46
-111
-103
-77
-114
-121
-119
-121
-117
-103
-98
-118
-117
-110
-112
-110
-108
-122
-123
-109
-122
-126
-112
-55
-99
-72
-120
-112
-112
-103
-124
-108
-116
-113
-108
-122
-117
-99
-58
-118
-104
-120
-106
-112
-114
-115
-114
-120
-120
-114
-121
-118
-105
-121
-121
-101
-30
-120
-102
-119
-104
-122
-98
-124
-118
-104
-117
-105
-73
-111
-119
-118
-121
-113
-112
-102
-120
-118
-121
-109
-109
-120
-122
-116
-114
-112
-112
-100
-109
-124
-120
-107
-124
-113
-119
-118
-113
-111
-103
-115
-127
-124
-82
-120
-100
-116
-62
-125
-109
-105
-113
-114
-123
-100
-123
-32
-80
-115
-112
-111
-118
-108
-101
-119
-111
-123
-113
-106
-104
-123
-119
-108
-111
-121
-115
-112
-96
-8
-102
-112
-127
-118
-120
-109
-106
-106
-123
-103
-107
-111
-122
-107
-106
-114
-114
-116
-105
-124
-120
-116
-35
-106
-104
-84
-106
-111
-110
-102
-112
-117
-113
-122
-123
-120
41
-121
-108
-122
-119
-33
-117
-113
-122
-120
-118
-118
-118
-109
-106
-111
-113
-123
-104
-117
-103
-106
-88
-120
-121
-111
-118
-114
-123
-126
-123
-122
-89
-119
-117
-111
-126
-121
-121
-94
-125
-106
-120
-126
-122
-117
-76
-73
-124
-58
-119
-107
-112
-122
-120
-108
-106
-61
-108
-118
-118
-117
-121
-120
-114
-116
-124
-117
-115
-124
-111
-118
-106
-123
-110
-117
-46
-125
-119
-119
-124
-104
-122
-103
-109
-125
-30
-98
-114
-117
-104
-117
-117
-113
-100
-118
-112
-83
-110
-112
-102
-124
-115
-112
-96
-117
-122
-45
-112
-115
-125
-126
-109
-63
-106
-52
-121
-112
-120
-120
-123
-121
-125
-103
-103
-104
-116
-108
-125
-114
-126
-117
-106
-116
-115
-126
-109
-123
-62
-119
-125
-123
-125
-124
-111
-114
-104
-111
-112
-116
-68
-111
-106
-122
-119
-113
-119
-115
-118
-60
-119
-75
-121
-120
-118
-126
-108
-102
-115
-122
-127
-125
-119
-114
-112
-123
-113
-125
-108
-118
-110
-114
-117
-115
-121
-114
-111
-49
-123
-120
-123
-120
-96
-120
-102
-122
-107
-125
-52
-121
-117
-105
-122
-97
-80
-105
-109
-118
-121
-120
-110
-119
-124
-106
-122
-122
-73
-115
-105
-114
-122
-110
-115
-64
-116
-123
-115
-124
-116
-126
-111
-119
-122
-97
-112
9
-108
-124
-113
-113
-79
-118
-100
-116
-68
-108
-117
-117
-115
-121
-108
-124
-122
-124
-116
-45
-101
-121
-107
-121
-122
-115
-112
-101
-118
-94
-117
-110
-106
-115
-109
-114
-116
-121
-62
-105
-115
-106
-115
-102
-30
-104
-126
-122
-119
-126
-105
-102
-108
-124
-122
-118
-121
-110
-68
-121
2
-119
-105
-110
-102
-124
-116
-112
-108
-104
-118
-124
-121
-125
-126
-111
-105
-110
-109
-117
-106
-55
-123
-125
-122
-120
-122
-122
-124
-100
-117
-121
-119
-123
-123
-115
-115
-93
-121
-121
-114
-117
-119
-125
-105
-111
-102
-126
105
-81
-117
-112
-122
-117
-125
-95
-120
-124
-84
-122
-116
-117
-111
-99
-113
-126
-114
-106
-101
-125
-119
-117
-110
-117
-112
-125
-119
-116
-125
-126
-118
-118
-116
-67
-115
-111
-119
-110
-119
-119
-120
-126
-113
-119
-101
-113
-12
-126
-116
-109
-77
-118
-100
-109
-110
-120
-123
-119
-90
-111
-110
-121
-112
-123
