-77
-43
-78
-39
-72
-55
-47
-50
-39
-46
-47
-78
-33
-99
-74
-55
-69
-98
-63
-42
-66
-47
-36
-79
-57
-82
-55
-64
-55
-28
-62
-52
-45
-77
-73
-56
-76
-67
-82
-54
34
-41
-54
-52
-58
-66
-66
-44
-49
-43
-107
-64
-71
-54
-49
-39
-80
-40
-50
-81
-62
-54
-41
-86
-84
-75
-97
-58
-69
-54
-58
-72
-56
-65
-70
-40
-79
-78
-73
-75
-66
-59
-28
-56
-48
-51
-57
-76
-79
-60
-22
-57
-71
-83
-59
-51
-65
-66
-88
-84
-55
0
-80
-76
-11
-21
-59
-82
-34
-42
-17
-88
-62
-47
-72
-75
-58
-69
-36
-86
-47
-73
-64
-70
-29
-103
-51
-67
-81
-72
-70
-48
-60
-80
-91
-48
-69
-68
-63
-55
73
-56
-57
-60
-62
-70
-46
-59
-62
-78
-38
-80
-36
-97
-99
-84
-65
-63
-89
-67
-59
-62
-42
-56
-88
-79
-90
-83
-80
-77
-62
-74
-61
-59
-97
-64
-50
-79
-42
-53
-91
-75
-73
-57
-95
-81
-106
-48
-93
-22
-61
-47
-34
-33
-27
-85
-61
-75
-36
-65
-99
-56
-82
-103
-90
-52
-67
-56
-97
-52
-84
-65
-82
-80
-52
-56
-87
-121
-41
-62
-59
-71
-36
-35
-59
-87
-64
-64
-88
-93
-57
-90
-89
-45
-56
-44
-62
-63
-84
-65
-49
-59
-58
-39
-84
-30
-100
-73
-48
-58
-80
-22
-43
-61
-56
-62
-87
-62
-40
-56
-59
-70
-108
-77
-44
-79
-53
-43
-43
-64
-103
-85
-68
-46
-68
-48
-52
-63
-53
-82
-82
-65
-39
-54
-56
-69
-54
-106
-91
-27
-63
-65
-54
-70
-58
-53
-102
-81
-45
-76
-67
-71
-50
-56
-92
-104
-80
-65
-98
-57
-58
-72
-76
-71
-76
-92
-58
-39
-59
-64
-80
-80
-77
-88
-79
-68
127
-48
-70
-93
-57
-32
-75
-77
-51
-80
-59
-80
-76
-91
-51
-74
-36
-24
-45
-105
-63
-33
-54
-47
-39
-29
-81
-51
-87
-53
-54
-75
-68
-51
-101
-80
-64
-73
-82
-61
-61
-40
-65
-87
-56
-77
-54
-80
-55
21
-76
-26
-78
-77
-68
-60
-68
-91
-65
-60
-62
-61
-69
-97
-29
-50
-73
-53
-74
-66
-69
-84
-53
-73
-74
-68
-58
-63
-71
-66
-25
-52
-84
-117
-52
-67
-50
-76
-76
-40
-70
-34
-65
-42
-55
-45
-64
-79
-61
-80
-59
-87
-49
-74
-46
-48
-92
-95
-74
-55
-68
-58
-62
-68
-70
-52
-55
-38
-57
-55
-70
-59
-94
-84
-42
-51
-80
-42
-60
-77
-55
-83
-83
-61
-56
-79
-30
-65
-52
-93
-85
-66
-44
-57
-65
-53
-53
-93
-50
-33
-81
-71
-83
-50
-85
-59
-104
-39
-83
-96
-90
-64
-70
-43
-73
-84
-61
-47
-62
-87
-98
-54
-37
-90
-68
-51
-41
-59
-65
-74
-51
-63
-70
-83
-57
-82
-53
-63
-74
-67
-88
-62
-71
-59
-86
-66
-73
-61
-62
-67
-35
-58
-63
-54
-30
-64
-43
-113
-61
-81
-29
-51
-87
-84
-50
-99
-100
-78
-120
-59
-52
-48
-63
-64
-67
-61
-87
-56
-53
-70
-63
-71
-57
-68
-22
-64
-67
-47
-48
-83
-40
-31
-35
-100
-64
-71
-31
-61
-49
-40
-77
-72
-21
-60
-61
-60
-73
-48
-87
-37
-29
-65
-63
-63
-65
-36
-81
-60
-61
-100
-88
-47
-96
-77
-69
-58
-53
-79
-49
-75
-74
-54
-34
-102
-82
-70
-34
-76
-107
-72
-86
-79
-54
-86
9
-43
-88
-90
-77
-59
-69
-60
-78
-40
-62
-52
-56
-59
-72
-47
-73
-79
-76
-87
-60
-66
-69
0
-101
-63
-58
-88
-76
-66
-30
-74
-118
-35
-78
-67
-67
-98
-55
-19
-47
-66
-80
-28
-106
-52
-85
-65
-64
-70
-23
-81
-75
-59
-64
-53
-77
-89
-50
-57
-85
-86
-78
-67
-44
-93
-48
-62
-77
-66
-102
-38
-64
-56
-80
-65
-74
-71
-116
-56
-65
-49
-35
-76
-103
-55
-52
-60
-76
-61
-39
-72
-60
-64
-30
-92
-36
-53
-78
-70
-79
-53
-63
-61
-66
-46
-67
-76
-64
-39
-69
-119
-31
-71
-76
-57
-71
-53
-66
-73
-105
-30
-82
-82
-54
-59
-81
-94
-60
-60
-54
-56
-78
-67
-70
-55
-76
-83
-90
-83
-57
-77
-81
-53
-78
-37
-82
-70
-67
-46
-87
-85
-71
-105
-69
-51
-37
-5
-58
-45
-77
-53
-42
-52
-64
-50
-83
-42
-61
-55
-86
-26
-70
-54
-31
-80
-46
-76
-79
-85
-98
-61
-62
-51
-30
-76
-66
-56
-86
-44
-58
-46
-50
-60
-73
-57
-66
-46
-49
-90
-58
-63
-54
-88
-65
-69
-28
-58
-85
-68
-77
-45
-79
-91
-44
-56
-54
-81
-75
-59
-78
-54
-95
-75
-80
-61
-85
-71
-72
-81
-66
-48
-42
-21
-111
-100
-52
-83
-78
-112
-57
-75
-65
-65
-80
-48
-82
-55
-36
-45
-77
-78
-92
-53
-73
-50
-35
-72
-71
-53
-72
-8
-79
-68
-69
-57
-56
-82
-75
-48
-77
-61
-44
-56
-46
-70
-79
-67
-71
-49
-43
-65
-38
-62
-94
-43
-41
-69
-95
-62
-77
-59
-105
-45
-68
-81
-81
-55
-52
-48
-51
-53
-54
-32
-50
-75
-90
-71
-65
-47
-50
-80
-85
11
-65
38
-73
-49
-59
-70
-81
-59
4
-46
-37
-92
-85
-50
-25
-60
-86
-53
-66
-91
-43
-54
-69
-80
-42
-20
-75
-73
-73
-53
-43
-42
-62
-61
-61
-66
-70
-73
-55
-83
-58
-40
-94
-45
-90
-118
-55
-93
-29
-31
-92
-43
-100
-79
-52
-76
3
-51
-68
-17
-67
-60
-48
-50
-50
-70
-51
-72
-99
-76
-67
-81
-82
-58
-35
-52
-70
-69
-91
-60
-30
-11
-47
-88
-79
-71
-64
-58
-55
-51
-87
-37
-61
-61
-35
-114
-70
-53
-79
-90
-49
-75
-60
-58
-72
-86
-71
-24
-59
-39
-56
-94
-62
-112
-66
-65
-61
-55
-128
-57
-72
-65
-28
-58
-27
-64
-35
-56
-29
-69
-64
-41
-66
-77
-30
-76
-80
-19
-79
-59
-86
-64
-76
-77
-78
-67
-37
-57
1
-60
-47
-53
-55
-76
-91
-68
-74
-83
-64
-35
-102
-85
46
-42
-65
-91
-45
-127
-29
-84
-66
-74
-43
-73
-51
-74
-77
-108
-63
-55
-108
-71
-62
-77
-101
-65
-69
-38
-103
-42
-47
-69
-32
-42
-65
-73
-48
-30
-60
-61
-79
-47
-51
-55
-53
-54
-37
-77
-64
-73
-60
-78
-56
-65
-44
-93
-62
-69
