-47
-6
-33
-19
1
-116
4
-46
-56
121
21
-117
-75
-30
-83
-7
-8
-2
-59
-17
-28
-92
-94
1
-41
43
-34
14
-35
-74
-8
4
-16
-30
-42
-54
69
-52
-13
-50
-66
-8
-2
-95
-3
-13
-15
-63
-30
-61
-88
16
-59
-34
-32
8
-63
22
-18
-65
60
68
-33
-23
6
-17
-37
-56
-3
-13
-2
107
-87
-29
46
-78
17
-13
-54
-31
-58
-3
-82
-40
25
-5
49
-9
-16
-17
-45
-68
-43
-45
22
-30
-44
-50
-19
-13
-47
6
-28
38
-41
27
-61
9
-45
-11
1
-34
-12
5
-76
-40
-73
61
44
-58
-28
15
-22
-25
-21
59
-35
37
-40
-26
-95
-54
25
-25
7
-37
30
-7
-90
-53
7
-59
-79
42
31
-47
-66
-50
55
-5
-61
-1
-29
-6
16
-47
-57
-105
-56
-20
-24
-37
-10
15
-55
-37
-72
-88
-4
-82
5
-82
29
-43
77
-92
59
-57
-108
-75
17
9
-42
-55
-63
20
7
-60
-22
8
11
-57
-39
-16
-35
-25
-1
-91
-14
-51
-43
109
17
-109
-101
-21
-37
-16
-2
5
-25
-8
-44
-77
-67
13
-25
45
14
-18
-32
-65
-17
-14
-7
-40
-22
-31
75
-79
-5
-58
-9
-5
-4
-84
-9
-30
-15
-66
-29
-13
-69
7
-41
-5
-21
8
-45
-21
-3
-56
67
49
-11
30
1
-29
-32
-61
16
-31
8
108
-96
-70
-32
-70
14
-25
-59
-28
-59
4
-90
-38
40
-17
11
-12
-32
-57
-39
-68
-34
-29
16
-45
-69
-52
-3
-17
-61
17
-19
25
-57
21
-41
12
-36
-16
1
-47
-22
-3
-56
-33
-61
31
31
-44
-24
39
-22
-16
-15
69
-90
-13
-29
-35
-59
-64
11
0
26
-24
38
-3
-73
-43
-12
-35
-54
20
23
-13
-49
-50
61
-2
-35
3
-34
-16
5
-61
-57
-96
-57
-18
-27
-59
-16
39
-55
-40
-101
-52
12
-57
-5
-75
46
-55
68
-80
53
-30
-114
-51
24
15
-25
-88
-83
5
-9
-52
-22
40
-22
-52
-35
-18
-29
-21
2
-92
-6
-52
-34
107
19
-102
-96
-25
-42
-13
-5
1
-40
-12
-42
-74
-66
9
-27
48
7
-13
-28
-68
-15
-18
-8
-41
-20
-35
69
-76
3
-60
-16
-6
-3
-69
-9
-25
-15
-70
-20
-28
-74
15
-37
-6
-28
5
-37
-16
-10
-50
66
49
-7
13
-2
-29
-31
-56
6
-27
6
115
-92
-69
-12
-70
8
-8
-69
-23
-56
-8
-84
-43
40
-6
12
-17
-29
-49
-49
-67
-35
-28
12
-41
-65
-57
-16
-23
-61
19
-18
19
-60
21
-41
7
-34
-23
-11
-49
-13
-13
-58
-36
-56
27
26
-48
-23
43
-26
-18
-15
70
-75
-15
-30
-34
-61
-50
13
2
20
-23
33
-2
-72
-46
-15
-31
-49
20
25
-14
-43
-51
58
-11
-43
-5
-28
-18
10
-61
-50
-89
-54
-15
-24
-58
-17
38
-58
-42
-86
-57
15
-50
-5
-70
38
-51
67
-84
50
-41
-115
-44
19
17
-27
-81
-74
3
3
-41
-22
33
-25
-55
-34
-18
-32
-17
4
-94
-5
-53
-38
108
15
-104
-98
-21
-41
-9
-8
7
-37
-11
-42
-70
-69
2
-30
48
2
-14
-27
-69
-16
-15
-6
-36
-22
-37
68
-77
4
-61
-18
-9
-5
-63
-10
-29
-13
-72
-19
-27
-76
19
-38
-2
-24
5
-37
-15
-12
-47
67
48
-7
18
-1
-28
-34
-54
4
-29
8
112
-98
-68
-13
-71
7
-12
-70
-27
-57
-8
-89
-46
38
-5
16
-19
-34
-48
-48
-68
-32
-28
14
-39
-71
-55
-14
-21
-61
18
-18
21
-61
21
-40
5
-35
-23
-13
-47
-14
-14
-59
-34
-61
28
25
-48
-23
48
-24
-18
-14
68
-78
-11
-29
-34
-62
-48
12
-1
22
-24
36
-7
-69
-49
-14
-32
-48
21
25
-14
-49
-52
60
-12
-46
-5
-28
-20
14
-60
-53
-87
-53
-16
-24
-56
-17
38
-58
-38
-89
-61
15
-53
-6
-68
39
-53
70
-81
51
-38
-115
-47
23
15
-24
-78
-73
5
-2
-41
-20
32
-28
-55
-34
-20
-32
-18
3
-89
-6
-52
-36
106
16
-101
-96
-25
-40
-13
-6
3
-36
-8
-41
-73
-67
4
-30
45
10
-14
-30
-67
-16
-17
-9
-40
-18
-34
69
-76
-2
-61
-13
-9
-1
-70
-9
-28
-15
-69
-20
-23
-70
16
-38
0
-28
7
-36
-22
-9
-48
66
51
-4
17
-2
-29
-31
-61
8
-33
8
111
-91
-70
-16
-69
9
-11
-68
-24
-54
-7
-87
-41
39
-8
13
-17
-30
-51
-46
-63
-36
-28
13
-46
-69
-54
-14
-24
-58
15
-18
18
-60
23
-42
7
-37
-19
-12
-49
-13
-12
-56
-37
-56
25
24
-50
-20
41
-26
-16
-15
67
-76
-15
-34
-32
-62
-51
12
4
25
-24
30
-2
-70
-54
-20
-34
-50
22
25
-15
-45
-50
58
-8
-42
-7
-31
-16
11
-63
-52
-88
-51
-15
-24
-55
-18
40
-56
-38
-88
-56
16
-54
-6
-68
39
-53
65
-83
52
-38
-113
-46
19
15
-27
-79
-77
9
-2
-38
-17
34
-28
-53
-35
-19
-32
-19
2
-89
-13
-53
-39
110
19
-104
-97
-28
-38
-15
-7
2
-28
-9
-48
-74
-68
12
-28
45
9
-16
-33
-62
-15
-15
-11
-42
-20
-33
71
-75
-10
-58
-15
-9
0
-86
-8
-33
-18
-68
-26
-15
-69
5
-40
-6
-25
4
-43
-22
0
-59
65
52
-14
22
2
-26
-33
-56
18
-34
7
109
-87
-71
-26
-71
12
-19
-60
-26
-59
-3
-89
-41
36
-13
16
-12
-30
-56
-44
-67
-35
-33
16
-48
-68
-55
-10
-19
-57
15
-17
19
-59
25
-43
10
-46
-19
-5
-51
-22
-7
-53
-34
-62
26
33
-49
-20
35
-25
-19
-17
64
-86
-11
-35
-32
-55
-61
12
2
27
-28
36
-3
-73
-51
-15
-36
-51
22
16
-14
-50
-50
60
-5
-35
-1
-32
-15
3
-61
-61
-90
-56
-17
-28
-54
-17
38
-57
-41
-99
-50
10
-61
-1
-74
40
-53
67
-79
50
-34
-114
-50
21
16
-28
-84
-82
10
-6
-47
-20
37
-21
-49
-50
-13
-21
-16
-5
-101
-3
-45
-47
115
19
-113
-73
-27
-78
-18
-4
1
-50
-10
-32
-95
-90
12
-40
43
-24
5
-34
-69
-11
-1
-10
-29
-30
-47
68
-59
-17
-64
-50
-6
-5
-97
-1
-19
-6
-66
-37
-49
-81
14
-61
-27
-30
8
-70
4
-17
-59
60
61
-42
-16
1
-10
-36
-55
-4
-21
2
99
-90
-36
34
-75
16
-13
-46
-25
-53
-10
-71
-38
19
-7
42
-3
-20
-26
-35
-69
-43
-41
25
-32
-46
-58
-12
-11
-42
12
-35
23
-38
31
-57
8
-36
-2
-2
-48
-14
3
-76
-39
-68
61
37
-54
-31
15
-18
-31
-14
59
-35
32
-34
-31
-89
-60
28
-12
7
-32
32
-18
-88
-52
-1
-49
-75
38
28
-40
-66
-49
58
0
-47
-1
-31
-17
22
-55
-44
-100
-60
-25
-18
-42
-17
17
-63
-34
-82
-87
6
-75
6
-85
28
-47
78
-85
64
-55
-110
-79
11
9
-39
-54
-67
22
10
-61
-23
1
9
-54
-21
-5
-25
-17
-2
-91
-21
-62
-42
102
18
-98
-79
4
-33
-35
4
-10
-33
-5
-42
-66
-80
-9
-38
46
-10
-36
-37
-59
-14
11
-34
-29
-28
-39
64
-52
-20
-54
-23
1
0
-81
-19
-19
-18
-64
-51
-7
-90
-27
-76
2
-18
-8
-58
-10
4
-71
47
33
-26
14
4
-21
-31
-62
-24
-30
22
97
-85
-41
-10
-67
-2
-37
-47
-22
-51
-5
-74
-31
10
-3
-4
12
-25
-24
-36
-61
-42
-44
24
-47
-62
-35
1
-25
-41
-17
-28
14
-36
10
-61
9
-69
-1
1
-57
-15
16
-65
-24
-64
30
18
-54
-23
-28
-29
-20
-22
56
-71
7
0
-25
-58
-73
11
-15
27
-37
7
-7
-85
-30
-8
-35
-87
26
13
-28
-38
-44
52
1
-39
-3
-35
-35
-17
-52
-64
-98
-57
-45
-34
-34
-10
28
-44
-31
-95
-53
6
-71
14
-61
27
-37
62
-72
35
-45
-91
-80
33
-3
-40
-78
-80
26
-7
-48
-19
44
5
-21
-8
-20
-41
-21
-13
-75
-34
-63
-21
97
13
-87
-95
16
0
-50
19
4
-8
1
-62
-53
-53
-5
-27
41
22
-51
-31
-58
-13
-16
-18
-46
-20
-27
61
-74
-13
-66
28
5
-2
-52
-5
-23
-30
-68
-50
24
-59
-41
-69
21
-12
-5
-39
-26
10
-70
41
-13
-15
68
-8
-22
-22
-64
-19
-40
24
106
-97
-86
-80
-66
-9
-58
-49
-21
-54
-17
-86
-34
17
-8
-39
-3
-31
-55
-15
-66
-36
-42
36
-42
-67
-35
5
-34
-47
-28
-22
5
-46
6
-48
-1
-71
-14
0
-69
-1
28
-29
-30
-47
8
8
-43
-12
-6
-51
-12
-21
58
-84
-30
-7
-26
-25
-97
-9
2
42
-25
5
-4
-66
-24
-38
-22
-56
14
6
8
-20
-47
49
-5
-34
-6
-43
-20
-28
-54
-66
-98
-58
-48
-58
-47
-24
36
-37
-39
-100
-11
-4
-46
-8
-50
50
-45
57
-55
33
-27
-96
-41
45
15
-31
-102
-83
16
-14
-54
-23
83
-11
-39
-12
-19
-39
-21
-13
-82
-35
-68
-17
98
14
-80
-93
14
-1
-43
16
7
-13
2
-56
-58
-51
-13
-32
46
19
-50
-33
-59
-18
-20
-10
-50
-24
-20
53
-77
-10
-66
28
3
-1
-37
-6
-20
-28
-73
-39
12
-63
-29
-63
16
-12
-16
-34
-17
5
-56
44
-20
-12
64
-4
-25
-18
-60
-25
-37
33
108
-96
-87
-69
-69
-11
-54
-65
-20
-53
-13
-89
-39
13
-2
-41
-11
-28
-50
-27
-61
-36
-42
26
-47
-61
-39
-2
-41
-55
-26
-24
1
-47
7
-40
1
-62
-19
-8
-66
-3
26
-30
-29
-45
11
6
-39
-10
4
-53
-17
-23
61
-73
-34
-7
-30
-34
-85
-8
2
41
-25
3
-11
-64
-27
-35
-27
-55
7
12
7
-19
-52
43
-7
-42
-11
-37
-24
-25
-54
-61
-90
-69
-47
-49
-48
-26
28
-41
-47
-92
-14
5
-39
-8
-53
50
-37
60
-53
32
-34
-100
-31
43
12
-32
-95
-77
11
0
-46
-19
79
-19
-31
-8
-20
-42
-20
-14
-82
-33
-65
-18
97
12
-82
-94
16
-1
-44
17
10
-14
4
-56
-59
-51
-15
-34
47
16
-51
-30
-60
-14
-18
-13
-50
-22
-21
54
-78
-5
-70
29
2
-4
-30
-7
-20
-30
-70
-39
14
-63
-28
-62
16
-9
-15
-33
-15
3
-54
43
-16
-8
65
-7
-29
-19
-58
-24
-37
29
107
-95
-85
-67
-70
-12
-49
-70
-20
-57
-17
-88
-43
10
2
-39
-11
-30
-46
-29
-60
-34
-47
26
-43
-59
-39
-6
-38
-56
-25
-22
2
-44
9
-40
-2
-63
-19
-10
-67
-4
24
-32
-30
-47
10
5
-42
-8
10
-51
-14
-25
58
-73
-33
-7
-29
-36
-84
-7
2
43
-21
7
-12
-61
-27
-32
-24
-57
6
12
8
-19
-48
45
-7
-44
-14
-33
-21
-21
-53
-59
-86
-69
-50
-49
-48
-24
30
-42
-47
-92
-18
5
-37
-9
-51
53
-37
59
-53
33
-32
-99
-32
42
13
-29
-96
-77
10
-3
-46
-20
83
-18
-34
-12
-17
-42
-19
-13
-78
-32
-66
-17
97
14
-79
-93
16
0
-46
17
9
-11
4
-55
-58
-52
-12
-31
43
21
-52
-33
-57
-17
-17
-13
-49
-25
-20
56
-77
-7
-69
28
-2
-3
-36
-4
-22
-30
-73
-43
15
-61
-28
-64
17
-15
-13
-33
-21
7
-55
44
-14
-11
65
-8
-26
-21
-58
-27
-39
27
106
-93
-85
-70
-69
-11
-50
-65
-18
-52
-19
-91
-37
17
-3
-39
-11
-28
-50
-27
-60
-35
-44
23
-45
-63
-38
-3
-36
-54
-26
-20
1
-46
9
-40
-3
-63
-20
-6
-69
-1
26
-27
-32
-43
10
5
-42
-7
2
-55
-12
-25
58
-72
-34
-11
-28
-35
-89
-7
3
44
-20
2
-10
-62
-32
-35
-27
-56
7
12
8
-20
-48
42
-7
-39
-8
-40
-22
-23
-52
-65
-92
-67
-50
-49
-45
-29
30
-40
-46
-98
-14
2
-37
-10
-49
54
-41
61
-52
32
-29
-99
-31
42
10
-31
-95
-79
11
-3
-44
-18
80
-18
-36
-5
-19
-45
-17
-11
-78
-38
-62
-22
101
12
-83
-96
14
0
-50
22
2
-5
3
-62
-61
-57
-12
-30
42
21
-53
-36
-56
-18
-11
-15
-47
-22
-22
60
-72
-14
-64
31
1
1
-54
-6
-24
-27
-68
-50
28
-59
-38
-66
17
-10
-11
-37
-25
12
-67
44
-11
-15
68
-7
-21
-19
-61
-20
-42
26
103
-90
-81
-78
-69
-9
-54
-51
-24
-55
-19
-89
-32
14
-10
-40
-5
-24
-57
-25
-64
-34
-41
30
-44
-64
-34
-5
-32
-49
-30
-27
-3
-36
9
-52
3
-68
-11
-5
-72
-5
26
-25
-32
-43
9
12
-45
-13
-8
-57
-13
-16
56
-84
-27
-10
-28
-28
-99
-7
6
42
-21
7
-7
-67
-31
-34
-24
-55
13
8
9
-23
-46
45
-5
-35
-9
-45
-22
-31
-50
-75
-100
-60
-52
-55
-46
-26
31
-37
-41
-101
-7
0
-49
-3
-47
55
-42
58
-49
33
-25
-97
-37
44
9
-31
-95
-85
15
-8
-48
-23
82
-7
-32
-25
-15
-17
-20
-18
-81
-30
-57
-36
95
18
-93
-74
4
-30
-37
11
-15
-18
5
-42
-68
-70
-5
-37
42
-10
-34
-41
-53
-23
10
-16
-36
-22
-37
59
-54
-26
-72
-14
-5
-1
-81
-14
-22
-8
-71
-50
-10
-77
-27
-74
1
-17
-6
-66
-9
-8
-57
44
29
-32
8
7
-10
-32
-57
-34
-27
23
91
-77
-44
-14
-59
-7
-38
-39
-17
-44
-16
-71
-31
14
-2
-8
19
-25
-26
-27
-59
-38
-43
30
-41
-62
-38
-4
-25
-28
-20
-34
3
-34
20
-67
9
-58
4
-1
-68
-14
9
-62
-21
-60
29
20
-54
-17
-28
-33
-25
-15
62
-64
7
-1
-32
-51
-73
13
3
21
-27
9
-18
-79
-28
-19
-27
-74
18
13
-26
-37
-50
53
1
-29
0
-34
-34
-12
-56
-53
-100
-61
-46
-34
-35
-20
25
-42
-38
-100
-48
15
-59
16
-68
26
-35
62
-58
46
-46
-96
-78
34
1
-40
-73
-84
24
-2
-47
-28
24
7
-28
-37
-1
-19
-13
3
-86
-23
-63
-42
101
13
-87
-62
2
-37
-29
-4
-25
-35
1
-34
-57
-72
-13
-37
43
-16
-27
-39
-61
-25
9
-35
-29
-30
-35
62
-43
-21
-61
-25
-8
2
-70
-16
-23
-23
-74
-50
-8
-96
-24
-76
-2
-30
-19
-62
-15
2
-63
46
39
-26
4
10
-24
-29
-63
-31
-22
5
98
-88
-43
0
-59
0
-25
-55
-17
-43
3
-70
-36
16
-1
3
7
-19
-22
-51
-56
-46
-40
21
-54
-57
-41
-4
-26
-35
-33
-27
11
-43
8
-60
11
-58
-5
-5
-59
-16
11
-62
-25
-63
26
19
-51
-19
-30
-34
-27
-22
48
-51
4
-4
-25
-58
-61
9
-10
19
-42
-4
-19
-73
-33
-15
-35
-78
25
13
-22
-29
-46
55
-3
-34
-16
-35
-40
-16
-57
-57
-96
-59
-41
-40
-28
-5
7
-48
-35
-93
-57
9
-73
18
-59
18
-27
64
-72
25
-49
-97
-88
30
-10
-38
-71
-77
27
0
-40
-22
29
-2
-19
-21
-15
-38
-23
-10
-81
-37
-65
-18
94
14
-78
-83
14
-10
-44
14
-6
-8
11
-55
-50
-50
-7
-26
43
12
-46
-29
-57
-24
-18
-24
-42
-26
-24
52
-71
-16
-72
22
1
7
-41
-4
-27
-34
-70
-48
16
-64
-33
-66
18
-21
-17
-39
-30
1
-58
39
-7
-16
60
-1
-27
-17
-61
-20
-30
7
103
-99
-80
-72
-65
-8
-40
-54
-24
-45
-8
-82
-30
17
-9
-37
-2
-31
-55
-38
-59
-37
-44
28
-48
-58
-46
-5
-37
-47
-35
-14
0
-52
8
-42
1
-57
-20
-4
-64
1
21
-30
-31
-45
9
12
-34
-7
-7
-58
-12
-27
53
-72
-28
-10
-25
-34
-90
-4
10
42
-28
-13
-16
-53
-20
-41
-22
-53
7
4
3
-14
-41
49
-14
-38
-12
-42
-31
-26
-52
-63
-95
-62
-50
-60
-45
-19
17
-47
-40
-103
-6
2
-43
-9
-48
40
-39
54
-53
27
-37
-101
-50
40
6
-26
-98
-77
18
-3
-48
-17
67
-14
-40
-20
-12
-37
-23
-9
-84
-36
-67
-20
91
12
-72
-76
17
-15
-39
13
-7
-17
9
-48
-49
-51
-12
-29
44
10
-38
-31
-61
-25
-22
-18
-48
-31
-28
48
-73
-11
-75
14
-2
4
-25
-6
-19
-33
-79
-39
-1
-66
-17
-64
14
-22
-22
-34
-24
-4
-41
42
-9
-15
45
3
-26
-17
-58
-32
-27
14
102
-94
-77
-58
-68
-10
-38
-73
-20
-48
-11
-82
-39
13
-2
-33
-6
-25
-50
-45
-57
-37
-45
17
-47
-54
-48
-13
-42
-54
-31
-12
2
-53
9
-34
-9
-49
-22
-12
-62
-2
16
-28
-29
-46
9
6
-37
-7
6
-57
-18
-27
58
-58
-26
-8
-24
-48
-82
-2
9
39
-23
-15
-22
-54
-22
-37
-26
-51
4
6
-1
-18
-45
43
-15
-50
-15
-41
-26
-18
-51
-52
-87
-70
-49
-47
-47
-14
12
-50
-46
-90
-14
8
-29
-7
-49
30
-31
55
-53
30
-45
-105
-42
33
6
-25
-85
-71
12
10
-42
-19
63
-25
-33
-20
-12
-38
-23
-8
-85
-34
-67
-25
94
10
-74
-76
14
-16
-36
15
-9
-18
9
-47
-45
-50
-15
-32
46
9
-34
-29
-60
-22
-21
-16
-46
-30
-32
48
-72
-6
-77
14
1
3
-17
-8
-18
-36
-82
-38
0
-67
-13
-60
17
-22
-22
-34
-21
-3
-43
43
-6
-13
44
0
-27
-16
-58
-30
-24
14
106
-96
-73
-54
-67
-11
-34
-74
-23
-44
-10
-83
-40
10
-3
-30
-7
-28
-45
-49
-56
-35
-46
15
-46
-54
-48
-14
-43
-57
-34
-14
6
-55
7
-35
-10
-49
-23
-16
-63
-1
17
-27
-31
-43
10
7
-37
-4
8
-53
-18
-28
61
-57
-25
-7
-24
-51
-78
-1
5
39
-21
-11
-22
-52
-23
-32
-26
-48
7
8
-5
-17
-44
42
-15
-49
-18
-38
-25
-17
-49
-52
-86
-67
-48
-44
-46
-12
17
-45
-45
-88
-20
9
-25
-10
-47
33
-29
55
-54
30
-43
-102
-38
35
7
-26
-82
-69
12
11
-40
-20
60
-25
-35
-20
-10
-38
-25
-6
-83
-34
-67
-25
93
10
-74
-78
12
-16
-35
16
-8
-18
9
-45
-48
-48
-13
-32
45
12
-36
-28
-56
-22
-22
-19
-50
-30
-26
50
-74
-11
-75
14
-3
0
-24
-5
-19
-32
-81
-41
-2
-64
-14
-62
17
-23
-21
-34
-26
-3
-37
42
-10
-15
46
4
-27
-17
-57
-31
-25
15
100
-98
-77
-60
-71
-11
-32
-71
-25
-47
-11
-83
-38
15
-4
-31
-3
-25
-47
-44
-57
-37
-44
17
-48
-53
-49
-10
-40
-52
-30
-13
4
-54
10
-33
-10
-48
-21
-13
-63
-3
16
-32
-28
-47
11
6
-38
-5
5
-55
-17
-31
59
-57
-25
-7
-24
-47
-76
-4
5
39
-21
-12
-24
-55
-22
-36
-27
-53
4
7
-1
-20
-47
43
-14
-48
-11
-40
-26
-20
-47
-54
-86
-69
-50
-43
-46
-14
16
-50
-47
-94
-16
7
-26
-7
-47
34
-34
55
-54
30
-40
-102
-41
34
8
-25
-83
-69
14
12
-45
-20
60
-23
-34
-16
-15
-39
-23
-9
-78
-40
-64
-22
98
11
-73
-81
13
-13
-40
15
-10
-8
11
-57
-54
-50
-13
-27
45
11
-46
-34
-58
-26
-12
-16
-44
-27
-25
52
-68
-18
-68
18
1
6
-39
-10
-25
-29
-72
-45
15
-65
-29
-65
14
-21
-16
-37
-28
2
-54
39
0
-18
58
0
-21
-20
-58
-22
-30
13
101
-97
-76
-67
-71
-8
-35
-59
-23
-47
-10
-83
-31
14
-8
-33
-9
-29
-48
-42
-59
-35
-43
27
-49
-58
-43
-14
-30
-48
-31
-15
3
-45
10
-42
0
-56
-18
-3
-65
-2
18
-26
-29
-41
11
13
-40
-11
-12
-60
-14
-22
52
-71
-27
-11
-27
-37
-91
-5
10
41
-24
-11
-19
-56
-21
-38
-23
-53
6
4
3
-21
-39
48
-13
-39
-10
-42
-30
-29
-48
-64
-94
-62
-51
-55
-41
-17
14
-44
-40
-99
-10
7
-45
-6
-47
39
-38
58
-49
29
-34
-103
-51
36
7
-26
-90
-76
18
2
-45
-21
65
-15
-33
-34
-9
-15
-17
-15
-82
-36
-59
-41
89
16
-83
-65
-1
-38
-30
-1
-29
-20
6
-35
-62
-69
-4
-41
43
-9
-29
-42
-58
-26
10
-22
-33
-26
-37
58
-48
-29
-77
-15
-3
4
-63
-15
-26
-18
-78
-50
-14
-84
-23
-69
4
-23
-18
-64
-15
-13
-45
42
35
-32
-4
15
-10
-32
-58
-36
-20
8
94
-85
-41
-7
-59
-8
-26
-45
-14
-43
-9
-66
-34
18
-1
1
14
-16
-26
-41
-52
-39
-35
25
-45
-54
-45
-8
-26
-27
-25
-28
3
-37
16
-59
7
-48
2
-2
-63
-12
1
-62
-19
-57
25
18
-49
-22
-34
-33
-31
-17
60
-47
4
1
-33
-57
-71
15
6
19
-30
-2
-25
-67
-23
-22
-27
-62
19
13
-26
-31
-54
52
-7
-33
-12
-34
-38
-2
-56
-44
-94
-59
-47
-31
-31
-12
10
-51
-41
-96
-50
18
-55
13
-69
15
-26
62
-62
40
-52
-101
-85
24
-7
-36
-69
-78
27
4
-40
-28
15
-2
-25
-34
0
-15
-15
3
-89
-24
-65
-43
98
11
-89
-62
1
-41
-33
-11
-27
-37
3
-31
-60
-72
-19
-36
41
-18
-28
-39
-57
-26
7
-32
-28
-30
-39
57
-44
-20
-68
-24
-4
2
-69
-19
-22
-25
-75
-51
-7
-104
-24
-73
5
-26
-20
-60
-15
-3
-63
42
36
-24
-3
9
-20
-30
-57
-27
-25
3
100
-84
-43
0
-61
3
-26
-58
-13
-41
7
-71
-32
16
-1
5
6
-15
-20
-55
-54
-45
-43
18
-53
-56
-41
-7
-27
-36
-36
-29
10
-41
11
-62
13
-57
-10
-10
-59
-10
5
-64
-26
-57
23
18
-53
-22
-26
-28
-27
-22
49
-50
4
1
-25
-60
-60
9
-9
15
-41
-8
-15
-71
-33
-14
-37
-78
25
11
-23
-30
-45
54
-4
-36
-20
-36
-34
-12
-53
-59
-97
-56
-44
-41
-32
-2
6
-50
-41
-92
-56
16
-72
14
-63
11
-25
65
-74
24
-54
-96
-86
27
-15
-35
-70
-75
27
1
-38
-26
23
-6
-22
-18
-14
-32
-26
-12
-79
-38
-63
-21
92
9
-79
-83
11
-11
-42
14
-10
-10
13
-55
-52
-53
-7
-26
44
12
-50
-31
-58
-23
-16
-20
-43
-24
-29
48
-69
-15
-72
25
2
6
-40
-5
-29
-36
-75
-48
16
-70
-32
-62
24
-20
-15
-44
-33
-2
-57
38
-6
-13
64
0
-22
-20
-58
-20
-32
8
104
-97
-76
-72
-65
-5
-43
-58
-21
-45
-2
-82
-28
19
-9
-36
-7
-26
-52
-42
-60
-37
-45
30
-48
-62
-46
-5
-36
-48
-36
-14
2
-50
7
-43
5
-59
-24
-4
-71
0
12
-33
-31
-42
5
10
-38
-11
-6
-55
-12
-28
54
-75
-30
-10
-22
-32
-88
-7
12
39
-27
-10
-15
-50
-20
-43
-23
-52
7
4
1
-13
-39
47
-13
-40
-14
-44
-29
-29
-51
-64
-94
-57
-52
-59
-48
-17
16
-39
-45
-104
-9
7
-44
-14
-45
36
-35
54
-53
29
-36
-101
-57
43
6
-25
-95
-78
19
-2
-45
-17
70
-18
-43
-16
-10
-29
-24
-9
-81
-37
-70
-26
92
9
-75
-75
15
-17
-37
12
-10
-20
14
-48
-50
-52
-13
-28
46
9
-45
-28
-59
-21
-19
-17
-49
-27
-29
48
-69
-7
-73
19
-3
0
-21
-7
-19
-32
-80
-39
4
-75
-18
-62
15
-24
-24
-37
-29
-7
-35
43
-12
-11
48
6
-23
-17
-56
-28
-25
18
105
-96
-74
-60
-67
-4
-39
-72
-22
-43
-5
-84
-35
9
-3
-32
-8
-24
-49
-48
-56
-35
-47
16
-50
-55
-48
-13
-41
-54
-37
-17
1
-52
10
-35
-3
-49
-23
-12
-64
-3
13
-30
-30
-46
7
7
-39
-9
4
-59
-17
-30
56
-62
-24
-9
-22
-44
-76
-7
8
36
-25
-10
-25
-53
-23
-40
-26
-53
6
8
-3
-18
-44
41
-15
-51
-15
-42
-26
-24
-51
-55
-89
-70
-52
-49
-45
-10
12
-46
-49
-95
-14
6
-29
-9
-43
31
-32
55
-51
32
-44
-100
-44
36
2
-24
-84
-68
15
12
-42
-22
59
-25
-37
-16
-8
-30
-27
-10
-84
-34
-64
-27
90
8
-74
-75
18
-14
-38
8
-10
-21
10
-49
-51
-48
-13
-30
48
8
-40
-27
-58
-21
-22
-17
-42
-29
-28
50
-71
-5
-76
19
-1
-1
-16
-7
-20
-35
-83
-40
5
-74
-12
-60
18
-23
-22
-36
-29
-4
-41
42
-11
-12
58
5
-25
-17
-55
-25
-25
16
109
-96
-73
-61
-67
-3
-35
-77
-22
-41
-6
-84
-35
9
-2
-31
-8
-30
-48
-46
-59
-34
-49
19
-50
-55
-50
-13
-42
-55
-36
-17
7
-52
8
-33
-4
-47
-27
-15
-65
-3
14
-29
-29
-47
9
6
-39
-7
5
-54
-12
-27
59
-65
-26
-6
-22
-46
-79
-9
10
39
-22
-6
-25
-49
-23
-39
-25
-53
5
8
-2
-15
-43
40
-18
-49
-18
-41
-26
-24
-50
-55
-87
-69
-52
-46
-45
-13
14
-45
-47
-95
-15
7
-25
-9
-44
33
-30
58
-51
31
-42
-104
-45
40
1
-21
-85
-68
12
11
-39
-20
60
-25
-36
-17
-7
-33
-25
-8
-82
-35
-66
-26
90
9
-75
-76
14
-14
-38
11
-6
-17
13
-50
-51
-51
-11
-29
48
8
-39
-28
-61
-21
-20
-17
-47
-31
-26
48
-72
-13
-75
19
-3
2
-21
-8
-18
-34
-79
-42
3
-69
-14
-60
17
-20
-22
-36
-29
-5
-35
40
-11
-12
54
2
-22
-20
-55
-25
-24
16
103
-96
-72
-62
-67
-3
-36
-71
-22
-41
-8
-84
-33
13
-2
-32
-8
-25
-49
-48
-56
-35
-50
17
-50
-57
-49
-16
-40
-53
-33
-15
3
-53
9
-33
-4
-48
-26
-13
-64
-4
15
-30
-32
-46
10
6
-39
-10
3
-58
-14
-28
57
-65
-24
-11
-22
-41
-81
-5
9
38
-24
-11
-24
-50
-26
-38
-26
-51
8
7
-1
-18
-42
40
-13
-49
-14
-41
-25
-27
-48
-58
-89
-69
-51
-47
-45
-14
17
-44
-46
-96
-14
10
-31
-6
-45
31
-33
57
-52
34
-40
-101
-44
37
5
-22
-89
-69
15
11
-41
-20
58
-24
-33
-14
-14
-33
-22
-16
-76
-39
-64
-22
96
9
-76
-81
18
-9
-40
8
-11
-8
11
-58
-56
-55
-12
-26
44
11
-49
-33
-57
-26
-9
-16
-40
-24
-22
48
-68
-15
-70
22
-1
9
-39
-13
-26
-33
-70
-45
17
-71
-28
-66
20
-20
-17
-43
-31
3
-48
38
-3
-16
64
3
-17
-19
-50
-22
-32
12
104
-94
-76
-73
-68
-7
-40
-59
-24
-43
-10
-85
-33
14
-10
-37
-7
-24
-52
-42
-56
-32
-47
28
-49
-56
-44
-12
-33
-48
-34
-19
3
-46
11
-46
6
-56
-21
-3
-65
-1
20
-27
-29
-43
11
14
-36
-14
-13
-62
-16
-21
52
-78
-26
-9
-26
-31
-92
-6
12
39
-26
-10
-21
-51
-26
-39
-24
-53
7
6
4
-18
-38
45
-10
-38
-11
-42
-28
-32
-50
-71
-96
-60
-54
-57
-42
-19
15
-41
-43
-105
-8
6
-48
-7
-46
37
-40
56
-53
28
-32
-103
-56
37
1
-22
-93
-76
16
1
-47
-19
68
-17
-33
-36
-5
-11
-20
-13
-81
-35
-60
-40
89
15
-82
-66
-3
-37
-30
-5
-29
-23
7
-35
-63
-71
-3
-37
41
-11
-34
-41
-56
-27
13
-22
-31
-26
-36
55
-49
-25
-79
-12
-1
3
-64
-15
-27
-19
-78
-48
-13
-88
-21
-71
6
-27
-15
-65
-19
-11
-42
41
26
-32
-1
16
-9
-33
-50
-35
-20
10
95
-81
-41
-8
-57
-5
-29
-47
-14
-44
-8
-64
-35
20
-2
-6
13
-15
-28
-40
-46
-39
-40
24
-44
-56
-43
-8
-25
-29
-27
-31
0
-38
17
-64
12
-49
-4
-6
-64
-10
-1
-60
-17
-59
25
18
-51
-25
-33
-35
-26
-18
58
-48
6
0
-28
-56
-64
12
9
14
-34
-3
-32
-64
-25
-26
-31
-63
19
11
-26
-33
-54
49
-3
-34
-10
-35
-39
-4
-57
-49
-94
-64
-52
-38
-32
-11
7
-51
-43
-98
-46
20
-56
12
-66
18
-25
62
-64
41
-51
-99
-84
25
-8
-30
-69
-75
25
3
-43
-30
18
-3
-26
-36
1
-13
-13
-3
-85
-24
-64
-40
96
10
-88
-60
-5
-38
-36
-10
-26
-35
6
-30
-63
-73
-9
-37
42
-22
-25
-39
-59
-28
10
-29
-28
-29
-35
54
-43
-22
-66
-25
-5
2
-72
-17
-22
-29
-78
-49
-5
-102
-21
-74
8
-28
-18
-62
-16
-6
-60
45
30
-21
0
10
-17
-32
-51
-22
-22
7
102
-89
-41
-2
-60
-1
-18
-57
-14
-39
8
-70
-30
14
-4
0
9
-15
-22
-54
-52
-39
-45
19
-54
-55
-42
-11
-27
-37
-34
-26
13
-43
11
-58
21
-58
-12
-9
-60
-10
-4
-69
-26
-58
23
22
-54
-20
-28
-31
-30
-22
51
-57
1
0
-19
-59
-55
8
-10
16
-44
-3
-18
-70
-30
-13
-37
-76
31
16
-24
-31
-42
51
-6
-39
-21
-32
-38
-13
-52
-60
-100
-55
-45
-40
-28
-3
8
-45
-43
-96
-56
15
-73
13
-58
9
-29
65
-76
26
-53
-97
-88
31
-16
-31
-69
-78
32
5
-32
-21
25
-4
-25
-22
-12
-28
-25
-20
-75
-38
-59
-21
91
16
-77
-82
11
-11
-44
8
-11
-9
12
-52
-55
-53
-3
-24
43
11
-51
-33
-58
-30
-17
-18
-40
-21
-25
47
-72
-12
-73
29
0
3
-44
-5
-25
-43
-72
-48
19
-75
-29
-64
29
-25
-16
-44
-34
-4
-53
40
-6
-12
60
1
-20
-18
-51
-18
-32
8
109
-104
-75
-76
-63
-4
-33
-63
-20
-40
1
-82
-23
18
-10
-39
-8
-30
-52
-36
-56
-34
-47
30
-45
-61
-41
-11
-36
-48
-35
-14
3
-46
8
-39
7
-61
-23
-2
-67
3
9
-36
-30
-43
3
10
-38
-13
-7
-54
-11
-24
54
-73
-30
-11
-22
-33
-83
-9
11
38
-28
-10
-18
-52
-20
-44
-23
-53
10
6
-1
-11
-38
44
-14
-47
-21
-45
-30
-30
-48
-63
-96
-60
-50
-59
-43
-19
19
-37
-43
-108
-11
8
-44
-11
-39
35
-36
58
-57
26
-37
-102
-53
44
0
-20
-99
-76
20
-1
-36
-17
73
-17
-42
-24
-7
-25
-27
-12
-83
-34
-63
-25
90
15
-74
-74
19
-14
-39
7
-12
-20
11
-47
-54
-48
-8
-24
47
3
-39
-29
-60
-25
-21
-17
-47
-27
-26
46
-71
-6
-74
19
0
-2
-26
-7
-18
-38
-81
-41
4
-81
-14
-62
16
-27
-22
-41
-23
-11
-33
40
-15
-10
43
3
-22
-18
-47
-25
-23
16
105
-99
-73
-58
-64
-7
-29
-73
-21
-39
1
-84
-33
12
-3
-32
-11
-28
-50
-47
-55
-32
-49
19
-47
-55
-49
-17
-41
-52
-33
-11
4
-54
13
-33
-4
-48
-26
-13
-65
0
9
-37
-31
-45
6
4
-43
-13
2
-54
-15
-27
59
-64
-24
-8
-21
-46
-70
-8
5
36
-25
-10
-26
-53
-19
-43
-24
-54
11
7
-8
-18
-43
39
-17
-54
-20
-41
-27
-22
-50
-53
-86
-68
-49
-46
-43
-11
15
-45
-47
-101
-15
11
-31
-6
-41
24
-31
56
-57
26
-39
-100
-42
37
1
-20
-84
-69
13
15
-36
-22
62
-26
-39
-19
-11
-26
-26
-17
-80
-32
-65
-25
91
13
-75
-79
13
-16
-40
8
-7
-16
12
-48
-54
-50
-9
-27
47
5
-42
-29
-59
-25
-19
-13
-43
-27
-25
46
-72
0
-69
21
-1
0
-22
-9
-19
-38
-80
-39
6
-80
-11
-63
21
-23
-24
-39
-27
-10
-35
41
-12
-8
52
4
-22
-18
-48
-27
-22
17
106
-95
-77
-64
-67
-7
-30
-75
-20
-38
1
-86
-34
10
-1
-33
-11
-27
-47
-45
-57
-29
-49
18
-47
-58
-48
-17
-41
-57
-32
-18
5
-52
11
-29
-4
-48
-27
-10
-68
-4
12
-31
-28
-45
7
7
-42
-15
9
-51
-11
-23
59
-64
-28
-10
-21
-43
-72
-10
9
34
-24
-5
-26
-49
-19
-41
-23
-52
8
14
-5
-20
-43
37
-17
-56
-21
-42
-26
-21
-46
-49
-86
-71
-51
-45
-45
-17
20
-43
-47
-97
-17
9
-29
-8
-42
32
-29
59
-59
27
-37
-103
-40
38
0
-16
-84
-69
16
15
-36
-23
62
-27
-38
-19
-7
-27
-23
-19
-81
-32
-67
-25
93
16
-75
-75
15
-19
-37
10
-5
-19
13
-43
-55
-54
-5
-26
45
1
-39
-29
-60
-29
-20
-14
-47
-29
-26
45
-73
-8
-72
21
-2
0
-28
-9
-18
-38
-82
-40
5
-78
-10
-64
20
-27
-23
-36
-28
-9
-33
42
-9
-9
46
5
-22
-21
-47
-24
-24
10
103
-97
-73
-61
-64
-7
-25
-71
-22
-40
2
-87
-36
13
-4
-31
-9
-23
-51
-49
-53
-32
-50
19
-49
-56
-49
-18
-42
-55
-35
-11
3
-49
10
-30
-4
-49
-27
-13
-68
-2
7
-36
-30
-45
7
7
-42
-11
3
-55
-13
-25
59
-61
-29
-8
-16
-43
-69
-10
9
32
-24
-10
-25
-50
-20
-40
-26
-48
12
9
-5
-21
-44
38
-18
-55
-19
-41
-26
-25
-46
-57
-87
-64
-48
-48
-46
-11
21
-42
-47
-99
-20
14
-28
-10
-41
24
-33
57
-58
31
-41
-102
-42
37
2
-16
-84
-71
16
14
-34
-23
64
-26
-37
-15
-12
-29
-24
-18
-72
-38
-64
-20
97
15
-73
-82
12
-15
-39
11
-11
-8
15
-54
-57
-56
-5
-22
43
6
-51
-33
-56
-30
-11
-13
-45
-24
-22
47
-67
-11
-69
26
-2
7
-41
-14
-24
-35
-72
-42
19
-75
-25
-66
20
-22
-18
-41
-32
-2
-49
37
-4
-13
60
6
-18
-22
-46
-19
-28
9
104
-96
-74
-79
-66
-2
-32
-62
-23
-43
-5
-85
-29
13
-11
-37
-8
-25
-49
-44
-55
-31
-48
25
-47
-58
-40
-15
-36
-50
-34
-17
6
-44
13
-44
6
-57
-23
-3
-66
-3
12
-28
-29
-42
8
13
-42
-14
-9
-57
-10
-19
52
-79
-29
-9
-22
-32
-84
-7
13
35
-27
-6
-22
-53
-21
-43
-25
-55
12
5
2
-22
-40
44
-13
-47
-17
-45
-30
-30
-44
-67
-97
-61
-50
-55
-45
-18
21
-41
-43
-106
-10
14
-45
-9
-43
33
-37
55
-56
26
-31
-101
-53
39
0
-17
-93
-74
19
4
-38
-21
72
-16
-33
-36
-7
-7
-21
-18
-78
-32
-58
-38
89
18
-83
-64
-3
-36
-35
-2
-35
-21
5
-34
-63
-70
-1
-37
39
-14
-29
-42
-57
-32
10
-19
-32
-24
-32
57
-50
-20
-81
-12
-6
0
-64
-15
-23
-23
-80
-49
-10
-90
-21
-72
10
-30
-16
-67
-19
-14
-46
42
29
-26
-4
11
-6
-33
-46
-33
-20
7
95
-84
-41
-13
-59
-4
-25
-46
-14
-38
-6
-66
-24
18
-1
-6
9
-18
-29
-40
-47
-37
-42
23
-44
-57
-43
-15
-28
-30
-26
-33
2
-40
18
-59
18
-49
-7
-4
-68
-8
-4
-63
-18
-58
23
21
-52
-21
-34
-37
-29
-18
57
-49
-1
1
-27
-55
-62
10
5
18
-31
-4
-31
-67
-23
-26
-28
-65
20
19
-28
-29
-51
46
-5
-39
-11
-37
-37
-3
-55
-48
-95
-62
-49
-37
-31
-11
9
-45
-41
-105
-46
18
-50
13
-62
12
-25
63
-66
37
-47
-101
-85
27
-14
-30
-70
-76
27
5
-30
-27
19
-3
-29
-34
-2
-7
-12
-11
-80
-25
-53
-33
106
17
-83
-67
-15
-36
-42
-16
-26
-35
4
-28
-66
-76
0
-30
34
-29
-33
-40
-48
-34
10
-19
-34
-31
-28
55
-54
-7
-62
-16
0
7
-74
-18
-25
-33
-69
-45
5
-98
-18
-79
6
-21
-17
-58
-16
-7
-62
44
36
-13
13
9
-7
-40
-47
-9
-24
10
106
-83
-42
-17
-64
2
-16
-60
-16
-37
11
-77
-21
8
-7
2
-1
-22
-28
-39
-53
-40
-52
10
-44
-57
-39
-18
-20
-45
-33
-28
11
-32
13
-46
31
-72
-14
2
-56
-12
3
-69
-26
-55
17
26
-58
-20
-23
-31
-25
-17
56
-62
-1
-8
-21
-50
-50
-3
2
13
-40
12
-21
-72
-21
-21
-37
-71
35
16
-20
-30
-41
48
-14
-56
-29
-36
-40
-10
-50
-55
-100
-59
-42
-45
-27
-3
18
-38
-37
-99
-48
17
-78
15
-59
10
-30
62
-81
25
-38
-103
-86
32
-24
-29
-76
-83
29
5
-26
-23
37
-4
-29
-23
-14
-21
-26
-33
-65
-27
-48
-15
103
11
-78
-84
7
0
-43
0
-7
-12
6
-55
-61
-47
0
-20
37
1
-62
-31
-52
-34
-15
-8
-43
-13
-19
49
-74
2
-64
41
0
6
-41
-9
-27
-38
-63
-44
27
-79
-29
-66
22
-20
-20
-40
-35
-1
-60
38
-10
-2
78
-5
-10
-29
-44
-8
-35
16
114
-94
-79
-87
-61
1
-41
-59
-17
-38
0
-82
-20
16
-7
-35
-17
-41
-53
-20
-64
-36
-51
31
-43
-68
-39
-23
-33
-55
-35
-23
7
-31
5
-35
24
-68
-17
3
-62
-3
19
-38
-37
-34
-2
6
-41
-14
1
-48
-7
-14
57
-92
-40
-12
-23
-18
-73
-23
16
30
-27
9
-17
-51
-13
-48
-22
-52
20
15
9
-9
-40
44
-10
-56
-31
-47
-33
-31
-53
-62
-99
-59
-49
-62
-37
-22
28
-27
-43
-106
-15
14
-60
-4
-47
38
-39
56
-66
25
-21
-108
-53
43
-7
-13
-107
-84
15
-1
-33
-15
82
-16
-43
-30
-9
-19
-24
-25
-68
-26
-53
-18
98
15
-75
-77
10
-2
-41
0
-4
-19
7
-47
-59
-45
-9
-21
42
1
-51
-34
-57
-38
-19
-5
-41
-18
-16
43
-77
2
-62
35
3
2
-29
-11
-17
-33
-70
-35
16
-80
-16
-60
16
-19
-22
-32
-26
-10
-45
38
-9
-4
64
-5
-17
-24
-41
-12
-27
15
109
-95
-82
-71
-62
-3
-38
-75
-16
-39
0
-84
-25
11
5
-32
-14
-41
-48
-34
-60
-35
-54
20
-47
-60
-43
-27
-36
-59
-31
-16
2
-38
10
-29
13
-61
-18
-6
-57
-10
20
-35
-33
-36
6
4
-45
-11
9
-50
-12
-18
59
-81
-36
-9
-22
-29
-64
-19
13
28
-23
8
-21
-50
-17
-46
-23
-53
17
13
2
-13
-41
41
-15
-56
-31
-40
-31
-24
-51
-57
-92
-64
-51
-48
-38
-15
20
-33
-52
-98
-21
12
-49
-7
-42
33
-33
57
-68
32
-28
-107
-41
32
-4
-16
-92
-76
14
13
-29
-20
71
-24
-34
-25
-9
-16
-23
-26
-66
-26
-56
-18
96
13
-72
-79
10
1
-40
2
-2
-17
5
-53
-58
-44
-9
-20
41
1
-54
-32
-57
-35
-18
-5
-39
-19
-16
47
-77
5
-68
36
3
-1
-23
-10
-22
-35
-68
-32
14
-79
-13
-59
18
-15
-20
-32
-26
-7
-48
39
-10
-7
73
-5
-16
-29
-39
-14
-24
18
113
-93
-82
-74
-63
-6
-37
-73
-15
-39
-5
-84
-27
12
6
-33
-16
-39
-49
-31
-59
-34
-55
23
-45
-62
-45
-23
-36
-60
-32
-23
4
-41
9
-29
17
-62
-19
-3
-59
-12
16
-34
-30
-38
4
4
-45
-16
11
-46
-12
-14
59
-83
-34
-10
-19
-31
-68
-20
12
30
-21
9
-23
-47
-17
-47
-20
-52
14
17
6
-15
-42
43
-18
-56
-30
-38
-31
-27
-55
-53
-92
-64
-50
-50
-41
-19
21
-35
-48
-97
-22
10
-48
-5
-42
36
-38
58
-69
32
-21
-106
-45
35
-5
-11
-94
-80
13
8
-29
-19
74
-23
-37
-23
-12
-16
-23
-28
-65
-26
-56
-19
100
10
-72
-79
7
-3
-40
2
-2
-17
8
-51
-59
-48
-7
-23
40
2
-52
-32
-55
-38
-15
-5
-40
-16
-16
44
-77
3
-67
31
3
2
-25
-11
-21
-35
-69
-32
16
-76
-16
-61
15
-19
-17
-29
-28
-11
-43
40
-7
-6
66
-7
-15
-28
-40
-13
-27
15
110
-92
-80
-76
-62
-4
-37
-74
-16
-42
-1
-84
-25
14
3
-33
-15
-39
-50
-35
-55
-34
-55
21
-49
-63
-41
-29
-35
-58
-34
-17
6
-36
9
-29
14
-62
-19
-1
-59
-12
18
-35
-31
-38
5
4
-45
-13
9
-48
-10
-20
58
-77
-35
-10
-21
-30
-67
-19
15
28
-21
12
-22
-46
-16
-48
-25
-51
17
15
6
-17
-42
43
-17
-58
-31
-40
-31
-25
-50
-57
-89
-64
-50
-49
-39
-20
22
-31
-50
-99
-21
12
-45
-7
-44
34
-36
57
-69
31
-24
-107
-47
32
-4
-12
-92
-77
15
10
-30
-21
74
-24
-35
-20
-14
-23
-20
-30
-70
-31
-52
-18
108
9
-74
-80
2
-3
-40
2
-11
-15
6
-56
-62
-53
-4
-22
37
0
-58
-34
-52
-39
-11
-3
-43
-17
-16
51
-74
-2
-66
40
-1
3
-38
-11
-26
-37
-66
-43
27
-75
-26
-61
15
-18
-16
-40
-31
-4
-56
39
-3
-3
70
-2
-11
-27
-37
-7
-35
16
110
-92
-72
-83
-65
-1
-37
-64
-19
-43
-3
-84
-22
12
-6
-32
-13
-34
-52
-30
-62
-32
-52
25
-44
-64
-38
-26
-32
-50
-36
-23
8
-30
11
-36
20
-66
-20
0
-61
-5
18
-34
-35
-38
6
10
-51
-19
-3
-50
-10
-12
58
-88
-35
-6
-24
-21
-76
-19
13
29
-25
12
-21
-52
-18
-44
-26
-57
18
14
5
-13
-43
41
-9
-54
-29
-46
-29
-29
-48
-67
-99
-62
-57
-58
-39
-19
25
-25
-49
-106
-17
13
-57
-4
-43
37
-38
56
-67
25
-24
-106
-51
37
-6
-11
-102
-83
17
5
-31
-17
75
-16
-35
-37
-10
-1
-16
-29
-73
-33
-51
-34
98
16
-77
-66
-11
-37
-38
-14
-27
-21
7
-33
-67
-69
7
-31
36
-20
-38
-41
-50
-39
10
-9
-33
-23
-28
60
-55
-12
-74
-4
-5
2
-69
-16
-29
-23
-73
-47
-1
-87
-25
-70
5
-23
-9
-64
-19
-17
-50
43
27
-23
13
5
1
-36
-44
-19
-23
13
98
-79
-41
-27
-61
-4
-23
-51
-12
-37
-1
-71
-16
18
-1
-3
6
-21
-34
-28
-51
-34
-52
14
-42
-57
-41
-17
-24
-34
-25
-38
4
-32
25
-47
25
-56
-9
4
-65
-10
5
-59
-23
-50
25
19
-57
-27
-22
-34
-21
-11
64
-66
2
-1
-28
-46
-62
4
9
15
-29
9
-33
-65
-20
-30
-30
-66
27
18
-27
-32
-52
43
-7
-45
-23
-40
-40
-7
-56
-48
-95
-67
-48
-44
-32
-13
16
-37
-42
-103
-46
15
-62
18
-63
15
-25
64
-74
32
-34
-97
-84
29
-15
-25
-75
-82
25
10
-27
-26
28
1
-27
-32
-12
-11
-22
-7
-113
-9
-37
-34
124
34
-104
-55
-58
-66
-26
6
-39
-58
9
-10
-78
-83
-7
-11
29
-73
5
-51
-52
-20
25
-8
-42
-50
-67
29
-55
1
-72
-77
-1
1
-79
-28
28
-2
-57
-39
-65
-121
27
-77
-22
-20
-7
-75
17
-26
-48
57
45
-25
-88
9
25
-60
-32
-4
5
7
75
-89
-35
67
-57
15
18
-45
-3
-41
-10
-66
-16
-8
-10
46
8
-9
-12
-48
-53
-42
-41
9
21
-72
-48
-46
-16
-46
15
-17
28
-29
45
-44
-13
-46
-7
2
-48
0
-11
-96
-33
-56
37
30
-82
-47
2
-23
-25
-20
77
-29
45
-28
-24
-105
-9
17
-7
-15
-42
40
-25
-84
-31
-2
-39
-59
52
28
-48
-50
-70
48
-12
-69
-40
-7
-23
36
-49
-38
-86
-71
-42
-21
-19
-4
20
-9
-41
-91
-76
26
-56
15
-76
-8
-23
75
-100
45
-35
-106
-74
5
-1
-46
-33
-69
35
18
-40
-36
-2
-7
-23
-18
-17
-18
-36
-31
-86
-26
-44
-18
111
13
-94
-79
-27
-19
-27
17
-35
-13
-3
-33
-65
-57
-5
-3
34
-13
-50
-48
-56
-23
10
-12
-48
-28
-37
20
-69
8
-57
1
-1
-4
-60
-22
5
-7
-55
-41
-24
-98
8
-70
4
-14
-22
-51
-12
-9
-39
60
21
-11
4
0
13
-52
-39
9
-17
18
84
-104
-62
-27
-52
-8
-23
-63
-6
-51
-15
-64
-15
10
-11
-8
7
-40
-51
-29
-49
-29
-30
7
-8
-80
-44
-19
-25
-64
-4
-15
14
-34
18
-40
6
-51
12
-4
-52
-1
2
-79
-28
-52
15
10
-71
-36
8
-25
-24
-21
68
-66
-6
-6
-30
-47
-22
-10
6
14
-30
47
-13
-57
-15
-25
-19
-46
25
21
-11
-26
-59
51
-11
-31
-38
-9
-38
1
-66
-62
-84
-57
-55
-29
-35
-20
25
-11
-48
-103
-47
17
-45
-2
-60
23
-33
55
-73
53
-10
-107
-59
27
2
-21
-70
-82
15
-9
-39
-18
28
-24
-33
-22
-18
-15
-31
-30
-87
-20
-43
-20
107
17
-88
-70
-26
-20
-23
17
-31
-17
-5
-30
-67
-55
-11
-4
35
-17
-38
-48
-58
-22
2
-18
-45
-25
-36
20
-72
3
-57
-7
-5
-1
-51
-20
9
-14
-58
-32
-33
-96
16
-63
2
-22
-22
-42
-4
-16
-31
60
16
-9
-12
0
7
-47
-38
-7
-12
14
86
-100
-64
-17
-55
-15
-12
-67
-1
-51
-24
-66
-19
7
1
-12
5
-34
-40
-36
-48
-35
-36
5
-12
-75
-47
-21
-29
-66
-8
-14
12
-42
16
-40
-2
-54
13
-13
-49
-1
4
-68
-26
-44
16
8
-69
-31
4
-30
-23
-24
67
-52
-8
-6
-25
-57
-19
-4
6
11
-28
34
-12
-53
-18
-25
-17
-39
26
26
-15
-23
-61
54
-10
-30
-34
-12
-41
2
-65
-56
-78
-59
-53
-23
-38
-19
18
-17
-50
-89
-51
9
-42
-7
-60
21
-31
59
-76
50
-14
-104
-50
19
5
-22
-67
-77
9
-3
-33
-18
22
-25
-32
-18
-19
-17
-28
-30
-89
-21
-44
-20
107
11
-87
-71
-27
-19
-25
14
-30
-21
-5
-31
-65
-53
-13
-5
33
-18
-39
-42
-61
-20
4
-17
-47
-27
-36
19
-72
7
-59
-8
-4
-2
-46
-21
10
-13
-56
-32
-31
-98
13
-62
3
-21
-21
-45
-1
-15
-32
59
18
-11
-10
-1
10
-50
-35
-11
-12
14
87
-102
-64
-18
-58
-16
-12
-67
-2
-50
-28
-68
-23
7
2
-12
3
-36
-43
-39
-51
-36
-35
4
-13
-74
-45
-20
-31
-67
-9
-11
11
-42
15
-43
-4
-53
8
-18
-52
-1
1
-66
-25
-48
16
4
-71
-35
10
-28
-23
-20
67
-49
-6
-5
-27
-59
-18
-2
9
15
-26
34
-11
-53
-19
-26
-16
-41
26
25
-17
-23
-52
54
-12
-29
-35
-10
-42
1
-65
-54
-78
-59
-52
-22
-38
-19
19
-17
-49
-89
-50
7
-39
-8
-60
18
-27
60
-74
51
-14
-107
-50
19
6
-21
-66
-78
9
-5
-33
-16
24
-24
-35
-18
-19
-17
-27
-29
-85
-20
-47
-20
107
15
-86
-72
-26
-16
-26
13
-29
-19
-8
-36
-63
-57
-11
-2
36
-15
-38
-45
-58
-25
4
-16
-46
-28
-34
20
-70
4
-58
-9
-6
0
-49
-21
9
-17
-54
-35
-32
-93
12
-64
-1
-24
-23
-45
-5
-15
-32
59
16
-11
-8
-1
6
-46
-31
-6
-11
15
86
-101
-64
-22
-55
-14
-12
-68
0
-53
-24
-69
-21
9
-1
-13
5
-34
-42
-39
-49
-36
-35
4
-13
-77
-49
-21
-29
-64
-9
-16
12
-42
15
-40
-2
-52
10
-13
-51
2
1
-65
-26
-47
18
4
-77
-34
7
-29
-22
-22
67
-54
-6
-7
-25
-56
-21
-1
11
9
-26
32
-15
-52
-22
-28
-15
-43
25
26
-19
-24
-56
46
-10
-32
-34
-12
-42
-4
-62
-58
-81
-58
-51
-22
-38
-21
16
-19
-50
-92
-47
9
-39
-7
-59
17
-30
59
-71
49
-15
-108
-51
20
5
-24
-65
-78
13
0
-37
-20
26
-25
-32
-13
-18
-19
-32
-30
-88
-27
-43
-23
111
15
-93
-76
-26
-19
-28
12
-33
-8
-3
-35
-71
-60
-6
3
31
-17
-44
-46
-56
-23
5
-10
-48
-24
-40
21
-67
5
-58
-1
-1
-4
-59
-22
7
-11
-53
-39
-26
-94
4
-67
1
-16
-29
-49
-13
-10
-36
61
19
-13
0
-3
12
-49
-32
5
-21
18
85
-104
-64
-27
-54
-8
-19
-62
-1
-57
-18
-65
-16
6
-12
-10
5
-38
-49
-29
-50
-30
-36
6
-9
-82
-42
-24
-22
-57
-5
-19
14
-36
15
-41
3
-51
12
-4
-53
3
1
-71
-30
-49
19
9
-73
-36
3
-25
-19
-14
65
-66
-6
-5
-30
-46
-25
-4
4
15
-29
39
-14
-57
-16
-24
-23
-44
25
22
-15
-27
-57
44
-11
-29
-37
-16
-44
-3
-63
-64
-84
-54
-54
-30
-33
-18
19
-13
-50
-98
-45
15
-46
-2
-61
24
-33
59
-70
49
-9
-107
-55
21
3
-21
-75
-79
16
-4
-37
-17
30
-20
-28
-28
-13
-1
-25
-22
-101
-20
-36
-41
121
30
-98
-53
-44
-68
-22
14
-39
-31
9
-10
-78
-77
5
1
26
-60
-6
-43
-55
-19
15
-6
-33
-46
-52
32
-56
2
-70
-60
-5
-13
-75
-25
22
4
-62
-47
-59
-107
13
-78
-26
-24
-18
-79
4
-22
-44
57
35
-25
-51
-10
23
-47
-27
-8
-1
2
77
-97
-33
41
-64
10
2
-43
3
-48
-10
-61
-6
6
-11
32
5
-15
-19
-38
-58
-37
-47
13
14
-61
-46
-40
-17
-46
11
-23
24
-35
37
-38
-9
-41
-2
1
-53
-1
-9
-103
-34
-53
48
31
-81
-49
-2
-28
-24
-19
79
-40
36
-19
-30
-92
-15
12
-2
-7
-36
41
-27
-81
-33
-4
-36
-58
43
30
-49
-52
-66
46
-16
-48
-37
-17
-29
32
-49
-47
-84
-70
-48
-24
-23
-5
14
-14
-44
-89
-75
19
-52
18
-75
8
-24
71
-89
51
-30
-97
-84
12
-3
-28
-43
-67
27
14
-48
-32
0
0
-21
