35369
80240
70256
-20204
-15891
53153
-13428
67358
55869
53967
-13092
-27849
49460
-2911
-12038
-2827
35017
-13033
-2750
-5709
15488
31516
-29462
-1198
-22706
-16554
47524
65089
-22107
-24014
-7446
-12258
-3094
5416
41582
-19938
54438
6261
-10081
78361
20383
-32431
16583
49401
51262
-20237
41496
37343
-15996
6582
-414
-30890
14265
-2556
12563
-21000
26240
43082
-28692
68197
26335
-17982
-12530
-231
-13294
-26704
7317
-20357
59
16547
-13610
-13843
-35163
30817
27714
-15142
50575
-6533
-26249
31724
27614
-18824
2434
12334
-16844
-17414
75209
-33422
-7107
56364
64413
21351
70412
-20163
21590
-13049
69607
74049
-9543
28242
9498
15166
-11701
5576
77421
76290
24829
31980
-18815
-37943
-8606
-17699
-8532
27197
12769
8867
-2814
-8134
-9736
-24577
49081
46094
-6980
-16741
-7540
-6097
8067
5320
-3571
-37316
28245
-325
65934
-20020
-9008
-15786
-10082
3138
-12988
-38336
11364
36855
-9556
-14599
15710
-9095
-11784
-24439
36016
4810
-11013
13553
11931
36273
32468
5723
-13701
19637
36412
-16659
7882
41275
49769
78941
40825
8087
-8746
9541
-8064
-18592
1212
34452
-1621
-22853
4206
-1832
9450
-25594
-30645
20150
-8506
2803
-5309
33036
54460
-3915
-18150
-15290
17719
5296
-17624
18765
78795
-20300
-13223
-48231
60501
30105
24961
5921
6201
-17599
-2770
-30305
-2278
47720
-16428
-9716
-11570
-46210
59924
77709
108360
3714
-5904
30023
85160
-2967
69412
11123
-2761
-10997
76223
37198
59681
61523
-10667
-34660
23515
28116
76779
-1819
13381
-15583
-15369
48131
-27190
-13996
-28763
47816
-17038
27867
-13794
-8628
-10635
30267
-1622
73614
-1127
-15118
-12633
-12763
45313
6236
-17545
21050
1555
9368
-23682
10899
-13882
-31168
48770
-1866
1357
-12067
-1126
50298
42094
88707
-10940
-7099
-13260
-11494
-9683
-11039
-13634
32156
10460
-20469
56340
37016
52560
79389
-5541
-3994
2250
-17965
-31564
-26787
12603
89849
-19470
17965
-33490
-43809
-145
9290
-20923
-8648
27612
-1099
4577
53534
86889
-15088
-9863
72895
-31453
13190
9965
34677
44887
-9471
51941
-14902
-19776
-16992
44566
23797
37734
-8996
79025
-38864
42745
-14468
22320
16206
8659
-15345
-7910
14761
-7577
-6263
1221
18288
-1484
6135
-12997
6920
-14351
20725
-20483
135403
-12281
36062
56988
41947
97244
55904
-52524
-32308
-8711
-38670
1925
19640
-4023
43900
-227
-33712
13457
55109
-7427
2888
10531
42316
54985
18802
-28467
-12105
23535
10864
-9554
8493
2878
52724
-10462
-21821
19655
15909
12075
-28151
46237
-19728
