-29225
-8096
-20302
-23139
-28986
-32721
-49935
14438
-38056
4288
-30101
-43215
-24900
3957
-31702
-31983
13690
-33004
-19312
-33090
-37595
-29948
-25365
7005
38227
27318
10795
-24485
-35769
-21533
-31169
-6544
-7750
-27702
14317
-14971
-25751
-41716
-28255
-22420
-10251
-2647
2102
-18568
-23816
-28183
-44672
-38477
-24298
1250
-2308
-24097
-42742
-34683
-8672
-22736
-28511
-17590
-23225
-8039
-31280
-22553
13025
-23073
-17684
-29317
-36294
-28387
-28351
-24411
-41721
-35286
-23501
-31151
8175
-21849
25204
22066
-19765
-18693
-31135
-25635
-18572
-32076
-16431
-27089
-24424
-21508
-28108
-33696
-15656
-21691
-19384
14208
-25002
-16744
-28350
-14640
-36518
-36705
-6549
-120
-25733
-30944
26207
-32277
-16195
7151
-37657
-29768
-1509
14470
-34413
12519
-27258
-35311
20634
-30528
-38445
3676
-27319
-11533
-1119
58162
-38141
-23591
-12267
-51700
-37893
-7972
-35077
-17755
-33139
78
55068
-23786
-7833
-26584
-27326
-6176
-35234
-35698
9641
-32997
-28650
16429
-15872
-37206
-6196
-20897
-42807
-47905
-22825
-23668
-19886
9983
-33551
12417
-31644
-15763
-26358
-34320
-29053
22165
-37354
-43225
8001
-23694
-23322
32183
-30946
-45255
-20930
-20064
-16222
-28594
-26895
28364
-26852
-7111
-9924
19723
-35475
-24604
-10394
55
-6407
-34365
7078
-3897
-29393
-3723
-6011
-9240
-4188
-9030
-29058
-34465
-26674
4695
-35489
-26639
-17256
-11782
-25248
-27140
-27066
-32799
-24317
-33443
4675
-29461
-19015
-38059
-20676
-31500
-23981
-28320
-33568
-1038
-17264
-28449
-28842
-26882
-25678
-33572
9774
-18950
-28722
5103
-32680
-22789
-26280
-23366
-30662
-29249
-18518
-40348
-31100
-34009
22105
-6053
-41485
-11503
-29868
-42614
-28805
-36685
-19499
-15171
-3402
-35529
-42283
-30627
-23640
-34012
-31605
-27836
-25812
-34492
-38157
-39704
-34394
-7438
10778
-21061
-24799
-4087
-33200
-3560
-33724
-3957
-27694
-29407
-22262
-22358
-47003
-20145
-38019
-37890
-3877
-37096
-4961
10325
8672
-25899
-19628
-24514
-39717
-34304
-3127
-28002
-51613
8241
-31415
-42354
-21899
-30535
-36073
2715
-22116
-32727
-3330
-13634
3422
26989
-29231
-31176
126427
-10549
19073
-23194
-22894
-33528
-25197
-31158
-43378
-31723
-6901
-29926
-18903
5708
-20576
20270
-37534
75388
-36819
-19404
-20339
-39441
-24872
7507
-23535
-29135
62433
-35178
27216
-33717
-18094
-38948
-21950
-39190
-37900
-6334
-21657
-2277
-3967
-22044
-33595
-30840
-41012
-19930
-7762
-29703
-37223
-27433
-15020
-24364
22535
4471
-17495
10372
-28668
-27999
5698
-24581
-31837
-39802
-37242
-32987
18226
15586
-29477
-25253
-1029
-12980
-3883
-29811
-35863
6136
-41589
-9444
-26585
-24196
-27640
-21265
-21733
4259
-25026
-24884
-31398
-46938
-30285
125365
5867
-34064
-14791
-25478
-34607
-20864
-40341
-31015
-20032
-26727
-29889
-35369
-10110
-28847
-31713
-32984
-32617
-13295
6626
-637
-28495
-30085
-3136
-6119
-35891
-26087
-23585
-1623
-35648
-23197
-4663
18537
-20501
-25355
19023
-19681
1435
-21295
-33338
-35444
-32424
-21954
-20028
-4779
-30470
2904
-10411
-26255
-1443
-27896
-20537
-23143
-20676
-11305
28827
-26908
-2118
-8187
-14312
-40131
-24165
9796
-29617
-32129
18274
-26674
-27572
-30005
-32747
-34574
-20036
-32837
-12456
-8095
-16502
-30441
1109
-19637
-34391
-41139
-6486
-19976
-28661
-22502
-40708
-34096
-2990
-25100
-17222
-33608
-24410
-24810
-25874
12956
-30070
-38098
-23001
-25780
-20206
-47885
-19034
-40406
-26554
-19619
-19314
-28911
-2826
-28835
-18964
-8461
-22069
-18486
-16238
-28663
5209
-27949
-24927
-32316
-37983
-31795
-31872
-34130
-16368
2716
-29246
-5538
-36163
-34248
-14498
-15033
-25038
-25898
-21805
5260
-30839
-29343
-27134
-31532
-16914
5246
-21084
-30747
-35766
6628
-8020
-24860
-141
-26476
-9026
13780
3846
-23969
-29147
-39409
22784
-37086
27543
-16842
10223
-45264
-25974
-30843
-33875
-10671
-29295
-36589
-29723
5585
4831
-5566
-30093
-24695
-22862
-37475
-22547
-33606
-39488
-36658
-34747
-39914
-28337
-40208
-38807
-23223
-44023
19650
-31767
-17942
15381
-23085
3998
-25057
-47893
-40287
-28870
-31873
-18695
-46174
-33900
-22922
25449
-25375
-40631
-25469
444354
-31529
-31957
-19851
-35181
-32350
-32637
-41135
-38545
-30152
-30504
7050
22440
-32250
632
-50116
-19694
-11415
-24608
-28634
-7132
-44925
-32658
-25344
20806
-24817
-30240
7957
-33326
8704
-23527
-16732
-22113
-24745
-32698
-25856
-21086
-25059
-17013
-33006
-2818
-24227
-3362
-23442
-39915
-41867
-3733
-27010
21379
-38329
-49567
15270
-35542
-25660
-32942
17063
-22348
-49042
-25979
-15050
-52310
-34421
-732
12711
-31969
-8218
-50465
43088
-27962
-39031
-28282
-34143
-21942
9436
