-10316
-25714
-9625
-149
-32759
21180
29400
-20108
-27876
-1774
-2531
16239
-26138
-14384
-4129
38418
1421
-12245
12150
22866
-12315
5744
-12928
135657
-3302
-15535
38464
-29370
-1326
-13753
-9097
-29845
-32626
571
21499
-35179
-39771
-730
6082
3931
29935
-26883
4797
-4710
13183
-33222
-17802
9354
-8875
-36104
-17161
-26265
-19934
40780
-41440
29646
-14845
15690
-21515
-50566
-36614
-9491
-33744
20183
12550
-4818
-11629
11815
9696
-28140
2136
-32262
11861
-15088
1921
-7595
-13979
-5077
-29462
22767
-38350
21101
-20359
-26912
16032
-30472
-134
4161
-2356
-11325
-22707
9939
23934
13576
3754
18960
-2444
29130
-12624
-5463
3003
-37963
-22473
4842
48014
29124
30058
-27453
-31752
13254
-18921
9101
16087
-32845
-34060
-40583
25557
45217
2827
4047
-28602
7318
-39235
-8317
-7787
-45108
-30378
-29855
-30917
-15584
7766
-20703
1304
-22630
4826
-7880
-4326
-14374
-35242
4830
-38396
-10701
-26150
10759
-27543
-31522
17046
-20200
-24857
49463
-6610
-21022
23696
-633
-38042
499
1166
31078
-17738
23903
-44001
-36007
35409
-6459
-36520
-21165
49231
29230
24789
-31057
-14689
1912
-15605
8976
-6484
8241
-39599
-10370
-24222
936
-10774
-40185
-7436
-11863
7825
-5678
-4634
17148
42420
-13700
22640
-14183
-21866
1862
-28977
-23568
-45230
28634
-10239
15381
-11342
136565
-752
-14691
20848
-16204
-39409
-16895
-5223
-54753
-24450
20409
3432
52364
-15373
-44353
-40246
-37344
-29358
35132
-3363
-21648
-24056
12676
20010
18082
-11849
18200
-16730
12971
-8997
20639
-5387
-26641
-50801
-31656
-2167
3182
-32899
45163
-6255
9457
36454
-18329
26966
-40080
3309
-25491
-4313
78
-13076
12109
38520
16289
11792
-29892
-31347
226
8457
-12686
7119
5591
-239
-18881
4272
-20223
-21022
-8059
-12818
-32064
7593
-33952
-1133
23061
-25773
7693
-574
-1920
-18148
-29243
-4910
74913
-17361
-36395
-14702
-37780
20
15324
29035
-14756
28601
-4321
-29647
-24318
17538
-4373
-27259
-23905
6789
-13
-17396
-36761
-4910
-27911
51047
-7542
-3228
-35729
-13364
5391
8322
81911
-25156
-51309
6756
13463
26932
7728
-40090
-15660
3841
-14014
3221
-33611
-1733
2615
-662
-15682
-33973
14408
-29608
-35232
1245
14693
14090
-3616
8690
13791
-34480
-28759
8467
10322
-38760
-25337
-36030
11232
-566
-12355
30810
-16643
-21624
7776
2983
51423
2657
-7762
-33608
-11814
-28155
-13675
-196
-1267
-5156
12466
30037
37001
13332
-15055
593
-25663
-12080
-9008
-32735
25061
-7800
-14483
-7563
4897
295
-20956
-14338
23498
6936
13238
17543
-39468
-10011
14663
-29451
-7193
2806
-626
8884
59962
2931
-11789
-3731
-29549
-7506
-9870
-24856
40847
-5359
-20303
59560
20282
-4775
57591
-10071
1108
-27424
-30747
-32244
-22911
-30713
-4142
-21852
-26819
17381
3525
-29417
-15463
-1098
-6693
-43736
-44069
-7419
29520
-9499
11650
25551
-4823
-36397
-21562
29865
57566
-9831
-26893
7636
-4163
-27414
12827
-17718
-19819
-83
-26126
-11252
-68601
-175
-43024
-43212
-36715
-16324
-8725
10014
-4669
-4750
-8159
22511
-12401
-10363
-12217
-13101
-48301
18571
-34282
-923
3432
18491
720
-31558
43718
-43254
52408
-18970
-19570
-46612
-14295
-31611
5648
12330
-1277
-7599
-20151
-16134
-33870
-21522
-30061
-19769
-20429
37964
4480
-24650
11307
63631
-9886
-25746
19729
-13502
6798
-1952
2046
-24055
-538
9085
-17909
18854
12486
47549
-3935
13152
-12998
-11338
-43473
23316
75731
-17851
-50437
-13276
-27782
-4945
-7587
12835
20479
-23672
-31253
23291
-3361
-4396
-25951
-29708
70935
44462
-40059
-12358
-29534
-10715
11201
-7102
-33531
-2992
-24598
-25112
-25438
8459
32711
12841
-29737
15978
4552
-23410
2777
2531
4309
9275
10642
49852
91558
21970
2705
-4729
-36
15786
-19412
-13694
-41674
-32862
-21724
-18063
21938
-32803
-25872
10353
-24853
8823
-36262
-14846
72816
-11295
5397
7560
30776
582
-22042
-27735
25218
-3911
-899
15431
-35261
1232
3005
-18068
-28028
-26079
-43793
-22620
27462
-7375
-3615
-5992
-761
2772
-6368
22609
16470
25309
-37545
-29541
-723
-6012
12899
21189
-16050
39508
28509
21553
16560
-28869
-673
27763
1388
-13984
-4433
-28820
-22989
-17089
-10640
-6296
-35764
851
-2275
6897
-442
-20432
-19995
-34044
-25495
24695
-40108
-18754
-2208
-2090
-34408
16249
-28499
-18068
-17531
-33802
22460
-15799
2648
39578
24336
17168
-518
9495
-22313
-25958
-3779
16283
16479
-9508
17876
-6035
-22680
6330
8434
5219
-8969
-25331
-10185
