-13605
-7779
-3406
2986
-7025
3143
-2254
-4723
2749
-5028
-11796
-9190
-6839
-6817
-10914
3120
-846
-4401
1361
-13943
-4301
-4890
-2687
-7128
-13863
-6072
-7686
-9928
-2022
-10141
-13649
-3291
644
-9205
-3775
-15249
-6323
-12443
-5938
-5925
-18135
-5084
-2381
41
389
1170
-10338
-1402
-14648
-4158
2925
-6334
-11158
-2323
-10547
-6689
-10007
-2432
-2890
-7767
-2675
-8771
-12606
5254
-12773
-8140
-612
-12725
-14169
-9048
-14440
1309
-4274
-430
-9112
-14351
-10514
993
-12646
-286
-4637
-13288
-4086
5847
-5775
4318
-6291
4063
-5312
-11028
-1833
-10036
-7693
-2570
2529
-15069
-5767
-5214
2005
-4912
-7488
-6070
-7684
-6915
238
578
2956
-2374
-7180
906
-6314
-2900
6333
-2543
-3274
-5079
-127
-4759
-6446
-17262
-8277
-1462
-3105
-932
-3233
-7656
-16792
-3707
-10686
-9837
2046
-11596
-3811
-9846
-7027
-13375
-3786
1589
5112
-4109
-1497
-11979
4630
-11493
-11015
-4974
-6341
-4412
-3072
-2841
-7593
-3208
-14424
-6737
-10804
-1593
-5577
-394
-14334
-8145
-7313
-16269
-2789
-10189
-13493
-11742
-4217
-3601
-7645
306
-8638
5476
-8272
-7716
-7156
4146
4249
903
-1003
-1143
-1861
-5824
-10573
7831
-697
-7746
-5480
494
-15992
-672
-7858
-4104
1522
-2588
-5130
751
-14544
-7502
767
-3435
-3873
-4069
-9411
-2229
-1333
-6580
-13496
-3800
502
-695
-9168
-13152
-742
-9343
-11426
-1465
-14013
-6488
-4552
2029
-11988
2621
-9020
-876
-11568
-10318
-7226
-8370
-8356
-12997
-2019
10008
-10114
1423
-2832
-2076
-5184
-5373
-1794
-10038
-7702
-9723
-5694
-11627
2678
-6498
-12808
-9003
-12922
-5245
-5188
-7246
-4759
-6032
-14891
4131
-3001
-11667
-5284
-2864
-10973
-14180
-8128
-7470
-6963
-13721
-10241
-452
-2720
-12042
1221
-4989
-2377
-3551
-4599
-7715
-2964
-2901
-556
-4261
6366
-6663
4297
-5341
2461
-12321
-2951
-5349
-7985
-12754
1886
-12417
-4976
-3207
-14406
2215
1388
-624
-10481
-10258
-12062
2186
-8817
-3990
90
-346
-1616
4614
-248
-10384
1095
-8931
-5608
-367
-13717
-11492
-14242
-11989
300
6604
-10144
1239
-5890
4914
-1410
-10979
-5894
-5476
-2225
-505
268
371
-10215
-5164
-10101
-6593
-17750
-6193
3457
-324
-9323
-8959
-6911
-3490
-6949
-14467
-1472
-10869
-9974
-11093
-5211
-463
-7173
-5685
-4414
3570
432
-11919
2441
-2917
-4018
-12653
530
-3152
-5511
-11670
-9827
-7694
-3620
4257
-8801
2332
-11279
-15229
-5948
-15152
-1553
-5144
-4887
-2014
-13884
7817
-798
-11067
-7013
-5565
-8373
-5188
1649
-8549
-7580
-12931
-9779
-7570
-8958
-7682
1649
-4105
-11368
-9307
-7059
-7086
-5320
-9043
-14456
-4760
-11277
-15161
-8168
-6700
-6209
-6478
-2213
-13000
469
-14323
-6969
-13534
-8645
-12886
-14291
-7524
-12166
-6250
879
-6049
-10274
-5437
-2079
-1949
-6696
1439
-2919
966
4156
-12146
-2338
-8900
-11916
-12354
-14751
-4730
-9273
-5076
3903
-9219
-6776
-2713
1996
5022
-4230
-1501
-7137
-3766
-6673
-5568
-6435
4019
-4063
6337
-4007
-7881
-6346
-10639
-3704
-10238
-9853
-7409
-8836
-3978
5123
-3024
3000
-10120
-9318
8540
-9763
-7414
2438
1524
-4143
-1775
-15730
-133
-9422
-4049
-2138
-8229
-20922
-5628
-7988
-8639
-114
-10221
-5506
-7124
-3360
-11422
-5700
-3900
-11476
-8020
2725
-2139
-3851
-10045
-3400
-9085
-8803
-3817
-952
99
-10932
-1558
-8702
-12031
-6732
-16454
-11111
-5129
-4991
-3607
3562
-6732
-3290
-5392
970
-9305
-1627
-966
-6504
-10324
-14093
-16306
-5609
-1029
7021
-4832
-5439
-11441
-6418
-900
-5487
6379
-14539
-4738
-2549
-2914
-8014
-9430
-13621
-9714
-1337
-4407
-8228
-6881
-6378
-11976
-4986
-8814
164
-14185
-8978
-4028
-4661
-4568
7704
-13143
1567
4994
311
-12964
-5588
-10374
1089
-4010
-13400
-15115
-10620
-11448
-6417
-2840
-4886
2541
-6099
5109
489
-2385
-14718
1426
-13806
-3444
-7791
-13614
-472
-2644
-4762
3768
-11064
609
-8554
6450
-2516
-492
-10410
-13195
-13795
-16846
-2465
-8845
56
-12186
3568
15
-2200
-9414
4978
-4627
-17547
-811
-4933
-5896
-9420
-5604
-7822
5453
-8726
4493
-8330
-17424
899
-6179
-1176
-19197
3744
-2135
-9822
-702
-12049
5023
-2884
-6320
-6878
-6479
-10816
-1614
-3501
-6655
-7778
-5136
-6482
-3822
-5748
-11584
-5960
-12857
-7396
3434
-6523
-4144
-8738
-9843
-4014
-6894
-5507
-12239
4807
-14805
-7642
-10731
-7541
-5312
-9666
542
-8468
-10277
3756
-13862
1719
-14371
2235
-4464
-10987
-11103
-11968
-17292
-6911
-6823
-6855
1234
-6565
-6013
-6513
2939
3403
-9227
608
-3150
-14420
1172
-12365
1769
2544
-2196
-13460
-2902
-7697
-8734
-7720
-3530
-6998
-7562
-9890
-8163
-12862
-9339
-3753
4480
2707
-3051
-3046
-626
-9252
-4496
-7169
-10305
-8921
-543
-8801
-4241
-9018
-5145
-7944
-12305
10659
-5293
-2780
-7425
-4765
-10706
-8662
-7229
478
-7256
-9035
-4846
-16252
-17516
-14703
1100
-3859
-16839
1807
-2463
-11974
-4831
-2268
-186
-989
-2581
-7777
-7599
-11284
-9800
92
-15090
-10336
-984
-7445
-5670
-8531
-7573
-10763
-5720
-7017
-7797
-14767
-9268
10959
-248
-2612
-10031
6979
-14383
-1141
-4596
7650
-10233
-479
-7876
-10337
-7164
-10728
-11516
2752
-4416
643
5484
-5920
-4050
-2154
3185
416
-407
-6344
-13390
-390
-3862
-10713
-9980
-4285
-4928
-5711
-8388
-9307
-8619
-8638
-9318
-7839
-6539
-14553
-3597
-4205
-6719
-6018
-4550
-3199
-15214
-5051
-8550
-2550
-3805
-5581
-3159
-4100
-4306
-2143
-6603
-1823
-10097
-15108
-10267
-4163
-8541
-9371
-12198
4964
-3004
-13815
-10782
-10875
-5673
-8125
-4335
-4375
-5381
-3088
-3152
-6521
-885
-1144
-7222
-10675
-10401
-5002
-1709
-3472
-2532
-4491
-7191
-7561
-5761
-13446
11
-2441
-7608
-4507
-13302
-633
-7983
-302
-4318
2830
-5367
-9851
-8206
-7809
-6295
189
-4895
-18712
-314
217
-5015
-2929
-13723
-10463
-1771
-4411
-2430
-8082
-3329
3018
-6715
-7513
-5035
-11250
-4901
-4127
-2058
-3594
-14228
-14026
-3320
-11046
-4586
-972
-4973
-11181
-1316
-15518
-13744
-27
-12622
-7895
-14301
-5818
10853
-6306
2814
-1343
-3360
3856
-13498
-6624
-4506
-11497
-6820
-7624
3768
-12307
-11176
-11568
-9484
-4172
-8020
-2898
-6561
-4945
-8135
-611
-12708
-5002
-6424
-9887
-3391
-5287
-7352
-10897
1176
-4334
1000
-4824
-16095
-16505
3428
-2252
-3066
-11261
-6784
-14412
-10891
-5323
-14544
-6506
6508
3749
-1543
-10816
-16417
-4913
-5793
-5476
1479
-12253
-395
-8099
-6064
9625
-5646
-6816
-1597
-1475
-10022
-370
-11710
-5490
-15197
-3365
-5716
-12976
-6775
-10040
-3240
975
-340
-10423
-13508
5833
-7755
2424
4219
-5226
-8443
-5595
-5342
6528
-5136
-1202
-6746
993
-5009
-6378
-6334
4268
-3771
-3893
-7084
-12920
-3318
-6163
-1852
-8798
5581
-11017
-6977
-13495
-11719
-8806
-453
-1755
-5136
-6212
-6934
-5663
-1184
-2390
-3404
-7655
-7764
-13533
-453
-5485
-12738
-8986
-386
-7725
13
-1200
-1076
4002
-7627
-2985
-7443
-9948
-12319
-12777
1561
4978
-7656
-1679
-8516
-12892
-2255
-10554
-5115
-3713
-6600
-9052
-12375
-4940
-5768
2501
-5629
-4142
9155
-165
-9892
-7358
-12462
-6385
-11209
659
5663
684
-7689
-7021
-8345
-6763
-6180
-15045
-6736
-148
3167
-6373
-1852
-4683
-1064
-4941
-4490
7841
8954
-9243
-6497
127
-8537
-5684
-14871
-4782
-7575
4413
-6817
2539
-8514
-5631
-2639
-14107
-1691
-6310
3665
-2050
1005
-3236
-13949
-8142
-2552
7155
-9968
-9657
-702
-10308
-8281
-406
2631
1225
-11013
-12814
-2745
-15231
-5288
10288
-8630
-6782
10228
3255
-4094
-9629
-10924
-4506
-1791
-5472
-2766
-1571
-11560
-1341
-7569
-1157
-3603
-10921
-10286
-11334
-8619
-7456
3833
-11307
-13067
-5305
-1965
-3563
-7888
-7952
1585
-4780
13802
-6715
-5697
-9220
1134
-3265
6091
253
-4014
-5634
-6083
12838
-8041
-7937
-3796
-1368
-629
-6404
-489
-9692
2094
-1713
-6939
-11438
-9802
-6246
2331
-8934
-1058
-276
-7417
4604
4494
-6560
-1296
-141
-10812
389
-3297
-1993
-3965
-515
-7861
-8534
-7774
-7770
3013
-9068
-3845
-4746
-11109
-1101
-9820
-577
-11411
3975
942
-9570
-3019
-10100
-7348
-5659
5960
-10641
293
-12175
3610
4883
653
-2896
-2047
8865
-8947
940
3307
-7102
-7828
1585
-16756
-3986
3640
-9337
-15632
-1552
-6966
538
-19189
-5237
-8717
-9357
-17140
-8255
-8007
-9110
-2478
-3584
-12487
