4628
5538
5035
9926
2305
6493
4060
3204
3600
5535
2894
4095
2582
372
6581
3577
4346
6908
3142
3661
6198
5943
1968
2563
2503
3433
3671
8065
3687
7901
3331
4502
3240
5533
7061
877
4925
8804
4190
3028
3752
226
3967
1175
9064
4771
2837
4144
6918
2012
5924
2319
2516
7788
3916
4888
2226
3588
1952
1912
3032
5405
5326
1126
6360
8398
4800
6946
2387
3680
2597
5389
1434
6790
2175
3367
3019
2373
3800
3156
3262
4734
9555
2196
2298
4976
3721
5548
8764
9670
4947
5765
3974
1205
5757
7312
1564
1618
4076
2966
4725
3451
6410
5090
2269
1932
5054
3151
8082
914
6200
5104
6513
3606
1729
8192
14318
6523
3714
4102
3410
3417
4276
3040
2098
4913
2183
2124
6173
5604
10949
2372
3187
6392
8735
4924
4197
4332
5912
3960
6103
5463
4812
8049
7893
3813
4435
4493
4640
12947
4422
7872
4222
5422
6036
5660
4875
3702
7775
5454
8372
1811
3141
3120
4947
9422
2435
6452
6438
2934
6833
5307
5684
7802
6348
7438
2899
2883
3992
7128
4198
753
6964
4931
4830
4891
6181
3837
4983
7160
11045
6049
5467
7248
2248
4594
4769
5818
5716
6610
10337
7257
4655
1939
2985
3956
3805
6240
8374
1337
6587
4381
6404
1753
7654
3924
1850
8218
5658
6400
6094
3033
3388
8437
2223
4398
398
6111
5819
2354
2848
7967
4618
1489
7029
5341
7874
4447
4796
9064
8571
3760
6262
5742
2196
6609
3131
6271
3105
5627
8325
3097
4687
5653
9693
4863
5493
6622
4454
4191
6826
6611
4597
2996
4568
8660
4255
5714
9396
3950
3188
4556
9390
5955
6371
3195
10249
15183
4413
4399
5842
4276
5716
1493
2582
4707
3594
4677
3774
4450
917
2874
6270
3523
2568
6401
3476
9216
3124
6671
3774
8094
4893
1691
1430
4825
6442
3782
6570
1977
5315
5687
5571
5975
13486
8507
1923
5665
3702
3504
9033
3091
581
4522
4354
12075
6404
3594
9980
5849
2259
3488
6012
3178
3961
6416
3653
8268
4175
5303
11596
4012
5941
3545
4228
8833
4198
8353
5170
5687
3932
1290
6793
3715
2552
5559
5109
10737
4208
3644
2464
3464
6241
5673
4649
3503
3096
4605
3127
3791
6729
770
2482
7538
6968
7233
6615
3319
5678
1030
7527
6725
4575
4871
6947
8227
3785
2040
1700
3967
5953
3116
4140
1429
8254
1842
2466
3803
3773
6483
9671
9163
7783
5778
4984
4110
7014
2884
4513
1509
1883
5425
1000
3685
1634
4801
5017
5245
2760
2884
4031
3614
4094
4057
5850
5410
3106
9491
1981
4656
2083
4032
4346
5094
3320
5469
4059
5539
4346
3592
6245
3115
3088
6112
6575
3011
5427
4622
3580
4684
4026
3213
2541
4966
5446
3046
3384
4333
5573
8101
4039
7927
2537
4216
7120
1994
2469
6109
8342
5238
2423
5049
8055
4800
4685
3642
6507
6428
3838
7058
3397
8555
4536
6886
3740
4756
7100
1829
5261
3192
2873
2696
6224
4317
2585
7963
4407
3141
7411
2616
4110
4009
3725
7258
4564
2796
2864
4500
4389
5779
4714
4726
5997
4050
6055
6257
5774
6100
1912
6087
6670
5010
4264
7668
2780
5434
6088
1704
4713
638
4911
7188
7106
3066
1927
2757
3118
2341
1868
3672
10109
2862
3230
2377
4685
5460
6178
3125
4777
5014
11333
3756
6032
13114
5193
3454
2658
7329
5278
6326
5221
-1336
5688
5468
5044
2661
5687
4922
2560
5355
8009
5472
3577
3097
5561
4243
4166
5867
5848
4174
2103
86
3322
5866
6602
5269
7298
5305
3596
5891
6473
6430
7419
3949
2102
2460
5016
6118
1166
6033
4396
4888
4936
8953
3409
5979
7518
6159
6159
6348
5691
4812
1863
8355
3738
8815
5494
3112
8099
2166
3578
12466
4589
5013
1490
4973
6269
13927
8325
11698
8809
11635
3394
6068
3115
4923
4621
6827
4638
5254
2485
4343
3264
6309
1794
3396
2225
4122
7350
4699
3349
6248
8104
3058
636
6128
2544
3179
6249
2735
4546
3929
3479
4695
5302
9658
4304
4821
10241
4592
7440
3068
