-16317
71769
40582
83882
39758
136663
73513
149462
15995
100929
67558
66414
131256
92469
125767
16152
144241
47131
20697
17693
65593
23171
52594
53593
74025
109885
79435
47678
65511
59884
53790
59461
56449
1032435
58373
57697
9552
50243
100705
59304
16215
69140
53132
43521
21155
210687
100246
89409
38039
76618
58317
62208
4016
91469
53608
8662
34498
78405
47927
65926
74851
69670
207850
171218
52266
122287
85252
61194
34408
73392
12179
98226
68737
52581
53373
14182
-12103
45165
58440
76626
76686
-4509
60914
73462
10913
11802
310919
41576
75568
63104
75898
45444
52989
-4147
101919
42683
108150
26281
57382
82137
89180
29723
292
50939
243924
57186
273167
44199
38716
70034
46483
12442
22039
70600
61238
33945
65243
147302
35145
90337
101060
186785
71066
48496
261703
83591
42032
130798
86776
48330
60839
20906
180422
56227
92163
56899
89745
113690
189541
56441
87520
126777
70455
47760
377625
11297
43771
200924
6592
53614
461215
39520
57023
159737
32971
69016
73640
92014
79533
15844
52894
81705
53398
54758
235603
58204
403761
53688
-13544
14231
96342
43422
59327
61367
53903
39132
93358
23139
52723
20912
26998
177045
101844
9305
107669
33702
65042
16015
119443
80516
44093
25623
