18693
-7387
-3827
13559
6696
12797
10159
-6537
150
846
7501
-5201
1733
2352
7921
-13639
-24160
20061
8128
-12851
-24052
-6676
-10233
-7555
9918
29118
-898
-1201
-1750
21943
21799
-16242
17206
13895
33170
6867
12875
-6462
-615
-7634
-15301
38239
20743
-141
-5356
-9897
-10835
-4447
20105
-7820
9718
23537
-11825
769
24991
-4739
-2433
6480
-10439
11959
16112
-5184
1461
-27536
4060
-35211
4722
-23780
13167
13082
-16694
21222
-22751
4525
-4561
18436
15431
-18892
-3318
-12055
1982
-12579
12013
-2590
25047
-12018
-3492
-5089
-37676
-13146
40346
-21161
-6673
-6145
-19196
-17111
893
-11427
28664
-11530
-5968
22441
13576
36390
8060
-14478
7309
-11541
-11222
-4245
7818
3082
