23
13
18
-24
79
8
33
-35
44
-1
33
-4
7
2
-20
20
27
-4
-6
42
52
-9
12
63
32
-45
-15
17
33
39
-98
9
11
37
5
22
70
-17
-73
-45
-1
-74
62
-15
-47
36
42
-41
24
32
42
7
63
-11
-29
5
46
22
3
33
39
-7
90
8
-11
-32
-9
11
16
17
-91
27
23
3
-7
7
8
4
-24
5
-4
21
37
-11
-2
-18
-120
-20
-3
-9
66
33
-16
20
-19
15
-3
-54
-14
-5
-9
-37
79
-63
1
0
14
10
8
-8
7
-8
-7
3
-27
-62
22
34
-93
7
33
109
-11
-30
17
49
0
43
21
62
-19
-84
41
7
127
33
9
4
0
-17
9
-87
-5
-3
-10
-31
4
-67
-3
-96
89
-13
-12
-5
87
26
17
-29
40
-31
-127
-31
30
2
-8
14
89
41
-31
-46
42
-25
38
0
12
9
-13
-3
107
-127
19
62
-42
3
19
-44
1
-53
-49
-9
-29
50
-1
55
-14
127
-14
-19
1
-90
15
89
34
-7
-30
-92
-1
-6
29
41
24
97
-22
47
22
3
99
37
127
-80
47
-102
-19
45
-8
6
-13
56
8
-66
22
1
-14
24
6
-108
18
56
-3
-5
4
-25
5
-9
17
-2
39
-12
-45
8
-36
25
35
8
17
11
-5
-4
-26
65
18
-34
-53
34
5
-8
-7
5
13
67
-34
4
-4
-13
33
2
-4
-61
-117
-37
-8
-8
24
24
-10
8
-36
-5
8
51
35
49
24
-3
-21
-6
10
-9
-13
40
25
22
-42
-3
21
-24
25
-19
-23
-27
113
-61
81
-15
-19
-8
-5
48
-4
-17
-1
17
24
28
5
44
33
-64
-6
-6
-51
15
-27
4
-11
10
-41
-20
44
36
-8
-46
9
-7
2
127
13
42
-14
-32
-8
84
5
6
-6
-19
5
-32
65
28
27
-73
21
-6
-120
-35
6
4
31
36
127
83
37
26
-17
-6
-22
7
8
44
-1
98
36
-24
-11
-4
-20
30
23
39
86
24
-18
-61
-13
-37
30
-11
14
-24
-24
-20
26
6
-41
75
30
-42
2
-15
11
29
-48
-12
35
-10
1
-1
16
25
4
7
43
33
6
65
63
22
25
-9
9
-3
29
9
-25
6
12
88
-55
5
34
56
-11
-1
15
91
9
-52
-9
6
51
-7
25
9
-11
-2
-35
-22
-14
15
-13
51
-27
-11
-6
-10
17
0
-2
37
101
-44
111
-1
-20
-127
1
18
7
-5
-34
-60
76
-20
61
57
-30
-71
-41
73
-9
16
23
51
1
-24
48
9
70
49
28
-62
-46
-13
55
-37
-101
-19
120
-83
32
59
-71
-15
-30
50
95
-19
-1
55
-9
50
-88
18
26
-21
14
-30
-37
-16
-54
86
43
46
15
-9
22
-42
38
12
-26
103
64
13
8
16
35
52
13
56
75
22
3
35
29
24
28
15
17
-1
-20
-16
-5
75
-1
25
-57
17
25
95
-7
20
-33
61
20
-26
20
6
-43
24
69
88
85
-23
-23
10
-24
6
-14
23
-7
8
127
4
-22
33
-12
-79
30
-2
-40
54
22
30
-111
-85
19
-106
-2
3
7
-63
35
-18
29
46
50
17
12
24
18
-71
-27
3
1
-9
12
-49
8
-49
91
-32
14
21
95
27
42
-13
43
2
-9
-14
-9
-98
15
19
-64
-67
-30
-9
-8
-74
-13
-10
-9
-16
-8
-29
-9
12
-7
94
21
-16
40
23
6
6
-7
41
2
-16
-9
72
11
25
24
11
4
30
-11
-1
20
-73
0
51
-3
-4
9
-42
-38
59
-8
40
40
-6
-36
-16
4
46
34
-11
14
13
17
3
1
11
84
23
6
7
29
-14
-13
-14
4
-34
-16
52
1
-29
-16
21
58
21
20
59
4
-25
-9
-11
9
8
-80
14
21
-85
-48
-92
-18
-55
99
-7
-16
-6
-39
-6
-34
43
1
1
-12
30
-56
8
31
28
-86
11
-17
17
18
-16
14
-89
3
-22
-5
-8
14
21
11
13
-8
113
-54
16
-13
23
-56
-30
-8
-15
20
-45
-65
69
-45
26
10
5
33
9
-15
-2
53
84
-71
127
-10
-39
-29
-9
7
-64
28
-24
-34
9
-19
19
-43
59
-28
-1
-36
28
-26
-2
46
49
-80
-42
26
16
-52
-86
58
-51
-3
12
-17
-4
0
-87
14
16
-54
-57
-4
-20
-20
21
-9
-35
-39
-4
-10
-10
14
-14
-2
76
94
-52
86
9
-7
-4
10
25
8
-19
-16
-12
14
14
-121
1
11
-15
-72
-5
19
39
-8
-40
4
-23
24
-7
-15
43
-59
-10
-44
-97
-56
-26
44
26
61
42
109
5
25
62
-12
-67
-33
-23
-24
-17
4
72
2
18
19
49
9
-8
35
-2
49
-10
17
27
-36
-9
4
4
12
-45
-53
-3
18
61
-24
-40
-20
28
-105
17
62
-45
114
-37
33
33
2
56
-104
11
-3
-107
-46
15
54
-33
-19
48
11
11
-36
-34
-31
-42
127
13
14
-7
15
12
-49
63
22
-22
19
2
0
14
6
-39
4
-43
11
-36
-18
44
82
-4
24
-67
-68
-32
33
5
48
36
-98
22
11
69
49
25
28
64
86
48
12
-22
38
-5
31
95
6
-3
2
-41
-8
31
-31
58
46
15
28
-24
44
91
-43
21
17
4
69
-127
-33
55
44
40
77
-70
-16
-23
29
-8
42
87
-6
-6
-47
4
116
-25
-38
71
60
9
-3
-123
45
6
-40
4
11
55
39
12
-88
-45
-56
44
-14
-60
-38
-8
-10
-29
127
-11
24
-16
-8
-32
-30
-80
-44
-92
-48
41
78
10
-28
19
42
-32
-50
10
-28
0
-37
31
-36
70
25
34
83
-18
4
-22
-8
-6
15
-60
-7
-6
-14
-7
78
8
36
-32
-1
35
-5
-49
-68
-29
-79
-15
0
-40
-9
-74
17
11
-4
-59
-50
-10
16
-95
1
2
14
-22
-37
-25
29
10
1
43
-31
7
15
2
-15
-45
-14
48
5
5
-12
12
-5
3
127
-59
6
11
-42
-9
6
-17
16
-105
-36
81
0
27
-10
20
-106
21
-61
85
51
11
-71
-7
-25
-11
98
15
35
6
19
28
-25
25
-43
14
43
6
11
-27
54
-47
18
6
-42
4
98
-84
-2
11
-7
8
-13
73
-77
-10
18
-64
4
-97
28
-1
14
-47
55
24
-50
37
-1
-10
9
-26
11
-6
-2
-26
-11
-25
-4
6
-13
-57
-107
-8
31
27
90
-13
7
2
7
-24
32
40
14
35
55
6
-29
35
-15
-11
7
-30
2
35
-4
-25
0
-43
9
25
-19
-89
-96
-18
18
10
33
-15
-5
17
-4
-32
48
29
13
19
-32
102
-20
-41
30
-17
0
-43
-62
21
127
127
13
-51
-41
-60
-7
-36
-90
-61
49
-46
10
-10
-26
39
61
30
-84
-32
-12
36
9
72
27
-41
8
43
11
-16
-41
116
-1
11
-34
50
-13
-22
-40
-80
47
44
50
6
54
10
123
45
-24
-92
3
-24
-39
-45
5
-23
98
16
-8
-14
-11
13
-30
35
-5
5
-19
26
-29
-38
32
127
-116
-5
-21
14
21
8
69
-47
-1
-5
30
-24
-10
-2
-7
-89
124
30
1
18
-6
-74
16
43
8
-8
-5
-26
12
-67
8
-89
91
6
-25
1
-6
9
19
-17
27
6
-20
3
-21
36
5
-35
-41
-14
-21
25
2
-127
11
42
-6
-3
11
-24
-4
6
12
42
23
-10
-38
10
-21
39
14
0
8
2
84
53
45
-3
-60
127
-1
0
4
-13
-43
-66
-60
-49
-25
-69
-7
83
-34
-93
-44
-9
-119
112
-38
-46
-69
-27
-10
52
2
57
-13
-43
-1
-31
30
17
-98
46
28
14
4
12
8
-42
-25
2
-8
14
28
-13
7
-11
-81
-25
14
1
97
26
-3
6
4
2
-10
-24
-26
43
5
-16
-68
29
15
-1
-1
2
19
39
-27
8
-2
0
39
-1
-8
-41
-125
-22
-15
-11
42
43
-24
22
-39
4
9
27
-5
105
30
-66
-4
26
-18
-3
-6
17
-9
99
-44
-1
-3
-25
14
-16
8
-75
-46
-68
22
-11
-44
-34
-2
8
-22
-22
-31
5
-21
10
-14
-6
-81
-51
0
17
-8
-75
0
17
-14
4
34
3
-10
17
2
66
0
-7
-15
16
-7
59
-5
13
-9
2
0
18
40
-25
62
-2
82
-13
127
-5
10
-24
7
-30
23
-21
5
127
-80
40
-127
-45
-13
-127
-9
-27
-124
-14
-32
-14
-25
69
-26
2
-21
-49
-7
17
-90
-70
-5
3
-19
-55
-4
-19
-21
1
24
-7
-3
2
-5
91
28
-18
26
23
10
61
-6
17
-9
-12
10
35
-12
5
40
2
0
8
-31
-7
-9
-29
-20
43
2
-19
10
-16
-8
76
-11
-82
-127
-5
11
18
36
-99
-7
-4
-18
-45
-2
7
3
-9
38
-18
18
-54
-1
-26
-127
5
112
43
20
-9
-18
37
-51
57
29
-10
-10
23
-53
-3
50
22
9
127
35
-10
-3
25
40
-36
-61
-75
112
-89
-14
-16
-59
-22
-24
-127
18
-10
9
-6
-1
2
18
-52
-119
24
72
-92
49
118
-78
-82
-41
-91
9
9
50
48
73
23
-90
-22
-14
15
30
-20
-49
12
37
-42
6
43
-35
-60
56
-5
-25
15
31
-18
1
-35
-23
56
95
25
-15
-2
-15
0
-28
15
-71
-53
2
8
-13
-65
-4
-2
-4
5
28
12
5
-8
-2
67
-8
3
-6
12
-13
48
-13
25
-10
-1
-13
-10
-27
22
-14
9
52
14
21
-10
14
6
2
-76
-1
-3
-9
-1
-61
56
12
30
-27
16
-2
-19
-11
-44
-8
-28
25
8
-21
-18
-127
9
19
-8
0
28
-7
-16
7
0
66
2
28
-42
19
-70
-36
-21
-22
-14
-18
22
127
27
-2
66
8
-25
-4
17
4
-41
6
-86
45
11
-54
46
33
10
2
12
10
-62
-22
-9
-6
1
3
-28
8
-30
-36
-25
40
26
126
26
28
-37
29
-1
6
7
34
54
13
46
82
20
6
25
-1
12
41
21
9
0
-23
-18
1
-34
-3
75
4
5
27
43
0
48
-84
85
18
-30
4
6
36
-3
-29
5
-25
-5
23
-30
-122
-22
107
37
9
16
5
56
-4
70
33
34
-15
17
-20
-37
39
-60
126
29
41
-30
22
-31
14
9
-1
-34
-1
-33
-8
-127
54
-6
-3
-73
-4
3
33
20
-23
-36
-12
-34
13
8
-41
32
10
44
16
65
-34
23
30
-15
-19
-27
-57
9
28
127
-1
-3
-13
-3
-85
-43
3
10
33
-33
82
80
-20
45
-3
4
39
-21
-47
18
127
49
-30
12
