-12766
-6040
-18366
-7004
-13014
-1108
-25452
-7709
1266
15741
7140
-18298
-3133
37723
8224
-65643
-8405
-9797
6979
20941
14092
48642
-39492
-9215
-16775
-3923
13663
-27033
12416
26210
-41498
-12073
-23071
13700
3128
-24915
-6736
-17918
-1387
21791
-22321
13581
-540
31683
27878
1976
-47146
6431
5489
-14544
-22044
4792
-12445
-45186
-2669
-39873
17711
-6651
-22638
-25482
-28514
-15208
-20846
-45051
-1302
3261
12123
-10352
35898
-11347
-12512
-1452
-15855
-14228
3895
-46125
-1869
-15862
26334
-25028
-34830
-2133
-44570
-36326
-30941
14212
25078
15090
-23776
-8850
7385
-5066
2170
27320
-11732
-19433
-25609
-18558
27880
31594
811
-8437
-32642
-10041
-20592
8632
-44815
-20745
-21548
-2269
3343
6340
-12591
29285
-36404
-9986
-6285
11866
-20762
-4897
16746
-47410
-34229
-20546
-24737
-8075
3735
-7801
-916
-40773
-2980
35966
-47234
-4949
-39537
-14610
-19753
-12140
4038
-78372
-18645
-24777
-28296
-5535
-49999
28621
16193
-12609
23428
-20234
-45502
-4417
15182
-30514
-18239
-12784
27
-5167
-17500
-1563
-30789
-4728
4526
-5263
16811
-33397
5307
-27073
-22239
-9893
-25203
-18390
-22148
-10913
-28557
1844
2897
-30564
-19210
6935
-26011
-17807
-26659
-28151
-20378
-21316
8067
-16098
23893
-16853
-21024
-23161
-19380
-13738
28938
13616
26332
3732
-39514
7669
5376
-335
-49367
15056
-14692
-12358
-10752
20700
-21122
-4405
24736
-10241
26963
-5519
-46263
2591
-2778
-20627
-16903
-1250
961
-26577
-58890
8503
8894
-11596
2971
-30864
-10618
-17057
-6794
-113
-30912
-4433
8413
20772
-2524
-12942
-3108
-29683
-40086
15480
-35369
-34676
3070
420
-6193
6513
-6636
-9784
-34428
-17302
-6410
-19326
-48578
-4058
-46213
-12907
10100
-10738
14705
-756
969
13026
-34684
5797
-663
1053
-23112
141
334
-7330
-4873
-4719
20631
-16093
-48906
15895
-19278
-10866
-13249
-27380
13784
-30873
5195
-3971
-19657
5917
9881
23869
-15921
-17507
-3190
1245
-13733
2093
10312
8871
-14501
19282
-5337
-11692
-20736
-9396
-7609
-44735
-5359
-8454
-6594
-9061
-22773
-8423
-5110
-10336
-47432
-77737
-62463
-4781
-7600
-47351
-14327
-31811
-35147
-3028
9487
-2720
-15102
-14878
-44844
-8714
8969
17761
-8578
-23130
-11504
-32171
-16926
8821
-6520
-2596
-7288
-15750
-34091
1497
-17299
10809
9709
-10735
-24385
10181
-5229
11544
-46830
-19527
26786
-42132
-13213
6834
17143
15099
-46801
-52624
-9777
-19580
-16767
-1240
194
-55614
15575
37117
-4794
-48223
-34883
-18827
28548
-10272
40603
16716
4766
14278
-28320
-12465
-8292
-10142
-63818
-59779
-29007
-12238
-19759
-9615
10304
-22085
-29416
12845
-16910
-18473
30363
2313
-21190
24521
-14231
20638
12019
-53056
-11569
-32564
-69400
-28574
-21256
-7587
-16036
-9611
-5333
6166
4118
707
-4091
-14552
-27600
19433
34386
-24532
49972
5540
-128
-13698
-13664
-17665
11554
6980
49251
30272
-5514
-37415
15324
-18826
-8421
-34846
38993
3566
6298
-18598
-34049
-18683
43896
-25017
4625
-6941
-10429
-22639
-18003
13193
-8593
-1293
10387
-8710
-5446
-46694
36065
39179
-5774
4955
-3729
-12952
17945
-31420
11952
-1561
-11436
12089
-10169
13856
-35834
-11302
-29820
-7255
7622
-24330
-9739
5439
-21131
27008
-15075
-6485
-17501
-31137
37224
-13213
4530
-2340
-24450
38564
-6278
-65820
-15344
-25008
33554
-12094
10213
-22197
-15368
46992
-24335
30389
-24825
15621
32115
7831
-12950
8696
-41450
265
-30391
2746
3224
-73669
-29830
-10782
-22402
15685
-12163
3184
-2883
-24503
29249
10022
34655
30205
34764
29898
-7305
-16906
-11585
-24125
-22126
-32599
-3882
-7578
-26807
7471
-13855
51554
-4214
-34113
27114
15789
-15684
12453
4874
-8920
19242
26476
-45153
957
-3916
-41659
-25851
-22877
-24980
44218
7951
14454
-37034
-9329
-22888
-65125
-833
-20167
7426
-15172
-27387
22312
-23991
-57970
17164
-31731
1719
1307
-23211
-759
27441
13882
13853
13072
-15426
23867
21101
6239
5461
-26056
-54697
-20582
9403
8558
-18559
-15596
-38839
-8671
16403
30335
-24222
-645
21719
-12626
-79377
-11186
28560
-6642
11183
-40377
-21307
8908
-10440
-7197
-30693
-24954
16590
9343
-11709
-10587
-33883
-35374
34
25678
23063
-29262
-15189
3749
-63203
-18665
-15700
42517
-20578
-20462
-8309
25164
-28973
-8519
3202
-21105
-26556
5146
-23195
-12436
-1251
-10547
-15045
-5083
2673
32061
-12598
5534
48024
-8397
-5087
-14089
-53068
-9064
-50368
37
-33313
-16951
22775
-12698
4223
-26923
-19823
-23014
-29808
-12050
-7171
-63232
