15
-10
-73
85
123
-127
10
-5
-61
11
50
25
77
127
38
12
51
10
-71
34
81
-85
-67
127
-76
37
66
23
41
19
62
127
51
15
33
21
8
40
2
31
127
43
10
38
3
-52
-127
-60
-104
-83
-72
-39
-108
-47
-120
-127
-106
-107
-39
-108
-104
-120
-90
-41
-127
-55
-113
-37
-108
-52
-119
-70
-36
127
82
62
110
103
-25
107
76
82
58
-16
127
76
-79
71
60
-24
76
-6
-102
127
-19
-125
61
-2
-96
-12
59
67
-36
114
127
-21
58
46
-36
63
106
-33
55
127
-44
62
105
49
-52
-36
127
-55
-79
42
-32
-38
52
127
67
102
44
101
47
101
55
-35
-127
-48
-112
-94
-102
-44
-121
-45
-18
-98
-13
-125
-48
-127
-11
-89
-9
-41
68
81
-18
-127
63
-29
57
85
48
28
-34
115
-127
-37
39
25
-30
8
-8
-13
-1
127
14
-4
-4
-20
-52
-45
62
-41
-72
127
-31
-41
55
-8
80
5
-20
-127
-74
-5
71
11
-10
-4
-14
-16
127
-5
-9
-13
-15
-64
-59
-77
-105
-2
-127
-65
-61
-70
14
37
0
36
127
36
10
35
-6
-36
13
22
-114
-46
127
-28
16
10
15
95
24
17
17
24
-29
-127
-33
7
91
-2
-127
-32
31
8
85
1
-39
26
63
-126
-45
127
-50
40
54
8
31
13
38
127
33
5
23
16
12
127
63
-13
-20
-21
-6
-121
-55
-60
43
52
-109
127
52
-51
45
40
17
119
-81
127
8
-33
-84
-68
115
19
47
2
43
127
47
12
48
-10
71
25
-71
127
-109
-112
65
15
-56
-127
102
64
-119
-123
-53
-126
91
61
23
54
10
-28
-127
-8
23
45
8
7
83
-2
-32
-127
-37
-3
87
-5
-3
68
32
-43
-127
-56
2
67
26
-31
-48
32
-43
-127
56
-34
-39
29
11
47
5
50
127
44
15
37
1
-48
-127
-52
-6
-15
3
48
104
36
-127
68
74
115
-91
-32
91
-62
-77
7
35
7
23
127
23
4
31
-2
12
56
39
91
127
68
15
55
34
-86
-127
-112
-119
-39
-64
-70
-123
-100
-64
-127
-56
-25
-13
-9
50
124
60
-18
-9
48
-50
-56
127
-14
-8
37
17
40
27
42
127
56
19
36
25
17
61
18
38
127
39
11
50
17
30
61
6
74
127
32
19
41
15
27
32
31
47
127
52
22
34
21
-35
-54
48
-84
-58
127
-24
-60
41
114
113
36
127
80
21
102
105
28
75
-31
-80
127
-35
-108
67
-12
-81
21
48
13
127
64
-3
-4
45
31
35
83
26
48
127
47
27
63
35
38
112
18
12
11
2
-55
-127
-44
-60
-90
-43
-35
-127
-87
-63
-81
-46
9
48
3
9
127
31
-1
35
7
17
40
-2
52
127
35
9
38
4
23
27
11
42
127
32
19
27
21
-8
0
-7
2
127
1
-13
-5
-6
1
7
-16
6
127
-3
0
-6
-14
-16
22
-11
-11
127
32
-10
18
-18
-56
-127
-56
3
-9
-10
59
115
61
26
127
-4
113
90
-51
-4
109
6
-64
32
127
-37
-69
100
-73
40
116
-67
72
45
-84
-32
127
-45
70
50
30
28
37
35
-127
40
36
30
38
75
18
-33
127
-28
-19
70
15
-21
16
51
5
49
127
48
8
42
-3
15
78
14
77
127
74
16
70
12
-59
-110
-51
6
-71
31
60
127
33
42
43
34
40
127
66
37
38
34
48
118
46
-21
-7
-19
-73
-127
-65
48
111
44
123
-44
80
38
127
36
53
29
-16
127
35
-66
38
34
-21
8
30
14
27
-127
32
7
29
14
16
42
73
-57
-127
79
12
52
68
-67
-125
-49
-1
-9
10
66
127
26
-1
23
-13
25
127
-11
1
22
-24
-62
-127
-44
11
7
4
21
97
19
32
35
22
33
127
40
24
35
17
-47
-3
19
-127
52
102
-41
-9
14
76
105
50
21
-30
32
-79
-127
-53
-40
-107
-32
-121
-127
-110
-31
-94
-39
-4
41
45
-31
-127
60
-5
45
41
20
50
-22
69
127
-9
6
44
-30
-55
2
63
-127
-35
125
-43
-1
52
10
-21
17
59
-127
46
1
-20
8
38
38
-81
127
71
-87
31
16
-76
31
48
41
55
127
44
24
50
32
14
47
8
-2
127
38
18
37
8
-85
-111
-83
-125
-63
-115
-70
-127
-72
-61
-127
-103
-3
6
12
49
103
86
56
25
-21
127
-124
-38
55
24
-13
16
81
12
-33
-127
-26
7
79
14
-5
48
10
19
127
26
3
46
2
-55
-127
-40
-117
84
-117
-50
-123
-40
5
51
7
59
127
32
9
32
10
-17
-43
47
-60
-64
127
-11
-49
42
-18
-51
50
-17
-32
127
-11
-48
30
11
52
-3
35
127
21
10
46
-11
2
31
12
26
127
21
4
20
13
8
-61
12
89
-100
127
9
-69
4
-10
17
-21
6
127
3
-7
12
-24
-20
-122
-127
-109
-64
-100
-15
-110
-115
-1
-12
-33
16
127
-81
3
-16
-39
-49
-127
-11
17
-1
11
35
97
12
47
127
59
109
30
75
29
122
58
11
31
15
32
-127
34
9
37
11
32
86
41
6
32
21
-37
-127
-48
-109
-76
-96
-127
-47
-83
-101
-70
-81
14
44
14
41
127
46
6
44
13
-79
-127
-62
-27
-33
-19
72
121
45
44
-26
-28
127
7
-93
31
-26
-29
-19
32
93
-34
-127
112
-4
28
92
32
64
3
-127
-101
29
29
64
-4
73
127
46
86
125
31
88
96
45
49
57
32
56
127
88
47
54
30
10
62
1
-29
-127
-20
16
52
8
65
41
10
98
127
47
55
39
19
16
35
48
8
127
58
3
45
40
-86
71
115
-127
64
119
-80
59
119
98
104
14
127
125
109
95
102
35
-119
-127
-98
-125
-14
-100
-105
-109
-84
34
64
31
127
95
-7
40
53
33
59
95
42
64
127
46
70
79
51
-27
-110
-47
-127
-57
-106
-21
-89
-46
43
-31
-31
127
-34
-79
25
-27
-23
18
22
16
29
-127
20
18
24
17
-94
-127
-64
-116
-78
-88
-83
-122
-67
22
56
20
43
127
3
17
40
28
-61
-127
-65
-62
-38
-69
-56
-121
-53
73
127
65
59
99
51
64
124
56
14
-45
-39
-127
-30
-76
15
-42
-43
-105
-127
-107
86
-100
104
44
104
43
-10
65
3
79
127
47
-10
65
6
5
20
4
18
-127
18
6
14
6
10
43
-3
79
127
41
3
40
13
26
39
33
44
127
21
20
41
19
21
54
-18
-88
127
86
6
50
-13
52
55
36
60
127
49
43
47
36
20
44
13
-27
-127
-27
16
46
15
23
41
31
51
127
16
29
30
29
-20
-50
46
-5
-116
127
-5
-36
36
16
51
20
26
127
68
21
50
20
37
77
14
66
127
35
42
65
1
24
71
13
54
127
74
22
54
2
11
42
30
53
127
36
10
38
34
18
46
21
56
127
29
-2
37
22
55
93
38
3
21
-8
-66
-127
-47
5
21
-1
28
127
21
4
21
-2
-11
8
7
4
127
-4
-11
-3
4
-66
-127
-42
19
-2
13
40
89
39
31
61
27
-66
-127
-68
30
66
32
31
37
28
56
127
66
33
41
19
31
30
35
64
127
74
16
31
22
52
-44
-45
127
-29
-77
38
-29
-50
-25
78
91
-52
20
127
-38
72
83
44
53
27
48
127
70
36
50
35
13
70
20
45
127
71
2
69
16
52
121
55
94
-94
127
50
114
65
30
84
27
-2
127
34
23
76
16
-88
-105
-86
-117
-127
-56
-65
-106
-80
15
32
-1
68
127
42
6
29
0
33
76
26
23
127
62
24
53
27
33
57
-97
127
17
-98
21
38
-72
8
17
14
8
-127
23
8
16
13
-69
-126
-45
11
-27
-11
57
127
45
25
61
34
54
127
45
20
54
23
-6
2
-8
17
127
-10
-6
-2
-8
-91
-89
-93
-75
-127
-89
-83
-102
-78
34
106
62
42
127
79
29
90
58
-109
54
92
-127
17
116
-96
56
74
0
3
-30
50
107
-127
-3
3
-28
37
72
9
37
127
-32
33
72
-1
39
-33
-45
127
77
-75
31
85
-31
21
115
13
-77
-127
-60
20
106
15
1
-28
-40
29
127
-63
-4
-25
-38
-8
5
-14
-7
127
-17
-7
-3
-10
-59
17
38
-110
78
127
-53
13
29
49
-7
-1
41
-127
-1
49
-5
-4
-23
12
18
27
78
127
-30
7
26
63
68
-36
127
99
-30
38
69
-28
5
32
15
55
127
33
8
28
17
7
31
19
37
127
17
8
20
24
43
76
21
127
68
35
26
89
32
49
59
29
27
127
37
46
57
28
4
17
-14
27
127
1
-1
16
-15
11
45
35
45
127
76
11
43
32
88
127
74
125
-19
77
72
119
71
19
45
26
45
127
33
27
34
20
36
105
62
89
127
50
45
88
76
-37
-34
65
-86
-81
127
-33
-30
62
23
41
-5
41
127
30
18
38
-16
10
16
3
12
127
2
3
18
2
4
41
9
40
127
45
1
40
10
37
-9
-20
127
-10
-81
33
-12
-11
25
50
26
32
127
50
32
41
39
21
47
18
32
127
30
26
37
10
5
18
5
35
127
15
2
17
4
4
78
31
110
127
83
14
80
25
-41
24
59
-127
-42
87
-37
28
47
33
113
51
9
-15
4
-54
-127
-68
37
127
50
-11
-43
-11
-66
-126
-65
-23
-24
31
-31
-54
127
-21
-20
24
7
81
17
-127
-126
41
4
85
13
40
62
41
43
127
15
35
66
31
25
87
-1
53
127
55
22
57
20
11
51
2
-8
127
71
8
39
1
29
91
-19
101
127
87
15
77
-20
85
60
110
112
127
45
86
66
84
-4
24
23
-43
-59
127
-4
21
17
1
-24
-3
100
36
127
-1
-18
-12
-54
-87
-54
-98
-127
-103
-41
-80
-57
60
102
17
12
8
20
-90
-127
-39
44
33
1
92
127
-10
26
34
11
31
57
29
51
127
55
31
48
25
34
61
23
43
127
56
32
55
33
96
39
17
127
45
45
83
47
-11
20
38
7
32
127
35
28
22
8
26
10
3
127
8
-22
18
11
0
-73
-106
-38
45
49
4
68
127
34
-20
-92
-27
-63
7
127
-20
-95
-26
-75
-103
-106
-127
-84
-85
-52
-113
-94
31
35
7
43
127
46
20
29
-5
13
67
10
87
127
8
17
57
-2
-68
-127
-77
-126
-20
-85
-69
-117
-83
58
88
23
76
127
114
48
94
6
11
79
10
-51
-127
-100
8
83
0
40
65
41
43
127
53
38
60
40
2
2
-7
8
127
-14
3
-2
-3
-30
-86
-47
-127
41
-55
-18
-73
-51
16
27
20
45
127
40
13
27
18
30
59
54
61
127
48
21
55
52
8
44
19
12
127
12
8
44
11
61
60
-66
126
-36
-127
52
64
-67
54
74
-50
115
-48
-127
49
64
-51
46
115
35
51
-53
127
-61
-104
-50
-2
51
93
-30
55
127
3
44
76
-36
10
5
-127
101
36
-26
8
2
74
43
-10
127
-48
-26
71
30
-12
92
127
45
52
94
56
81
113
48
17
16
26
15
-127
34
16
16
24
-91
-17
59
-127
26
109
-81
-15
53
34
119
90
97
90
127
40
98
93
39
-31
-125
87
103
-127
39
-26
-120
58
127
12
106
2
6
-106
-125
-65
30
97
52
41
127
39
22
83
43
29
33
6
48
127
34
25
20
12
106
31
-81
127
32
-98
95
41
-93
-96
-101
-92
-97
-85
-90
-80
-127
-83
65
57
53
118
127
104
52
50
50
-58
-21
39
-127
-54
123
-56
-9
24
54
99
-28
127
-30
-48
55
74
-13
56
127
47
-79
11
-112
-60
-121
-56
43
30
8
64
127
53
37
8
14
73
99
-96
127
-69
-107
62
76
-96
15
64
15
68
127
65
14
70
14
54
23
-5
127
-74
-69
37
17
-5
-24
-46
51
-72
-34
127
-19
-41
41
-22
6
-11
3
127
23
-15
-5
-10
88
60
-33
127
-59
-94
79
64
-27
13
60
-8
28
127
61
11
51
-10
87
115
58
127
124
127
63
112
47
36
19
-17
127
-73
-39
23
16
-17
17
41
26
26
127
35
12
32
15
-85
-118
-110
-120
-118
-127
-49
-122
-87
19
25
20
68
127
54
14
21
10
-48
-124
-42
-5
-41
-17
37
127
44
54
97
20
4
17
6
-52
-127
-19
22
-55
19
109
-127
44
19
-50
19
47
69
13
65
127
5
39
74
19
-75
31
46
-77
19
127
-65
35
47
-17
-87
-35
-127
-105
-92
-9
-73
-31
25
44
22
-8
-127
-4
22
39
25
23
41
18
46
127
50
33
31
20
77
62
29
92
127
45
61
75
24
-4
122
30
-126
-81
20
-8
127
31
94
114
38
127
-106
41
90
111
37
73
44
-16
127
37
-58
63
51
-33
-57
-127
-61
-5
-32
2
47
118
39
14
74
-3
69
127
83
12
72
3
41
85
44
127
88
78
53
79
25
22
44
14
63
127
18
25
46
8
-80
-78
-82
-120
-22
-127
-67
-87
-73
55
60
31
118
127
80
54
46
44
6
29
-19
20
127
13
3
20
-14
23
58
29
63
127
63
17
48
15
19
15
19
9
-127
28
15
23
23
-47
-127
-78
-3
10
-15
35
119
48
39
62
47
63
127
62
27
61
49
-35
-127
-49
9
-10
-3
32
106
31
1
57
11
75
127
33
-3
56
8
21
95
19
-92
-127
-87
28
101
19
10
43
3
17
127
30
6
32
4
2
36
1
27
127
28
-1
37
-4
3
23
-1
30
127
21
10
20
-4
1
43
14
-42
127
63
4
38
10
48
8
-69
127
99
-125
47
8
-61
-36
-4
19
-45
117
127
-31
-4
9
-43
-101
-48
-126
-112
-127
-33
-90
-28
22
27
10
13
-127
7
21
28
9
-47
11
63
-104
-127
110
-43
12
50
-38
57
12
-18
127
114
-26
43
-15
33
14
-29
106
29
-127
35
7
-29
22
93
-98
127
-70
-108
-60
78
33
8
5
7
2
-127
5
7
8
5
-19
51
44
-83
6
127
-19
42
35
2
4
4
43
127
49
-5
-1
4
34
120
22
92
120
43
43
127
5
-127
-110
-105
-103
-54
-105
-101
-106
-111
-36
41
73
-21
39
127
-29
41
74
34
49
44
70
127
62
41
47
37
0
-12
-42
7
127
-34
0
-23
-33
7
49
4
44
127
88
9
44
2
92
127
41
-2
52
117
86
105
45
-87
-126
-85
-116
20
-45
-83
-127
-86
-74
-127
-71
3
14
4
54
87
41
96
109
62
100
127
55
94
93
60
-57
-103
-60
-78
-10
-127
-62
-87
-54
-1
23
8
33
127
13
0
18
5
61
76
69
57
127
68
45
75
67
74
109
63
71
127
82
68
106
53
-16
7
-14
5
127
7
-22
15
-22
50
57
26
111
127
2
31
54
39
38
45
55
57
127
34
4
54
57
-17
-13
-16
-8
127
-8
-19
-12
-16
-31
-127
-49
-122
-75
-105
-26
-102
-29
35
49
19
60
127
65
35
47
3
-71
57
64
-127
-98
120
-61
39
57
13
25
15
23
127
18
7
24
19
58
90
63
127
17
47
58
83
41
6
29
-5
29
127
12
5
32
-6
22
42
-15
127
95
-28
2
39
-16
-2
39
3
21
127
27
-5
33
-1
-45
-127
-37
12
36
12
41
64
32
18
68
14
38
127
57
28
52
2
-62
-127
-58
-13
18
-11
53
106
49
-21
10
-17
34
127
-8
-24
6
-15
-12
-122
-24
12
-45
61
-4
-127
-23
-23
1
62
1
-127
14
-26
6
57
-18
-44
-46
2
-127
-28
-20
-45
-40
-31
11
54
-42
-77
127
-30
15
47
-64
-127
-64
-43
-6
-10
74
117
58
27
127
-3
88
-48
-36
12
121
-7
-28
-87
-21
-89
-127
-84
-23
-80
-19
-54
8
26
-123
117
127
-42
13
22
38
41
-9
62
127
41
19
45
-14
65
127
47
-50
-21
-45
-53
-116
-54
2
21
2
24
127
-3
-4
14
1
1
24
8
20
127
24
0
17
12
-127
-90
-57
19
6
7
66
83
40
80
99
69
105
-105
127
80
83
59
-1
71
-1
118
127
102
-27
71
-10
-44
37
83
-51
-73
127
-38
17
73
1
92
35
73
127
-24
4
80
44
29
36
10
47
127
23
24
32
11
7
127
52
-73
72
124
-4
114
46
36
21
-22
127
57
-42
31
20
-12
-89
-52
78
-89
19
127
-83
-61
67
24
43
22
55
127
37
16
37
19
53
-2
-54
127
27
-67
48
2
-46
-1
59
13
-80
-19
-127
4
58
19
-16
61
37
-116
36
127
-15
65
22
-34
-69
-27
-42
-127
-31
-36
-57
-34
-53
-94
-54
-40
-65
-35
71
127
66
29
72
33
83
127
81
29
73
32
40
52
1
74
127
40
36
54
7
12
45
11
40
127
36
14
35
8
49
39
-17
71
127
-19
32
37
-12
-48
-43
74
-61
-91
127
-43
-36
59
-41
-115
-56
-127
-78
-123
-40
-99
-48
11
30
8
22
127
17
13
20
14
0
16
3
-96
-35
-127
-2
25
8
5
23
2
4
127
109
2
22
-7
55
12
-29
127
88
-37
53
5
-26
-5
45
0
48
127
41
-6
41
9
-12
57
35
74
127
62
8
45
37
48
-42
-40
127
-65
-66
37
-41
-33
42
-10
-51
116
60
-127
34
-2
-56
40
59
19
77
127
49
34
51
23
-110
-106
-94
-127
-34
-112
-84
-87
-86
44
62
55
61
127
63
40
56
43
22
49
24
46
127
74
10
41
21
-48
58
63
-51
108
127
-30
69
60
21
-13
15
52
-127
44
21
-11
15
40
51
46
55
127
74
33
46
52
-4
2
-14
1
127
-1
-5
-6
-10
-62
-102
-37
-99
-63
-127
-54
-108
-31
36
49
24
31
127
52
33
50
21
6
12
-2
28
127
-4
3
12
3
48
38
-56
127
108
-87
26
54
-67
65
106
-18
127
40
109
61
84
22
64
-27
-42
127
-20
-81
64
-16
-47
29
24
29
127
111
-20
22
28
25
-51
15
38
-90
-46
127
-44
9
36
45
121
51
31
16
-1
-67
-127
-43
-32
-127
-74
-127
-5
-115
-36
-109
-76
10
88
-4
-58
-127
-63
14
84
-1
-20
-46
-13
-46
-127
-56
-24
-32
-18
-4
43
56
-49
-127
87
0
41
58
-7
40
-5
17
127
19
2
32
-3
-59
-127
-42
6
37
-11
14
86
38
-111
-119
-78
-24
-44
4
86
127
43
84
69
65
94
114
127
64
78
69
-51
-127
-55
15
18
12
33
96
32
8
6
-38
28
127
-111
4
1
-32
-48
-127
-20
-9
-28
-8
75
106
29
10
12
-1
22
127
8
7
12
4
24
-33
-5
127
-121
15
26
-31
-3
-17
34
30
-48
-127
101
-18
40
24
-8
5
21
91
127
77
-2
-5
18
-127
-96
-100
-79
-30
-78
-126
-120
-53
47
64
72
69
127
67
52
65
76
-41
-15
45
-105
-23
127
-41
-12
42
36
45
21
68
127
35
28
39
3
-77
-127
-32
50
120
73
9
94
52
40
22
-68
107
18
-127
31
20
-57
77
82
-40
127
-51
-98
69
81
-20
49
-37
-53
127
-40
-111
54
-26
-49
-27
4
4
-127
102
40
-38
8
-1
1
23
8
18
127
16
3
23
12
-11
23
37
-67
-50
127
-3
23
30
44
81
45
95
-44
-127
32
85
24
1
-114
-4
13
-127
28
5
-98
-6
-21
5
7
-20
32
127
-19
3
-2
62
12
-66
127
-29
-90
48
4
-63
-60
58
63
-68
-84
127
-58
42
62
31
73
29
27
127
22
28
63
35
0
39
8
53
127
59
-2
35
3
-106
-127
-83
28
11
5
72
95
84
53
99
42
121
127
-5
67
76
38
-21
-1
38
-97
-74
127
-24
5
35
-48
-124
-61
-109
-109
-127
-48
-95
-60
12
11
15
6
-127
16
14
15
17
31
111
-127
115
-56
-110
-94
-103
70
56
72
46
45
127
57
42
68
42
-119
7
69
-99
14
127
-106
6
55
17
62
28
79
127
48
9
58
16
26
127
13
-37
-62
-49
-2
-100
-17
-95
-90
-47
-101
-32
-127
-89
-93
-57
21
27
-38
72
56
-127
23
23
-37
7
16
-20
127
115
-25
3
8
-8
69
14
-61
127
20
-100
60
19
-55
-32
-127
-34
-12
-20
-23
41
117
49
-43
-62
-36
-102
-127
-115
-29
-52
-26
68
84
-12
127
104
58
73
65
-9
-35
-127
-25
-4
-26
-9
26
121
32
25
29
14
37
-127
17
23
27
15
26
92
36
75
127
87
16
81
17
50
26
-11
94
-127
-92
45
31
-8
-36
-111
-18
-49
-31
-57
45
127
41
41
98
49
85
127
69
24
107
29
-62
-17
54
-127
107
110
-52
-23
49
-34
36
37
-127
9
97
-28
35
30
13
95
-3
-111
-127
-95
15
91
9
41
52
29
61
127
57
26
70
21
-54
-22
81
-68
-56
127
-42
-25
74
0
42
13
51
127
26
-3
29
7
-17
-127
-101
-2
-7
-20
9
118
49
-98
-8
66
-86
2
127
-105
-7
61
38
64
-35
127
-49
-31
39
45
-35
-94
-84
-46
-103
-103
-127
-58
-115
-55
87
127
56
-88
-20
56
62
112
53
7
43
7
40
127
83
2
39
-2
-9
-16
22
-26
-37
127
-11
-9
12
45
125
-3
127
82
105
46
115
1
3
73
-3
46
127
26
-7
65
-2
-20
58
80
-83
34
127
-15
51
87
-72
-127
-55
-75
7
-101
57
121
49
-12
58
-7
50
127
18
-4
46
16
-19
5
-1
0
127
21
-22
4
1
7
28
2
16
127
19
3
22
1
-15
32
42
-29
-127
47
-3
36
37
49
-75
-20
78
-127
-41
42
-59
-28
18
61
16
56
127
103
24
54
10
24
38
26
50
127
34
15
34
20
44
127
36
25
106
48
38
108
42
-63
-64
123
-64
-70
127
-51
-57
107
39
4
-59
127
-33
-119
34
0
-58
-34
79
55
-17
127
118
-41
63
52
36
12
20
127
-123
96
20
7
27
28
-64
26
85
-127
101
25
-55
16
-1
0
-66
42
127
-90
-2
0
-65
21
69
40
61
127
78
34
60
35
31
89
-11
-127
-123
-14
28
80
-13
-7
25
5
4
127
24
-7
18
3
4
26
20
-8
74
127
7
19
26
12
33
-2
35
127
28
15
24
-2
2
-13
-22
127
127
120
11
-36
6
-46
-9
33
-97
-31
127
-49
-10
35
-53
-86
-50
-101
-1
-127
-44
-68
-31
50
101
-68
118
-127
-101
46
85
-75
23
93
24
75
127
85
20
90
31
-4
-2
3
-2
-127
-7
-3
2
4
65
13
-45
127
17
-53
57
10
-40
-4
38
40
-57
-34
127
-21
41
30
26
33
16
-82
-127
-97
19
52
14
60
76
42
70
127
80
50
57
29
25
70
21
88
127
71
18
59
20
2
-46
34
13
-80
127
14
-59
37
-4
53
96
-8
2
127
-3
47
99
-59
-2
46
-63
-50
127
-56
-7
43
84
77
-109
127
98
-115
70
65
-111
36
51
-3
50
127
-6
28
45
12
-5
9
6
21
127
7
-9
10
6
63
-21
-29
127
-78
-33
54
-30
-19
-127
-91
-105
-127
-53
-117
-98
-92
-71
103
70
-81
127
-46
-91
89
66
-67
-23
-21
39
-51
-38
127
-22
-16
29
41
99
58
16
-6
5
-59
-127
-72
59
93
62
96
127
88
29
81
57
-127
73
78
23
-20
-39
106
-88
-60
53
107
23
127
50
91
48
84
20
77
117
61
127
85
92
65
82
65
-29
-58
62
-52
-48
127
-25
-60
56
17
34
7
38
127
40
19
24
7
9
38
3
32
127
20
10
40
0
33
19
-50
100
-34
-127
23
19
-47
-92
-14
42
-127
110
106
-87
-12
39
49
44
2
127
46
42
44
34
5
-4
127
27
-31
81
-21
1
114
20
-44
-69
108
-55
-127
93
-27
-69
102
21
63
11
56
127
71
13
57
8
55
89
19
109
127
73
58
88
24
-120
-19
73
-127
-53
102
-95
-2
59
-37
43
48
-127
47
102
-42
50
39
-46
17
36
-127
58
65
-41
19
27
22
32
2
33
127
22
23
23
5
13
127
4
-4
-54
-25
-37
-110
-18
45
101
11
104
-36
-127
41
105
21
23
35
-39
127
31
-116
18
28
-39
-82
-111
-115
-127
-76
-108
-61
-114
-84
-47
-18
68
-127
-62
124
-46
-7
53
-58
47
67
17
59
127
-33
37
59
122
55
-50
127
-68
-26
117
57
-53
27
100
30
-3
-11
6
-39
-127
-31
53
-37
-4
127
-78
50
51
-41
-6
-47
-127
-35
1
13
0
34
95
19
33
96
87
-2
-2
32
-20
-127
-126
26
14
14
49
127
20
24
16
10
104
16
102
53
-127
54
121
19
108
26
-3
24
92
127
93
15
-5
16
-49
18
81
-120
32
127
-34
16
76
4
86
8
-85
-127
-23
-1
81
11
-60
23
51
-127
2
127
-72
29
46
23
2
-27
127
21
-55
12
2
-25
58
66
17
70
127
29
56
61
16
42
51
14
35
127
49
39
43
15
-60
-126
-44
-46
-13
-24
73
127
52
-1
89
8
-25
-127
-62
-6
93
4
-116
-127
-40
-54
-66
-66
-117
-109
-38
-29
-41
63
-10
-127
107
-23
-30
59
20
6
-14
-12
127
20
12
11
-6
-64
15
60
-109
-8
127
-60
5
63
43
47
41
90
127
54
24
49
43
42
127
47
-23
-50
-11
-36
-97
-36
22
110
27
40
-61
22
-62
-127
-29
-1
-127
14
-6
-14
-15
0
-123
19
10
15
13
8
127
11
13
9
5
-127
-122
-98
-95
-35
-93
-96
-113
-98
15
29
-7
33
127
25
14
25
-14
-42
-2
65
-127
-52
107
-40
11
56
4
78
36
44
127
-4
1
75
25
-82
-124
-70
-123
15
-100
-65
-127
-45
30
68
40
63
127
70
38
63
45
93
127
85
101
92
118
96
112
82
15
38
8
44
127
15
20
33
9
-59
90
91
18
127
79
-46
84
83
78
110
53
-5
-22
11
-101
-127
-53
-24
-1
-6
1
127
-7
-21
-2
-12
63
112
66
116
107
127
46
103
55
40
51
1
48
127
26
36
47
1
-6
-56
-6
-13
127
38
-4
-62
-14
27
57
36
34
127
54
31
54
45
-16
-127
-39
2
-15
-10
33
99
32
-3
-102
-12
-23
-58
-42
9
127
23
7
4
2
16
127
3
8
-3
0
35
33
16
51
127
28
22
34
7
83
120
31
3
13
-14
-124
-127
-41
-17
-35
-16
14
127
25
-15
-33
-12
15
10
29
7
-127
29
15
21
28
50
127
72
-28
-40
-26
-66
-115
-69
50
76
70
78
127
53
27
78
51
35
127
65
24
-67
-30
-67
-113
-62
4
15
-43
101
26
-127
-4
18
-40
-71
22
52
-116
-54
127
-71
20
45
5
30
17
23
127
30
9
31
8
-13
7
-12
5
127
12
-14
8
-14
65
127
55
-52
-7
-44
-47
-94
-67
64
-50
-4
127
-84
-20
45
-38
-8
-34
62
17
-14
127
49
-17
-36
-9
14
55
4
57
127
44
15
48
15
-59
-127
-53
-13
-51
-10
52
120
42
11
-28
-16
127
-84
-27
3
-32
-8
15
58
3
60
127
54
2
55
18
42
75
-74
110
-127
-121
39
65
-90
17
32
18
28
-127
25
15
35
18
35
60
51
64
127
63
36
57
53
19
33
27
53
127
25
16
31
22
-45
-127
-54
-2
26
-7
39
93
56
2
38
20
81
127
51
3
45
13
41
60
50
63
127
26
42
55
46
9
47
17
13
127
44
-2
42
30
77
88
72
86
96
127
57
87
52
-48
-127
-54
3
-2
13
38
92
23
67
114
21
117
127
125
59
120
18
44
53
-26
127
33
-106
23
58
-16
20
65
37
73
127
54
26
63
34
10
48
14
52
127
59
1
41
17
44
125
34
-14
-58
-21
-55
-127
-37
-68
-127
-66
26
42
-21
40
124
34
44
59
15
84
127
58
36
52
33
0
-80
16
-70
-127
-86
10
-81
19
2
35
21
31
127
57
3
30
28
-8
-31
-11
-45
-127
-31
-8
-25
-10
28
23
-68
84
127
-45
19
19
-62
-59
63
8
-1
127
65
-47
43
0
37
10
-50
106
1
-127
33
5
-45
32
45
21
36
127
40
25
39
13
29
127
60
112
76
127
1
106
67
111
25
-35
127
-55
-107
108
16
-34
8
21
5
15
-127
11
7
27
7
49
120
53
127
124
101
64
102
55
45
82
20
78
127
46
39
70
34
23
48
56
69
127
83
21
43
62
16
23
-1
43
127
26
14
24
9
-46
-99
-35
-86
38
-127
-51
-85
-42
-9
35
23
32
127
41
-7
26
13
-119
-127
-125
-104
-77
-117
-119
-127
-114
-31
-58
71
-14
-97
127
-22
-54
58
21
9
9
3
-127
-5
22
14
9
-84
-127
-55
-66
-29
-90
-70
-126
-45
-41
-58
-44
-35
-127
-43
-38
-53
-49
97
117
101
127
-89
105
105
99
100
3
-20
26
61
-127
84
5
-15
22
-31
81
53
-61
-37
127
-27
74
39
67
98
26
127
84
100
56
87
25
-46
-6
11
-114
127
45
-40
-6
5
79
10
-29
127
-119
-84
74
8
-26
22
10
14
24
127
7
24
14
16
21
48
14
42
127
20
15
41
6
14
120
-9
11
-127
-53
4
113
-14
13
127
50
115
-55
77
17
108
52
11
29
8
32
127
36
8
30
4
-26
-7
21
-111
-21
127
-25
-5
12
19
58
7
42
127
25
16
54
9
82
8
-24
127
-123
-43
76
6
-17
13
57
7
54
127
52
14
58
-1
-48
15
74
-68
-17
127
-51
10
65
5
127
34
-10
-17
-19
-14
-115
-36
16
37
17
21
127
36
15
30
17
58
124
46
-12
-19
1
-51
-127
-32
-42
-10
30
-127
38
103
-41
-16
16
-68
39
51
-127
105
88
-51
29
40
18
58
43
55
127
61
7
57
54
-74
-123
-62
-91
-60
-109
-76
-127
-75
-38
-127
-37
-6
38
4
35
93
26
40
-23
-56
127
55
-57
34
-10
-59
49
55
87
116
127
110
63
55
65
101
91
-46
127
-63
-50
86
68
-25
42
66
44
76
127
59
30
65
30
55
-25
-21
127
-53
-24
39
-25
-20
50
-51
-27
127
-72
-90
46
-38
-23
-52
-92
-46
-127
-45
-107
-48
-83
-21
5
64
15
51
127
50
5
45
11
-26
-2
-16
78
110
-127
-31
6
-28
48
-30
-52
127
-42
-103
44
-17
-50
8
23
2
31
127
19
5
27
0
-127
-119
-94
-97
-35
-99
-113
-125
-73
27
79
1
-45
-127
-52
13
65
-7
12
78
-2
-53
-127
-39
16
81
-1
22
55
-7
54
127
54
17
34
-15
25
45
11
42
127
18
27
36
13
-97
-115
-71
9
-59
15
57
127
77
16
41
16
18
127
11
14
34
14
-38
83
121
11
108
127
-51
89
107
9
-37
25
-52
-68
127
15
-32
14
82
125
83
105
95
127
88
112
77
-19
41
36
-46
28
127
0
7
31
61
54
-39
127
-50
-69
39
61
-38
-62
-122
-47
-104
60
-124
-48
-127
-28
22
58
12
66
127
51
9
55
7
34
56
14
60
127
57
32
52
13
17
58
51
14
127
90
20
66
46
17
41
-8
55
127
7
-1
32
-4
-27
-6
40
-58
-59
127
-31
-9
35
13
126
-1
-52
-127
-31
15
126
18
40
120
36
6
-26
-1
-48
-127
-53
73
92
51
70
127
72
69
88
35
29
55
10
24
127
27
16
54
-3
49
61
10
2
127
61
51
56
12
15
83
-8
68
127
49
1
72
-11
-47
-124
-30
19
-55
8
24
127
39
57
2
-25
100
-127
-33
48
6
-31
-31
-127
-50
-94
-49
-107
-39
-107
-50
16
-35
-13
127
-86
2
17
-40
-10
4
-13
-19
60
127
-55
-18
7
-38
51
-20
-15
127
-109
13
40
-21
-11
41
73
7
74
127
65
32
62
3
-37
-123
-15
-112
21
-127
-29
-118
-11
-35
88
38
-127
-3
69
-32
83
33
60
102
55
127
50
65
53
92
41
-78
20
30
-117
76
127
-78
17
38
90
103
48
13
127
84
94
85
41
56
127
54
3
-103
25
-81
-98
-76
-78
-127
-104
-119
-75
-107
-35
-123
-105
61
127
74
20
-112
25
51
116
76
-21
-22
-17
-10
127
-8
-19
-19
-19
6
9
7
-4
127
3
7
7
7
-34
49
54
-37
112
127
-39
44
49
50
54
30
47
127
31
46
49
26
-93
-113
-54
-113
-29
-127
-91
-107
-52
-38
-26
-18
33
127
41
9
56
28
12
49
25
43
127
34
9
44
23
-10
50
-9
29
127
56
-6
30
-15
12
53
-39
65
127
13
17
40
-25
-74
-108
-52
-127
-27
-111
-60
-97
-51
-57
-103
-116
-62
-59
-127
-43
-105
-97
30
126
31
-35
7
-15
-19
-127
-17
43
120
-7
99
127
99
35
107
-27
-31
66
-12
121
127
29
-48
72
-40
55
97
-78
127
-50
-122
50
82
-50
51
77
58
75
27
35
-61
-127
-73
9
17
8
30
127
17
11
10
4
-63
-107
-57
-127
-17
-122
-58
-93
-50
5
94
8
69
127
81
-15
80
19
26
49
11
36
127
55
19
33
7
-27
68
71
-65
-19
127
-33
65
73
-5
100
18
93
127
42
14
83
23
-83
-127
-47
-92
-75
-116
-57
-123
-48
51
97
35
84
127
71
39
87
37
20
30
17
16
127
24
22
23
16
2
51
-1
35
127
8
-4
44
-3
5
20
12
30
127
11
8
14
5
-78
-127
-64
-110
-91
-120
-67
-103
-60
22
36
-11
127
12
-40
14
37
-27
-63
-60
-60
-127
-48
-121
-61
-61
-42
72
21
-102
127
17
-118
56
20
-91
1
46
3
55
127
41
-13
38
-8
-44
-68
-47
-60
-127
-51
-39
-52
-36
6
39
13
38
127
23
-8
35
8
1
40
7
20
127
53
-6
34
-5
-16
-26
-20
-18
-127
-20
-16
-24
-14
12
30
21
30
127
23
10
31
11
39
-53
-2
127
-126
41
38
-41
-4
40
45
47
40
127
76
37
43
45
48
-37
-62
127
39
-62
43
-39
-51
24
6
37
115
-75
127
9
-12
35
31
36
26
31
127
42
21
59
17
28
98
18
72
127
79
35
79
17
-7
19
67
-9
-127
71
-3
15
63
51
85
20
61
127
17
39
74
31
75
127
24
-7
-70
-10
-68
-118
-31
6
60
2
50
127
29
10
44
14
33
38
29
26
127
47
31
23
36
-41
-59
-40
-57
-127
-67
-38
-53
-43
5
-34
26
13
-127
113
9
-30
18
31
81
34
109
127
82
22
67
42
-55
-90
-70
-80
-127
-84
-49
-96
-56
14
41
6
43
127
30
9
31
7
24
100
24
-20
65
-27
-71
-127
-66
-80
-116
-127
-90
-80
-108
-61
-116
-91
-68
-127
-62
-23
15
-15
58
123
69
-23
43
63
-79
-33
127
-21
51
60
-36
-58
-35
-45
-127
-72
-29
-59
-36
9
44
25
41
127
78
7
37
15
1
23
24
34
127
31
-2
23
28
-12
22
-8
19
127
29
-17
17
-7
33
92
50
83
127
59
23
70
53
-36
-127
-37
31
-8
20
26
82
28
25
43
23
34
127
39
21
34
15
-50
0
43
-127
25
102
-44
-2
34
7
31
-3
36
127
19
3
28
-4
29
22
29
55
127
16
29
26
37
42
40
15
43
127
40
32
44
16
-43
12
11
-103
127
71
-46
9
13
13
-28
19
60
-127
75
7
-22
19
5
75
25
44
127
34
6
51
29
-124
-127
-115
-112
-59
-110
-112
-112
-91
52
63
36
68
127
61
32
62
41
-4
31
0
25
127
28
-2
21
4
40
89
35
79
127
70
41
76
21
71
109
59
61
108
127
78
97
58
-116
-106
-93
-107
-98
-127
-91
-117
-112
-43
-12
45
-114
-86
127
-45
-8
32
43
127
36
-36
-48
-27
-61
-117
-82
116
-39
-53
-53
127
119
-37
91
-46
-81
-127
-44
9
-12
21
45
107
9
-81
-127
-56
-85
-97
-77
-83
-123
-49
80
92
77
127
111
57
75
73
76
9
55
6
36
127
54
15
43
9
71
31
-38
127
-7
-26
63
26
-34
127
-4
-51
37
21
-41
127
-8
-61
9
90
18
-37
-127
-61
11
79
29
88
67
12
108
127
51
74
74
3
55
127
18
-3
-32
2
-57
-115
-53
59
60
45
127
126
7
47
70
37
-49
-127
-63
-126
76
-110
-46
-119
-60
38
103
57
97
49
127
19
105
44
12
72
21
-13
127
5
16
58
15
4
71
7
57
127
54
2
63
7
42
-31
-14
127
-122
-15
34
-20
-13
33
49
19
42
127
19
26
42
11
63
83
54
56
127
95
29
80
18
49
-2
-48
107
-1
-127
52
5
-48
-43
-111
-47
-4
-73
-10
43
127
55
38
103
35
-15
-2
-1
-44
-127
-47
37
33
-9
127
-27
-93
32
27
1
8
39
15
43
127
47
15
38
11
6
36
2
49
127
22
3
40
-1
-5
70
18
47
127
24
-1
56
6
78
125
67
87
127
96
67
94
81
2
3
10
10
127
8
-2
-5
-1
68
107
79
125
-56
127
44
123
54
29
38
27
18
127
47
14
43
12
46
48
33
55
127
56
39
47
35
-118
-116
-126
-112
-116
-92
-127
-116
-107
49
85
36
37
127
54
41
72
34
14
38
22
42
127
49
16
36
21
28
-19
-12
127
-117
-11
25
-24
-11
30
2
34
37
127
52
16
0
7
29
61
25
61
127
68
29
56
11
37
90
38
6
44
18
-46
-127
-36
86
100
57
86
127
64
-57
-118
-46
69
13
-46
127
63
-95
58
13
-44
-32
-17
-6
-106
127
32
-32
-13
-10
44
0
-15
127
-80
-88
38
7
-8
33
42
41
79
127
38
26
43
43
102
-85
-59
13
-15
-34
-127
102
35
10
34
1
-127
103
-114
13
32
7
56
26
-43
127
78
-18
42
15
-40
36
-13
-39
114
51
-127
27
-17
-31
24
64
30
56
127
42
21
71
24
-5
41
6
19
127
33
3
25
7
46
72
32
-20
57
127
38
54
21
-5
65
-12
73
127
64
3
66
-19
34
57
-8
86
127
21
37
38
-3
-73
-80
-88
-127
-53
-120
-80
-92
-69
-16
-120
-34
0
-53
-34
19
127
56
26
28
11
53
127
25
15
24
18
59
65
32
70
127
51
62
50
41
19
36
7
37
127
37
15
39
10
102
76
35
127
-123
96
80
102
24
-11
-127
9
125
103
107
-32
-124
16
35
95
49
73
127
65
46
77
49
8
35
10
36
127
40
8
14
13
54
48
34
34
127
30
52
46
41
28
34
17
39
127
-17
29
30
13
-45
-94
-78
-111
127
-67
-15
-108
-66
53
36
35
54
127
60
31
49
27
97
44
-43
127
-38
-78
81
41
-37
-71
-122
-56
-123
-79
-127
-93
-100
-60
10
-3
2
-2
127
-12
3
1
1
-66
-127
-48
8
15
9
31
91
24
-107
-94
-98
-70
-28
-122
-127
-86
-77
-9
103
-19
82
127
79
-28
91
27
-60
6
7
-43
127
-4
-64
0
5
-73
64
60
-115
-18
127
-60
68
54
106
-1
-127
1
4
-8
-87
-17
101
-58
54
44
-127
42
106
-58
52
47
65
94
49
127
-39
93
54
98
49
18
-55
32
50
-127
92
19
-56
32
-4
63
17
22
127
77
-4
56
11
0
77
40
14
127
75
13
77
43
16
126
-1
-127
-93
-70
18
117
3
20
51
9
62
127
47
23
44
7
-42
-127
-22
18
-8
10
21
107
17
-40
-127
-26
3
28
1
26
109
30
18
69
34
80
127
41
7
60
32
11
1
-34
127
-29
-98
2
0
-27
43
46
9
-7
80
127
40
44
13
-18
-48
-30
-49
-127
-38
-13
-44
-32
-2
22
21
18
127
9
3
19
10
35
52
19
37
127
14
32
36
19
-97
-96
-122
-70
-65
-115
-96
-127
-114
11
14
20
13
127
4
6
13
18
64
-27
-65
127
82
-44
42
-12
-55
12
103
31
21
30
25
-48
-127
-49
61
98
15
127
94
74
58
96
5
-50
47
60
-56
63
127
-46
24
51
30
21
29
61
127
50
30
14
22
46
16
-1
127
23
-52
31
23
-9
-68
-75
-96
-73
-54
-127
-51
-76
-76
42
3
-17
95
-127
-34
35
-4
-13
7
19
-2
17
127
2
4
9
-1
-114
-125
-70
-99
-79
-116
-90
-127
-46
25
54
14
47
127
45
24
54
11
35
-6
-7
127
-89
-26
24
-6
-17
-103
-51
112
-39
47
-18
127
-18
-97
39
63
-13
1
-127
-22
44
53
-17
-59
-127
-2
9
14
-5
38
84
7
-32
-127
-34
-5
31
2
35
78
17
16
62
33
91
127
-6
14
59
33
-114
-102
-127
-108
-67
-78
-106
-101
-98
91
127
85
111
-68
88
63
127
90
32
76
16
66
127
67
36
65
14
60
115
35
127
120
78
49
110
31
41
33
36
54
127
44
33
32
39
9
68
11
-11
-127
-24
19
62
20
65
92
31
24
-1
20
-72
-127
-34
43
101
0
63
127
67
34
95
-2
-30
-10
2
-83
28
127
-28
-6
-2
42
85
31
50
100
127
25
83
32
10
64
21
26
127
67
14
53
17
-36
-127
-48
19
51
24
42
94
37
27
28
-2
63
127
50
23
18
-4
-59
-127
-40
8
6
0
63
108
24
22
96
4
71
127
78
21
97
-6
39
-7
-44
127
-43
-98
29
-1
-35
-24
-30
35
-65
-67
127
-26
-31
32
71
54
66
92
127
64
43
49
56
5
-44
28
-5
-127
123
5
-32
14
22
52
23
49
127
46
16
32
16
23
52
-7
60
127
-29
17
46
3
22
96
24
-10
0
-12
-23
-127
-39
11
19
6
30
127
25
17
8
7
62
33
-29
127
-103
-41
55
33
-18
-44
61
54
-88
92
127
-54
51
49
-9
-19
-20
-13
127
-19
-7
-8
-26
-72
-124
-86
-127
-78
-101
-58
-117
-71
86
100
106
127
125
47
86
97
75
-46
-70
-31
-80
-127
-76
-35
-51
-22
0
24
-9
5
127
-11
-1
18
-5
-127
-106
-120
-64
-40
-107
-117
-94
-110
8
30
-10
24
127
23
0
24
-2
6
39
-8
40
127
46
-14
36
0
-43
9
-25
31
127
24
-37
7
-18
73
42
-37
97
-127
-96
64
45
-22
43
127
13
97
89
119
47
121
13
-30
97
53
-118
49
127
-23
89
40
9
39
8
59
127
45
7
41
5
-47
33
3
-127
111
60
-47
30
6
37
74
91
60
117
127
36
72
71
14
127
76
32
63
102
17
99
75
-22
-4
-2
-17
127
-8
-16
-12
0
14
31
17
32
127
32
17
31
10
28
65
43
-63
-112
-127
16
73
37
17
28
20
25
127
-6
15
25
21
30
59
50
-4
127
49
23
59
34
5
-101
-18
-127
45
-74
12
-92
-4
-61
-127
-39
12
30
0
41
87
27
42
111
47
15
8
12
-62
-127
-65
-122
-116
-127
-98
-10
-85
-102
-108
-99
-43
-107
-31
-89
64
-127
-41
-104
-21
88
57
-66
127
-51
-62
85
40
-65
58
96
41
90
127
25
63
98
28
-36
-44
-55
-48
-127
-35
-26
-50
-39
-22
17
10
-127
-92
-106
-13
21
12
17
45
1
81
127
-10
15
38
5
6
-32
-53
73
127
-96
-1
-32
-46
33
23
-55
105
15
-127
27
14
-48
41
109
48
39
-35
42
-69
-127
-78
-68
-127
-60
47
-27
-18
50
106
34
-35
-28
5
-74
127
2
-48
-35
3
-63
-46
-74
-48
-34
-64
-57
-42
-127
89
-34
-52
127
-30
-45
89
-34
-49
26
37
35
47
127
45
25
37
39
38
-32
-16
127
-76
-20
30
-27
-19
-93
-105
-61
-127
-96
-111
-80
-95
-52
25
39
25
14
127
18
25
34
13
62
0
-69
94
66
-127
40
0
-59
50
52
37
62
127
52
44
47
41
31
60
7
42
127
62
17
52
7
-36
50
84
-6
30
127
-13
63
68
15
36
34
25
127
36
15
35
35
-40
0
3
-28
127
41
-40
-8
0
20
44
33
34
-127
38
21
39
37
3
91
61
-95
40
127
-11
101
52
28
39
29
27
127
30
23
39
31
42
68
31
62
127
90
14
82
31
58
74
8
127
66
-23
57
77
-12
51
71
42
68
127
41
36
58
38
22
19
2
49
127
32
12
18
2
20
37
12
46
127
50
19
38
18
53
4
-22
85
-127
-47
50
2
-20
-54
-127
-49
2
4
1
37
96
34
13
91
73
7
24
-7
-38
-127
-82
-42
-97
-41
-64
-127
-116
-22
-93
-34
-90
-127
-115
-121
-22
-89
-79
-93
-100
8
40
18
11
127
28
11
43
18
2
18
-5
13
127
29
-9
25
-12
-44
9
54
-90
0
127
-43
24
45
14
43
5
31
127
42
18
34
4
26
51
24
43
127
33
28
44
20
0
46
11
-127
-53
23
6
45
11
-22
3
-13
-9
127
13
-25
0
-15
55
46
-18
121
127
-69
35
25
-15
-63
-127
-74
-10
79
24
39
94
32
-65
-127
-34
-62
-52
-72
-49
-125
-29
10
1
-34
24
127
-6
10
-2
-30
17
23
21
16
-127
18
16
26
18
-44
-127
-57
-3
0
-6
29
112
53
35
55
33
-75
-127
-64
42
52
34
85
5
-74
127
-73
-119
79
4
-71
51
127
32
3
-61
14
-78
-107
-44
35
127
47
17
91
20
47
111
50
37
8
30
62
127
75
19
2
30
13
-9
-1
-21
-107
127
14
-6
-5
-6
48
-8
-45
10
127
1
44
-8
-13
5
-9
9
127
-2
-13
4
-13
-127
-9
-102
-28
59
-13
-107
-16
-101
21
45
18
37
127
43
12
50
16
89
111
66
127
109
60
79
82
68
-39
5
-10
0
127
6
-36
11
-20
-23
-80
-35
-127
-122
-98
-20
-74
-38
9
47
11
57
127
43
12
46
9
62
31
58
-23
-127
-2
59
35
56
15
33
11
67
127
35
10
33
11
1
-54
19
15
-104
127
3
-48
17
20
64
-10
77
-127
-79
11
66
-2
-73
-127
-60
17
-15
22
38
102
31
-13
-30
1
-100
-68
127
-18
-32
-5
52
-31
-43
127
-55
-76
48
-31
-44
-6
10
-6
20
127
4
-2
12
-7
-54
-127
-41
10
23
7
35
84
30
2
52
59
-27
22
127
3
52
52
-87
-127
-91
-88
-62
-105
-72
-115
-67
36
-29
-11
127
-6
-10
26
-31
-14
24
42
21
49
127
22
23
43
9
5
9
20
0
127
20
5
4
15
19
59
22
40
127
34
8
56
15
-43
-17
-43
127
84
106
-24
-22
-29
30
80
35
53
127
58
36
56
33
113
33
-27
105
127
-27
86
27
-31
-101
127
-39
-119
105
6
-88
112
-7
-22
-29
-24
-36
127
-30
-19
-33
-25
35
-31
-15
127
-105
-16
28
-32
-8
0
64
27
-15
-127
-40
9
58
28
-4
11
-12
6
127
5
-9
8
-8
1
20
-1
36
127
14
-1
18
-3
26
51
25
29
127
60
17
46
15
44
64
39
79
127
54
45
63
27
16
16
9
19
127
19
15
13
9
-41
20
89
-55
-127
126
-34
26
73
25
62
9
79
127
63
12
56
1
41
101
79
40
127
69
39
94
87
18
36
7
33
127
16
16
27
13
4
57
7
42
127
70
1
48
2
17
-61
31
49
-127
106
13
-53
27
12
22
8
35
127
27
8
16
10
-66
-82
-65
-127
-124
-79
-42
-75
-53
23
48
7
82
127
40
29
37
9
35
112
50
3
-20
-6
-46
-127
-45
45
102
35
0
-19
8
-46
-127
-55
48
115
124
62
111
127
46
108
110
-52
16
64
-45
17
127
-61
13
52
114
94
92
114
-127
55
107
59
89
40
85
42
-27
56
127
44
69
37
-84
-127
-47
-4
-30
8
68
120
34
33
72
46
-5
127
87
26
65
43
66
39
-51
127
42
-86
52
51
-57
-20
-9
-13
7
127
-14
-16
-14
-9
5
10
-5
7
127
9
-1
10
-8
-13
-15
-18
12
127
0
-19
-18
-13
4
50
16
28
127
105
0
45
15
27
32
11
29
127
21
15
24
17
6
38
35
7
127
57
5
36
25
62
127
39
84
121
81
69
112
39
3
59
37
-58
55
127
-19
50
44
105
97
83
127
78
106
75
97
50
32
127
40
53
-97
25
-69
-120
-90
2
1
48
-37
-127
58
5
12
46
-62
7
25
-127
91
94
-59
10
19
-5
11
9
10
127
15
-4
2
0
-49
6
49
-127
-86
103
-58
8
39
30
127
26
8
-21
10
-53
-127
-51
-1
59
22
94
125
127
-20
55
9
-55
-127
-49
-9
32
1
36
109
32
-24
12
24
-101
-38
127
-20
9
17
50
23
-21
81
-127
-27
50
17
-20
3
-30
21
-21
-100
127
2
-25
17
-6
81
41
-87
26
127
0
75
29
-20
-48
15
127
-61
-9
-27
-44
11
43
91
33
127
25
55
39
83
35
38
111
28
-13
-15
7
-59
-127
-50
105
103
51
25
-43
37
-114
-127
-65
-18
38
73
-99
-122
127
-21
38
63
-53
-6
14
-41
127
17
-49
-10
13
10
41
20
16
-127
9
8
42
17
33
107
22
127
49
107
10
82
12
-68
-127
-41
-83
-35
-78
-72
-115
-43
27
44
33
40
127
34
24
35
25
3
-33
0
127
-11
-21
0
-30
-5
-3
8
-7
14
127
6
1
3
-9
-47
48
37
-56
78
127
-49
47
40
45
22
-41
87
82
-127
40
19
-34
-51
-119
-98
-120
-70
-127
-51
-99
-98
28
33
27
50
127
57
7
41
31
-12
23
-21
30
127
23
-26
19
-24
17
58
29
62
127
33
21
54
31
22
41
14
36
127
32
14
31
9
77
127
58
51
51
116
63
124
60
71
127
61
-42
-59
-13
-29
-117
-38
30
70
19
56
127
76
17
56
18
-78
-127
-98
-84
-55
-115
-63
-99
-110
-43
-14
47
-81
-22
127
-33
-12
50
-47
-25
53
-113
-47
127
-40
-23
49
76
15
-56
127
59
-44
62
21
-57
22
78
6
127
72
58
14
85
-12
-46
-127
-40
3
-31
-10
44
110
44
50
59
44
60
127
49
47
66
45
20
76
14
84
127
86
11
72
6
35
12
17
17
127
4
23
8
8
19
43
16
37
-127
6
16
32
21
24
81
-10
-23
-127
-55
26
72
-9
55
60
24
25
127
40
47
51
16
-34
-32
76
-47
-127
119
-35
-34
72
-8
28
40
-61
27
127
-14
25
26
36
35
-15
127
-99
-63
31
39
-14
45
87
40
73
127
80
39
70
34
44
109
36
-6
-1
-3
-43
-127
-34
94
116
83
108
127
76
92
117
64
10
25
14
31
127
16
5
19
16
34
123
42
-11
-15
-16
-50
-127
-56
4
16
1
6
127
24
-4
14
3
-42
-37
50
-119
35
127
-35
-38
45
102
119
-22
127
-83
7
89
101
-29
99
102
90
1
4
-12
-124
-127
-92
20
27
33
20
-127
59
18
33
35
50
78
55
127
63
84
46
68
53
-59
-10
51
-127
28
104
-54
-22
40
5
-127
0
-105
47
-92
8
-122
2
-14
40
-26
45
127
7
-8
31
-25
42
90
-3
63
127
17
39
90
-1
-9
-16
4
8
-127
-12
-6
-13
4
61
58
-65
127
32
-94
60
42
-47
-20
8
-12
13
127
12
-19
3
-13
23
49
27
43
127
61
19
50
26
28
45
33
18
127
86
28
45
24
39
41
43
67
127
18
35
54
26
-127
-56
-96
-61
-83
-42
-120
-76
-88
23
33
20
27
127
20
23
26
20
70
21
-60
113
79
-127
44
26
-56
12
72
38
38
127
105
14
70
42
-23
-25
24
-127
3
115
-20
-20
12
-47
-120
-45
-76
-127
-54
-56
-101
-40
75
58
70
108
127
24
77
51
73
12
31
-4
-4
127
97
16
31
-2
88
88
56
127
83
47
64
91
53
-14
62
36
-8
126
127
8
52
34
64
68
52
62
127
50
43
53
43
13
-45
-40
7
-64
127
21
-41
-44
11
64
-1
-10
-127
-18
12
58
1
-2
51
-6
11
127
18
3
47
0
34
-11
-37
127
16
-112
35
-10
-32
4
38
7
69
127
22
-3
34
12
8
35
9
39
127
23
4
36
5
-1
61
38
-38
-70
127
4
55
27
