-54
-83
-49
-54
52
-127
-51
-79
-40
21
-30
-40
127
-39
-36
22
-32
-46
3
10
7
10
127
15
10
14
10
19
6
15
63
127
69
19
3
9
32
49
36
74
127
53
36
47
29
41
-41
-38
127
-98
-71
33
-34
-42
25
40
38
25
-127
37
32
52
48
86
47
-50
-53
-127
-38
83
43
-51
36
29
37
12
127
20
32
18
45
-18
-69
-80
60
-112
-60
61
127
29
-43
-113
-40
-22
-43
-19
38
127
40
4
5
2
-2
127
4
5
3
-5
-102
-110
-123
-127
-25
-116
-94
-105
-114
-98
-127
-2
-9
-14
27
96
104
25
-47
108
127
2
-17
-30
66
-15
-53
28
55
46
112
127
99
16
74
36
8
21
-6
46
127
-4
0
15
-8
8
50
12
-36
-127
-33
14
62
15
37
-62
-11
127
15
-72
33
-59
-9
17
19
18
38
127
50
16
24
13
-32
-25
-14
42
127
37
-29
-20
0
33
72
65
96
127
71
49
71
31
8
33
-4
22
127
22
10
31
-2
54
127
56
-22
-48
-11
-47
-104
-56
-19
24
-26
-16
127
-26
-17
20
-15
-15
4
47
-5
-105
127
-11
-5
48
23
-25
-9
120
-127
1
18
-24
-6
43
55
70
74
127
40
36
44
65
-8
96
-30
60
23
-127
-8
92
-43
-116
-6
107
-3
-2
-31
101
-21
-127
17
37
8
38
127
32
13
33
12
5
3
-14
-3
127
-17
5
3
-15
-2
4
-3
-4
127
5
0
6
2
-69
-127
-52
-123
-54
-108
-76
-118
-41
-19
127
19
-13
-23
2
-9
-51
-36
36
103
29
84
127
61
36
90
33
9
-20
18
45
127
27
14
-15
17
8
10
113
-19
-46
127
9
21
110
-13
62
78
-92
-106
127
10
77
84
-30
-101
-29
-24
-115
-13
53
127
30
21
71
25
80
127
30
39
59
37
56
39
-35
127
-55
-9
48
32
-26
13
29
13
19
-127
20
14
33
7
-45
-81
-87
27
6
-36
64
127
98
-32
-21
-33
-33
-87
-24
39
127
31
51
127
64
-4
-69
21
-14
-10
-11
35
77
76
58
125
127
35
75
68
-2
22
5
-65
127
34
-2
17
7
-39
-41
-36
-51
-82
-30
7
127
59
19
80
13
27
-127
-11
10
88
-17
-24
24
6
-27
127
72
-18
9
5
-30
39
57
-46
-25
127
-34
-15
28
50
-38
-20
127
-99
-43
48
-42
-21
49
96
67
97
-13
45
56
127
69
-88
-121
-100
-109
-81
-104
-90
-127
-93
61
59
29
14
127
71
80
33
41
23
127
12
-26
-56
-19
24
122
11
-57
-85
-47
-48
-126
-81
-48
-127
-54
16
14
3
22
127
20
13
18
3
6
15
5
19
127
10
2
16
4
-10
55
35
-33
-49
127
-12
42
28
-44
-81
-34
-58
127
-94
-50
-81
-38
-4
25
-17
30
127
30
-9
30
-10
9
43
51
29
-22
127
22
51
51
58
-23
-19
127
-9
-25
60
-30
-21
14
-53
-9
0
51
-39
-57
127
25
-69
-127
-82
-94
-120
-122
-59
-118
-65
35
64
4
113
127
56
24
64
2
56
107
-39
10
35
-73
-24
-127
-4
-10
75
-8
79
127
81
0
69
-3
2
24
-1
34
-127
42
5
27
0
7
-63
1
127
-61
7
4
-56
5
-37
-16
26
-50
-45
127
-37
-5
43
9
14
-2
11
102
127
11
1
10
-17
-24
-27
-2
127
-12
-17
-21
-24
56
127
79
84
48
82
65
114
80
23
37
21
17
127
25
25
40
30
-66
-44
-68
-82
-15
-127
-67
-56
-35
53
-23
-47
127
24
-105
38
-18
-61
-3
2
-4
-5
127
-8
-1
10
1
6
35
14
41
127
54
11
42
12
-53
-53
0
50
58
-127
-51
-46
-4
45
4
-30
127
2
-15
40
-6
-29
-4
5
-12
16
127
-1
-6
6
-12
2
20
5
21
127
17
9
17
10
21
38
-5
52
127
42
26
17
1
-79
-84
-53
-105
-51
-127
-77
-106
-74
-42
-72
-43
-37
-62
16
39
127
127
53
127
34
31
-43
59
79
122
33
29
26
45
13
127
23
-83
-16
-4
46
28
29
-88
127
-54
30
30
30
15
49
15
41
127
49
8
50
12
-67
-127
-3
11
124
31
15
2
-13
-79
31
127
-46
-20
26
57
-51
-54
5
1
-53
22
127
-91
2
3
-58
7
-20
-8
-49
127
-22
7
-18
-13
14
61
30
127
-54
-69
16
61
32
1
5
-4
16
127
-2
-2
5
-9
21
41
3
-67
127
-59
20
34
6
73
116
-62
-3
127
-38
-13
-116
-96
-23
-104
-28
-15
-127
-1
36
114
17
-6
-4
-14
11
127
-25
-8
-10
-13
-46
-45
-86
-127
-54
-77
-50
-56
-92
-5
7
-3
10
127
7
-2
4
-5
60
30
17
127
36
14
48
29
6
8
-4
-64
92
91
-127
11
11
-77
-7
40
6
38
127
41
-10
31
20
-13
11
26
-2
127
50
-7
17
31
6
5
0
3
127
5
3
4
6
4
112
-19
-42
-118
-29
-9
127
-15
9
8
-1
27
127
16
11
11
0
15
-42
4
-35
68
53
25
127
-49
-3
8
-5
29
127
17
-2
9
-3
-44
9
48
-64
-122
127
-35
1
54
23
37
19
39
127
42
14
33
16
11
28
10
35
127
28
13
33
8
-18
19
13
-94
7
127
-18
20
10
34
127
23
-22
-25
-26
-12
-51
-15
-3
26
11
31
127
36
1
24
10
-18
-5
17
-65
-7
127
-13
-4
15
-56
-111
-74
-17
0
-19
40
127
52
-12
60
7
31
127
66
-1
49
32
81
127
82
114
-70
120
93
127
73
-53
53
16
-49
55
127
-45
43
18
32
17
-24
127
15
-54
32
30
-14
19
25
17
31
127
32
22
25
15
24
34
29
41
127
55
24
32
24
12
46
4
54
127
53
19
36
16
-45
-127
-44
2
9
-2
38
106
34
9
22
10
37
127
28
-9
38
-4
13
-39
-1
8
-51
127
14
-39
2
81
113
52
13
108
1
-86
-127
-75
53
-15
-52
127
-62
-49
37
-12
-41
-9
-36
62
-47
-4
127
-2
-38
34
70
75
36
114
-73
127
64
74
29
46
83
43
105
127
79
35
82
38
-19
-19
-11
10
127
-21
-13
-20
-6
-3
13
-41
-47
127
-62
-11
8
-43
-7
-57
-17
-45
-127
-46
-12
-56
-26
-61
76
45
74
127
45
29
70
-60
4
111
2
106
122
112
2
127
-8
13
43
6
36
127
50
15
50
9
25
38
18
127
-8
-46
29
42
14
5
-2
-2
21
127
-29
5
-3
4
-1
10
0
23
127
35
6
13
-8
46
-109
-127
-32
-23
66
-61
117
108
59
127
35
-41
-80
-70
-30
-20
-40
-32
-127
-19
12
30
-25
1
91
27
22
-43
14
127
-91
-14
14
-42
13
13
21
9
21
127
9
11
15
14
26
35
27
31
127
44
30
55
30
-27
36
-7
-127
109
7
-27
31
-6
-18
9
-22
-1
127
13
-11
16
-19
39
127
40
18
-24
30
-25
-49
-28
-5
6
-6
3
127
6
-3
0
-6
-45
83
120
-42
98
127
-43
72
101
-22
-2
23
-37
-36
127
-23
-11
33
78
-5
-69
119
11
-127
71
-6
-71
13
32
8
24
127
11
12
29
8
7
18
12
17
127
22
7
27
7
-101
-127
-84
25
54
12
45
79
39
-54
-2
16
-127
127
85
-45
1
14
-34
-17
49
-16
-26
127
-38
-22
47
15
-127
3
115
-25
75
-1
-115
-1
-53
0
65
-50
85
127
-59
20
61
39
57
31
64
127
60
47
56
40
33
-27
28
-15
-127
-31
25
-22
28
37
113
25
-47
-6
-32
26
127
18
-15
25
-25
-41
127
-46
-14
26
-31
-99
-104
-75
-117
-61
-127
-84
-94
-68
34
-3
-35
127
-4
-125
28
-5
-23
19
37
11
32
127
29
19
23
12
7
23
12
25
127
17
8
12
12
-17
-10
-1
-64
127
2
-18
-8
2
127
61
-10
-58
97
-28
125
58
-10
7
-49
2
-50
-127
-54
7
-47
1
-36
-51
-56
-45
18
17
-57
43
127
22
51
36
77
127
55
23
58
39
-9
11
-7
6
127
17
-9
8
-5
13
126
5
21
-7
0
4
127
6
-1
18
8
19
127
26
0
11
17
11
34
10
29
127
32
11
36
4
26
27
44
33
127
46
29
34
35
-3
53
0
21
127
48
5
47
17
18
17
14
-3
127
120
14
18
19
26
69
38
33
127
65
35
59
24
52
-46
-51
127
17
-109
49
-43
-44
-2
-5
-4
6
127
48
-3
-2
-1
127
115
55
-31
-52
50
-75
-77
8
-2
-1
5
30
127
33
-5
5
-1
-1
4
-6
2
127
3
4
3
-6
-34
40
6
56
127
61
-32
29
14
77
78
11
127
106
-41
74
74
-5
-90
-127
-8
-57
6
-4
113
114
6
-18
-104
-69
-13
90
-49
61
127
-66
-37
18
53
-43
-127
68
-32
28
54
-127
-96
18
-68
-33
26
76
102
22
23
60
20
-17
-127
-14
21
61
18
39
127
35
107
-35
79
37
121
20
22
-34
-72
-26
-38
29
-40
45
127
-5
3
-4
-1
127
-5
-8
1
-3
55
-2
-60
127
-40
-21
58
12
-48
-2
77
-7
73
127
51
-1
69
14
-40
-87
-87
31
127
8
-2
25
7
-10
-2
41
-1
-74
127
-6
-14
40
-39
-127
-14
-7
43
22
17
73
27
51
104
46
-25
8
-20
-72
-127
-77
23
127
73
-39
-114
-32
-61
-60
-45
-16
-110
-1
1
14
-38
-9
-127
-25
-4
2
-13
1
127
-10
-4
-2
-8
-8
127
29
-20
-67
-44
2
-23
-7
5
-24
-9
-9
-127
-15
0
-21
-9
19
24
23
21
127
4
15
1
1
14
6
12
22
127
19
9
8
12
-16
15
-11
7
127
23
-17
18
-13
-14
-61
27
-6
-39
127
-16
-56
36
-64
-90
-39
-80
-59
-127
-57
-103
-31
-6
31
-10
24
127
22
-5
33
-6
51
127
55
-17
-41
-11
-63
-87
-62
-29
-25
-91
-24
-17
-4
8
70
127
-84
-97
-95
-127
-52
-70
-86
-106
-90
20
8
11
21
127
33
20
5
9
29
48
14
31
127
46
24
53
-1
-24
-61
-23
-22
-42
-32
25
127
29
-72
-26
-44
-125
48
-127
-63
-30
-50
-11
-9
-1
-12
-127
-16
-7
-11
-1
-28
22
1
-127
125
14
-19
19
2
23
25
-4
12
127
5
19
25
-4
1
12
1
12
127
7
0
15
2
-40
40
49
127
47
-103
-49
42
62
113
21
-126
12
1
-9
-120
-11
127
10
127
-26
-23
67
-14
11
126
-17
26
-32
-10
-37
127
36
-17
29
2
1
19
3
51
-127
66
-4
17
6
57
10
-28
127
-66
-32
59
21
-31
-47
-109
-58
-122
-22
-127
-36
-119
-58
-24
52
43
-83
-127
90
-31
47
36
24
13
20
22
127
17
27
18
24
22
127
-2
-37
16
-41
-11
-43
-27
-98
-121
-101
-56
-46
-45
51
127
98
6
42
17
33
127
58
14
42
18
-45
-63
-41
-15
-127
-63
-32
-36
-49
-5
13
9
25
127
3
-2
15
6
13
-5
13
26
127
25
12
5
7
33
33
13
56
-127
-22
38
30
21
38
127
25
-7
6
0
-57
-120
-54
-8
26
-47
21
127
-126
-7
24
-42
-23
-1
24
-28
38
127
-19
-5
20
-26
-48
-27
127
65
-91
-24
-47
-27
-55
-127
-53
37
44
36
18
54
41
8
9
-2
54
127
19
3
3
-1
-37
-58
72
-65
-77
127
-48
-53
60
-19
-16
0
-45
-53
-36
77
127
20
35
-46
28
72
-127
74
35
-46
24
-6
38
21
52
127
40
4
40
15
-13
33
40
-37
-119
127
-27
11
43
13
51
20
40
127
43
6
48
18
25
54
-16
127
-76
-88
22
54
-15
-81
-118
-39
59
-32
-61
127
118
51
-57
-35
34
-76
-114
127
-20
16
83
68
-44
-57
127
99
-91
66
-45
-43
35
-6
-9
82
-127
2
38
-12
-8
-8
-49
-4
19
-127
25
-8
-28
-9
-18
67
-16
127
-52
-91
-30
72
-12
0
25
-3
44
127
-13
1
17
-2
43
68
-14
127
-70
-81
43
52
-2
-37
-90
-31
-91
26
-127
-29
-107
-21
18
13
7
22
127
-36
11
8
12
-33
-36
29
-73
-17
127
-36
-38
30
2
-3
14
-27
98
127
-5
6
6
16
-15
-10
127
57
-24
13
-14
-6
42
14
-30
64
-127
-27
35
28
-11
-4
32
-11
45
127
30
3
23
-3
4
30
9
29
127
48
9
37
4
-104
-83
26
2
-95
82
109
127
49
-2
21
28
-50
-127
63
-3
11
26
43
51
43
41
127
40
38
55
39
-40
-3
41
-12
-127
81
-43
-4
36
2
8
0
10
127
-14
5
9
-4
37
113
57
75
127
2
28
104
36
-3
30
3
26
127
17
2
32
7
-5
12
-5
12
127
18
-5
10
-2
16
-79
45
-18
-105
127
24
-83
35
26
39
12
59
127
25
29
38
20
51
44
-7
127
-65
-27
40
29
-5
-36
-72
-26
-59
-58
-67
-41
-127
-28
-28
-89
-39
-30
-51
-22
46
127
54
0
1
0
20
127
30
-60
-107
-26
12
-76
-46
27
-19
-71
-9
127
73
-4
19
5
31
-127
38
-3
5
8
-5
-3
1
-5
127
-10
-8
-5
-3
12
76
11
-26
-127
-11
14
67
14
58
118
39
-20
127
-24
40
100
44
-127
-39
-10
-66
73
39
49
105
108
46
39
18
96
-127
-13
51
31
17
12
127
6
-8
-25
4
-12
-95
-8
30
12
-7
58
-127
-32
31
20
-4
-90
-63
53
-98
-90
127
-84
-75
58
50
5
-33
127
-7
6
55
-2
-25
-15
43
-10
1
127
5
-10
33
-6
0
-7
-1
-4
-127
13
-1
0
-8
10
-6
-10
86
-127
44
12
-15
-5
2
7
-1
8
127
12
0
7
-1
58
127
54
-36
-77
-37
-31
-61
-38
-26
-127
-33
-45
-46
-43
-17
-106
-64
12
42
33
56
127
36
30
46
31
25
26
17
9
127
-15
22
23
18
41
96
34
2
47
16
-61
-127
-60
-105
-127
-118
-77
-13
-81
-93
-120
-108
55
-7
-66
127
84
-102
53
-7
-61
8
11
-2
-9
127
7
9
11
-4
6
41
-23
53
127
0
19
27
-33
24
45
25
-10
127
-29
27
44
24
-10
17
-13
-76
50
127
-11
20
-19
-8
69
-8
68
127
51
26
68
8
18
41
10
13
127
40
25
38
7
87
82
85
112
-1
127
87
111
93
-8
-29
-18
3
127
-35
-8
-41
-26
24
62
27
-49
-127
-42
29
61
24
-6
102
19
127
109
0
-21
67
31
-59
-96
-33
-12
-30
-17
35
127
39
-4
35
-6
46
127
35
6
35
-8
24
62
27
6
57
10
-44
-127
-49
12
-12
-4
84
-127
16
15
-12
-3
-45
8
57
-127
-45
93
-32
2
68
18
21
20
24
127
47
26
28
24
-13
-10
53
-2
-127
88
-8
-18
53
20
33
37
15
127
40
16
30
34
23
90
23
80
127
62
34
92
30
-9
33
37
-73
-1
127
-13
31
34
-32
-3
-43
-30
-127
7
47
72
54
17
-17
6
127
-30
87
22
-28
4
33
-8
-3
127
-50
-26
29
-7
11
-13
23
-1
7
127
25
-7
19
8
63
122
13
-42
13
0
-34
-127
-7
-8
-7
30
-8
1
127
-4
14
31
7
-8
3
12
-127
-3
-3
-3
1
26
28
-7
44
127
21
16
29
-15
57
127
44
-2
-31
-5
-58
-115
-44
20
19
26
21
-127
26
27
26
24
4
16
-14
-31
127
-109
5
17
-15
-5
0
-1
4
127
-2
-2
-3
-4
17
29
-7
125
127
-19
5
20
-2
27
36
29
22
127
20
22
35
34
-1
12
-6
9
127
12
-1
14
-3
20
16
9
26
127
-12
-6
16
30
0
-38
36
-25
-56
127
3
-46
31
2
15
9
13
127
25
5
17
13
25
20
-3
127
-13
-1
22
21
0
0
11
-55
101
108
-127
7
12
-42
-1
-7
3
16
127
27
-3
-6
7
-83
-113
-77
-111
-127
-96
-80
-108
-69
19
51
16
14
127
10
22
43
11
67
17
-24
102
127
16
60
6
-3
22
92
8
-84
-127
-51
24
85
13
17
43
36
54
127
43
11
38
50
-31
-70
-51
-108
-89
-127
-38
-74
-56
3
-1
-8
-39
-127
-42
7
0
-10
36
127
121
-28
-46
6
-56
-75
-46
-4
-29
-9
-25
-127
-23
-10
-23
-13
-5
12
25
48
127
-24
15
10
27
-101
-120
-98
-98
-43
-127
-100
-107
-113
3
35
-2
-32
-127
-44
7
26
-4
-3
5
-1
-2
127
5
-3
1
-3
9
28
13
53
127
18
6
21
18
-65
-108
-35
-127
-51
-90
-65
-100
-50
-18
123
-1
-121
-77
-33
-16
127
-1
23
69
-6
49
127
100
-25
97
11
3
-14
-3
127
-114
6
2
-8
-4
-87
-127
-68
-60
-56
-86
-84
-118
-88
4
-36
-58
-21
5
127
1
-38
-58
55
89
76
108
-33
127
51
65
96
67
119
17
127
91
55
57
110
41
-11
26
-20
25
127
30
-10
18
-10
26
127
11
-14
-122
-19
-10
-21
-11
-19
-5
41
-83
-34
127
-22
-5
29
-6
-35
7
-17
-31
127
-9
-30
1
-108
-104
-127
-87
-55
-81
-98
-93
-113
79
-3
-127
-19
-28
-4
-97
2
99
-95
-101
-86
-127
-73
-109
-93
-125
-75
13
53
11
33
127
56
20
57
17
-31
-127
-43
-95
-63
-77
-36
-127
-52
33
9
0
127
9
-9
30
23
8
55
4
-4
127
-68
-45
54
9
-5
10
37
7
48
127
52
0
45
-26
-8
50
-7
48
127
31
-1
36
28
51
43
-1
127
4
-50
49
59
13
30
33
-59
28
127
-36
27
20
-48
35
101
39
24
0
-12
-69
-127
-38
26
52
9
38
127
51
33
41
14
17
54
12
67
127
54
15
59
-1
13
52
30
44
127
55
7
55
27
-18
46
-8
46
127
27
-4
35
-3
37
55
33
-68
127
-70
45
49
39
18
26
11
80
127
52
21
28
10
3
14
7
55
127
-17
2
14
1
34
-103
-75
24
52
-10
-23
127
49
10
-18
-11
127
70
-42
8
-20
-8
-53
-72
-42
-84
-127
-97
-56
-71
-36
-6
6
-16
-65
-127
-82
83
123
80
1
6
4
-10
-127
1
3
-2
7
35
-74
35
26
127
26
33
-57
35
-8
-18
-12
5
-127
-2
12
77
23
-10
46
6
42
127
36
7
42
-8
35
28
-19
93
127
-73
30
43
-28
8
28
9
24
127
30
10
29
8
10
44
4
10
127
73
17
54
17
18
16
5
43
127
36
4
14
10
3
60
14
12
-127
-24
-2
58
24
23
124
-30
-108
-127
-89
21
120
-27
-44
127
-45
-1
-34
4
45
-110
42
41
127
17
-31
-115
-1
-21
9
-4
-32
-39
-7
-6
12
-61
-2
127
23
44
66
48
37
127
60
41
60
48
14
18
1
8
127
9
17
13
6
10
70
19
-20
-127
-25
12
65
14
-7
40
2
-17
127
62
4
32
7
1
94
40
12
35
-5
-24
-127
-38
32
-3
-27
127
-35
-103
27
-5
-22
-29
-8
-16
3
127
-8
-19
-2
-16
-33
-127
3
3
-3
-4
10
117
-3
-7
43
8
34
127
42
-3
41
7
104
127
8
-35
-25
13
-55
-117
-17
-21
-127
-46
10
2
9
18
113
43
27
71
22
4
44
-2
-38
-127
-12
-127
25
109
-2
-22
27
118
-10
-117
-19
-48
-22
-21
127
-3
-15
2
-14
4
-53
1
-30
127
-8
1
-37
3
-21
-107
-27
-23
-34
-2
32
127
20
-75
-127
-101
-13
-13
-24
69
108
69
40
127
35
-13
-28
-19
-23
-57
-15
-88
-91
-96
15
50
30
69
127
29
-9
127
69
-37
-37
17
15
-85
-56
-6
28
0
37
127
28
-7
33
-6
13
28
-8
-35
127
-70
6
30
-4
57
83
21
20
127
-26
67
84
24
3
-43
4
15
127
17
5
-45
6
-13
-7
86
45
127
60
-29
-3
77
31
7
31
-47
-123
-71
14
127
53
-55
-84
-50
4
127
75
-3
3
15
69
91
45
35
127
26
47
103
76
35
81
18
9
127
-22
36
80
16
-21
-86
-11
-127
-30
-90
-11
-110
-7
-71
-127
-38
21
0
12
40
97
36
67
99
26
-75
-33
35
-127
-95
20
-29
-42
-26
-14
127
-51
-32
-43
-27
-38
20
75
-117
31
127
-43
26
64
14
25
9
30
127
26
16
37
13
20
110
85
17
127
21
7
111
81
0
68
10
127
-35
-98
-7
66
21
1
-3
-10
20
127
0
2
1
-5
24
58
30
-8
-127
9
-12
-12
-8
117
-7
-111
1
6
7
-127
24
101
-28
-85
-44
106
85
127
-45
-94
-44
55
-32
-46
127
90
-45
44
-39
-57
-95
-8
8
-43
127
36
-90
-12
12
42
52
59
-17
-127
123
36
64
69
0
-44
2
46
-15
-3
127
90
18
22
38
11
29
127
21
13
37
9
127
-54
-107
-9
12
11
-125
52
91
60
3
-41
119
-4
-127
62
9
-46
-14
43
6
-43
127
41
-24
45
-8
0
-49
-21
-6
47
-127
-3
-44
-31
7
-2
3
6
-127
4
8
-6
2
13
127
33
26
-67
34
9
127
27
2
32
17
45
127
64
15
33
5
-61
-15
46
-127
51
99
-43
-4
47
34
-3
-27
120
-127
-33
37
-1
-19
-37
27
84
-13
-123
127
-41
20
85
-13
-2
-21
-6
127
-4
-18
-6
-19
-28
18
29
-49
-54
127
-30
25
28
-63
-102
-64
30
-35
-5
38
127
88
5
1
6
21
127
8
4
8
9
26
9
-13
112
-127
-67
17
0
-14
7
21
8
30
127
18
4
22
6
-16
-51
-64
11
-4
-97
127
91
-36
35
78
19
-24
-127
-15
-9
6
7
18
58
12
-32
-127
-16
14
61
12
33
24
25
81
127
61
22
37
24
-58
-40
-7
-75
127
41
-48
-39
-4
2
54
9
3
-127
-15
8
51
13
7
10
6
9
127
-12
7
12
3
22
48
15
-27
-127
-12
21
48
8
-13
-17
-14
127
98
-36
-8
-11
-11
13
58
-10
-1
127
43
17
65
-10
26
24
-50
57
127
-90
29
17
-44
13
111
12
-38
-100
-29
10
127
13
-5
14
24
39
127
10
7
-7
13
-50
-58
-36
-64
127
-50
-41
-58
-33
-22
50
-23
-61
127
-61
-17
42
-19
-28
-24
-22
127
80
112
-51
-19
-18
-20
-42
-24
-10
-47
-16
25
127
37
-7
25
-37
36
127
-123
-1
21
-26
6
31
6
36
127
43
8
36
9
1
29
11
28
127
24
1
21
8
6
20
-8
14
127
-11
2
22
-5
1
-27
-1
-5
127
6
0
-7
4
2
13
4
17
127
10
2
16
2
-33
-127
-37
-6
-7
-2
26
125
31
29
127
47
48
110
-9
-94
-85
-27
19
27
15
38
127
28
13
22
16
-102
-6
127
6
-64
-4
111
27
-119
-27
11
-24
4
127
15
-24
12
-26
71
127
30
-50
-5
-41
-50
-58
-15
2
18
13
36
127
74
-2
20
10
37
49
7
51
127
68
32
38
26
11
-124
-63
-10
17
-28
-18
94
127
34
11
-27
127
-17
-91
31
7
-30
-16
16
13
-22
-53
127
-13
23
14
-12
40
9
-25
127
24
-20
34
8
10
39
13
27
127
15
13
26
14
-90
-10
69
-118
127
109
-77
-9
69
10
38
23
-18
20
127
17
41
33
71
6
-39
127
-67
-48
67
10
-40
4
13
-2
-33
127
3
6
14
-1
-12
34
21
32
127
32
18
25
20
-13
-1
38
-16
-31
127
-20
0
35
22
-9
11
127
-34
112
20
-11
12
3
31
15
49
127
42
-16
40
20
-49
1
50
-113
30
127
-48
-2
50
-38
-107
-44
-68
-108
-49
-32
-127
-29
-30
127
-15
-33
52
-30
-32
126
-16
27
36
57
127
79
99
23
35
51
29
6
38
-29
-127
-21
35
8
36
-48
-105
-56
-30
-38
-11
55
127
58
36
-31
2
127
-114
-28
34
-33
-1
61
127
35
78
-53
-53
-27
-83
-81
-14
-18
-9
-17
-127
-3
56
93
1
-43
-60
-39
-24
-7
-36
96
127
6
21
-4
-25
127
-17
-61
27
-1
-23
1
5
-11
3
127
1
4
3
-4
-102
-96
-82
-127
98
-83
-99
-101
-91
73
97
20
31
127
-13
62
113
19
-105
-113
-91
-127
-110
-113
-89
-127
-77
12
60
37
77
127
49
29
56
34
-16
50
19
48
127
53
-16
55
14
3
9
-6
12
127
12
4
8
-2
7
25
3
11
127
4
10
20
4
36
55
27
80
127
50
40
64
27
12
-59
-6
127
-6
99
19
-59
-13
-12
-100
-11
-127
48
-117
0
-120
-5
-9
-26
25
-54
-95
127
-7
-29
15
22
-6
-5
127
-23
1
21
-8
-5
4
-6
-3
9
127
25
9
-3
5
127
58
-15
31
8
-51
-46
-56
-23
4
-21
-4
-33
-127
-17
1
-27
-5
3
16
4
45
127
36
-2
15
3
-18
-10
76
-46
33
127
-17
-27
71
23
59
41
-6
127
54
28
55
40
-6
11
3
2
127
34
-5
10
1
119
127
42
-19
-1
28
-81
-120
-25
-43
-19
-63
-32
-60
-32
33
127
55
3
29
18
41
127
53
14
43
3
-32
-123
-36
-19
-52
1
54
127
29
29
-39
-15
127
-90
-29
34
-41
-8
5
33
0
33
127
32
5
28
1
7
21
32
127
60
-55
5
30
20
52
-24
-37
127
35
-66
45
-25
-46
24
5
22
74
127
40
23
4
28
8
19
7
26
127
28
23
42
7
46
127
54
-44
-62
-31
-11
-25
-28
-19
-113
1
-102
-127
-82
-26
-120
4
26
127
8
-12
-35
-18
-5
-6
-1
-21
-57
-3
-26
-30
-21
48
127
22
-4
-18
-5
-26
-127
-28
-5
-10
-6
17
28
19
23
127
30
13
26
15
16
59
29
32
127
19
17
53
24
37
56
19
27
127
15
33
48
25
57
60
57
-4
-127
-7
-35
-6
-34
-18
29
49
-31
67
127
-15
16
44
38
27
-20
127
-35
-6
32
26
-19
10
20
-4
-50
127
-68
2
20
-8
111
106
55
-10
-127
29
-6
5
11
87
127
57
100
99
57
72
79
42
-25
101
27
12
-127
-119
-9
112
30
-21
38
-13
34
127
31
-15
28
-3
-28
34
49
-33
-127
47
-37
37
46
32
-56
0
127
-98
2
21
-54
-5
-16
-22
59
-61
-115
127
-17
-18
51
-3
21
0
23
127
30
-3
16
2
-8
127
-32
-46
70
20
7
-75
-8
-8
127
17
-39
99
-27
-22
-82
12
-1
5
-4
-35
127
-88
-3
1
-2
21
-9
19
-3
-127
-13
16
-6
11
14
-19
-16
127
-124
-29
14
-18
-13
-66
-127
-46
-22
11
-13
46
108
43
21
-61
-5
127
-77
-14
23
-56
-6
8
38
21
6
127
-5
6
40
16
-26
65
62
-34
127
96
-39
61
61
92
123
100
104
101
127
83
122
99
-11
7
8
34
127
14
-13
14
2
-33
-81
-43
-65
-21
-127
-23
-88
-41
-15
-28
23
-9
-116
127
-17
-27
20
75
100
84
127
4
23
74
95
82
2
41
0
57
127
37
10
34
9
5
9
1
14
127
15
0
19
3
30
91
92
49
86
127
54
93
110
-58
-64
-21
-41
127
-31
-56
-60
-23
-2
-25
-16
-11
-123
-23
-23
9
127
18
115
33
-1
-127
-13
-8
-10
-16
40
-46
-21
127
88
-46
27
-40
-23
2
1
-4
0
127
-5
7
-5
-4
-6
-97
-38
-18
-28
-16
4
127
8
-6
39
69
-34
-92
127
-5
32
70
26
29
20
43
127
23
27
30
10
5
56
6
45
127
64
8
52
18
3
-63
9
-20
-85
127
1
-66
15
11
-64
21
37
-127
86
2
-39
19
-48
-11
-44
-14
127
-27
-53
-9
-48
3
37
9
34
127
29
0
32
16
13
24
26
53
127
24
12
24
21
9
-25
-13
-20
-127
-34
7
-25
-10
6
61
15
-13
-127
-5
7
55
12
-24
90
127
-75
-59
27
-8
-41
-51
44
60
58
20
-127
91
40
48
53
29
18
-8
127
-24
10
24
17
-14
10
-18
4
20
127
25
14
-35
-1
54
24
0
7
82
127
51
16
10
-19
-28
-4
35
127
16
-14
-26
-6
-4
12
-2
17
127
5
-3
12
-2
36
51
27
50
127
20
29
59
33
9
55
2
71
127
55
-6
57
3
43
-21
-36
127
-92
-92
35
-31
-36
9
26
13
2
-127
6
5
29
14
11
101
23
74
127
117
17
95
34
-4
8
0
37
127
20
-6
9
2
9
35
16
17
127
39
8
21
23
-51
-27
-3
127
-6
-3
-51
-30
2
-7
68
11
50
127
40
-3
66
13
10
30
3
14
127
13
7
20
3
-7
19
-10
17
127
-1
-14
20
-16
-48
-41
-21
35
18
-51
127
42
-23
-51
-127
-72
-104
120
-92
-56
-103
-82
-38
4
76
-11
-41
127
-16
9
56
-85
-109
-76
-127
-97
-117
-92
-104
-90
-8
-37
-11
-8
-25
-17
4
127
-15
34
110
35
46
127
-28
23
106
22
-8
16
2
127
77
-88
-16
13
9
34
42
28
52
127
41
32
40
27
-11
124
30
-32
117
92
-19
127
13
-6
11
7
6
127
22
-7
23
3
-117
-100
-103
-127
9
-117
-113
-83
-83
46
79
4
117
127
5
28
80
19
-4
0
-1
7
127
5
0
-1
-4
-67
-127
-60
-5
70
-3
30
98
43
38
57
35
50
127
70
24
52
22
29
127
65
-78
-42
-88
-40
-94
-36
38
47
-13
127
63
-19
47
57
-9
-19
-80
-19
-127
45
-113
-18
-83
-10
-52
-61
-39
8
-24
11
65
127
53
14
127
25
40
-62
-39
-13
-117
-34
63
80
-47
127
-50
-73
64
55
-34
89
127
-2
-37
-23
-32
-44
-45
-28
9
-11
2
-9
-127
-15
10
-13
1
71
120
58
44
42
72
74
127
48
-1
31
18
6
127
27
-1
25
17
19
124
19
104
48
116
-12
127
47
-63
-51
-3
15
-41
-35
127
82
-21
10
103
21
71
127
55
20
108
12
-30
12
7
-66
127
-13
-35
14
7
-10
0
-2
2
127
-3
-8
-6
2
7
26
3
36
-127
26
9
28
6
-81
-59
-29
-127
29
39
-82
-63
-29
84
-55
-73
127
-73
-89
94
-43
-80
4
31
-4
16
127
-7
5
30
4
-79
51
35
-17
127
45
-91
55
24
56
109
12
-3
8
-11
-32
-127
-9
42
93
93
124
127
114
53
92
92
16
11
0
42
127
15
7
13
-4
10
15
4
11
127
29
12
22
9
-1
5
8
8
127
13
-5
1
9
13
26
10
-3
127
18
11
30
14
