15
-10
-21
-18
-7
-10
-13
-14
5
-6
-24
-5
-19
-4
0
0
-15
-5
-17
-25
-4
0
-9
-8
-16
-4
-10
-3
4
-39
-38
-3
-16
-16
-4
-40
-27
-14
-4
-16
6
-8
-14
-26
-57
-32
-7
-5
4
-16
-3
-25
-48
-4
-4
-32
-28
3
3
-12
-4
-1
-10
4
-8
-20
3
-15
-82
-6
-13
-30
-4
-28
-5
-15
-1
-6
0
-3
-3
-12
-3
-19
-6
-7
-70
-4
-2
-7
-6
-7
-1
-105
-2
-3
-2
-5
-2
-4
-7
-28
-30
-1
-23
-12
-15
-7
-28
-10
-6
-4
-55
-96
-23
-10
-7
-7
9
-6
-17
-2
-9
-11
-22
-4
-26
-13
-18
-5
-21
-12
-12
-16
-1
-2
-22
1
-8
-2
-11
-5
6
-25
-13
-6
-8
-47
-29
-3
-51
-22
-4
1
10
-5
-13
-3
-8
-3
-5
0
-51
6
-14
-19
2
-3
1
19
2
2
-44
-23
-17
-3
-1
-25
-14
-14
-17
-15
-2
34
-29
-13
-9
0
-5
-2
14
1
-127
82
-31
127
127
-37
114
-4
-127
11
-3
-23
11
21
113
-127
49
94
127
-67
-72
-127
55
117
-33
80
-59
78
127
78
105
24
-74
-55
93
127
-127
123
127
113
-127
52
42
22
127
-9
127
48
-52
127
71
-17
-127
110
127
-127
122
127
127
39
4
64
127
-127
57
-102
127
89
127
40
-127
-127
26
-38
-127
-127
127
118
65
27
32
127
94
27
-127
-127
28
127
95
24
127
127
25
-64
83
127
98
26
40
65
127
13
127
86
127
35
29
99
127
36
127
-127
87
65
126
73
70
127
41
34
36
115
30
35
19
39
77
-10
-5
20
75
-127
127
103
127
24
8
10
14
-60
89
127
-127
105
127
-127
127
127
127
54
100
88
67
-58
123
-21
-14
-127
71
-127
60
127
123
-127
127
46
-25
-19
127
-127
107
-97
50
110
109
16
64
127
31
-36
127
-127
53
-127
81
127
13
-127
86
-37
34
-31
-26
-5
-11
-13
4
-4
-14
-6
2
-5
-13
-4
-11
2
2
0
-13
-1
-14
-10
-1
-1
2
-7
-10
-4
-9
-4
2
-28
-24
-5
-23
-15
-3
-40
-4
-15
2
-12
4
-11
-14
-22
-61
-31
4
-5
6
-16
-2
9
-47
-6
-4
-29
-14
13
10
-8
-2
2
-5
1
-2
-23
18
-9
-88
-3
-10
-14
-2
-8
-5
-5
0
-5
-2
-1
-2
-17
-1
-27
-5
0
-42
-1
-3
-2
-17
-5
-3
-110
-5
6
2
3
-3
-3
6
-26
-26
0
-15
-6
-11
-4
-30
-9
-1
-3
65
-61
-14
-14
-4
0
12
-4
-5
1
1
-7
-23
-2
-19
-3
-5
1
-18
-6
-8
-6
2
0
-11
2
-4
0
-7
-1
9
-22
-12
-4
-1
-18
-33
-4
-39
-24
-2
2
18
-3
-20
1
-6
0
-6
11
-43
8
-12
-16
6
-2
1
21
4
2
-34
-21
-25
1
-1
-23
-12
-6
-13
-11
0
-6
-19
-10
-8
0
-2
-6
10
6
11
-7
-3
-12
-8
-7
-9
-9
-2
-4
-13
-4
-12
5
0
0
-13
-5
-7
-35
-3
-1
-6
-5
-16
-1
-8
-4
4
-44
-1
2
-1
-15
-1
-33
-1
-9
0
-9
4
-11
-18
-5
7
-18
-1
-3
3
-10
0
-1
-43
-3
2
-14
-17
4
5
6
-4
-3
-15
6
-5
0
9
-10
19
-3
-1
-17
-4
6
-5
-5
-1
0
-1
-3
-1
-4
-4
-14
-3
-9
-35
0
0
-8
-17
0
0
-114
0
1
-2
3
1
-4
-1
-6
-20
1
-17
-6
-5
-8
-5
-6
4
-3
-80
-53
-13
-7
0
-4
5
-4
-9
-3
-4
-4
-18
-3
-36
-7
-12
-5
-14
-18
-1
-9
1
1
-16
2
-7
-3
-6
-2
6
-22
-5
-4
0
-25
7
-2
-36
-24
-4
2
-13
-1
-8
0
-1
0
-2
8
-37
6
-9
-15
9
-3
0
19
3
2
-24
-24
-26
-3
-1
-19
-1
-12
-10
-15
-2
6
-21
-7
-6
0
-4
0
12
9
58
-9
-19
-17
-13
-9
2
-13
8
-6
-26
-5
-19
-16
0
0
-18
-4
-25
-37
-3
0
-8
-9
-20
-2
-11
-2
2
-22
-45
0
-7
-27
-2
-30
-33
-6
-6
-16
5
-9
-21
-29
-53
-22
-4
-3
3
-8
-2
-30
-37
-1
6
-42
-30
0
5
-19
-5
-2
-9
6
-7
-19
4
-15
-38
-7
-19
-35
-4
-37
-4
-31
-1
1
1
-4
-2
-11
-3
-18
-5
-12
-79
-4
1
-9
-8
-6
-2
-109
-3
-7
-4
-4
0
-6
-5
-25
-45
-2
-22
-10
-11
-5
-28
-10
-9
-5
-99
-116
-22
-10
-10
-11
5
-5
-21
-3
-8
-9
-18
-3
-29
-10
-21
-6
-21
-24
0
-13
1
-3
-31
4
-8
0
-4
-3
5
-31
-17
-2
-15
-54
-57
-1
-43
-25
-4
2
-5
-3
-11
-3
-5
-10
-3
4
-49
6
-19
-17
-1
-4
2
20
2
2
-40
-16
-19
-3
1
-21
-21
-20
-15
-15
-1
25
-20
-18
-7
1
-6
3
17
2
38
-10
-13
-18
-10
-11
-12
-12
-3
-5
-15
-4
-17
0
0
0
-17
-7
-12
-32
-5
0
-6
-5
-16
-3
-6
-1
2
-54
-9
0
-5
-17
-3
-32
-3
-8
-2
-14
5
-8
-18
-12
1
-25
-7
-4
4
-16
-2
-10
-63
-5
-1
-6
-18
0
3
4
-4
-1
-5
7
-4
-8
3
-12
-41
-4
-5
-18
-4
5
-3
-8
0
-3
0
-4
-2
-10
-4
-17
-3
-8
-39
-2
-2
-5
-10
-4
-1
-122
-1
0
-1
-1
-2
-6
-7
-8
-26
-1
-20
-8
-11
3
-6
-8
0
-4
-55
-40
-20
-9
-3
-2
7
-5
-12
-3
-8
-5
-23
-4
-28
-11
-16
-6
-17
-9
-14
-17
-1
-1
-24
3
-6
-4
-11
-3
7
-28
-2
-4
-6
-36
-5
-3
-48
-21
-3
1
1
-5
-11
-1
-6
-5
-4
0
-51
8
-7
-11
6
-2
1
20
3
0
-44
-29
-11
-3
-2
-26
2
-14
-11
-13
-3
1
-28
-5
-5
0
-4
-7
12
5
16
-7
-16
-14
2
-7
-9
-10
4
-5
-23
-5
-14
-2
-1
0
-15
-5
-17
-19
-2
0
-1
-9
-13
-5
-9
-4
2
-30
-32
-3
-14
-21
-2
-42
-14
-9
-1
-17
4
-9
-19
-23
-58
-21
-3
-5
5
-13
-3
-3
-46
-5
-3
-34
-18
7
8
-14
-5
2
-5
3
-3
-20
9
-14
-75
-5
-14
-20
-3
-19
-5
-14
0
-4
-1
-2
-2
-12
-1
-25
-3
-7
-42
-2
-1
-3
-12
-4
-2
-115
-4
0
-1
3
-2
-3
-2
-29
-30
0
-16
-7
-11
-2
-30
-10
-4
-4
20
-69
-19
-13
-7
-2
11
-3
-9
0
-5
-8
-22
-3
-21
-8
-13
-2
-20
-12
-7
-15
1
-1
-21
3
-6
0
-8
-1
9
-31
-11
-6
-7
-25
-39
-2
-49
-27
-3
1
11
-5
-18
0
-7
-4
-6
6
-53
9
-14
-18
13
-3
2
24
3
2
-39
-18
-18
0
-2
-20
-14
-11
-14
-13
-2
-7
-20
-11
-8
0
-3
-3
14
5
33
-10
-6
-15
-9
-11
-11
-12
0
-6
-18
-4
-17
3
-2
0
-18
-5
-10
-42
-5
-1
-11
-6
-19
-2
-10
-3
3
-55
-14
1
0
-13
-1
-30
-18
-4
-3
-13
5
-8
-22
-10
-11
-25
-10
-2
3
-9
0
-27
-43
-3
2
-17
-23
-3
1
3
-5
-4
-11
5
-9
-3
-1
-12
-14
-5
-6
-27
-4
-4
-5
-10
-1
-4
1
-5
-2
-6
-4
-15
-3
-14
-51
-2
0
-8
-6
-1
0
-121
0
-4
-4
1
1
-8
-10
-9
-22
0
-22
-12
-10
-6
-6
-8
0
-4
-127
-70
-17
-6
-5
-10
6
-5
-15
-3
-11
-8
-19
-3
-32
-13
-20
-8
-17
-17
-4
-15
-2
-1
-30
2
-8
-4
-6
-2
5
-26
-14
-5
-6
-50
-2
-2
-46
-22
-4
2
-7
-3
-9
-3
-5
-2
-2
0
-42
5
-15
-16
2
-4
1
20
2
2
-34
-24
-20
-5
0
-25
-1
-20
-11
-18
-4
25
-27
-10
-6
0
-5
-2
13
7
10
-9
-20
-13
8
-6
-5
-12
11
-7
-24
-5
-17
-5
1
0
-14
-3
-18
-28
-1
0
-5
-9
-19
-3
-13
-5
4
-16
-57
-4
-16
-14
-4
-43
-32
-13
-4
-14
5
-8
-19
-35
-82
-23
1
-4
4
-10
-3
-23
-24
-4
0
-55
-33
10
7
-22
-4
-2
-12
1
-8
-21
12
-12
-62
-6
-18
-35
-4
-43
-7
-24
-1
-3
1
-2
-2
-12
-3
-21
-7
-10
-81
-4
-1
-8
-7
-6
-2
-102
-3
-2
-3
-7
-2
-3
0
-41
-32
-1
-24
-11
-13
-16
-41
-10
-8
-4
-62
-127
-17
-11
-11
-12
7
-5
-19
-2
-5
-10
-19
-3
-24
-6
-18
-3
-21
-25
1
-13
-1
-1
-22
2
-8
1
-8
-4
7
-25
-23
-6
-13
-47
-49
-2
-48
-26
-5
1
3
-3
-15
-4
-6
-3
-5
8
-39
7
-22
-24
6
-5
1
20
1
3
-32
-21
-27
0
0
-25
-26
-18
-22
-14
-1
53
-24
-22
-11
0
-5
2
16
2
36
-8
-12
-16
-9
-9
-10
-10
-1
-4
-19
-3
-15
-2
-1
0
-17
-5
-14
-24
-3
0
-5
-6
-11
-4
-7
-1
1
-39
-14
0
-5
-16
-1
-22
-4
-3
0
-16
4
-7
-19
-14
-14
-16
-6
-3
5
-13
0
-3
-59
-3
2
-14
-19
0
5
0
-4
1
-3
7
-5
-13
4
-11
-45
-4
-9
-19
-4
5
-4
-10
0
-2
1
-4
-2
-9
-2
-21
-2
-9
-40
0
-1
-4
-5
-4
-1
-127
-1
0
-1
3
-1
-6
-5
-8
-31
-1
-15
-6
-10
2
-8
-8
-2
-4
-26
-47
-20
-12
0
0
9
-3
-8
-2
-7
-6
-22
-2
-27
-12
-14
-4
-17
-11
-8
-15
2
0
-19
4
-6
-3
-7
0
6
-27
2
-4
-6
-37
-27
-2
-50
-21
-2
2
5
-4
-16
0
-4
-5
-2
2
-60
6
-6
-13
7
-1
1
23
4
0
-41
-16
-11
-3
-2
-23
0
-12
-9
-13
-3
-11
-26
-7
-5
0
-4
-5
13
6
-12
127
127
29
120
127
127
127
40
127
127
127
127
127
127
-14
127
127
43
127
127
-26
127
127
127
127
127
127
101
127
127
127
127
127
127
102
-116
127
106
127
-9
127
127
127
126
127
89
127
127
123
127
127
44
127
117
39
127
83
58
127
127
127
21
18
127
127
100
127
80
127
42
85
127
127
118
43
-5
127
127
127
127
3
127
127
50
29
-127
112
127
127
113
115
127
38
127
73
127
127
127
127
99
127
42
127
26
127
127
127
88
127
78
58
62
105
127
127
127
68
127
127
127
127
127
127
127
127
127
127
127
127
127
29
107
127
107
127
127
127
127
127
127
72
-12
127
91
35
65
126
46
127
127
127
127
127
127
127
127
29
127
31
127
38
127
-42
43
127
127
127
-37
45
127
127
127
127
127
127
127
64
127
127
79
122
127
-118
127
95
127
46
127
127
127
127
36
-10
-16
-16
-16
-10
-11
-13
3
-5
-22
-5
-21
0
-2
0
-20
-4
-19
-37
-5
0
-11
-8
-19
-4
-11
-2
3
-44
-34
-1
-7
-16
-2
-26
-29
-8
-2
-16
5
-7
-21
-20
-49
-29
-9
-3
3
-11
-1
-26
-38
-3
1
-33
-32
-2
2
-6
-5
-3
-8
5
-8
-11
-2
-15
-56
-5
-12
-33
-5
-20
-6
-16
-1
-4
2
-5
-2
-11
-3
-22
-5
-14
-61
-4
0
-8
0
-5
-1
-122
-2
-5
-5
-1
-1
-8
-9
-24
-28
0
-25
-13
-13
-5
-26
-9
-5
-4
-70
-83
-23
-8
-7
-10
9
-4
-15
-3
-13
-9
-25
-4
-28
-16
-25
-7
-20
-16
-8
-19
0
-1
-30
3
-8
-3
-9
-4
5
-35
-23
-8
-9
-53
-25
-2
-51
-25
-4
1
-2
-6
-15
-3
-7
-4
-2
0
-56
6
-18
-18
7
-2
1
23
2
2
-42
-21
-12
-5
-1
-28
-14
-22
-16
-18
-3
29
-34
-14
-7
0
-5
-3
15
4
