1630
3733
352
-2254
4124
-2134
-5308
-371
-2371
3175
-1491
-5150
23584
11489
3352
941
1411
-1066
3988
-21016
1881
-53204
2560
-1702
-941
-10
6621
-6849
875
3183
1584
-371
-2284
1933
2864
1461
-2381
2773
1087
-2786
4304
1489
2907
5800
3735
-957
-10210
-739
1730
-2487
1561
1637
-347
2880
-1520
70
-21048
-6227
-1873
1618
-2001
55
-8373
-529
500
-2626
-2124
-10714
4802
2516
-584
-732
-2976
249
297
3579
-3900
10595
2525
-2954
-10570
658
827
-618
-4363
-6525
3381
6226
-4393
-3164
-1643
414
627
3893
61
-1364
-4690
-295
-2551
-3437
-1078
1844
8630
-6826
-1415
-1701
3360
1393
-1146
914
-5167
-11521
-9614
5761
-282
-33120
1337
871
-1198
884
5426
2036
6174
-3351
296
104
-1716
-51408
-2066
1634
1437
6688
-1177
3190
-1315
-26845
65
-1292
-2685
3332
-404
-8803
61
-645
2822
3404
1914
-973
13022
-3350
425
79
382
-535
-7008
4883
1563
-2543
443
-12905
-1873
26301
1812
-351
3990
82
8483
-3022
-3486
-3242
-1233
-64
-1131
-914
-2495
6553
-1442
2856
-5197
3767
-7642
2553
-1706
3499
-17930
5511
3882
-1942
4002
360
-1946
1646
3055
-2030
-3180
-1941
6455
10605
4514
5951
-194
1840
958
245
-4788
-734
-2105
1190
-80
688
1948
1673
-11879
2464
1816
-81
1024
2825
-956
461
2186
-8426
3932
-5721
5275
1552
183
1721
-5048
-4394
-1997
3116
62
-642
2248
-895
3286
-4506
-804
-3393
-138
-5109
-6943
-1856
1080
-1465
966
1585
-467
-1262
-1077
-1979
623
-1216
682
-818
400
-825
8714
-5103
3077
551
-1153
882
-1615
3187
5978
-753
-733
2788
-397
-1391
-2836
-45645
5421
3047
-2503
-7486
24
4189
-11227
2130
6357
-824
873
-3702
-2286
448
-2425
-605
-469
1204
-1857
-1819
1972
-2952
5179
5782
-191
-1380
4932
-640
-12027
-1450
18471
3777
-1878
-1342
1095
-1353
-5094
1193
-1606
55
3353
2883
2204
1741
486
388
-1614
2492
-1365
2527
1966
-27283
102
-211
-10736
-2679
-6623
2613
668
-5096
-4245
-832
5216
-1420
-1846
3549
154
-1921
1595
-2602
1
-7803
4721
-1712
-7078
7580
-281
5036
-2727
-300
4587
1897
23322
5622
4636
4080
1666
10607
-476
-3530
-6523
14702
4409
2937
-2023
-1357
-1187
3355
4836
-1617
-127
-1281
2271
276
-1267
-4996
3226
422
-189
-1902
3337
1817
1077
65
-1406
-5599
-30981
-2890
3050
-10464
-13974
1732
2628
1708
7293
-2694
637
-3647
1897
3301
-311
-393
2609
-262
-1816
3180
-969
-2440
2304
-17409
-5572
-1005
-6748
-1427
-2365
1573
-1763
1766
6627
-1497
-1133
-778
-1353
-581
-1501
-1231
5876
8978
-3407
3267
-3331
1
-1055
1539
6378
-1859
-33738
-2246
6864
-1096
5603
6233
5029
-8760
-29
-448
-3346
2306
-2052
10954
2033
-183
2368
-11103
-29897
-5807
-1706
1599
4079
5449
-4059
-2910
22154
-910
-4264
1400
-767
-3216
-5175
-57
-1998
-662
7942
-550
-9825
1809
-2399
2756
-396
1790
50
-1691
8600
483
3081
-535
-19027
1862
-406
1239
2585
-3554
1922
-1275
-1259
-1977
641
5377
-2036
3140
819
-1458
10655
2469
228
2666
850
2770
-12087
2178
-1167
2777
-209
2591
2403
3167
-2219
-3894
-24768
1976
4298
5552
4258
8004
3017
3880
-2941
2817
-793
10034
-3674
2406
-1426
-9807
-15647
-436
10770
10857
-215
1372
3572
433
-3063
3292
-1909
-3508
12209
1595
2609
-1405
675
2986
-981
937
458
-39423
1380
4052
-1919
1017
865
1942
-11471
-1790
-5486
399
-362
-1386
1123
5708
-106
2737
-1675
-1328
-944
2019
2706
-1566
-752
599
-101
6099
7473
-12168
3943
-22129
2028
19986
4309
-23974
1575
-2241
6152
30521
5257
-169
-318
-92
347
1028
2059
1985
7855
-1073
-654
2165
-7506
-69
-557
-988
-4656
-4949
-11905
2992
261
-2669
4133
4614
978
977
6574
-1291
-4968
-2432
2614
2035
-6652
4240
36231
1333
4671
3408
3471
134
-14696
-1603
931
10196
4320
-4071
-2275
482
-3701
1224
3719
3301
-1751
4867
2907
3272
-14120
406
2585
-1933
4251
-12018
-3551
-401
4442
-1247
2204
-789
-990
6774
-234
-7056
-11928
1567
