-1324
-1009
6610
-5254
6452
-3380
-1730
-9
4199
1150
-2696
2347
-2273
5840
1934
3288
9936
-1044
1468
1376
-912
-1773
2167
-6014
-3779
3628
-1290
3695
-1385
2393
-4726
-88
834
-110
2827
-250
-12
-2089
4360
-4780
535
709
-1941
-1711
3803
214
320
5756
8605
426
39
-97
1379
1834
3051
-961
-661
959
1335
-1066
-509
317
-4253
-114
5009
-783
-3204
1514
-3717
-7736
1319
-3416
-6844
-1309
-1410
6722
12
-1672
-931
1
214
-6048
-667
1126
-2195
8201
-490
-4230
496
-2688
-2070
-4369
-1253
3651
4727
-220
-2046
-1885
-713
-1327
-3679
10287
1583
2949
4315
6258
-294
441
3965
3280
7296
-4377
