-33
37
-17
34
127
55
-23
24
-19
17
62
47
124
127
68
8
72
30
86
123
127
95
117
65
72
112
117
29
34
-25
20
127
41
46
-21
28
55
119
58
127
103
70
51
98
39
29
68
39
30
127
37
32
62
46
127
113
43
123
124
67
124
107
57
48
76
57
127
64
82
44
73
63
109
96
76
114
77
127
88
95
94
52
83
85
118
127
72
59
73
69
41
104
31
71
127
82
56
80
25
-64
-100
-66
-79
-64
-127
-57
-80
-70
89
109
58
119
123
127
91
107
30
7
86
0
127
104
60
6
88
-10
-3
56
-7
39
127
34
3
55
-9
-111
-110
-124
-127
11
-97
-98
-105
-101
81
78
84
127
75
92
66
99
81
75
110
104
65
83
127
78
86
107
127
105
122
73
54
56
102
81
113
37
36
52
-127
-95
-114
27
33
50
57
93
97
69
98
127
41
109
78
22
85
57
81
127
88
30
75
55
-104
-89
-81
79
12
56
127
90
76
58
109
67
127
119
85
54
87
66
-124
-105
-120
-109
-47
-104
-127
-84
-103
93
76
97
127
73
86
86
74
97
84
99
102
120
41
127
55
111
70
34
111
59
118
127
117
33
99
48
33
41
31
41
127
52
15
29
27
39
35
29
56
-127
17
33
40
21
71
127
72
79
117
97
69
99
47
54
54
13
77
127
93
49
65
-13
50
47
33
102
127
105
45
50
42
104
118
110
100
86
123
69
127
95
113
96
125
127
58
120
99
114
102
10
117
34
127
60
106
20
123
11
-16
12
-16
22
127
20
-20
9
-12
72
92
50
110
127
117
66
81
75
44
78
65
41
127
71
52
71
63
-22
57
-21
69
127
30
-18
53
-22
25
2
20
-1
-127
-1
25
3
21
-16
44
-2
66
127
51
-11
40
-5
-40
83
-20
127
98
38
-11
62
-18
85
60
36
96
127
73
73
48
34
4
127
11
91
99
99
29
104
6
117
94
88
98
41
87
127
79
100
79
93
31
127
107
75
75
94
26
73
70
49
127
7
61
81
72
45
85
82
46
127
57
105
72
84
43
34
65
32
53
127
87
25
51
32
85
73
63
127
71
39
73
66
59
21
63
8
82
127
46
17
63
-2
83
121
60
127
78
64
75
97
75
101
104
-29
127
123
84
95
89
-29
-16
-4
-18
-4
127
3
-24
1
-18
13
127
66
124
121
107
12
108
62
127
60
114
59
22
85
107
63
121
46
27
43
127
58
76
39
41
46
-3
40
11
52
127
65
6
40
20
124
127
112
72
83
110
118
112
99
84
127
61
88
82
112
100
116
61
-23
90
47
66
127
74
3
77
33
35
35
36
64
127
39
35
33
35
27
127
26
97
79
123
29
104
28
83
21
-64
113
127
-30
71
17
-78
4
50
9
88
127
66
1
52
3
41
54
-7
77
127
51
46
49
6
38
49
17
58
127
43
34
49
17
83
98
11
127
78
69
69
101
12
70
83
31
87
127
57
63
90
46
73
94
51
93
127
46
57
104
59
-30
73
10
105
127
76
-30
61
13
-94
-104
-127
-106
-30
-93
-96
-96
-110
58
82
12
85
127
24
47
72
17
93
51
-20
127
49
-48
86
60
-26
20
59
-6
57
127
42
12
56
-3
70
53
66
127
111
87
56
64
65
-12
76
5
50
127
53
-14
64
0
63
53
68
67
127
42
56
44
53
55
86
62
-57
11
127
51
73
65
23
36
11
47
127
33
20
37
2
-1
61
11
60
127
55
17
50
20
34
24
41
9
-127
-22
29
28
37
88
54
116
21
59
33
83
46
127
57
95
66
98
127
58
39
103
45
127
46
58
70
61
-9
115
51
58
77
94
77
98
127
101
76
90
75
84
74
75
120
127
127
64
76
62
41
64
59
68
127
56
35
60
54
116
77
-42
127
32
-4
111
60
-7
36
11
1
0
-127
-20
39
10
2
77
43
20
127
112
51
80
38
14
-34
72
-33
47
127
65
-42
61
-28
43
123
89
46
103
119
39
127
86
30
73
2
86
127
48
24
61
-1
67
79
62
68
126
127
63
79
59
53
77
30
120
127
69
47
71
31
56
107
88
127
97
76
41
105
91
56
72
55
102
127
86
37
58
52
7
72
-10
69
127
58
5
80
-23
-6
10
-8
4
-127
11
-4
6
-6
18
31
28
-28
-127
5
19
27
33
51
89
33
101
127
82
29
93
46
60
106
36
106
127
70
68
95
7
-79
-101
-98
-105
-34
-99
-83
-115
-127
-52
-81
-42
-32
-127
-55
-63
-75
-51
127
52
71
108
24
93
99
76
68
42
109
98
51
127
107
66
107
81
32
32
30
-26
-127
-33
27
37
31
10
90
-6
107
127
117
13
75
-29
-26
-49
-31
-15
-127
-49
-16
-48
-22
54
127
79
80
117
117
47
115
82
-110
-109
-76
-109
-126
-127
-93
-95
-70
-30
106
46
119
127
115
-39
105
47
18
60
20
64
127
60
11
53
20
112
79
-6
127
63
-12
98
73
-14
43
127
57
124
112
105
52
84
64
37
115
48
100
127
95
35
91
37
63
70
99
67
102
91
56
54
127
52
76
18
68
127
83
48
88
19
15
127
-12
102
28
59
2
80
-26
36
38
47
50
127
56
46
22
48
105
95
102
127
71
73
97
80
99
122
113
118
127
97
113
117
96
104
91
11
-45
61
-127
-40
87
18
-35
39
95
56
72
127
40
32
89
49
64
69
50
49
127
69
67
57
53
8
33
26
19
127
44
13
38
31
-102
-127
-95
-98
-52
-124
-114
-116
-88
84
110
82
66
127
107
85
95
71
125
103
51
125
14
18
127
107
46
122
44
-29
97
-71
-38
127
31
-37
-2
51
100
41
105
127
25
28
93
22
88
40
52
127
91
18
77
49
-4
55
0
73
127
50
-3
38
3
62
127
70
112
17
90
68
111
82
25
75
43
71
127
71
33
67
49
25
60
19
91
127
69
12
71
4
17
38
10
60
127
69
24
32
8
-97
-75
-97
-127
-105
-107
-94
-47
-97
-6
99
-7
-127
-24
-105
2
93
-4
55
82
-4
103
127
35
59
71
8
-14
1
-11
-10
-127
-10
-12
0
-11
-10
56
24
54
127
48
6
40
20
64
73
115
76
38
127
62
72
95
39
98
39
61
127
86
41
99
33
79
125
13
67
79
83
84
127
2
84
26
-30
127
43
-61
81
31
-19
-17
-101
-48
-95
-127
-72
-15
-89
-46
97
107
22
127
124
26
77
96
7
72
55
38
127
74
119
58
44
41
27
122
15
112
127
94
27
122
32
62
83
63
17
117
127
82
56
69
-6
-5
-12
-11
-127
-4
-8
-6
-13
-9
8
-25
2
127
24
-9
4
-20
77
108
56
127
110
102
55
97
44
87
99
-16
109
127
73
72
77
2
127
101
68
82
41
65
122
90
55
49
107
33
127
126
73
36
102
29
22
127
-29
102
97
87
15
106
-5
57
127
88
44
106
49
64
114
79
-64
-127
-46
-115
-78
-77
-53
-110
-53
113
94
125
97
91
80
118
100
127
61
85
57
64
127
60
60
101
54
-15
-28
-13
-49
-127
-31
-9
-24
-13
73
78
37
84
127
85
64
71
21
55
60
27
87
127
50
44
60
28
26
76
109
30
112
127
14
78
96
19
64
32
47
127
43
6
61
23
53
95
92
85
61
127
35
90
88
118
86
105
127
74
98
110
83
119
2
86
60
75
127
124
7
85
61
71
107
92
127
118
85
63
112
80
45
127
78
-6
85
105
32
113
87
127
89
106
91
72
91
110
88
113
-5
81
127
44
10
117
4
71
118
50
98
58
108
127
84
42
96
50
12
83
75
2
87
127
7
82
62
91
127
93
95
-19
67
96
80
104
54
79
23
127
118
57
38
70
18
104
66
36
127
123
41
89
62
32
34
75
22
78
127
85
28
66
24
109
88
67
94
127
108
102
108
52
-5
-66
-45
127
10
84
67
85
52
127
81
79
121
41
71
127
77
88
26
42
32
83
127
55
28
46
25
71
70
58
38
127
57
64
54
46
69
106
77
127
86
116
58
82
99
12
36
7
48
127
51
8
37
5
60
14
-8
70
-127
-62
57
19
-4
25
79
38
86
127
106
29
73
26
39
79
6
127
90
112
38
71
6
118
127
107
59
-69
35
-86
-102
-87
19
127
42
97
107
116
28
113
43
-54
80
48
72
127
60
-51
84
45
10
67
15
44
127
78
-9
60
12
-63
-92
-26
-81
-127
-74
-59
-75
-25
85
78
30
123
127
66
98
81
29
7
-7
1
-6
-127
-2
1
-8
2
52
14
29
-21
127
18
42
26
9
57
87
81
76
127
63
55
78
73
56
127
56
94
-13
85
50
106
47
108
127
109
99
47
88
107
105
76
-10
4
-3
13
-127
3
-10
6
-4
123
77
82
127
103
57
91
79
88
-68
-75
-51
116
-64
-29
55
127
24
72
126
71
127
96
87
47
124
65
91
95
-25
96
127
56
76
65
17
123
95
58
127
98
110
111
87
59
41
3
-9
63
127
33
45
-14
-1
-105
-110
-81
-127
-76
-109
-99
-105
-61
48
109
105
88
127
115
60
97
113
23
102
12
110
127
96
11
100
12
37
45
21
20
127
52
30
31
21
24
66
18
76
127
33
29
69
24
10
75
-34
96
127
84
37
50
-32
46
88
44
90
127
63
44
93
32
-7
-87
-4
-61
-127
-66
-14
-67
-5
-127
-74
-107
-83
0
-80
-121
-72
-113
38
59
16
72
127
59
34
49
28
120
108
82
106
60
126
127
96
67
81
123
39
114
127
91
69
122
22
49
87
56
57
127
94
43
83
54
70
21
57
50
127
28
56
25
60
32
51
17
76
127
68
33
52
20
54
56
90
77
61
127
56
45
84
38
85
37
47
127
102
40
89
32
61
97
108
73
127
45
66
93
86
-24
109
-22
95
127
97
4
95
-17
14
73
22
92
127
63
18
64
8
-116
-109
-95
-118
-77
-73
-127
-102
-113
127
116
116
121
38
98
94
105
113
-71
-47
-57
-63
-127
-43
-61
-33
-50
53
78
90
51
127
127
47
67
95
80
105
10
127
13
-66
74
101
3
-25
-32
-40
-35
-127
-42
-26
-34
-38
62
51
8
105
127
71
53
39
7
-16
31
-46
53
127
8
-15
20
-35
84
62
101
88
37
127
68
63
103
-7
127
3
99
108
104
1
102
5
-127
-73
-115
-101
-86
-89
-121
-67
-124
90
55
58
127
43
92
85
51
78
127
30
-78
120
-67
-96
118
34
-72
42
24
41
-8
-127
-38
40
28
40
47
93
28
82
127
69
47
77
34
37
45
38
60
127
31
44
45
35
19
24
6
35
127
26
11
22
4
82
60
58
112
127
104
87
75
29
34
64
43
67
127
58
36
54
35
21
92
72
43
127
89
27
77
76
52
80
11
127
79
16
51
79
7
99
92
92
40
37
28
-127
-123
-112
6
54
22
72
127
24
18
38
31
59
111
76
94
65
127
50
110
49
50
123
82
35
103
102
57
127
76
73
66
64
72
127
94
64
55
62
56
114
86
89
39
127
38
93
79
76
98
94
118
127
123
68
90
110
23
88
44
68
127
64
18
73
24
37
72
35
68
127
57
31
64
35
69
61
72
127
71
60
52
65
73
50
89
30
127
104
64
42
85
25
-5
8
-4
22
127
8
0
3
-8
59
102
74
60
26
127
70
103
70
98
81
15
127
39
30
96
80
15
17
61
15
60
127
48
20
54
3
47
70
126
-18
-97
99
40
55
127
54
83
62
127
76
107
40
68
55
-24
78
48
108
127
95
-18
62
42
38
103
65
101
127
85
44
90
44
72
48
127
27
61
105
64
54
127
97
79
120
80
127
84
106
59
112
3
114
9
99
127
102
-3
86
23
85
118
82
124
73
127
77
108
91
61
110
110
123
106
127
60
109
82
81
82
50
5
43
-43
-127
-118
-118
91
127
108
106
65
72
87
87
118
51
73
51
95
127
73
61
66
42
-3
78
-1
60
127
65
-4
72
-6
-11
43
39
75
88
127
-4
34
49
15
54
69
-10
-16
127
5
56
78
71
79
5
59
127
96
56
87
-14
8
127
88
-111
-102
88
6
125
85
29
75
0
69
127
121
24
77
7
88
101
84
127
102
90
94
94
84
53
117
83
118
80
82
35
127
59
90
58
36
62
66
127
87
75
-4
-90
-103
-99
-122
-109
-127
-74
-82
-59
69
98
60
127
124
68
61
89
53
12
-3
27
32
-127
39
11
-6
28
20
127
9
100
118
114
23
107
10
81
127
44
120
100
95
60
126
33
-43
-61
-58
-38
-127
-60
-28
-79
-52
-93
-70
-95
-61
-23
-77
-100
-76
-127
-91
-95
-88
-97
-87
-127
-85
-87
-85
81
31
-20
127
46
-30
81
17
-10
125
113
114
124
127
113
84
91
115
14
77
27
64
127
71
18
81
4
82
88
6
127
96
60
67
91
15
7
86
58
61
96
127
15
71
50
26
36
92
2
-45
127
13
42
96
33
44
38
75
127
70
28
59
39
5
115
88
119
94
110
10
127
57
1
117
8
127
110
118
-3
115
-12
56
40
53
69
127
98
48
37
56
118
87
88
127
79
95
108
83
91
45
81
-48
31
127
95
52
67
-39
80
110
45
106
82
79
73
127
36
7
35
109
5
41
127
-8
37
107
111
14
-42
127
-101
-80
106
33
-52
50
90
43
126
127
67
47
89
33
112
79
127
58
45
66
93
71
89
27
118
39
95
127
91
27
99
45
48
123
62
46
117
109
35
127
38
38
75
35
92
127
48
26
68
33
18
125
-10
77
127
68
30
104
5
67
106
22
59
127
43
71
82
20
119
47
60
127
125
47
108
48
64
42
99
127
17
87
104
38
91
106
56
98
31
127
113
84
52
89
22
124
92
68
127
69
49
99
92
52
17
119
-51
121
127
72
8
93
-16
89
100
94
127
125
57
91
91
101
16
-4
86
119
49
127
61
62
101
-121
98
127
-100
107
99
-116
102
124
74
71
13
127
59
-7
63
63
15
15
-17
4
-15
-127
-40
25
-24
4
57
90
72
88
127
79
55
86
69
53
63
74
109
121
127
35
58
63
39
69
19
127
127
86
32
72
22
-9
48
-15
63
127
38
-6
42
-15
21
120
25
124
122
127
20
111
27
64
127
82
87
117
126
68
122
78
54
127
62
48
77
67
56
115
53
33
93
32
100
127
88
40
86
25
-30
72
52
58
107
127
-19
58
50
57
113
18
97
127
92
45
112
-4
11
67
-2
64
127
67
9
53
4
34
68
54
53
127
69
28
66
58
37
45
-9
127
4
64
36
37
0
32
87
78
84
78
127
39
84
81
114
107
74
125
63
127
126
90
97
-14
-17
-6
-20
-127
2
-13
-19
-5
-88
-113
-127
8
-6
99
104
109
106
-25
50
127
-82
7
96
-26
56
111
108
122
90
127
74
126
82
117
89
27
98
20
103
127
70
23
94
29
32
46
36
27
127
37
36
42
29
61
95
54
127
82
111
50
91
61
78
86
91
106
127
124
61
69
92
115
52
61
127
125
61
97
65
39
-13
-36
-19
-35
127
24
-18
-35
-14
25
52
30
82
127
50
30
48
13
78
63
90
49
127
43
69
51
94
25
38
34
42
127
55
24
36
28
18
69
24
42
127
59
14
60
18
69
85
50
78
127
87
76
73
45
118
105
73
44
127
116
95
90
72
83
88
86
127
65
104
83
91
76
81
80
-13
127
121
27
94
53
18
75
97
63
100
127
77
85
82
46
-24
-43
-41
-47
-127
-51
-11
-42
-38
93
127
75
77
112
72
83
109
80
65
71
45
127
126
96
59
69
38
127
68
80
116
5
41
117
54
80
73
123
81
106
108
127
63
105
67
-6
98
21
127
80
84
11
80
28
44
101
86
46
97
127
36
96
76
38
105
28
80
127
49
37
85
36
46
114
127
32
93
53
37
105
106
68
67
89
87
120
127
61
40
90
-81
-115
-105
127
9
120
127
125
91
77
80
55
82
127
25
67
73
46
35
75
93
29
23
127
29
72
83
35
103
55
127
119
111
25
91
37
-102
-106
-33
-1
127
79
-84
-101
-29
108
95
40
112
127
36
109
107
23
-34
-23
-28
-26
-127
-27
-22
-3
-26
20
68
-8
71
127
105
26
51
-1
8
32
-2
43
127
48
11
32
-11
68
85
17
111
127
73
74
65
21
60
102
57
87
104
127
60
85
50
5
1
16
6
127
2
7
1
14
40
57
21
47
127
64
33
45
23
-19
69
-28
93
127
37
-28
53
-27
71
127
2
41
54
87
58
114
10
83
91
27
127
114
53
83
88
39
106
75
78
97
62
127
89
74
87
70
74
28
127
114
48
75
72
11
34
120
80
115
127
64
53
92
74
-6
3
-3
-1
-127
1
-6
2
-2
-4
103
85
-11
127
85
0
87
71
-25
90
-31
68
127
84
-18
81
-29
-62
-67
-65
54
127
50
52
35
45
60
88
65
87
127
76
58
71
51
8
26
8
30
127
40
4
28
14
90
70
103
74
127
92
81
60
107
-13
48
12
62
127
54
-2
46
10
74
73
69
109
-91
127
64
60
75
56
77
45
90
127
67
55
75
29
39
43
38
79
127
63
33
28
38
25
83
21
72
127
30
23
76
21
48
66
46
41
127
51
50
66
55
49
110
-36
127
97
118
38
109
-55
57
114
24
117
127
98
53
87
29
-16
72
126
-14
-107
127
3
58
118
-50
-93
-69
-91
-21
-58
-47
-127
-55
49
114
-4
127
102
78
54
92
-1
60
61
61
100
105
127
49
35
80
48
91
51
115
116
127
41
84
49
79
58
49
127
120
70
64
55
73
74
108
53
119
127
90
54
107
46
52
101
59
54
127
67
54
106
43
105
90
70
124
127
92
88
88
83
75
86
70
123
127
82
59
80
70
-119
-71
-106
-88
3
-71
-127
-64
-112
5
88
76
69
127
112
7
67
84
-28
72
14
106
127
63
-25
77
4
41
76
9
101
127
53
47
59
-2
-17
-13
-13
-12
-127
-12
-13
-12
-9
45
61
30
60
127
45
49
55
27
29
51
29
88
124
127
61
15
51
17
57
65
64
25
127
20
48
65
22
59
83
58
120
127
31
75
57
54
91
36
93
127
91
87
61
39
103
103
108
86
127
126
83
88
118
34
38
40
36
127
58
32
37
35
38
49
28
58
127
53
36
45
26
3
75
-2
120
127
92
22
69
-12
9
77
80
78
127
74
22
67
68
93
49
24
127
43
65
86
52
30
29
92
13
56
127
106
35
89
21
27
66
8
103
127
110
23
59
5
-44
17
-29
18
127
23
-48
18
-31
117
127
54
124
112
47
125
99
48
66
65
-16
69
127
65
64
47
16
36
93
34
105
127
86
37
85
37
56
65
44
65
127
81
47
59
28
83
76
51
70
127
48
68
73
62
62
100
81
127
99
53
51
105
70
-120
-127
-97
-125
-85
-94
-94
-82
-123
44
109
52
72
127
107
46
80
69
127
103
79
118
83
100
99
89
75
2
114
47
55
94
127
10
99
60
0
-12
-1
0
127
-5
-1
-11
0
79
119
18
127
103
79
73
104
14
7
-38
0
-38
-127
-46
3
-34
-3
111
89
102
126
127
114
125
80
102
50
75
8
83
127
6
48
76
11
90
127
71
79
29
105
67
103
84
116
90
127
94
112
98
106
61
110
123
102
100
86
127
108
98
105
101
82
56
54
127
44
44
74
61
46
47
76
51
35
127
74
36
65
56
0
5
-1
9
-127
12
-3
10
0
36
77
51
83
127
29
34
55
69
-21
44
-4
35
127
28
-33
38
-11
79
74
64
127
93
99
78
53
82
52
99
-5
127
111
52
45
92
-2
47
113
45
127
74
112
55
108
31
63
51
49
70
127
81
81
46
48
9
16
18
17
127
32
10
14
12
-89
11
109
-127
-121
96
-82
-1
105
69
118
47
107
127
44
78
102
41
36
63
42
75
127
86
37
65
23
46
46
26
67
127
52
41
43
14
25
109
58
113
127
104
21
96
58
79
84
53
127
15
106
46
20
38
69
99
80
74
127
91
83
88
83
46
127
27
63
96
66
38
114
34
11
61
114
46
13
127
22
53
94
-8
51
125
-23
-72
96
-9
42
127
48
88
40
123
127
59
35
97
26
85
99
88
84
127
115
75
100
80
38
63
6
58
127
47
29
62
6
16
127
16
100
64
99
1
112
28
60
88
31
105
127
88
47
74
31
64
108
-25
69
127
122
48
106
-18
34
86
40
77
127
117
32
91
36
25
92
70
90
127
108
40
70
67
18
125
-6
127
103
87
4
114
-1
61
92
39
93
127
65
56
71
34
30
66
14
52
127
44
22
61
18
76
98
41
127
90
78
56
110
33
45
40
9
76
127
65
41
36
11
46
102
55
97
127
108
48
93
42
47
86
85
71
127
78
53
79
82
67
99
34
127
104
86
65
83
39
88
78
55
78
127
89
75
65
65
97
91
82
74
127
105
100
80
93
66
117
43
127
103
94
64
94
36
73
125
53
87
104
108
69
127
74
50
93
59
80
127
60
49
101
48
100
90
53
105
127
79
71
102
54
84
120
64
127
69
41
67
116
57
16
57
37
65
127
39
31
35
42
56
87
69
127
120
83
58
85
67
-10
96
67
77
115
127
-23
94
59
-34
54
78
-40
-1
127
-42
48
68
-11
29
-9
29
127
11
-9
27
-6
32
127
27
121
88
104
32
114
14
19
117
73
63
127
116
18
98
58
85
118
97
66
127
69
90
126
84
58
78
86
109
127
68
59
74
82
11
64
-25
64
127
66
16
51
-27
96
127
52
105
101
58
93
105
45
26
61
40
79
127
75
32
58
48
127
73
121
94
34
93
118
74
121
72
114
41
89
127
87
59
114
35
65
103
67
105
127
87
54
92
67
23
61
46
77
127
62
40
65
31
110
82
79
127
119
40
116
68
68
78
126
76
106
-114
-60
70
127
50
81
61
74
108
127
87
82
36
66
23
95
48
75
75
127
31
85
59
31
72
15
94
127
58
23
71
22
36
68
22
72
127
68
43
71
25
88
79
107
127
-53
118
70
85
100
14
67
14
82
127
75
14
56
15
85
70
100
102
127
71
79
64
97
0
122
-20
127
103
102
-12
112
-22
67
115
39
33
110
127
59
109
27
15
73
-4
84
127
66
19
60
-14
39
9
-9
127
60
15
38
-4
2
63
85
73
71
127
81
59
85
77
14
77
62
54
70
127
-3
73
56
125
127
-15
46
123
108
93
110
34
59
53
39
81
127
47
32
52
36
72
104
75
106
127
65
59
93
65
64
86
43
98
127
58
75
83
36
76
82
68
89
127
72
76
74
62
-7
103
103
46
127
94
-18
110
107
22
80
7
54
127
18
17
82
2
52
118
56
86
105
127
70
110
52
8
27
21
32
127
42
9
32
20
84
69
24
127
68
42
80
57
22
69
60
53
122
98
127
60
54
38
0
5
-1
5
-127
6
-3
7
-2
54
83
75
73
96
127
49
75
60
19
100
-13
123
116
127
-27
105
-32
-97
-127
-99
-109
-81
-105
-70
-108
-87
12
48
30
27
127
45
-1
46
24
-6
38
-4
83
127
35
3
35
-2
-1
30
10
3
127
21
3
29
-1
76
68
82
61
89
127
63
75
64
30
93
27
88
127
104
26
103
28
97
33
12
127
69
25
82
40
8
-84
-104
-79
-127
-63
-121
-75
-97
-80
29
86
57
67
-20
127
-33
93
44
22
63
42
67
127
90
28
46
27
61
62
50
118
43
127
81
24
48
9
119
-18
126
123
127
15
102
8
-11
73
39
45
112
127
-14
63
26
96
124
97
127
77
123
85
102
93
81
92
45
96
127
18
89
87
59
-30
103
121
-37
51
127
-27
87
112
-3
99
15
111
127
124
-3
93
11
48
122
33
119
13
97
-6
127
24
20
103
2
104
65
127
-10
103
-18
-18
2
-20
-20
-127
-9
-15
-2
-22
-12
-22
-17
0
127
-20
-13
-18
-16
48
122
-12
97
-1
127
41
99
27
11
50
2
34
127
22
9
41
0
58
62
22
91
127
61
52
47
20
51
93
54
110
127
105
66
89
46
-120
-127
-95
-76
-16
-77
-92
-116
-78
56
113
-47
82
127
39
51
97
-10
127
80
113
86
-31
72
110
72
121
43
80
20
100
127
107
34
59
15
10
38
-12
36
127
48
6
31
-1
33
78
22
70
127
27
32
61
33
30
60
47
63
127
82
25
57
42
16
86
112
97
97
127
13
72
112
97
83
76
114
127
108
108
47
62
65
96
44
77
127
72
82
85
50
64
118
28
127
-54
82
70
98
26
127
59
-24
81
99
54
110
69
-38
94
122
67
127
109
114
117
114
72
75
113
78
74
127
42
119
92
76
64
118
100
127
124
94
67
100
87
44
125
103
109
111
101
45
127
86
66
57
-8
127
122
19
65
48
0
48
85
31
127
98
79
38
74
36
64
15
42
32
127
20
49
13
50
127
63
105
82
14
94
123
61
115
-105
-100
-117
-58
-19
-102
-90
-116
-127
-51
-72
-29
-87
-127
-97
-40
-58
-32
16
49
29
30
127
50
24
44
19
19
115
54
127
66
98
38
94
46
24
42
28
14
127
18
21
31
29
34
127
19
100
82
83
53
112
24
114
36
-54
127
-20
-75
102
40
-65
43
49
25
69
127
40
31
53
11
65
97
61
88
127
75
65
73
49
-2
9
-3
14
-127
10
-1
8
0
17
44
2
42
127
44
23
33
3
41
75
34
75
127
38
50
64
30
48
77
37
84
127
74
50
66
24
-73
-72
-105
-127
-109
-73
-64
-86
-111
79
94
21
127
-24
-10
68
88
7
122
76
-5
124
127
23
104
65
-1
85
74
86
127
74
72
87
66
80
16
40
16
57
127
23
12
37
15
-2
4
-6
3
127
1
-1
7
-10
69
90
78
127
126
113
74
81
54
58
57
37
102
127
82
65
49
29
-3
70
36
127
114
94
3
85
25
-127
39
62
127
18
82
73
48
-47
56
87
75
84
127
123
44
83
83
2
67
16
66
127
78
1
65
8
17
43
33
51
127
60
13
53
27
71
95
54
127
65
109
72
82
53
97
42
20
127
34
24
88
36
28
-119
-118
-118
-111
-127
-117
-101
-104
-98
78
127
110
91
120
96
75
112
92
6
57
-18
36
127
55
-3
45
16
20
59
49
69
127
64
18
63
30
55
67
13
91
127
29
50
65
13
29
127
19
103
123
122
-47
115
41
98
127
77
78
108
108
80
125
75
10
-2
19
-7
-127
13
14
3
18
41
50
49
63
127
19
37
48
39
62
63
87
108
68
127
54
42
63
61
86
57
96
44
127
61
61
59
86
90
-17
127
24
-9
84
82
-9
7
97
77
34
60
127
-3
84
63
39
67
44
-98
-127
-5
42
70
37
66
82
84
115
127
101
69
42
90
127
88
96
125
69
116
114
91
126
-115
-102
-105
-118
-107
-95
-127
-80
-110
45
59
42
80
127
84
37
50
26
0
127
-8
97
114
75
2
107
-8
-2
-6
8
1
-127
-8
-1
-5
10
69
120
60
102
35
92
62
127
31
18
34
32
58
127
59
31
33
34
-42
-47
-44
-101
-127
-71
-48
-36
-47
46
85
21
74
127
83
47
78
29
39
127
41
109
40
35
41
107
40
-112
-127
-110
-109
-22
-100
-79
-120
-47
11
38
18
47
127
47
14
33
16
68
98
118
66
-49
127
53
90
117
49
53
72
99
127
123
54
38
69
94
88
53
127
91
95
90
69
63
12
22
18
12
-127
10
10
19
17
38
92
50
104
101
127
20
83
51
115
127
56
124
117
112
102
103
43
34
81
14
76
127
51
26
74
16
26
100
16
127
104
85
12
84
12
-61
-76
-65
-107
127
-70
-49
-76
-68
1
77
-17
97
127
38
-2
57
-8
-23
3
-26
9
127
7
-21
8
-29
93
98
108
122
127
86
79
81
86
24
93
56
59
127
107
11
77
44
-76
-86
-95
19
-9
43
66
127
80
127
97
-5
113
31
43
110
104
-22
11
30
57
32
127
29
12
32
53
48
110
54
125
114
97
18
127
56
69
116
83
127
74
72
72
104
93
-65
-115
-39
-26
-100
-26
-72
-127
-54
3
127
45
110
85
108
-7
116
51
76
72
19
127
107
62
74
64
20
115
77
116
127
118
125
107
94
105
53
55
47
60
127
51
49
49
38
23
108
19
45
127
68
24
92
22
127
116
91
94
46
73
123
100
93
-2
54
79
15
62
127
-24
65
85
9
61
101
23
76
127
-1
46
120
74
104
100
83
89
127
75
102
97
30
77
125
23
110
87
37
65
127
-33
-86
-30
-121
-127
-77
-21
-80
-25
-47
-127
-101
63
73
119
86
108
120
31
42
30
35
127
37
30
35
37
102
91
91
75
127
87
106
102
88
-34
93
-1
-14
127
-19
-24
97
1
93
102
68
127
19
88
68
116
49
57
72
107
80
72
127
62
62
93
18
67
34
74
127
60
15
54
33
87
115
90
103
127
88
85
106
92
41
127
74
67
123
92
30
116
48
18
81
1
76
127
95
26
73
5
54
47
70
120
127
96
41
52
64
58
127
41
82
55
86
63
114
50
0
50
12
42
127
22
-1
45
6
37
88
35
110
127
77
41
77
18
-49
2
111
-39
-94
127
-46
-2
111
21
39
49
78
127
54
8
46
39
74
65
-77
127
30
-35
62
58
-70
76
127
45
86
13
57
53
106
48
69
86
31
126
127
60
75
73
31
82
52
88
82
127
79
68
60
67
-7
34
5
29
127
53
-12
23
2
-38
-50
-31
-60
-127
-29
-41
-54
-30
67
100
84
88
87
127
42
103
59
-11
10
-12
4
-127
1
-11
7
-10
26
82
6
68
127
77
37
66
-3
64
106
124
108
127
80
45
123
95
77
34
98
25
127
72
76
53
70
-15
54
101
-19
59
127
-24
52
90
-14
-3
-13
-20
-127
-8
-11
-2
-15
-23
87
-14
108
127
61
-29
70
-15
46
80
46
127
112
58
49
80
45
58
93
58
101
127
124
44
99
51
58
127
82
113
-85
7
-83
-83
-82
47
53
69
71
127
74
42
49
61
12
58
24
54
127
53
17
50
14
55
57
49
55
127
55
52
59
54
36
74
24
64
127
59
42
75
8
-89
-84
-84
66
-21
65
89
127
105
20
24
19
39
127
25
18
28
14
63
83
33
84
127
49
67
81
46
-98
-127
-100
102
-3
43
119
115
107
0
46
13
45
127
33
-8
50
2
23
86
3
85
127
63
1
84
10
104
98
58
106
119
127
91
85
49
25
127
16
33
-45
15
-60
-114
-32
77
56
35
127
106
82
77
63
54
57
123
54
120
-13
127
51
102
44
-6
56
68
127
101
127
-21
60
71
-2
75
6
72
127
59
0
67
15
72
68
56
87
127
83
59
53
70
87
127
116
98
113
114
78
105
117
58
119
20
127
121
77
47
106
24
28
101
30
71
127
74
32
92
31
-22
-17
-20
-16
-127
-38
-25
-22
-20
22
102
85
31
64
127
69
56
83
88
104
89
95
127
121
84
81
90
84
98
42
36
87
89
70
127
-28
32
72
67
127
105
112
32
80
63
84
96
56
104
127
101
52
100
55
51
48
46
32
127
76
47
41
60
19
23
14
18
127
34
21
26
16
27
47
28
36
127
48
20
44
22
77
127
104
80
111
105
89
119
75
112
49
-64
127
24
-77
107
54
-71
25
79
39
93
125
127
17
76
29
64
116
28
108
127
83
43
100
20
96
127
66
112
110
60
96
124
44
69
57
-12
89
127
27
68
52
-9
-2
-1
-3
-6
-127
-9
-6
-4
-4
40
101
85
102
127
98
36
115
75
-64
-127
-14
-102
-28
-111
-55
-121
-7
-93
-38
-9
-127
115
39
-90
-24
-9
38
90
21
94
127
95
73
87
16
12
84
25
91
127
105
-8
85
8
3
68
18
41
127
69
17
59
17
37
89
5
78
127
47
33
82
3
67
102
59
127
115
68
61
83
55
76
76
93
84
103
127
83
57
78
73
91
64
99
103
127
72
103
55
106
95
73
123
-127
45
112
86
62
77
48
70
125
107
127
90
62
68
87
108
87
127
107
92
97
118
66
58
57
1
127
91
50
48
48
2
61
92
32
126
120
127
59
80
47
26
57
46
70
127
72
33
36
49
73
76
15
92
127
67
76
64
16
61
113
103
116
41
97
63
127
77
10
127
-17
115
125
103
18
119
-7
28
72
21
75
127
78
22
56
20
110
72
-34
127
-2
-34
101
66
-31
-122
-89
-119
-87
-105
-102
-127
-84
-105
23
46
26
39
127
49
27
41
24
71
127
41
95
-3
53
68
120
35
6
14
7
12
127
11
3
14
6
127
97
60
124
74
48
110
68
62
24
127
5
63
106
82
37
120
3
61
75
40
103
127
61
49
58
34
66
121
71
58
87
127
59
125
76
127
78
46
125
121
29
123
77
54
127
63
-36
101
85
-15
123
57
-29
65
119
67
67
86
127
53
102
71
52
63
53
74
127
111
42
70
53
55
57
26
48
127
80
38
51
35
-9
34
-11
16
127
26
-10
23
-11
1
60
12
54
127
56
11
46
17
30
103
18
90
127
66
18
104
16
19
49
21
-60
-127
-110
7
57
21
-17
1
-26
-9
-127
-10
-13
10
-15
62
127
8
87
110
105
59
123
9
68
127
39
104
42
92
76
106
39
123
115
127
106
76
88
109
103
126
52
103
19
114
81
127
60
94
14
59
98
56
82
-127
90
54
82
56
11
82
30
75
127
58
8
73
31
81
97
61
127
122
67
91
64
57
49
88
24
97
127
77
53
84
18
-30
95
-11
76
127
63
-19
67
5
2
99
41
76
75
127
-3
103
45
92
110
56
90
127
103
87
108
56
83
78
63
95
127
96
67
47
57
87
75
79
119
127
95
88
95
61
-111
-97
-126
-73
-39
-101
-76
-85
-127
-5
75
127
-31
33
127
18
61
119
113
45
-6
127
45
-9
111
49
7
53
87
27
127
99
100
54
71
33
1
64
5
61
127
71
-1
57
2
-109
-104
-107
124
33
127
103
107
117
-126
-120
-100
-83
-28
-113
-100
-127
-88
20
45
53
58
127
126
19
46
51
54
75
31
65
127
57
33
69
44
26
54
5
39
127
64
24
58
-5
19
83
127
40
66
75
8
89
106
53
123
82
97
127
113
58
112
69
72
127
74
103
109
98
55
112
82
7
-7
3
2
-127
-6
10
-13
7
21
88
108
-17
127
98
28
68
108
2
87
-3
96
127
86
3
76
5
30
107
-26
121
127
61
8
113
-33
34
87
37
82
127
100
28
82
50
40
-2
57
50
127
83
42
-5
62
57
92
56
81
105
127
54
59
45
39
85
34
102
127
102
37
68
35
102
73
115
100
123
76
127
53
101
29
49
3
46
127
36
36
45
6
-58
-56
-39
-56
-127
-31
-55
-50
-41
-86
-127
-98
-82
-62
-113
-96
-113
-102
47
82
61
92
127
99
33
87
69
-20
107
41
121
127
78
-20
88
33
11
102
43
70
127
108
26
101
31
59
103
65
83
89
127
62
85
60
-23
69
-12
127
89
25
41
-6
24
7
122
21
127
124
91
12
119
26
57
78
47
92
127
65
53
76
45
70
70
50
84
127
95
40
56
55
63
28
85
69
127
60
57
45
69
66
38
-49
112
127
24
72
37
-50
-127
-14
82
-122
52
81
-112
-2
76
-1
97
-38
92
127
103
-24
81
-47
107
73
84
127
66
61
103
75
74
-1
46
8
63
127
62
10
50
8
20
65
32
52
127
57
15
56
36
26
48
-22
34
127
53
12
42
-9
6
34
2
43
127
34
4
30
6
64
64
81
53
81
127
50
56
110
44
98
76
72
127
121
53
92
60
35
127
6
109
124
126
21
105
20
-6
71
11
127
122
59
0
73
11
-26
-16
-22
-19
-127
-14
-24
-17
-26
62
67
38
97
127
88
54
78
7
63
67
101
69
127
119
63
75
90
102
95
37
121
127
89
94
76
51
77
117
105
78
127
112
79
99
104
25
30
4
35
127
24
31
25
17
44
127
92
96
1
121
43
103
107
69
122
64
99
117
64
72
127
67
106
122
46
127
93
78
90
108
61
46
90
120
49
52
127
58
92
114
58
92
64
109
127
71
43
72
59
67
127
88
83
117
90
48
113
82
52
95
65
122
127
120
36
87
57
-94
-91
-108
-120
-45
-127
-86
-60
-99
56
59
57
52
127
32
72
52
55
55
72
41
93
127
61
49
51
41
36
122
40
97
42
127
60
103
41
47
74
66
127
101
76
31
62
59
46
80
85
127
41
102
61
62
92
45
90
49
127
123
95
43
103
46
11
85
63
76
43
127
22
93
63
-30
75
98
96
127
73
-37
47
98
32
45
35
64
127
78
25
39
30
80
124
79
86
79
127
68
115
92
77
103
63
87
104
127
82
99
71
32
81
2
87
127
84
36
82
6
52
79
32
104
127
72
29
88
34
77
100
74
127
50
117
58
81
66
78
69
55
67
127
79
88
69
40
42
53
43
60
127
85
40
43
33
124
99
-4
127
-37
3
111
96
-18
22
70
5
74
127
59
19
53
27
50
95
87
81
127
100
54
95
65
44
61
64
127
98
93
50
48
67
68
86
12
46
127
66
82
85
-3
44
110
16
124
114
127
31
92
48
41
55
35
81
127
65
47
51
27
49
81
35
56
127
86
46
58
48
84
104
47
99
127
58
68
92
47
17
76
22
52
127
80
9
72
13
92
69
111
102
-127
85
90
68
95
12
45
72
-7
7
127
-8
49
64
-55
96
68
127
40
99
-57
80
88
9
66
0
113
127
87
-14
69
1
127
42
30
-1
27
28
8
-11
123
30
57
29
73
127
56
32
46
21
28
85
77
127
108
106
58
64
62
-14
3
-18
37
127
47
-16
-3
-9
64
89
19
127
113
95
53
85
15
41
81
56
43
127
86
41
81
58
70
96
62
127
75
109
54
88
51
-3
-1
-2
2
-127
0
-6
5
-4
16
58
24
58
127
55
22
55
36
78
100
68
104
127
98
81
78
68
31
57
71
32
66
127
26
58
72
30
119
36
75
127
103
37
98
36
66
66
-43
127
66
3
55
61
-43
-107
-98
-91
-113
-68
-127
-124
-97
-76
44
127
87
71
91
108
58
121
80
19
82
33
86
127
79
34
68
19
11
127
54
103
95
120
30
109
48
-124
-64
-56
-107
18
-89
-127
-74
-77
50
108
39
124
127
46
29
114
37
88
127
117
71
101
95
90
99
101
118
114
15
115
15
-48
127
105
-6
33
119
29
115
106
127
36
107
25
58
100
75
68
127
54
59
83
82
27
69
15
76
127
42
17
61
0
84
67
99
127
54
73
-90
-100
-92
125
62
60
66
-17
118
127
51
63
15
112
43
127
81
124
19
90
18
7
43
27
124
31
127
27
12
42
49
85
64
20
109
127
43
77
64
0
89
73
37
127
118
-22
90
73
-16
-22
-10
-15
-127
-29
-21
-27
-10
100
75
62
121
127
120
97
71
49
-12
57
64
49
127
108
-6
70
56
20
46
35
76
127
49
13
40
28
12
57
3
58
127
41
18
45
-13
101
124
47
102
127
112
89
119
28
41
127
21
85
92
25
62
115
27
35
71
45
61
127
62
36
48
68
50
127
110
103
84
60
56
118
89
76
125
95
71
127
120
79
122
86
44
83
18
67
127
72
20
74
33
-39
87
55
-3
104
127
-47
78
56
63
69
100
96
124
127
68
60
112
62
68
46
48
50
127
61
56
47
18
48
71
21
77
127
15
48
65
61
73
127
60
34
100
63
61
113
7
116
-4
70
127
76
-6
100
8
23
50
57
-54
113
127
44
38
54
93
123
83
117
114
97
72
127
72
53
103
10
127
125
103
39
86
9
84
121
-56
77
127
104
71
78
21
38
40
36
30
127
14
19
33
25
6
-42
4
-27
-127
-44
11
-61
7
14
113
29
105
127
63
2
93
25
10
12
11
-2
-127
-11
16
6
13
47
60
34
61
127
67
34
49
45
43
91
7
123
127
31
47
87
7
127
41
-66
86
77
-2
108
35
-72
19
83
49
127
103
88
2
76
25
76
56
59
35
114
127
67
63
57
22
127
19
122
81
107
17
109
15
-66
-90
-70
-73
-127
-48
-69
-62
-79
-99
-124
-93
-119
-127
-118
-94
-121
-72
19
70
16
57
127
49
22
56
18
-7
27
-3
28
127
25
-5
23
0
53
108
62
105
127
110
38
84
60
67
122
50
87
94
93
54
127
49
-2
-2
-2
-5
-127
-5
-4
-5
2
30
53
24
118
110
127
29
54
30
9
18
24
37
127
24
11
15
21
23
80
27
62
127
73
29
77
21
54
127
11
118
106
96
29
125
22
87
105
92
83
127
98
87
90
90
87
28
-37
92
-127
-47
78
41
-41
23
80
127
37
101
104
8
74
127
-19
99
-17
127
127
96
-29
86
-7
-105
79
-25
-74
127
30
-105
78
-17
41
58
41
29
127
95
29
60
52
-23
-57
-35
-50
-127
-80
-22
-58
-21
38
120
23
127
79
101
15
111
10
80
79
-3
127
16
7
85
62
-12
42
78
71
70
127
85
56
78
60
-6
75
14
71
127
64
10
67
18
-66
-98
-57
-100
-127
-102
-60
-81
-56
79
92
59
91
127
79
78
59
82
76
79
127
77
91
111
98
81
114
72
65
127
39
53
106
68
58
105
84
111
29
115
127
77
66
94
26
72
127
106
56
56
111
93
105
86
82
121
81
73
127
117
78
114
82
111
66
97
127
113
115
88
79
86
36
87
91
87
127
66
45
86
91
-10
-12
-16
-2
-127
-10
-12
-14
-17
29
99
104
93
101
127
32
79
104
121
29
26
94
-86
-47
127
21
24
-85
-127
-74
-123
-85
-114
-72
-116
-66
-44
115
5
127
101
72
-58
99
14
19
43
33
43
127
49
11
40
37
-58
-81
-37
-127
-96
-79
-66
-84
-26
48
74
32
85
127
70
41
81
23
92
127
114
107
125
124
102
114
104
7
34
44
-33
-127
56
8
29
44
24
87
11
93
97
127
7
88
10
9
24
17
47
127
33
10
23
25
8
70
11
71
127
52
12
57
5
-6
11
-5
10
127
-5
-7
5
-2
75
85
65
127
103
112
72
52
95
42
50
46
127
68
47
29
39
47
64
76
44
117
64
127
55
51
58
-91
-107
-77
-89
38
-127
-68
-104
-63
45
127
121
74
45
69
57
117
86
13
58
90
-67
35
127
-6
53
81
31
47
23
51
-127
40
28
45
21
2
114
4
122
115
127
17
114
-8
85
53
-14
127
58
9
79
47
-9
62
72
6
127
87
89
59
75
-6
96
117
35
107
127
62
104
86
52
-28
100
8
115
127
92
-22
95
24
111
91
31
127
22
7
115
75
44
89
108
102
126
67
127
99
80
111
21
73
17
60
127
87
17
70
19
90
127
86
118
101
107
92
91
75
75
58
79
116
65
127
64
55
60
10
47
17
72
127
71
12
47
12
52
83
17
117
127
96
75
57
24
66
99
35
107
127
72
58
75
33
42
64
46
100
127
77
43
55
47
49
96
-57
121
127
108
39
77
-44
21
91
71
50
114
127
16
107
39
32
112
53
127
111
103
36
106
35
96
113
115
-99
-74
29
75
127
111
39
75
24
100
127
67
55
50
19
96
122
108
68
68
107
95
127
76
69
60
47
93
88
127
63
51
36
-3
5
-1
6
-127
-5
0
4
1
91
127
59
114
104
84
72
121
57
47
79
47
81
127
61
29
92
43
4
39
4
38
127
37
7
30
8
118
105
5
125
-108
-6
127
79
14
10
29
41
86
127
116
30
48
31
96
121
53
101
110
127
66
112
47
46
94
75
127
111
119
38
83
61
20
82
18
53
127
31
27
55
20
-127
-107
-92
-100
-52
-107
-104
-85
-75
90
101
28
112
127
29
89
95
24
-21
61
47
100
127
-34
-15
59
45
-33
91
-26
65
127
88
-26
72
-14
20
121
58
86
69
112
16
127
45
122
127
69
98
113
67
114
120
59
48
45
65
60
127
39
52
42
58
61
60
50
127
109
80
72
63
41
94
117
80
104
127
100
84
109
67
96
83
74
127
-5
38
104
74
65
45
73
16
75
127
61
28
58
26
127
15
-9
126
20
-30
114
17
-19
36
77
27
89
127
19
23
63
37
127
56
85
73
120
67
101
55
74
-3
50
17
37
127
71
-21
51
11
43
96
99
111
127
76
64
83
90
24
36
5
82
127
34
35
29
9
34
88
68
77
127
44
19
84
49
73
127
66
91
-111
85
76
101
68
67
46
44
72
127
77
50
49
42
127
78
81
80
-113
38
119
61
76
-14
-5
-15
1
-127
1
-15
-4
-16
89
83
73
123
127
100
71
80
74
23
57
43
55
127
41
20
65
50
68
98
34
120
127
86
70
81
37
52
106
42
104
59
127
50
95
48
64
56
48
80
127
73
51
48
35
45
110
67
71
64
127
21
106
62
1
39
-11
43
127
50
-6
41
-5
74
50
45
84
127
88
59
56
48
45
31
127
1
39
121
27
45
119
20
127
14
105
84
103
16
123
9
-4
5
-6
1
-127
3
-6
5
-7
12
106
55
59
127
97
20
91
55
-1
126
-10
-127
10
-123
-4
111
-23
59
41
47
103
17
127
66
29
46
74
126
57
127
107
98
70
100
41
125
127
53
82
116
94
115
97
49
0
-5
-2
-10
-127
-4
0
-6
-2
66
46
92
60
127
88
65
54
78
28
80
58
127
38
64
52
50
62
-108
-77
-127
-58
-7
-66
-104
-76
-111
74
73
43
96
127
57
58
70
51
81
79
54
127
85
62
85
63
54
114
73
-16
107
-127
-81
107
74
-25
79
120
87
112
127
96
67
118
85
121
69
22
127
71
71
115
51
30
1
-9
-2
-31
-127
-21
1
-9
-1
64
101
20
127
115
49
51
102
-2
69
99
72
82
127
119
60
89
66
-26
50
85
-31
127
92
-15
56
88
-50
52
-41
-39
127
-58
-54
58
-47
80
42
24
91
127
87
59
38
50
46
83
62
127
124
122
-25
100
62
51
88
72
77
114
127
55
92
53
28
94
21
105
127
79
41
79
31
90
114
63
127
-9
103
72
106
66
-38
-77
-31
75
127
82
-18
-90
-27
24
19
23
21
-127
26
23
19
22
9
64
-5
71
127
62
0
63
-17
-82
-66
-90
-89
-101
-127
-78
-52
-79
87
99
127
91
118
126
69
90
104
54
111
67
97
102
127
61
95
50
107
113
107
106
88
127
84
114
84
55
60
72
98
111
127
44
59
70
-21
71
98
-20
-15
127
-46
77
81
26
127
72
99
76
59
24
124
74
32
59
15
29
127
51
23
53
11
7
61
-5
60
127
41
13
49
3
1
8
2
9
127
-3
-3
8
-4
63
83
55
46
127
99
56
56
48
47
91
23
98
127
86
55
93
17
31
14
35
22
-127
14
32
14
31
86
22
-37
127
-15
-41
80
26
-36
33
59
24
46
127
39
30
64
11
-66
53
111
65
126
101
-54
63
127
-34
96
27
127
78
95
18
60
60
43
115
106
120
127
110
43
116
101
-14
-12
-14
-9
127
-5
-13
-12
-18
1
-6
-2
-15
127
-19
1
-6
-6
72
56
41
102
127
72
51
51
46
30
26
25
39
127
33
21
27
30
30
59
0
57
127
59
28
61
-8
-33
107
27
127
118
76
-21
91
38
25
87
62
79
127
94
25
84
58
47
58
43
105
127
66
43
61
35
43
79
62
68
127
88
31
64
56
73
94
71
85
127
119
58
66
87
1
-5
-4
-11
-127
-9
-7
0
-4
41
122
32
50
123
71
48
127
13
5
36
12
44
127
29
17
20
3
63
69
-19
127
3
-34
47
65
-27
54
82
51
73
127
68
49
73
47
55
103
57
117
127
81
58
81
50
127
109
8
99
112
16
119
100
10
41
75
29
127
120
86
32
81
37
70
120
79
78
107
81
80
127
79
65
72
16
46
-127
-32
70
71
10
-13
54
-7
59
127
76
-14
68
-12
127
2
-47
108
-108
-79
123
-8
-48
58
101
22
127
75
50
57
86
20
37
61
56
83
68
127
37
55
48
-30
-127
-51
42
-43
11
39
72
32
-127
-89
-94
-91
-25
-83
-127
-75
-105
108
123
127
68
127
122
87
124
107
10
40
79
37
75
127
13
31
78
-10
10
-2
11
127
8
-7
12
-8
127
97
70
101
56
82
70
127
59
83
127
63
112
125
110
73
120
62
3
102
98
94
123
127
23
103
89
-12
63
-15
74
127
75
6
52
-17
26
84
77
67
124
127
27
78
78
68
72
38
127
34
101
59
62
34
60
85
9
100
127
118
53
86
-5
49
86
32
109
127
85
45
67
35
96
127
103
116
47
109
92
111
116
93
127
75
87
91
75
91
116
51
-17
21
-22
28
127
17
-8
12
-17
66
107
53
127
14
117
-34
-87
-39
61
91
18
127
92
93
74
86
36
7
24
3
39
127
39
0
14
7
49
96
64
52
127
124
51
82
50
41
126
29
127
93
94
37
101
42
119
127
-27
98
31
-65
116
116
-46
-10
47
127
-49
-60
125
-8
29
127
83
95
77
84
107
127
80
75
65
-15
9
-14
6
127
6
-12
7
-11
34
79
24
77
127
68
24
82
22
