-127
27
-127
-127
-119
-127
-127
-127
-114
-127
-101
-127
-4
1
-11
-4
-8
-4
-7
-1
-3
-2
16
-7
8
-48
29
14
13
9
23
14
13
13
-21
16
7
-16
5
6
8
4
6
8
10
5
7
9
-11
-57
-5
-2
-8
-5
1
-6
2
-2
-8
-19
6
-14
-2
5
7
4
5
8
7
5
6
6
-5
-45
-8
-6
-31
-10
-11
-11
-5
-7
8
-20
-3
1
3
-2
0
-2
0
-2
-1
-2
-13
-1
11
-55
4
-7
20
-10
6
-4
36
-4
33
2
9
-5
16
6
10
5
13
7
13
6
-6
10
13
-43
25
20
-3
11
13
19
13
8
22
14
2
2
8
1
3
1
7
0
4
3
-14
3
7
-21
5
5
8
6
9
7
5
7
8
7
-15
0
-10
-2
-11
-2
-12
-7
-25
-2
-3
-13
3
-9
11
2
0
3
7
0
1
3
-4
0
-27
-9
-18
-24
-30
-19
-22
-33
-30
-15
-15
-39
3
-6
9
1
1
1
6
0
2
2
3
1
12
0
14
13
15
7
11
11
24
9
1
9
1
4
10
-11
-20
-16
4
-12
25
-11
5
-15
-46
-26
-42
-28
-44
-26
-40
-39
-55
-25
-7
-45
3
-13
0
3
7
4
6
5
5
4
0
4
-10
-12
5
-33
-31
-22
-4
-38
-12
-18
-27
-25
-1
-16
-9
-2
2
1
-1
1
-2
1
7
1
-16
10
-28
-17
-28
-14
-23
-12
-16
-11
7
-25
3
-14
-1
3
7
3
4
6
6
3
3
6
1
-12
5
5
2
2
4
4
2
2
1
2
5
6
11
3
4
4
12
3
6
5
-9
6
36
44
28
4
34
6
32
18
57
14
-4
26
-30
14
-44
-22
-39
-17
-36
-26
-52
-17
12
-36
-30
-29
-2
-29
-32
-25
-8
-45
-25
-13
1
-34
-12
-17
-2
-2
-16
-2
-4
-4
-22
-2
-5
-7
-6
-8
-33
16
1
3
-22
14
0
-1
6
-10
-16
-24
-23
-7
-8
-7
-22
-3
-19
-9
-2
-12
-35
17
-50
-22
-36
-17
-38
-21
-50
-15
-2
-28
3
0
6
4
8
3
6
5
5
5
0
6
21
-19
23
8
25
6
20
19
36
9
5
25
-48
-64
-64
-15
-30
-13
-42
-22
-62
-12
39
-35
32
-14
55
13
36
15
43
22
48
20
6
35
0
-6
7
0
0
1
5
1
3
1
-2
1
16
-19
30
14
9
11
18
11
17
11
-6
13
34
110
7
-4
9
-4
4
10
51
-6
-29
13
13
-2
3
15
15
12
11
29
12
16
8
24
-37
8
-40
-35
-46
-26
-44
-51
-54
-27
-1
-55
-15
11
-19
-4
-9
-1
-17
-7
-30
-1
5
-13
-55
-10
-68
-10
-76
-13
-68
-13
-106
-17
-11
-56
8
-6
7
9
11
7
9
10
13
8
3
9
-2
-5
-3
0
-1
0
-2
-1
-3
0
0
-1
9
0
14
5
10
5
14
7
11
6
3
8
-39
-8
-32
-21
-40
-20
-34
-33
-51
-19
4
-39
0
-11
0
0
0
-2
0
-1
-1
0
3
1
4
-6
9
1
4
2
7
1
3
3
-2
1
-69
9
-76
-55
-77
-44
-72
-71
-84
-45
2
-82
65
-29
71
40
66
18
63
60
120
23
-17
67
5
3
11
4
8
3
7
6
8
4
0
7
6
4
-1
-2
13
1
-4
3
6
-1
3
1
-40
17
-33
-6
-21
12
-30
-11
-116
13
12
-35
0
-16
-1
6
3
4
4
6
-6
5
-10
3
-6
-2
-8
-3
-9
-4
-7
-6
-9
-4
0
-7
2
-6
3
3
2
2
5
2
3
3
-4
3
-13
6
-15
-3
-10
0
-14
-7
-27
-2
-5
-11
4
-6
12
5
3
4
7
3
4
4
1
4
2
1
10
0
0
1
7
-2
2
2
-3
1
-16
25
-39
-12
-24
-11
-27
-14
-21
-11
8
-22
56
25
63
30
48
26
57
36
73
31
28
46
4
0
15
7
5
4
12
8
7
5
4
1
5
-39
11
8
7
3
2
10
14
5
6
8
-1
-8
-5
0
1
0
0
-1
-1
0
3
-1
13
-26
28
4
6
4
23
5
18
8
-5
5
-34
-79
-57
31
15
-11
-36
27
-7
-8
-9
2
2
-3
10
1
2
2
6
0
3
3
0
3
-10
-7
-52
-1
-36
-5
-50
7
-29
-19
9
-8
-13
-6
-5
-7
-15
-6
-8
-10
-19
-5
-1
-13
3
1
5
4
5
3
4
4
4
3
2
4
6
-10
20
8
0
7
15
10
-1
10
0
9
-1
-10
14
5
-10
2
5
2
1
3
4
0
-2
-61
18
14
-53
6
6
7
-20
3
1
-6
34
101
24
-11
21
7
29
-3
31
10
0
11
2
9
-18
-1
3
2
-11
2
-3
0
4
-1
-30
10
-65
-23
-42
-18
-40
-21
-36
-16
9
-32
-10
-6
-3
-7
-14
-5
-5
-12
-15
-4
1
-13
6
-6
12
6
11
4
10
6
9
6
4
8
31
-45
41
36
56
20
43
45
64
24
-127
44
6
3
11
2
8
2
10
6
9
4
0
7
-38
-30
-72
-21
-24
-14
-46
-18
-55
-18
-36
-35
15
-11
45
11
43
10
46
8
49
23
18
21
-41
71
-28
-24
-66
-8
-30
-49
-89
-11
-27
-64
-13
-127
69
33
-13
36
55
14
-43
39
-15
7
-6
-6
-3
-1
-6
-2
-4
-3
-8
-2
-5
-5
-3
-1
2
-2
-1
-2
-2
-3
-5
-1
3
-2
12
-3
26
4
8
5
20
3
14
7
-12
7
-36
-31
-65
-26
-32
-16
-39
-21
-51
-17
-34
-24
-4
-2
5
-1
-3
-1
2
-4
-7
1
1
-4
-31
17
-57
-25
-36
-18
-43
-25
-39
-14
19
-37
-18
51
27
-19
-79
-19
-5
-41
-44
-15
-119
-42
-13
8
-15
-12
-14
-8
-11
-11
-20
-4
4
-14
-1
-11
6
3
0
1
5
1
1
2
0
1
-21
2
-25
-12
-21
-9
-21
-17
-31
-11
-7
-21
16
-46
25
21
25
14
23
24
21
15
-12
23
-3
-4
3
1
-2
0
0
1
-4
0
8
-2
1
-5
8
0
0
1
5
-1
1
2
4
0
-3
-6
-5
0
-3
-1
-4
0
-6
-1
3
-3
-23
-4
-23
-8
-22
-8
-23
-10
-39
-9
-10
-22
-10
46
-43
-2
-19
15
-29
-2
-84
11
-2
-30
-11
-11
-11
-4
-12
-4
-11
-5
-19
-4
-2
-9
-6
3
-8
-4
-9
-2
-7
-5
-10
-2
4
-7
2
6
16
8
10
7
10
9
3
9
3
6
-1
-1
0
1
2
0
1
1
0
1
0
1
28
3
30
7
21
12
36
14
29
16
-5
25
-16
-4
-15
-5
-16
-6
-16
-6
-24
-6
-11
-15
-10
-13
-46
-8
-18
-4
-22
6
-24
0
1
-13
-4
1
3
1
-5
-1
1
-3
-5
0
1
-3
43
-51
35
12
-21
-4
23
16
66
-7
24
18
-2
-3
91
-12
-21
-6
54
-45
7
6
9
-8
-90
9
-78
-34
-89
-28
-64
-54
-127
-24
-30
-72
8
-15
23
1
6
1
14
0
16
2
6
5
-9
-19
0
-14
-10
-10
-6
-11
-10
-10
6
-8
26
-4
60
21
22
13
40
19
43
14
12
18
-26
-1
-41
-15
-26
-12
-31
-19
-40
-15
-10
-26
5
18
48
-2
-3
1
25
-13
0
6
12
-2
-7
1
-14
-6
-11
-5
-9
-5
-7
-3
12
-9
-4
2
-3
-2
-3
-1
-2
-1
-4
-1
4
-2
-15
16
-34
-6
-18
-7
-26
-6
-22
-8
10
-15
1
-9
-2
2
6
3
1
5
1
4
5
4
-5
-3
5
1
-8
-3
-5
-6
-6
-2
5
-12
7
-22
2
5
8
6
8
7
4
7
2
8
-3
2
-3
-1
1
0
-1
0
-3
0
-6
-1
-59
-54
-75
-53
-60
-39
-61
-48
-73
-37
-5
-50
2
-9
-3
1
1
2
1
2
0
2
1
1
2
-15
-4
2
5
3
1
5
-1
3
7
4
19
5
26
1
15
3
20
3
27
5
-3
10
-9
4
-36
-12
-19
-6
-22
3
-15
-6
2
-12
102
103
88
79
110
74
98
97
114
75
51
101
8
-22
6
8
11
5
7
11
11
5
7
8
7
-12
8
13
15
6
1
14
9
8
15
4
-11
-2
-12
-8
-10
-6
-10
-11
-15
-5
-11
-12
-12
2
-24
-9
-18
-9
-16
-9
-14
-7
9
-16
3
23
-9
-8
-3
-8
-4
-13
11
-7
22
-11
-1
1
-28
1
-2
-1
-14
2
-7
-2
0
-5
-13
3
-30
-9
-18
-9
-20
-8
-16
-7
13
-18
12
33
-1
-4
-4
1
0
-7
10
0
4
-4
-2
-10
-2
0
0
0
0
2
-2
0
6
0
-5
-19
3
0
-2
0
0
-3
-8
0
-17
-2
-4
-5
-2
1
2
0
-2
0
-3
0
-4
-1
-44
-13
-73
-29
-42
-21
-56
-30
-67
-21
-33
-45
-6
-9
-9
-4
-5
-2
-7
-4
-11
-3
-3
-6
41
-12
62
18
49
23
44
30
48
31
-7
38
-8
-4
-2
1
-10
-1
-3
-3
-15
-1
7
-7
-4
2
1
-2
-5
-2
1
-4
-4
-2
7
-4
4
19
2
12
32
9
9
9
22
9
-11
11
-68
-50
-71
-23
-41
-19
-52
-34
-83
-20
26
-55
1
-16
-6
2
4
2
1
4
1
1
11
2
-12
-1
-15
-3
-12
-5
-15
-9
-17
-7
-6
-15
9
-1
14
5
10
4
13
6
13
5
1
10
-8
0
-19
-5
-11
-5
-14
-3
-7
-4
11
-10
40
25
63
-1
10
11
50
6
50
16
6
13
7
-13
4
7
12
7
9
12
8
8
3
11
-28
-28
-56
-16
-19
-14
-34
-15
-37
-17
-31
-29
-2
8
4
0
-1
0
2
-1
-1
0
0
-1
-6
-3
-1
-5
-6
-4
-3
-7
-6
-3
-7
-6
-13
-35
2
-12
-41
-12
-3
-24
-20
-9
-2
-19
8
-2
17
5
10
5
14
7
11
6
2
11
1
-7
0
2
1
1
1
2
2
2
3
1
-27
-39
-40
-13
-16
-16
-31
-14
-16
-20
-40
-26
-6
-17
-8
-2
1
-1
-6
1
-5
-2
-5
-2
-8
-3
-10
-3
-9
0
-9
-5
-16
-2
-3
-8
10
11
19
2
-1
9
20
-1
-2
10
5
5
6
-6
8
4
4
3
4
5
5
3
1
5
29
13
47
12
38
7
35
17
59
13
5
28
20
26
16
17
-127
4
-19
16
-33
-12
-3
2
48
3
31
47
58
20
40
66
87
26
-44
66
5
-7
4
3
4
3
7
3
6
3
1
4
-3
-4
-16
-6
-19
-8
-16
-5
0
-12
18
-9
-24
1
-29
-10
-23
-14
-29
-17
-25
-14
-3
-25
19
-23
15
10
31
5
17
23
29
8
6
22
-3
7
-14
-5
8
-5
-4
6
8
1
-5
13
3
-10
-3
1
8
3
5
4
4
3
4
3
-19
6
-31
-10
-28
-7
-24
-13
-32
-8
15
-20
-25
-25
-22
-20
-25
-9
-22
-26
-50
-4
19
-32
-17
-3
-14
-8
-17
-6
-12
-9
-25
-6
-13
-15
-64
-17
-67
-36
-64
-33
-63
-49
-86
-34
-5
-64
-30
1
-19
-15
-31
-12
-21
-20
-40
-12
-6
-27
-4
-19
-17
-1
-6
1
-8
4
-13
2
4
-3
-9
-1
-18
-9
-14
-7
-11
-7
-9
-5
12
-13
42
-72
66
19
34
11
47
25
83
16
16
38
2
-13
-13
4
11
4
0
10
0
4
12
5
-17
-1
-7
-9
-20
-7
-10
-12
-28
-5
-3
-18
2
0
5
2
3
1
4
3
0
3
3
3
-37
-37
-58
-8
-17
-2
-33
-11
-55
-3
43
-29
-11
16
-21
-12
-15
-11
-14
-11
-8
-8
9
-14
25
26
19
13
9
9
20
15
28
8
20
17
5
3
0
9
9
0
2
-2
23
1
16
0
10
-40
29
15
15
11
23
16
14
14
-2
19
