-5394
-32379
-18385
-51759
-31671
-26231
-50786
-49976
-29730
-29309
-27768
39616
-31913
-36126
-27570
5180
-32478
-28726
-43661
34877
-38322
-25390
-3653
-45243
9395
-21609
-30070
-29524
-33801
-2928
-30161
-46186
-31196
-43028
-35270
-25416
-24858
-28553
-25790
6117
11680
-60669
-19047
-48719
-21296
-23516
-23000
-34864
-31914
-28175
-26628
-41121
-27818
-33352
20288
-43567
-15943
-38014
-57302
-28991
-39260
-37675
-52273
-29483
-11421
-20765
-10918
-34484
-39945
-39486
-59008
-30794
-4584
-38992
-19591
-43111
-30427
-23443
-38958
-17734
-11727
-46616
20071
-22236
-33717
-17737
-9701
-22003
-24491
-18025
15268
-40700
1543
-45794
-41551
-48004
-29732
-25941
-19213
-14864
51316
11022
-774
-27316
4132
11577
-35384
-36397
7629
-22573
-50732
-21451
20935
-27325
-26295
-16596
-42551
-50458
-45977
-36599
-1255
-3912
-16130
-30018
7513
-23808
-47258
-17827
14103
-23038
-21605
-21728
-34277
-44765
-43716
-24839
-33253
-48870
-24608
5482
2685
-55306
24214
-36663
-22449
-51967
-29452
-19174
53773
-20905
-21552
-30159
-42250
45622
7065
-38555
-39287
-26222
-17730
-42564
-29400
75087
-38088
-34173
45372
-44671
-37129
-37219
-22144
-24877
-19171
-33066
-29216
-31697
-34275
-14767
-27631
-33320
-17971
-37903
-9531
-10231
-57386
-19560
-26174
-11390
-15938
-17980
-23359
11828
-28017
-38091
67
-32317
-48220
-47705
15971
-31151
18636
-28255
-9715
-42062
-13296
50638
-19575
6475
-32581
-36615
-26543
-31250
7515
-31139
-33984
-18673
-41959
-45961
-38857
63154
-1377
-25008
-17153
-35260
-38909
-29668
-44626
8457
-30584
-28406
-39014
-13356
1219
-36161
-1345
-20935
-29647
-33821
-48950
8795
-25434
-13179
12359
-33673
-12924
11753
-12904
-56093
1647
-11198
-34854
-41871
-24129
6988
-51957
-38947
-28764
-8025
-19252
-39520
-17390
-40833
-44579
-29818
-2891
-35588
-22291
-34269
-8078
-29652
-33082
-1929
-11157
-24413
-19183
-57687
-32601
49060
-8245
-40743
-33110
-37321
-19309
-47047
340
-26413
-13839
-37296
-34527
6657
-18711
8173
-26911
-19673
-42214
-5060
29288
-41660
-17546
-24968
-45820
-43867
-12306
-38543
-40181
-27647
-33318
-9446
-31843
-31147
-30314
5881
-43273
-33819
-35077
-40721
-25400
-37252
-28189
-41401
-27779
-32911
-38273
-10530
-10825
-8987
12665
-30672
-13736
-31320
-43442
-13561
-28957
-52914
-32891
-39174
-26287
-31853
-41806
-23911
-21440
-7752
-52770
-29102
-11000
-8487
-17555
-28764
-54301
-38189
-40044
-19930
-37939
22567
-41455
-29570
-36907
-24423
-45775
-17599
-11901
-30106
-13633
37465
-41206
-45502
-12257
-33385
-26074
-28788
-39777
-34561
-31821
-1944
-40857
-25686
-33300
11784
-1505
31086
-25977
-43856
-28057
-41518
-1420
-17977
1812
-23833
-38941
-25933
-6151
11182
14439
-38920
-20723
3917
-4921
-20663
-38047
-40761
-21065
-4948
-32834
-28513
-29157
-29569
-35387
-10137
-23436
-27097
-11951
-11804
-42903
-29222
-36593
-22717
-37428
-1182
-30638
-50093
-48533
-22404
-4278
-46143
-29642
-29202
-33959
-23396
-34031
-22183
-39074
-19142
-46651
-38365
-21575
66585
-32508
-24716
-23380
-24271
-37606
-25539
1753
-28163
-19978
-20024
49577
-43612
203132
-46544
-19682
-21884
-28032
-28189
-14454
-41887
16887
-37921
8212
-17719
-29344
-20898
-45679
-1067
10888
-30072
-33827
3408
-24558
-11742
-49398
-40375
-29260
-4166
-40552
-35730
-45345
-36768
-19820
-64204
-43812
-18608
-20900
-22393
-26323
-32682
-2722
16617
-32859
-26930
-12621
-49932
-23008
-36211
-29885
-49253
-29812
-14570
-15119
-51975
-18827
348
-35202
-38740
-36092
-53561
-26674
-24779
-38614
-16279
-28832
-29458
-26911
-37282
-11654
-22249
-33051
-17234
-31588
-20189
-36284
10225
-34368
-27792
-47098
-14034
-41529
-39205
-35858
-24472
-33377
-49392
-5566
-34083
-12773
-27408
11999
-27788
-45406
3786
-24450
-37079
26283
-16495
-37172
-6640
-1485
-36677
-27357
14766
-11823
-27905
-11510
-32734
-37959
-34018
-46991
-7295
-29464
-30598
-30750
17500
889
-27301
-31928
-35470
-43528
19801
-28930
-23072
-34885
-27489
-37558
-45874
-30747
-41589
-34616
-17198
-18866
-34137
-8017
-46617
-32096
-37866
-47152
-34020
-12169
-10800
28929
-9282
-33142
-18298
-6360
-9299
-39578
-32400
7772
-4744
-45055
-22071
10619
-23607
-8560
-18761
-47903
77117
-37530
-16709
-36564
12766
-60219
-24044
-24697
-25756
-32889
10248
-30659
-64932
-3301
-15824
-51041
-19306
29854
-43523
-4552
-10217
-15718
-14778
-7513
-20021
-25990
29086
-26619
-12106
17587
-30837
-45598
-42112
-29425
-18923
9726
-16518
-25514
-35613
-14709
2510
-24509
-50215
-42829
-26315
20613
-30776
3934
-2456
-19193
23604
-18771
11923
-39483
-17041
85826
-18746
-32281
-21595
-11719
-23734
-31122
-36937
-11729
-35729
-7376
28049
1384
-40363
-6024
58015
-25084
-16530
-34646
-38711
-44504
-17592
-24461
-26981
1176
-41982
11202
-11303
9335
-3209
-26335
-36220
337
-40417
-30826
50607
-26686
-40744
-28303
-3485
46340
-39444
-43554
-43222
3203
-40680
-23186
-33374
-49906
-7442
-11806
-36911
-21502
-21983
-53213
-36741
32522
-35781
-17107
-23178
-34943
-27431
-31950
-45345
-39205
28478
-36894
-27271
-37009
-45604
-38425
-58464
-22602
-3962
-53822
-14818
-31982
-27986
-34722
-38177
25559
-26781
-1534
4405
-35878
-34810
-46197
-44084
-40045
-28357
-55693
387
-9617
-45166
-34591
-24115
-23541
-28728
-21873
-20445
-15471
-23646
11798
10945
-27745
-180
-24073
-38844
-12077
-38500
-41156
-17976
-24351
-33267
-45681
10424
-41336
-35394
50435
-17206
-35831
-21924
-3225
-25719
-22259
-31857
-23114
-47861
-23159
-26785
-29691
-11687
-36252
-5778
-16711
-26081
-33853
-24612
4237
-3029
-31342
-39800
-18822
-6624
-37854
-39688
98493
-23993
-30616
-35814
-40062
-37309
-7608
-35401
-35419
-13098
-32862
12934
-48364
-24122
-35243
-16583
-48965
-45269
-31110
-26002
-34753
-2104
41895
578
-13541
-4550
-20247
-68325
2257
-16311
-24473
-20663
-41247
44073
-41760
-39628
-14021
-33700
5314
15743
-32195
-32011
-30904
-23382
-33852
-33579
28890
-30889
-43140
-30794
2513
-31341
-38078
-27099
-38395
-28906
-43321
-18639
-34621
-26072
-22564
-46890
-32019
-30767
-25319
-22426
-22683
-24590
-36559
-2040
-23712
-41169
-36320
-31284
-12756
-25502
-20462
-41970
-33585
-21100
-22205
-16213
-42362
-25079
1866
-41225
-25854
-41801
-29877
-37662
4346
-27601
-42398
-39236
-13248
-34523
-24931
-22719
-11791
-23531
-22115
-2449
-14560
-17631
-3679
-61648
-35136
30528
-1244
-36545
-38326
-18116
-17724
-25621
-52458
-28144
-34922
-29319
-30246
-37591
-33493
-29234
-20252
-17627
-22586
-46292
-26006
-47776
-7417
-18607
-21802
5119
-2483
-40178
-13959
-21715
-29372
22511
251045
44095
-33441
12106
-34064
-32406
-47814
-43774
-4715
-42162
-28725
-24242
5271
-30091
-31922
89869
-55169
-11895
-37591
-10849
-17692
-31635
18476
-11692
-44172
-25310
-42066
-31211
-30564
-20757
-37102
20362
-21483
-16872
25269
-39719
-31525
19770
-35721
-24071
-5063
-40857
1128
-30395
8673
-28078
-23854
-6552
-33261
-27907
-15335
8273
-23415
-35193
-19556
-12298
-34614
-23071
-7824
-38549
4584
-23400
-26680
-24068
-3836
-59080
-28748
-48322
-38261
-19910
-36617
-34247
-28517
-17444
-45014
-44814
-9837
-15204
-8000
-15904
-23180
-21503
5293
-40839
-49877
-2411
-27561
-3070
-39049
-25003
-7479
-24789
-35242
-23240
-12750
-36012
-35482
-32748
-38040
-32100
-31278
-35003
-14124
179823
-41322
-7011
-35153
-27112
-34599
-28409
-22823
-35946
-15735
-17975
30146
-30794
27028
-40105
-10022
-40540
17337
-49248
-2780
-5736
-26606
-26074
73
-29435
-32628
16688
-25062
-46883
-28932
112195
4702
-44031
-25190
-42968
-5413
126642
21571
-45685
7169
-46163
-29415
-34123
-41219
-22820
-28515
-27367
-4309
23050
-16331
-43198
13315
9909
-36441
-31985
-45296
-38386
25684
38816
-52061
-39707
-46201
-33949
-54359
-31529
-25296
-2997
13026
-16572
9643
1039
-26474
-14085
-33241
-28335
-37479
8449
-43126
6248
-31469
-33604
13507
-12845
-25375
-9097
-10536
-44052
-31476
-45562
-23625
-32723
-37974
-31150
-26856
-8037
-34947
-5619
-8495
-45556
-10033
-34620
-11389
-16914
-3297
-8875
-14685
-45643
