2744
3705
20
-60
4442
-2082
66278
24
5704
200
7296
54
-75
-30
-1307
12958
12954
88301
7674
-17
-18
2321
-24
25117
-110
1137
-12
10936
-2402
5853
-92
4384
9640
31332
-2356
9099
62231
8447
-481
10592
52390
7386
2563
-47
10008
-1602
-103
-2254
-20
-95
149
8820
7147
-868
8655
6809
-1079
-531
-805
-28
17587
1
-2815
6962
7913
14594
-750
9491
7395
-289
7098
-54
-782
-43
5377
6348
-330
8418
34369
1252
6988
-6493
87
5578
6390
7514
7373
-179
4668
33
6063
-318
24982
11005
21960
-95
-84
-63
-4206
-123
-589
-48
6482
-8
2815
8616
10392
5705
-34
16230
-72
15832
3591
2971
10090
3730
4054
26
9361
17088
1251
41595
-68
4600
465
228
15736
-700
1778
7753
21393
6416
-116
11209
-6
7551
10143
-2699
33352
-2847
-140
-61
-4680
8522
-38
7295
-48
-63
8989
7404
-460
8144
-104
17865
7583
-8
1490
11
649
7243
1476
-538
7832
-492
-31
8310
-1367
6673
3788
10450
-571
19079
8415
8276
21048
-59
21798
7440
-19
-228
-33
9790
28931
6697
-1378
-44
-45
70671
36899
-2297
5370
-18
