46
96
13
68
127
70
61
82
16
17
37
16
19
127
24
10
39
14
20
83
36
55
127
79
15
64
31
31
78
-17
-15
127
117
25
66
-13
-11
-21
-5
-35
-127
-25
-12
-27
2
66
127
61
107
51
89
62
123
23
7
40
23
105
127
44
19
43
29
90
51
-16
127
80
-27
92
46
-17
56
84
58
112
106
127
60
75
66
24
35
-35
127
118
-6
25
30
-25
38
72
50
70
127
66
32
63
48
30
84
-50
127
100
57
29
56
-47
22
28
61
48
127
59
18
30
51
127
81
-6
100
112
3
117
73
4
104
59
81
117
85
127
-11
-70
36
19
57
4
-22
127
60
34
26
8
67
116
17
114
82
127
66
125
-10
51
53
50
106
127
116
54
51
56
12
13
18
22
127
-7
10
9
15
9
44
4
38
127
44
4
32
14
52
57
54
-38
117
127
34
71
37
74
63
56
64
127
104
73
67
47
-72
-80
-37
-37
-127
-25
-72
-67
-40
100
111
55
110
127
104
87
121
62
-12
94
57
127
111
30
0
80
65
15
42
13
64
127
51
17
41
-1
17
68
2
34
54
127
15
81
-16
84
110
72
110
127
81
91
116
74
-75
-106
-60
-71
-127
-94
-78
-77
-57
-34
58
-14
81
127
41
-22
56
-29
-123
-105
-107
-60
-121
-54
-127
-112
-88
-38
-99
-20
-90
-127
-111
-40
-57
-25
50
19
73
91
127
53
30
32
47
42
54
49
53
127
72
36
53
43
53
92
56
109
125
127
38
97
16
29
72
11
77
127
76
10
65
22
13
51
39
86
127
35
16
39
53
21
127
-46
126
120
116
36
104
-41
45
122
34
122
58
105
46
127
45
21
32
21
87
127
44
23
31
19
17
60
18
59
127
42
14
50
20
-33
53
109
-50
-26
127
-38
61
99
4
59
-24
70
127
90
4
51
-20
3
20
13
15
-127
19
5
21
12
58
35
39
89
127
66
53
35
32
83
116
50
85
127
59
55
102
55
89
127
27
70
-33
105
87
114
34
37
89
98
48
127
124
19
111
81
71
73
53
113
127
21
61
82
47
65
117
67
127
43
84
58
124
47
116
63
50
108
127
65
113
51
52
-7
80
33
89
127
52
-19
73
24
-25
46
-1
40
127
53
-14
38
5
28
44
37
-10
127
64
28
47
33
-113
-105
-80
-127
-55
-104
-104
-98
-83
-78
-85
-60
-127
-123
-98
-77
-68
-55
25
20
48
99
7
127
28
2
39
-6
36
-7
31
127
20
-9
25
-4
70
26
28
100
127
95
82
28
25
69
95
-1
91
127
103
47
84
32
45
90
27
115
127
78
48
84
16
73
86
42
86
127
68
69
58
41
-26
-53
-26
-43
-127
-38
-28
-41
-16
14
66
72
55
127
87
7
76
58
30
58
10
58
127
35
36
40
9
10
84
-1
-42
-127
-52
7
80
-4
27
26
9
57
127
33
36
20
6
31
63
64
50
66
127
26
54
64
127
125
77
16
52
93
107
119
85
62
95
46
107
127
106
70
100
-22
16
29
3
42
127
4
21
29
-1
41
95
29
127
116
73
7
88
21
-12
5
-10
-5
-127
-3
-12
0
-6
20
94
-16
41
127
34
9
90
-14
36
80
38
73
127
83
29
69
41
50
46
-49
127
9
-59
43
41
-38
20
25
34
47
127
19
16
20
21
35
58
64
54
127
45
21
48
46
32
54
-30
46
127
74
-19
51
-6
29
125
8
72
127
86
36
113
1
20
51
15
59
127
22
16
41
22
127
123
33
120
103
30
125
89
43
32
39
39
-5
-127
-66
37
39
42
60
32
50
63
127
35
38
44
45
97
27
49
77
91
127
85
31
41
-52
-127
-67
-67
-76
-105
-48
-124
-72
24
89
-5
72
127
70
4
84
-2
72
71
41
90
127
90
87
60
47
23
65
28
32
127
94
27
68
30
66
80
45
127
-16
65
55
81
41
43
65
108
51
45
127
47
81
97
59
75
64
116
119
127
60
80
49
44
62
-19
82
127
74
34
55
2
72
77
21
127
84
49
68
73
18
10
10
13
-7
127
27
6
12
16
91
127
77
94
85
76
105
103
87
24
13
14
83
127
93
43
23
1
-123
-67
-104
-116
-62
-127
-108
-45
-113
-5
85
46
47
127
96
25
82
46
20
53
20
38
127
49
26
46
17
30
44
25
37
127
61
41
37
32
64
80
46
70
127
70
47
68
68
57
97
52
83
127
88
44
86
64
-110
-94
-95
-60
-59
-64
-127
-88
-89
28
81
27
75
127
65
9
68
20
-7
54
71
5
23
127
-12
62
56
68
95
38
67
127
73
47
91
29
61
86
70
97
77
127
45
88
51
113
54
5
127
78
56
90
63
-23
-109
-107
-85
-104
-4
-127
-114
-101
-50
-12
103
62
66
127
91
-24
84
50
12
48
24
60
127
44
11
50
22
62
81
52
127
52
52
55
78
58
38
83
53
41
127
49
40
79
35
28
100
65
86
127
108
33
94
55
-93
-98
-127
-81
-47
-89
-72
-90
-97
-122
-94
-109
-107
-55
-127
-113
-98
-93
-39
50
107
-50
-127
118
-38
53
89
64
54
43
118
127
55
74
43
47
31
41
19
39
127
33
39
33
16
15
22
22
29
127
17
10
23
20
-82
-9
-2
-84
127
50
-84
-8
-4
49
79
57
50
127
121
54
83
54
41
90
57
65
127
60
45
74
52
3
4
-4
23
127
9
-4
5
-2
48
59
17
118
127
64
47
62
20
13
56
12
65
127
71
0
55
11
85
127
112
70
77
99
89
111
84
24
34
47
47
127
82
16
32
39
28
66
5
73
127
80
23
48
10
41
47
43
42
127
83
43
49
48
36
104
59
69
127
81
48
101
61
14
85
45
62
127
91
24
84
33
-50
-37
-65
-60
-127
-59
-49
-39
-61
86
93
78
122
127
71
34
92
92
97
118
90
80
13
120
89
127
61
33
33
38
127
44
3
22
38
35
50
106
99
41
74
96
22
127
78
38
61
-49
79
127
-18
43
54
-42
16
70
31
69
127
64
19
56
21
27
69
28
61
127
90
27
75
15
22
68
55
122
127
57
21
76
29
15
32
20
43
127
88
5
24
17
38
81
49
91
127
50
46
64
43
25
41
14
93
127
18
25
37
21
-8
14
-46
31
127
-6
-10
14
-43
-60
-93
-30
-107
92
-127
-48
-85
-32
42
97
3
77
127
12
33
99
10
31
70
65
20
78
127
38
56
59
53
88
79
-3
38
127
40
81
67
63
92
73
120
95
127
58
107
58
54
120
47
49
115
121
40
127
50
-7
78
95
-47
37
127
-2
59
100
-4
48
-11
50
127
14
-1
36
-16
58
106
33
127
87
102
58
71
32
20
9
22
97
107
127
37
24
27
29
94
42
127
82
85
43
87
52
84
67
-36
127
32
-12
86
60
-74
-71
-99
-50
-127
-54
-114
-60
-89
-55
45
64
35
118
127
62
42
76
15
-5
-14
-1
-8
-127
-15
-4
-16
-3
122
77
-30
127
-24
-14
109
67
-20
1
36
-12
127
125
29
4
39
-5
45
40
40
112
127
57
48
44
50
98
127
70
44
-59
77
-74
-53
-80
89
113
34
74
127
87
75
92
33
1
7
6
-8
-127
-25
2
4
7
-19
87
58
127
121
-14
-24
65
60
42
63
59
101
127
116
32
75
49
68
116
66
22
127
-41
64
112
56
-26
-27
-26
-34
-127
-39
-26
-33
-26
-37
-47
-25
-43
-127
-21
-34
-45
-33
-26
-81
-53
-68
-127
-55
-14
-68
-51
127
67
43
114
68
45
127
72
30
27
43
36
39
127
28
19
40
37
14
63
66
14
127
93
-1
53
68
77
127
66
54
33
70
81
125
67
56
111
86
97
127
81
62
103
96
36
21
37
32
127
33
35
25
35
9
18
9
22
-127
11
7
17
8
10
58
21
46
127
74
19
49
22
-41
67
40
60
127
60
-37
48
41
18
72
-12
61
127
60
32
62
1
16
52
24
58
127
39
19
45
12
47
72
-6
65
127
82
47
50
15
9
80
13
104
127
40
10
68
18
-80
-90
-104
-92
-83
-127
-84
-68
-97
61
64
48
127
77
76
59
42
55
-14
40
122
-27
36
127
-13
28
123
53
88
61
38
127
100
46
65
50
-3
46
41
-31
30
127
-2
43
41
-1
87
-25
81
127
72
-44
65
-5
2
81
21
50
127
64
-14
76
17
39
52
39
127
109
43
19
61
42
-16
-2
-27
-12
-127
-15
-18
-7
-30
127
111
84
111
120
68
118
105
81
21
59
9
52
127
40
19
38
10
84
85
91
107
127
81
76
97
71
74
85
76
101
119
127
91
82
67
23
40
9
72
127
59
15
33
9
57
79
74
92
127
66
52
86
68
83
84
47
116
103
127
67
92
41
59
123
37
94
59
74
63
127
33
68
97
56
72
121
127
42
94
60
45
118
36
127
50
111
34
119
15
9
39
5
35
127
20
21
23
8
3
-43
3
-19
-127
-35
-1
-44
-3
22
54
24
59
127
53
19
67
26
75
81
69
90
127
81
61
70
81
3
13
11
27
127
35
-6
15
7
87
116
90
104
127
84
71
65
82
69
88
72
127
106
119
50
76
70
-62
-21
-68
-79
-127
-75
-51
-24
-75
4
54
-14
75
127
39
-9
46
-1
60
97
41
91
127
68
61
77
39
117
118
74
89
109
99
110
127
83
23
58
-7
78
127
57
19
40
9
82
77
-12
127
83
-38
75
64
-5
125
67
17
127
44
37
119
66
15
-9
51
22
83
127
65
-10
43
16
33
54
51
-3
-127
-18
38
55
52
-40
69
89
-48
-66
127
-58
79
99
-46
-69
-19
-58
-127
-58
-31
-86
-22
82
50
-36
24
127
23
-24
17
51
56
18
-77
127
-35
-63
65
9
-66
64
88
127
82
97
111
75
71
114
18
36
39
57
127
34
26
24
42
-99
-127
-112
-73
-24
-78
-79
-124
-104
102
114
97
127
48
74
101
92
90
-82
-124
-58
-94
-114
-122
-59
-127
-76
-52
99
30
102
127
54
-28
79
14
127
89
79
114
-48
79
126
72
81
100
127
73
121
-22
9
82
104
71
93
101
64
84
127
80
88
92
72
14
51
20
53
127
38
17
48
17
84
127
8
50
102
121
80
126
13
45
101
53
85
127
86
39
95
34
23
41
39
59
127
53
9
39
33
30
65
62
-23
102
127
21
46
52
19
28
2
44
127
48
12
23
0
41
92
99
76
105
127
26
84
88
50
52
36
58
127
86
50
45
49
-59
20
68
-127
2
111
-63
29
56
59
97
30
124
127
74
54
76
34
17
16
28
30
-127
25
19
15
27
50
87
37
62
127
66
54
67
53
19
127
61
111
126
74
19
104
76
23
50
13
41
127
47
33
45
-1
127
117
3
110
74
37
103
102
13
127
108
76
80
75
44
104
106
65
-2
37
-21
44
127
48
4
23
-10
-8
53
-2
64
127
84
26
14
14
43
29
23
127
62
30
38
26
23
-10
75
35
70
127
71
3
66
34
48
96
101
74
127
94
44
85
92
75
105
28
67
127
77
58
90
37
68
99
86
66
91
127
51
97
85
-43
76
123
13
97
127
-40
71
107
22
59
45
127
75
96
24
65
37
49
106
18
99
121
127
55
76
22
-67
56
93
-85
34
127
-61
43
78
-26
-70
-39
-76
-127
-61
-20
-62
-26
57
76
60
77
127
69
76
58
57
-42
-118
-32
-103
-126
-127
-31
-112
-30
22
107
82
55
113
127
34
78
57
34
59
37
79
127
64
42
56
34
56
53
3
80
127
32
53
47
3
83
72
66
94
14
127
81
84
45
70
127
91
80
115
113
74
111
59
8
65
70
58
127
90
33
52
75
45
45
-7
60
127
23
40
34
-8
78
126
80
91
102
127
74
119
48
48
127
75
83
85
81
36
119
72
34
40
13
61
127
38
24
36
21
11
117
-11
121
127
111
13
111
27
-75
-102
-74
-119
-127
-70
-76
-93
-80
126
80
101
127
71
97
90
84
97
39
67
-13
38
127
54
22
63
7
8
102
3
69
127
59
11
82
8
-103
-127
-82
-123
-68
-112
-98
-101
-99
-26
-88
-32
-82
-127
-74
-21
-80
-36
25
123
48
35
127
67
23
113
52
85
52
-23
127
47
-17
78
47
-15
-51
-93
-42
-63
-127
-66
-28
-93
-51
37
18
12
17
127
37
27
21
12
19
127
7
106
72
79
23
98
14
73
75
41
50
127
98
70
63
34
67
111
85
106
55
127
51
114
76
-32
44
69
-37
17
127
-34
53
46
71
90
46
77
127
118
69
99
3
54
70
34
127
71
47
31
72
48
34
81
-21
109
127
92
22
65
-24
-10
61
-2
49
127
63
7
50
-21
-20
90
31
127
97
94
-13
67
26
7
18
41
106
127
86
-6
21
33
24
100
33
54
127
79
37
95
4
66
89
33
116
127
61
67
94
28
5
75
5
33
127
107
14
61
27
97
116
83
127
118
92
92
83
98
73
87
58
-51
109
127
82
79
50
28
121
88
96
41
127
32
93
91
15
62
-2
50
127
57
18
60
-4
17
55
12
69
127
51
11
47
13
50
102
-37
100
127
85
64
96
-70
28
86
-35
106
127
93
6
94
-56
-30
-71
-65
-87
-127
-71
-34
-70
-42
77
44
41
124
127
83
75
50
38
11
59
58
53
127
77
2
53
53
90
72
55
14
-127
-20
99
59
60
102
112
64
127
88
56
94
99
61
114
111
28
57
127
117
76
107
46
-114
-127
-101
-74
-62
-92
-110
-107
-88
8
45
-5
29
127
23
9
32
0
72
75
41
117
127
56
81
69
40
22
18
17
7
-127
21
21
18
18
10
78
49
66
127
20
13
61
45
21
68
-11
91
127
102
10
63
-25
-7
112
13
96
127
74
39
97
-50
41
92
58
127
-34
126
49
90
60
3
88
103
31
127
127
6
102
84
88
51
15
127
61
62
85
45
19
-3
-13
-7
-11
-127
-5
-7
-9
-7
4
75
11
60
127
81
-4
70
21
55
127
80
90
68
124
55
122
65
23
76
11
-20
-127
-51
25
72
6
112
126
98
124
127
76
98
127
101
-14
-9
-4
-10
-127
-17
-6
-10
-4
-28
65
64
82
83
127
-19
70
47
124
96
75
97
105
116
127
88
75
-5
96
23
85
107
127
-3
84
22
34
55
36
82
127
76
28
47
35
93
108
60
93
127
73
72
113
65
49
76
52
46
127
86
46
71
33
105
71
46
122
127
73
83
79
36
40
89
38
114
127
86
25
79
62
57
92
48
86
127
79
44
82
42
29
97
53
93
107
127
41
81
61
26
70
-68
100
127
65
17
65
-57
57
84
11
106
127
69
54
62
25
-39
17
69
-38
25
127
-16
18
63
-11
6
-20
-6
127
-8
-15
2
-18
88
97
59
83
127
76
78
75
67
60
69
10
127
36
3
41
58
21
124
53
127
98
26
102
118
62
91
-3
28
5
11
127
47
0
18
4
17
34
-5
17
127
4
17
34
-12
35
80
35
27
127
45
29
75
29
49
57
2
49
127
64
33
57
-10
30
74
13
39
127
42
22
66
6
16
75
21
76
127
78
22
63
20
71
113
66
113
72
127
83
118
42
67
74
19
127
79
69
55
77
17
72
127
92
109
-60
119
-109
-119
-94
11
51
6
56
127
63
4
52
2
53
58
9
127
109
32
53
46
14
31
78
62
60
127
75
21
91
52
-56
64
85
-55
-127
102
-39
67
78
51
85
-27
72
127
91
41
83
-28
53
22
42
106
77
127
24
-42
-14
67
67
-12
127
97
57
54
64
21
-38
108
55
-26
127
93
-30
88
65
85
117
57
95
113
127
89
105
69
90
124
107
108
88
120
84
127
73
48
69
31
60
127
55
41
52
27
79
79
-34
124
127
47
62
73
-2
-2
21
6
19
127
26
-3
21
-4
94
76
58
104
127
-18
78
63
68
53
88
10
127
117
44
56
83
-1
50
101
27
57
127
81
38
96
33
-14
57
89
91
127
117
-16
47
88
-36
56
15
75
127
81
-25
46
22
41
49
28
82
127
47
41
50
23
53
59
51
78
127
60
44
56
33
89
85
22
85
127
100
70
76
10
106
125
107
111
57
117
127
94
94
41
39
47
31
127
72
41
35
41
70
127
74
1
-17
-4
-70
-87
-72
70
117
69
127
-51
105
60
102
63
84
66
42
127
23
-8
75
75
27
36
95
3
127
62
6
29
91
1
12
33
15
22
127
19
19
38
10
41
77
43
127
123
28
33
75
19
63
114
-5
127
115
-2
67
105
14
52
127
77
112
123
24
27
112
63
16
126
60
47
103
95
14
127
47
51
91
36
99
127
97
34
77
30
38
58
-20
68
127
35
29
48
3
18
99
27
72
127
21
5
84
37
96
125
98
127
23
104
78
121
88
94
126
0
50
96
127
92
109
28
22
88
59
71
127
-9
26
78
47
41
48
30
88
127
71
56
58
26
62
75
33
127
116
37
57
73
26
25
51
13
65
127
58
12
50
17
58
29
1
80
127
43
42
34
-13
-11
56
-24
60
127
59
-19
50
-4
127
31
-37
105
124
-3
110
26
-53
53
127
85
90
1
126
55
123
71
-102
-107
-127
-107
-77
-110
-107
-119
-108
-127
-91
-108
-86
-34
-84
-85
-73
-79
2
88
57
93
127
64
7
86
45
111
108
32
102
127
122
87
105
35
8
68
18
56
127
82
8
55
16
60
84
45
85
127
17
41
81
38
57
67
50
40
127
101
48
60
44
45
61
84
110
91
127
47
63
62
28
69
18
121
127
106
12
54
33
-14
14
-9
-6
127
45
-10
7
-8
-46
-73
-38
-90
-99
-127
-32
-86
-31
74
38
34
90
127
59
62
34
17
53
94
32
49
127
97
48
90
19
8
62
-26
55
127
45
13
58
-31
30
89
58
58
127
68
32
86
60
54
127
43
91
94
-34
63
122
26
-3
70
-23
83
127
80
-1
63
-27
1
7
-2
6
127
2
1
-4
-4
44
100
95
127
105
79
49
88
79
-35
-25
-30
-26
-127
-14
-26
-24
-23
69
25
37
127
53
46
74
26
35
46
47
19
127
82
31
41
35
25
41
76
4
82
127
75
39
57
2
7
44
55
-36
123
127
2
35
48
127
83
-3
117
33
-43
124
79
-10
63
59
97
94
67
127
46
80
61
83
127
73
111
-90
79
92
118
83
49
73
26
73
127
57
28
74
37
78
82
58
82
127
64
74
86
54
79
24
-9
127
57
-1
77
8
-12
-1
5
-5
0
127
6
-2
-2
-2
88
111
78
127
89
101
93
92
68
-5
51
-2
75
127
41
-2
50
1
-37
39
34
65
127
50
-24
39
34
-1
117
83
115
98
127
24
97
70
-6
46
7
31
127
69
-6
37
8
56
48
42
86
127
78
48
40
40
-30
60
40
127
90
59
-12
54
24
55
55
55
42
127
61
52
50
42
48
81
43
72
127
71
49
68
40
-6
4
-6
10
-127
4
-6
6
-3
0
-93
12
-108
-127
-102
-5
-84
14
-89
-127
-83
40
93
42
50
69
50
83
127
28
104
59
101
73
118
43
-96
-127
-94
35
-21
15
92
120
72
-25
86
50
90
127
44
-18
63
51
24
108
5
102
79
127
19
95
2
127
103
-39
87
-69
-20
95
110
-52
3
108
4
125
41
127
19
97
-14
15
89
-24
91
127
53
3
68
-8
60
81
59
98
127
80
52
82
52
-6
64
4
23
83
127
6
45
7
22
66
-11
39
127
62
22
50
10
3
65
4
50
127
52
7
55
4
18
127
60
-45
85
88
10
126
51
-60
-72
-76
-127
-46
-106
-58
-75
-65
-106
-106
-99
-110
-115
-127
-81
-103
-84
19
-29
-2
92
127
73
17
-38
10
-18
-127
-35
-111
-19
-114
-1
-121
-8
59
53
49
127
125
74
60
41
46
0
4
0
2
-127
10
-3
4
1
18
47
22
76
127
36
16
33
30
68
67
44
124
127
66
60
53
41
26
39
2
43
127
30
18
35
-4
20
91
-22
88
127
69
28
69
-1
24
73
31
88
127
82
37
76
29
-54
78
-13
78
127
77
-31
77
-41
24
58
46
64
91
127
28
67
16
35
84
-4
67
127
84
20
74
5
-10
3
-19
-2
127
6
-14
0
-24
17
56
62
89
127
54
24
44
47
86
84
127
98
96
-53
83
74
109
82
95
89
114
93
127
67
92
90
69
103
94
30
112
127
54
102
89
10
1
22
18
-127
10
32
4
19
64
12
48
127
92
86
32
35
30
-6
30
5
20
127
17
-8
24
-7
-45
-93
-77
-48
-127
-77
-59
-73
-72
79
96
66
127
12
76
59
94
68
32
69
36
41
127
70
29
66
32
7
-5
12
25
-127
12
2
-2
12
69
61
53
71
127
59
66
63
49
46
80
11
95
86
127
36
85
1
12
65
72
-7
94
127
23
63
69
-16
87
54
55
127
69
-8
65
47
-20
57
23
78
127
58
-12
52
25
76
127
89
106
95
72
72
123
73
91
79
23
127
107
89
91
71
16
31
46
31
54
127
25
19
43
26
-20
74
26
58
127
65
19
50
36
92
75
64
127
97
57
82
80
52
26
39
-2
27
127
21
18
33
20
21
58
1
69
127
23
22
45
12
-68
-76
-99
-107
-127
-111
-66
-68
-86
60
85
57
62
53
127
53
84
37
0
44
26
40
127
40
-3
40
30
-7
-8
-1
-18
-127
0
-2
-10
-4
27
69
79
51
127
100
57
56
82
4
65
5
88
127
89
8
63
-2
38
49
22
44
127
38
46
41
28
-31
-127
-29
-2
-6
-2
38
107
38
89
111
102
127
6
95
73
113
91
-45
77
74
-19
127
121
-52
72
60
21
63
-8
75
127
47
32
40
8
-15
-57
-12
-61
-127
-59
-14
-50
-11
45
41
43
65
127
30
50
25
27
23
47
23
71
127
68
24
39
12
-15
-8
-27
116
108
-127
-21
19
-43
24
57
26
82
112
127
37
41
15
17
60
81
93
127
124
55
55
66
21
62
-4
101
127
37
21
54
2
86
107
40
127
96
83
97
79
49
32
98
61
109
127
113
41
89
55
-48
79
-22
88
118
127
-43
67
-12
7
81
29
118
114
127
-5
40
17
82
127
83
75
74
80
75
109
89
59
80
-2
127
126
63
65
79
-15
21
85
26
103
127
95
33
69
22
-18
43
0
64
127
60
7
32
-1
31
77
82
127
126
99
17
83
70
23
28
30
26
127
47
24
19
35
55
78
19
111
127
60
28
61
23
76
72
1
68
127
87
74
79
-2
62
51
-50
127
-111
-60
54
43
-48
98
84
2
127
19
17
93
65
2
69
62
40
91
127
98
54
46
48
73
127
-7
88
93
104
66
111
13
127
99
31
95
-22
66
121
99
29
55
81
93
105
127
78
66
62
66
40
65
5
55
127
25
27
58
5
-10
-7
-16
-36
-127
-27
-11
-11
-20
90
118
69
115
127
127
83
116
59
77
127
80
83
109
48
95
59
105
4
73
73
36
102
127
-22
74
69
-48
24
80
-98
-124
127
-42
28
74
53
68
35
48
127
56
49
55
19
26
35
55
49
65
127
30
30
43
26
103
10
103
127
60
13
97
12
102
53
49
120
127
54
78
58
32
15
17
4
22
127
17
12
18
4
30
116
92
73
127
81
-2
101
96
-34
62
14
35
127
57
-34
34
53
126
127
67
121
67
33
107
123
51
36
41
18
52
127
73
29
40
5
-51
96
35
127
66
61
16
66
37
54
68
34
64
127
67
51
65
33
-24
40
-34
44
127
25
-28
37
-24
106
85
9
127
95
49
119
65
32
41
32
29
42
127
30
34
34
22
0
127
62
-15
110
121
-10
106
51
41
73
79
-48
22
127
35
60
77
9
104
57
115
127
99
13
91
50
24
30
9
26
127
12
17
23
2
13
6
9
16
127
-1
17
0
7
80
65
24
127
81
57
50
72
18
4
-18
16
-6
-127
-33
4
-13
12
4
23
-6
22
127
26
-4
29
-9
13
72
17
88
127
68
5
59
8
99
62
22
127
44
4
77
58
1
20
66
33
65
127
119
-13
73
24
-3
48
-26
53
127
45
2
33
-20
21
37
27
31
127
55
17
32
20
73
42
55
91
127
73
63
37
56
72
72
38
120
127
79
68
62
17
6
61
9
87
127
64
3
49
22
-12
97
78
89
127
112
31
49
77
-1
50
47
-16
127
77
14
34
49
-119
-118
-93
-95
-76
-106
-127
-84
-92
47
45
28
-13
-127
-27
46
39
33
0
19
9
14
127
13
2
21
7
58
26
-15
127
11
-23
46
18
-16
4
53
34
37
127
82
-6
55
22
25
97
18
27
127
48
20
94
24
-3
44
-3
35
127
51
-12
41
-5
48
87
-23
28
127
116
53
68
9
36
66
5
94
127
50
45
65
9
29
11
-51
84
127
-14
31
14
-39
79
93
9
127
73
37
62
84
15
60
45
43
35
127
78
60
33
42
62
101
69
98
127
72
41
91
87
-2
-14
-8
-9
-127
-13
-4
-8
-5
58
127
30
79
121
47
44
117
37
-121
-127
-99
-98
-69
-83
-110
-114
-64
85
127
113
97
107
96
102
78
84
61
43
17
29
127
40
61
33
11
38
54
31
79
127
95
29
47
21
-66
-127
-56
7
33
14
53
72
50
42
111
-13
105
127
126
51
99
-29
8
38
-11
77
127
53
8
37
-3
33
32
26
32
-127
0
38
27
27
-28
-15
-20
-32
127
-8
-34
-19
-19
39
102
24
104
127
57
49
91
24
-5
95
107
39
119
127
-10
107
99
22
51
11
58
127
72
1
54
17
-19
31
-16
22
127
36
-13
41
-19
25
66
36
46
127
55
34
43
38
11
73
90
-36
82
127
-22
66
79
112
127
-57
-14
110
126
124
108
-42
106
85
52
127
91
57
99
67
47
67
127
97
108
85
77
62
116
92
-5
-6
-10
-11
-127
-10
-7
-5
-8
31
44
5
52
127
55
24
36
-4
68
94
96
115
116
127
61
83
90
87
67
35
127
70
34
81
78
17
-10
8
-4
2
127
9
-11
6
-3
7
64
62
-36
79
127
0
66
61
-63
-104
-72
-89
-72
-127
-68
-95
-41
-33
84
46
-15
127
73
-27
69
22
-61
-68
-79
-77
-127
-75
-47
-60
-78
48
51
36
127
57
59
47
32
38
74
85
61
39
61
33
-104
-127
-94
-40
2
44
-50
14
127
-39
3
41
28
71
-25
36
127
110
27
65
-18
44
76
54
62
127
71
44
61
44
83
81
-39
116
127
-46
72
64
20
20
83
10
58
127
53
13
59
17
36
69
34
63
127
66
15
60
22
60
75
60
51
127
89
59
63
60
11
87
18
103
100
127
-2
81
11
77
66
33
66
110
127
74
50
32
37
83
28
84
127
56
44
77
22
4
55
39
-32
6
127
-13
55
37
109
50
-46
127
-33
-53
107
32
-28
-2
62
51
84
127
104
13
60
37
19
114
11
113
127
123
-3
113
32
47
125
103
104
126
91
53
127
86
41
53
61
61
127
103
44
47
47
7
26
-5
21
127
30
2
31
-3
119
75
80
127
38
43
101
71
75
13
113
69
98
92
93
-48
127
58
27
97
18
102
127
105
37
108
12
15
33
5
47
127
46
15
29
-1
45
62
38
127
107
6
54
61
36
10
30
13
21
127
32
7
32
21
8
-17
4
-22
-127
-13
5
-17
4
57
61
-31
127
82
-8
45
32
-16
49
127
47
93
92
56
51
111
40
16
21
8
59
-127
-15
17
17
13
-103
-114
-105
-81
-127
-89
-86
-103
-99
56
117
59
21
-61
25
-50
-127
-52
116
126
53
95
94
71
94
127
52
19
89
83
94
127
127
6
98
80
3
45
70
-34
43
127
4
34
62
7
77
-14
92
127
46
2
69
-7
25
50
32
51
127
27
8
36
25
81
63
0
127
3
-39
89
60
3
54
97
27
110
127
9
53
81
9
15
24
11
59
127
22
-2
19
11
54
86
65
83
127
52
48
72
56
4
65
40
35
127
58
24
51
34
-38
-90
-66
-75
-127
-78
-19
-80
-51
104
119
127
109
58
67
113
80
117
121
84
-37
127
14
-28
113
76
-39
-38
30
-10
16
127
34
-30
36
-18
17
52
-4
46
127
75
12
38
4
14
64
8
35
127
56
19
63
16
13
48
5
31
127
41
15
36
1
127
94
117
37
105
105
127
108
88
73
82
54
85
127
66
78
63
60
-31
54
21
-5
127
89
-31
45
22
-71
-127
-51
-123
-120
-109
-59
-100
-47
-25
-50
-22
-48
-127
-48
-22
-43
-23
17
74
19
45
127
82
22
77
16
14
16
9
27
127
33
11
16
0
17
81
-17
57
127
38
1
84
-12
60
64
44
115
127
50
62
51
50
86
118
-33
124
127
3
86
107
-6
-95
-121
-89
-127
-82
-55
-83
-94
-73
26
37
19
127
122
49
-17
81
-56
67
92
38
127
96
60
71
92
29
-4
41
2
40
127
61
-2
31
16
10
46
-5
58
127
30
7
40
-7
84
114
71
61
83
127
76
105
75
78
75
46
22
127
20
61
70
51
-118
-76
-102
-127
-47
-78
-95
-57
-77
26
66
19
49
127
45
33
57
18
44
96
37
76
127
65
44
78
40
97
55
-15
127
66
-57
98
52
-7
28
52
2
76
127
43
22
39
1
-13
75
3
69
127
46
-10
69
0
33
121
46
95
127
114
30
120
50
55
100
28
54
43
127
67
86
22
75
14
-1
127
94
-9
68
18
-10
84
127
84
-2
-52
-11
-92
-120
-69
9
40
17
50
127
39
9
38
13
94
101
103
83
57
115
76
127
95
37
65
23
95
127
85
42
59
2
13
-3
19
-9
-127
-1
13
0
18
-19
117
-2
67
127
98
20
73
19
34
78
18
104
127
70
24
73
17
-49
60
19
56
127
51
16
31
25
-16
31
3
36
127
58
-6
30
9
49
95
56
62
127
97
35
79
50
13
38
31
-48
119
127
18
33
21
57
127
47
81
-87
8
51
122
54
44
95
91
42
117
127
13
102
49
56
123
66
115
104
76
60
127
49
55
58
-46
95
127
-19
45
44
-35
-20
67
41
4
127
59
-16
56
31
12
46
9
38
127
59
16
39
-1
83
97
80
115
106
127
100
79
61
65
86
46
80
124
127
64
69
42
59
91
127
53
121
127
55
92
112
40
49
44
85
127
92
40
53
33
61
52
71
127
115
104
53
51
88
-98
-117
-77
-127
-98
-89
-74
-98
-80
23
97
25
127
86
84
19
97
22
63
49
31
127
98
80
74
27
28
53
93
59
34
103
127
51
79
61
26
79
10
70
127
56
29
47
4
68
90
37
127
105
48
73
61
56
8
32
82
37
55
127
8
37
72
56
71
53
95
104
127
56
50
61
8
45
21
44
127
53
14
37
23
53
127
17
97
126
77
60
115
25
-18
52
104
-31
75
127
-18
52
105
107
105
43
127
86
60
86
107
40
45
34
33
53
127
39
36
27
34
19
127
13
-31
-61
-64
24
118
1
101
127
94
70
89
77
84
119
93
-35
61
46
26
127
100
-34
60
47
-127
-99
-96
-126
-89
-90
-126
-84
-100
104
97
38
123
93
127
79
87
34
43
58
44
102
127
121
56
58
30
-66
-72
-127
-51
-82
-86
-58
-77
-99
-34
44
66
-65
-7
127
-29
40
65
92
68
57
97
127
22
78
51
66
-23
6
-10
45
127
-43
-20
0
-13
-12
67
101
-27
127
123
-12
62
101
-34
60
9
123
127
33
15
41
20
82
127
46
126
79
86
76
104
50
-34
-30
-19
-13
-127
-37
-34
-40
-16
-5
74
25
62
127
109
-5
72
20
22
81
36
93
127
90
28
68
33
31
69
71
20
74
127
15
77
57
32
92
41
90
127
93
48
69
46
52
63
0
127
30
-63
43
54
-5
-12
-24
-19
-36
-127
-48
-18
-31
-24
8
68
25
-30
-127
-43
4
68
28
44
67
58
-82
28
127
48
54
61
22
85
80
127
106
50
27
72
76
-35
75
25
127
106
-1
3
56
2
56
88
-43
93
127
-18
50
72
-28
-100
-127
-70
-95
-69
-97
-71
-113
-56
118
127
-48
119
116
73
123
115
-50
45
93
127
104
102
115
51
106
117
-37
-7
-39
-5
127
-2
-37
5
-43
80
120
95
109
-41
90
72
127
80
21
68
23
30
127
34
16
53
29
74
82
56
76
127
52
71
69
46
76
74
29
127
102
19
75
63
16
12
33
14
53
127
31
5
36
-2
21
68
30
87
127
27
37
56
32
9
43
40
49
127
37
20
18
36
27
123
79
110
62
127
36
103
96
17
62
16
31
127
59
12
61
17
13
61
22
44
127
78
-5
65
2
81
84
30
118
127
77
75
78
30
39
56
49
20
127
4
26
59
41
41
45
36
127
79
87
11
57
37
-85
-127
-103
-118
-98
-121
-65
-104
-101
67
90
27
97
127
110
57
86
32
77
77
8
127
108
21
75
87
-5
-37
-114
-101
-85
-119
-127
-39
-123
-69
68
84
32
103
127
56
62
88
-1
21
19
15
36
127
24
13
29
6
36
73
84
86
127
119
32
76
79
97
89
21
127
6
-68
86
81
-16
104
114
85
108
43
127
-101
-108
-92
72
76
87
60
127
74
79
73
81
72
22
-56
127
-37
-41
70
26
-45
15
3
38
-20
-127
26
14
2
39
35
72
32
77
127
43
26
68
35
-50
-19
-33
-34
-127
-23
-44
-25
-30
81
89
23
107
127
74
65
73
21
70
127
87
62
93
91
74
111
73
-59
-107
-58
-127
20
-105
-24
-116
-41
38
64
47
54
127
87
26
62
52
42
63
49
79
122
127
39
62
34
93
127
63
71
98
48
95
120
51
-2
-25
-9
-31
-127
-17
-7
-34
-8
-27
-48
-36
-50
-127
-37
-34
-35
-42
63
70
25
61
127
89
73
55
14
66
86
23
127
82
90
34
91
-7
112
106
26
127
113
64
93
99
31
-2
110
42
74
127
102
-12
105
25
-2
72
108
14
102
127
4
70
107
85
120
56
127
126
100
113
104
23
36
105
66
31
122
127
46
98
48
16
41
56
71
127
50
-1
46
44
7
24
13
32
127
-6
-1
19
16
69
127
91
85
67
94
83
116
75
-15
68
24
85
127
36
-8
48
15
-37
-96
-65
-98
-127
-127
-34
-76
-62
28
41
33
36
127
40
26
34
26
-23
-99
-127
-49
32
3
19
106
69
-127
-83
-78
-106
-54
-116
-124
-81
-95
42
79
46
70
127
49
37
64
36
59
73
13
127
103
53
47
73
-1
48
54
16
78
127
69
51
50
8
-74
-49
-76
-88
-127
-106
-63
-52
-70
-28
67
57
88
127
98
38
26
55
41
39
38
58
127
81
25
41
34
35
63
-9
97
127
31
27
54
-7
92
127
76
72
13
66
81
121
81
32
48
32
41
127
35
28
39
32
22
33
-9
35
127
43
21
29
-7
45
51
38
47
127
31
52
53
36
28
66
2
52
127
43
25
48
13
-114
-71
-88
-94
-127
-92
-116
-68
-85
26
33
34
34
127
52
21
19
21
68
75
40
111
127
59
62
70
18
127
126
67
52
7
94
102
122
55
-91
-120
-103
-106
-62
-127
-79
-95
-69
60
61
64
92
114
127
57
74
35
19
70
16
70
127
49
20
46
24
126
92
2
106
124
29
127
76
-6
-10
29
-67
113
127
-75
-1
21
-65
-92
-82
-127
-96
-4
-91
-79
-55
-95
123
127
88
107
81
34
113
116
100
101
107
34
124
127
21
77
95
29
93
99
85
87
127
94
70
99
63
-7
-110
-25
126
60
127
-20
-112
-27
127
54
81
112
42
41
115
64
73
12
66
7
127
108
65
13
62
14
-22
-49
-10
-61
-127
-52
-19
-43
-17
34
74
-53
127
99
1
21
68
-53
-10
-4
-8
-4
127
-4
-4
-12
-5
39
100
38
127
52
58
43
78
34
35
107
76
60
127
81
33
94
71
34
117
24
89
127
70
21
112
19
28
33
42
56
127
16
26
22
40
26
66
29
32
127
72
20
63
30
12
72
37
69
127
99
7
58
45
74
57
60
50
127
94
69
84
49
75
109
85
84
63
72
42
127
71
21
80
30
33
127
52
24
83
25
36
60
26
69
127
70
30
63
26
81
124
10
103
1
127
82
101
0
-5
83
27
127
102
14
6
76
40
85
91
46
127
68
62
94
77
41
45
64
35
90
127
67
41
68
30
37
32
25
54
127
24
29
28
30
25
50
67
35
102
127
10
48
71
-125
-87
-123
-98
-97
-127
-105
-70
-97
-28
3
-34
84
127
91
-4
53
-3
-34
77
-16
97
127
65
-44
80
-17
0
34
32
40
127
48
2
34
27
111
116
121
117
91
115
100
127
124
-21
33
18
9
127
38
-21
31
17
127
91
48
65
104
115
112
82
60
-9
49
-16
81
127
61
-13
47
-27
97
59
48
117
127
64
98
45
42
86
68
63
47
127
25
71
47
55
69
61
69
108
127
99
68
71
46
15
27
21
23
127
17
15
16
13
75
93
58
102
127
121
42
100
49
-3
0
-3
9
-127
12
-3
-3
-3
-4
32
100
-29
33
127
-12
28
93
-16
127
-28
116
86
83
17
88
-19
68
63
73
34
57
36
-122
-127
-103
24
26
28
44
127
26
29
20
16
-8
-46
3
-61
127
101
-14
-42
10
14
44
8
22
127
54
8
46
8
32
68
24
55
127
19
26
67
10
18
19
27
20
-127
21
18
18
24
-43
1
86
-52
-116
127
-50
4
75
78
49
21
98
114
127
84
55
58
59
73
73
95
117
127
45
49
73
19
99
46
55
116
127
21
97
29
40
77
23
110
127
124
48
62
13
29
86
28
71
120
127
14
80
47
44
73
38
63
127
35
36
58
22
-10
-26
-13
-20
127
-18
-12
-27
-15
71
40
12
74
127
93
65
52
-32
76
109
52
127
-55
68
77
117
42
-66
-127
-47
-106
-103
-119
-71
-98
-55
114
127
90
92
-12
103
110
95
93
58
97
79
91
127
69
62
87
72
-16
55
85
-19
59
127
-16
55
81
73
68
40
127
60
122
62
73
46
-4
-17
-8
-12
-127
-28
-1
-14
-11
-23
23
-31
25
127
25
-32
18
-27
-42
33
51
-18
69
127
-38
22
45
15
33
-24
62
127
33
14
33
-27
67
103
43
90
127
101
52
100
30
61
31
34
64
127
31
57
35
28
52
45
32
127
61
16
54
39
29
33
66
48
47
91
127
28
64
59
16
36
-1
35
127
29
4
35
-4
-92
-125
-74
-100
-127
-119
-96
-107
-56
42
86
63
72
114
127
42
62
60
26
71
25
81
127
71
21
73
15
75
101
88
-3
31
127
78
100
85
10
15
2
13
127
34
9
12
0
28
55
40
20
-127
98
20
51
40
11
23
-4
29
127
38
11
28
-2
-5
74
95
17
52
127
10
72
107
49
42
19
84
127
61
45
37
22
32
92
85
101
123
127
48
80
66
57
127
52
61
122
123
46
122
55
-58
-49
-67
-60
-127
-57
-56
-51
-51
-60
85
120
-37
122
127
-34
72
107
-34
-14
60
44
127
82
-16
28
28
23
45
21
83
127
59
10
40
20
125
107
-30
127
61
-72
120
102
-35
69
53
14
115
127
59
61
53
11
24
42
13
59
127
16
18
33
14
57
116
90
108
12
127
60
100
114
54
83
76
100
127
81
66
95
79
103
127
102
59
24
91
97
121
90
78
80
68
109
127
101
77
91
65
93
69
-30
127
-7
-16
86
61
-24
-37
50
16
42
127
54
-32
50
6
26
43
43
57
127
101
22
31
50
89
64
35
114
127
66
75
52
30
5
21
9
19
127
24
3
22
5
50
59
62
127
127
76
51
60
46
-4
98
55
-91
-127
-33
-17
91
50
-24
-127
7
-89
-106
-122
-15
-125
18
15
77
19
89
127
58
40
66
8
50
60
39
62
127
103
51
52
38
62
101
98
-65
73
127
56
92
93
76
87
16
89
127
106
76
87
-16
-13
-103
-8
-127
-98
-127
-10
-89
-1
6
77
47
37
127
88
12
70
41
2
50
65
-20
122
127
3
48
55
50
68
65
73
127
127
44
33
59
-106
-127
-66
20
53
12
52
86
36
65
95
30
113
127
-92
59
83
35
41
38
97
33
49
127
32
40
92
112
127
105
91
104
115
95
115
123
51
91
82
89
52
127
39
104
65
-6
45
-13
23
127
82
-2
37
-2
28
79
-22
127
107
33
-20
76
-23
-11
99
55
63
127
83
0
85
46
-40
-82
-57
-56
-127
-64
-35
-74
-51
15
39
28
47
127
51
32
31
27
-3
69
7
59
127
64
0
60
6
29
127
64
118
108
64
21
113
57
25
56
-2
53
127
33
22
52
3
9
56
-2
111
127
98
13
53
5
-17
56
17
67
127
38
-17
46
8
40
121
62
94
127
116
41
100
36
-4
59
75
-52
-19
127
0
55
75
29
74
2
69
127
69
27
52
-4
46
78
50
45
127
69
38
84
37
32
68
33
1
127
33
31
49
33
0
79
6
50
127
74
-4
74
12
10
38
29
55
127
105
11
37
24
18
53
21
81
127
74
14
42
16
33
127
41
107
118
103
47
103
47
59
102
-45
65
127
12
61
90
-46
31
64
28
41
127
42
34
63
20
90
110
-44
103
127
58
62
90
-47
6
61
17
-19
-127
-52
14
49
21
19
16
8
127
72
108
28
67
-23
66
56
47
46
127
72
67
49
47
42
51
-17
57
127
22
39
43
-25
43
83
61
127
71
28
44
80
52
42
92
54
74
127
53
12
87
59
17
50
-13
63
127
39
9
47
-13
124
127
124
96
94
115
114
122
119
66
127
100
109
104
76
82
121
90
58
72
73
51
66
127
50
70
78
4
110
47
85
127
75
8
95
38
8
48
10
-44
127
59
30
37
12
-59
-99
-73
34
10
127
30
118
48
73
127
49
45
86
96
69
116
37
81
111
118
96
127
79
74
99
110
-76
-115
-94
-69
-127
-86
-63
-109
-78
31
44
11
99
127
86
52
75
41
65
86
46
120
127
72
55
54
34
63
73
82
55
127
45
89
59
75
-107
-58
-127
-92
-89
-84
-109
-46
-106
49
117
117
55
105
127
52
104
86
-22
114
25
38
127
42
1
90
30
45
90
43
127
95
80
29
78
41
-64
-127
-61
28
1
-7
61
119
61
75
122
57
121
55
127
76
114
53
-2
51
46
127
117
28
-14
39
56
-6
41
-7
32
127
27
4
32
-5
-49
33
41
-82
127
93
-56
35
43
83
41
46
107
127
12
76
28
63
27
48
23
81
127
26
28
45
16
44
98
52
34
127
58
56
94
55
90
67
-21
127
34
-12
77
65
5
62
92
22
85
127
56
56
84
30
-7
88
-9
92
127
39
-6
75
-10
10
47
4
83
127
25
13
36
15
93
127
100
85
79
92
74
126
84
42
63
17
31
91
127
46
63
27
22
35
25
60
127
38
-5
40
25
-39
3
52
-44
-62
127
-42
0
40
52
127
2
111
88
-2
57
125
-3
48
106
69
100
86
127
46
92
82
0
39
15
22
127
55
9
28
18
29
24
23
34
-127
29
28
20
22
44
56
46
116
71
127
48
63
44
50
63
50
60
127
43
48
62
53
-89
-55
-72
-72
-127
-69
-91
-54
-59
35
113
49
67
127
88
33
109
29
-9
88
32
55
127
85
-17
77
33
55
56
37
48
127
78
49
49
25
51
89
24
127
74
1
51
67
36
-15
108
71
108
127
120
-50
96
64
38
90
28
127
-127
63
35
90
28
18
63
-5
71
127
47
18
49
-5
39
57
47
32
91
127
29
69
41
27
69
22
79
127
51
23
78
18
85
93
-6
127
5
-17
74
71
23
77
90
36
96
127
92
60
88
35
69
84
62
127
68
117
74
72
61
29
91
98
96
127
75
57
72
95
54
55
30
65
127
86
47
38
30
67
60
53
119
127
101
49
55
49
70
92
75
91
49
127
73
88
46
57
80
0
127
111
45
46
76
22
82
99
105
127
69
68
82
94
87
92
112
127
107
105
118
108
107
126
-89
47
-6
90
127
90
-58
40
-8
-4
31
-11
41
127
58
-4
27
-6
67
73
-23
127
14
-51
67
42
-39
36
85
34
77
127
99
23
93
0
76
127
68
85
108
88
73
102
70
58
53
20
65
127
46
45
42
15
89
103
88
127
54
100
81
122
74
55
52
63
106
127
110
44
55
67
83
73
-26
127
92
65
72
57
-26
-13
42
-15
48
127
45
1
35
-15
30
104
43
86
127
95
44
79
31
43
56
47
52
127
75
36
58
34
-49
41
123
-44
36
127
-58
50
112
8
78
2
28
127
71
4
68
-7
34
55
79
127
36
94
54
41
79
83
74
18
94
127
75
68
72
21
93
127
20
90
50
80
78
102
40
-6
-17
-12
-22
-127
-18
-11
-12
-9
84
86
-27
86
127
64
105
58
-19
-104
-108
-97
70
14
70
104
127
113
-4
4
-7
19
127
15
0
4
-7
76
97
65
86
96
127
90
97
40
79
35
45
127
95
47
66
53
15
81
64
-5
127
45
-43
73
55
-3
-119
-110
-121
-90
-103
-91
-110
-101
-127
30
40
18
34
127
18
27
44
12
113
127
42
104
50
89
105
117
43
95
127
55
79
44
39
69
110
68
87
100
124
108
102
109
83
94
127
76
104
47
78
127
109
71
101
56
112
71
-19
127
110
-17
103
53
-23
-2
-9
-2
-10
127
-9
1
-9
-3
-20
-40
-23
-16
-127
-15
-20
-27
-26
60
80
106
59
127
98
72
62
90
127
76
116
73
73
73
119
66
88
14
86
10
127
79
49
12
68
27
20
29
27
30
127
46
20
21
32
67
91
46
76
127
89
55
83
37
-3
-12
-1
-29
-127
-24
-5
-9
6
-21
76
19
115
103
127
-28
83
11
-16
-76
-23
-53
-127
-48
-11
-74
-22
29
69
22
70
127
65
29
63
1
52
59
23
84
127
42
47
52
25
109
99
116
90
92
113
106
90
127
-19
74
76
-71
64
127
-18
70
56
30
73
-31
127
126
47
30
69
-32
46
75
53
78
127
66
44
86
34
-49
60
-1
56
127
48
-41
50
8
21
62
111
1
33
127
25
75
87
59
98
84
88
127
110
42
89
57
-58
-102
-93
-88
-127
-98
-49
-68
-87
69
114
123
57
37
87
65
87
127
19
35
7
64
127
55
4
34
0
19
88
28
127
79
23
14
86
24
56
106
80
54
127
111
46
80
86
72
67
59
127
94
91
75
51
65
39
85
-5
89
127
68
31
67
-3
37
102
93
47
84
127
15
69
93
45
70
11
62
127
23
37
66
8
52
99
87
72
127
113
41
109
80
54
59
62
127
-19
2
61
61
64
3
27
6
37
127
16
2
29
6
-33
68
66
-77
43
127
-41
63
56
39
77
11
90
127
46
40
58
28
76
80
25
89
127
71
56
63
34
3
40
13
54
127
29
-2
34
9
62
35
23
71
127
35
55
47
21
48
104
127
71
67
104
51
100
121
22
34
-14
63
127
49
13
42
-1
56
46
62
77
127
59
47
63
61
44
102
36
127
91
118
43
97
42
109
81
35
127
25
27
105
76
37
79
46
29
100
127
42
61
38
38
55
85
71
61
127
13
37
89
54
68
105
100
45
125
127
87
86
95
82
98
28
108
127
12
74
86
26
-7
88
-4
82
127
69
-6
95
-1
-16
-26
-13
-24
-127
-17
-29
-25
-24
28
14
49
46
127
71
25
20
40
-24
-57
-20
-84
-127
-60
-20
-54
-19
68
117
83
78
52
127
50
106
95
17
53
22
61
127
61
24
51
9
47
44
20
84
127
59
22
68
-3
87
91
50
119
127
64
74
93
51
79
112
71
127
-100
34
49
96
77
16
50
-27
76
127
18
15
36
-18
26
31
30
28
127
-26
23
27
24
110
127
44
119
119
88
106
94
32
127
104
106
125
106
89
96
89
103
-1
48
56
86
127
41
8
51
58
29
49
15
60
127
42
27
44
18
24
99
76
79
100
127
55
88
50
40
74
45
49
73
127
23
83
43
50
42
90
85
74
127
50
37
75
31
61
13
39
127
50
26
44
11
52
117
109
-21
92
127
63
96
104
-25
-1
4
-127
96
47
-23
2
4
20
44
4
59
127
42
31
29
15
104
100
57
92
127
99
95
97
62
23
68
23
51
127
56
23
60
11
65
67
31
55
127
110
59
48
46
4
73
64
51
127
64
-11
82
64
-43
-46
-46
-38
-127
-29
-44
-44
-49
6
63
24
62
127
91
12
53
20
43
100
54
108
127
81
44
85
49
70
127
47
115
87
95
69
123
51
34
41
1
94
127
31
32
44
4
105
-3
-57
127
-22
-79
100
-3
-54
1
43
16
39
127
47
0
33
14
46
56
66
28
127
90
40
51
55
-5
96
40
59
127
122
-29
94
37
7
12
-2
25
127
8
5
5
3
83
85
7
52
127
92
76
75
1
24
63
41
69
127
96
21
65
18
124
69
9
118
38
82
127
68
-13
-51
-87
-24
-75
-127
-63
-47
-63
-27
53
76
93
85
127
110
45
79
71
66
113
76
109
127
50
65
100
56
8
25
10
25
127
32
6
23
6
33
-13
-100
98
33
-127
33
-4
-86
16
70
60
64
127
88
28
64
64
63
81
-62
90
48
127
45
73
-20
40
77
44
94
127
35
38
81
47
72
82
63
30
126
127
79
76
42
-34
74
42
2
75
127
-33
66
45
-16
12
47
24
120
127
-29
27
47
127
111
43
-95
59
125
116
96
49
34
12
34
81
127
76
37
9
45
45
123
31
109
126
127
45
83
72
15
30
0
-8
127
37
19
24
-1
46
90
61
110
112
127
63
91
57
-12
-43
-11
-52
-127
-32
-16
-30
-16
84
85
72
127
81
124
81
83
67
80
116
95
104
8
-24
74
127
85
