-53
6
-85
-4
20
-10
-30
48
9
-15
-32
-35
-21
71
97
-31
-11
24
-2
9
96
25
127
40
-7
-73
-6
57
-41
21
127
42
9
-14
-43
5
23
71
-78
8
34
29
25
-5
-4
31
8
17
-63
-62
33
-75
127
-91
24
14
19
102
-87
35
-14
79
-127
41
127
21
-64
-38
-6
-40
114
4
7
29
-3
-127
-111
60
-4
127
44
38
-10
-1
20
44
23
127
116
53
23
29
1
-4
-68
75
42
51
-29
12
-12
-127
1
-28
-127
-35
-4
-57
87
12
-8
-39
-14
-61
-17
-127
-127
-127
-19
-61
50
24
-23
-72
44
49
30
127
12
21
21
74
-67
-22
58
16
13
79
102
102
-105
-26
-65
49
-5
-13
-16
14
114
-70
-30
-13
52
29
22
-127
-1
35
-41
25
-50
-6
-15
-1
127
39
105
-101
22
-50
27
98
105
11
-17
36
-36
-17
3
-95
29
34
0
80
-79
-64
-5
0
-105
-127
-76
59
-127
27
-111
-76
-34
127
86
-14
48
-13
56
-18
81
-74
-34
-9
-76
-49
17
31
-77
17
-40
35
-16
34
60
48
35
6
31
12
-8
25
-52
127
-45
74
-14
62
27
3
-27
100
-25
-127
20
40
-89
-53
127
52
-43
107
34
8
-83
54
12
18
-24
21
-86
-100
35
-4
-28
-19
78
4
-37
-109
91
-4
25
-127
-109
-59
21
-42
6
96
-32
13
-25
19
127
102
114
35
49
-72
-14
13
-109
-1
0
45
-11
14
-18
-73
-1
-4
-22
-44
-4
-18
-29
53
-88
6
-42
-91
57
-44
-35
-31
127
125
-89
38
-61
-31
31
108
-9
62
71
-113
18
8
-8
1
-31
-44
13
-26
-5
80
77
-4
119
-60
-98
-93
24
30
27
-36
-81
25
-23
10
0
-37
-7
41
7
23
26
-77
13
80
29
-28
-4
-14
31
114
57
12
-60
32
7
-127
127
0
66
4
-26
6
-37
-41
42
-127
5
-127
0
26
47
-127
22
-30
50
17
-10
4
-15
74
4
-18
-16
58
6
66
17
69
-74
41
-97
-14
-12
-1
-14
-103
76
49
-38
-1
-5
51
-21
20
-5
-21
50
-6
15
24
-34
-9
-32
3
14
26
-4
7
-9
46
-55
7
9
-23
79
14
0
-23
-11
125
-46
16
3
47
-30
12
17
54
64
-47
-43
-16
-1
21
26
-77
-58
56
80
-36
5
2
31
2
-29
23
6
-2
-3
-13
102
-3
11
95
-11
-4
19
33
-87
11
-18
-20
25
6
-16
-105
8
-45
-35
-47
-75
89
-24
-91
62
-5
31
-14
42
-10
16
17
-16
-127
-22
-26
-42
-29
-41
30
11
10
127
3
-38
-21
81
-16
-2
3
-5
-48
-118
14
-64
81
-48
-68
4
10
-34
56
7
-18
23
-43
8
1
0
-17
37
-12
-81
-48
-41
4
71
14
110
-36
18
10
23
9
-4
-9
42
7
0
28
43
-30
94
23
35
41
47
71
-13
9
0
-3
118
6
5
23
-43
-50
19
-3
37
-43
-9
14
54
18
-36
24
-3
-1
-30
90
8
-3
-18
5
127
46
-44
-17
-2
16
5
19
-41
-2
2
1
-29
2
127
1
-37
-87
26
-31
59
7
127
8
127
41
-124
2
68
-14
-56
52
34
11
-36
39
-5
40
-21
0
-43
-110
16
8
9
19
34
-1
10
22
-127
-20
-2
25
-96
55
29
17
24
22
27
5
-21
4
6
68
-63
4
2
-33
-11
34
-69
0
20
-21
-5
-3
-48
-48
9
-73
-8
2
-20
-10
31
27
-31
127
-84
32
21
5
17
0
33
-35
-36
3
34
-80
31
75
8
12
-21
-68
11
98
-16
3
8
-65
16
-48
2
4
82
-22
45
-67
10
-56
-44
77
-12
111
29
-51
0
-29
-32
24
-3
-13
-2
-51
23
7
64
47
-19
-5
-8
7
4
0
13
117
-20
127
-26
60
25
11
-12
0
127
44
-36
11
24
-1
-13
13
-12
-10
-10
-8
34
0
19
0
0
-9
5
-18
-24
-8
-13
68
10
34
-45
-78
-127
26
18
-44
31
16
85
78
6
89
-6
-37
19
35
-30
-5
-26
92
47
-56
-1
-18
-3
-60
11
10
6
-2
-1
14
-55
101
-105
-123
-35
-3
2
4
-23
-7
10
-68
66
2
-13
-21
0
-85
-10
-4
72
-11
-38
94
-16
14
35
-35
-40
37
-8
-69
-2
-15
-36
-18
-77
16
9
-22
-9
-1
109
-35
-48
41
-5
-57
-10
-13
13
-25
-90
-3
-37
68
-64
-17
-32
-34
-9
-28
127
-20
15
-44
41
-78
31
53
-43
-8
90
97
-16
-22
-2
-107
43
43
-1
54
14
-33
-34
-14
7
15
29
29
-1
-31
-54
-65
55
45
102
46
3
62
-10
42
14
86
-22
-52
24
9
-15
-39
34
-10
12
127
-21
-115
-23
-7
16
17
119
95
23
127
15
33
25
-30
28
-16
-56
45
127
97
73
-23
5
66
48
4
-41
10
13
-25
-78
15
15
-27
38
40
95
-31
-40
16
-27
10
1
54
36
52
-30
-8
-69
-59
-1
26
93
17
33
11
-127
-15
-81
-4
-9
52
-46
8
4
1
-15
-32
36
34
-72
80
8
64
94
38
-34
-71
13
-39
-39
34
-6
-30
15
-40
13
-1
68
34
17
22
-17
-41
42
-20
7
-1
24
14
-27
-39
47
-1
19
2
20
62
-60
-51
-15
-32
16
4
127
-4
-45
6
-18
10
12
13
-28
79
-22
-41
108
-29
-3
-104
-17
-7
-1
-78
1
-3
-9
53
16
21
0
-30
1
-31
-17
18
-13
-127
15
11
15
-10
-69
-13
36
-14
-40
-72
-3
-4
39
8
59
13
-14
0
124
-110
9
40
7
-7
-56
12
17
-90
68
17
-21
21
24
127
32
39
-6
-6
-15
28
-64
28
-29
-127
127
69
43
49
-2
8
17
-43
-8
1
-14
-35
-65
37
42
8
-11
-11
-25
29
-18
-12
16
-122
-46
-32
-5
-44
3
26
-10
61
5
-6
96
-5
-5
-34
-54
61
-7
52
127
21
3
-52
52
11
14
6
54
0
11
38
85
-57
47
-67
-37
-4
127
56
-19
-20
-48
-10
-49
20
7
24
-44
-75
6
17
5
10
17
14
10
59
-34
82
11
-30
35
10
57
-4
22
96
-41
17
-1
8
-19
32
23
32
25
63
-9
-42
42
8
52
-9
103
-85
52
-44
25
63
-12
32
-6
6
16
-9
9
-2
49
53
7
21
-1
20
-2
-23
-51
4
6
-1
-46
18
-95
-96
-11
-106
-8
127
-108
24
-18
-51
-20
-28
24
-17
-60
25
-43
36
-23
-15
-3
28
-26
127
-17
5
16
17
34
13
-97
-36
38
51
-2
23
-73
-7
-85
1
62
-19
37
-27
-4
19
21
43
-28
-31
31
-57
31
19
3
-11
77
44
16
29
-32
7
65
64
-83
34
20
-5
13
40
17
4
40
41
-5
-15
57
-127
31
8
12
39
-18
-9
-2
9
-3
9
-80
70
4
1
-46
-12
-121
-6
6
23
7
8
73
-6
-8
26
-1
2
-14
58
-1
-3
-43
2
13
24
-12
-1
25
15
3
10
-28
17
11
1
16
-2
29
13
-25
-73
26
48
36
7
-30
8
-48
7
-127
-22
29
30
-96
32
46
-1
127
18
-15
1
-15
40
-26
-75
2
-10
54
11
27
23
-43
-47
-24
-79
10
15
-31
29
-1
22
4
57
46
-3
22
3
12
59
-82
46
-21
13
127
23
79
-2
-4
8
-9
8
41
-43
10
127
34
24
-2
12
-24
32
2
-36
-32
1
6
-40
4
-17
26
-22
-52
6
30
127
46
44
2
-10
43
-42
29
3
-32
-4
-34
-30
8
-68
-24
69
-71
-127
-26
2
16
-40
-55
10
27
47
13
29
127
-1
15
21
-36
2
-26
-17
-44
3
38
27
-6
2
9
-9
-12
3
25
-8
-11
-35
-9
62
67
7
-11
20
-38
22
-11
-9
33
1
-1
-11
-8
8
3
-63
11
127
19
34
-127
-5
33
-11
-33
-15
-25
-36
46
-25
-10
-29
-4
24
3
-33
-127
-38
-3
60
-50
-7
-13
-47
-14
33
-30
-53
13
-47
2
0
14
6
-2
-9
15
72
3
-30
122
-28
2
-46
-41
-17
-75
-27
10
127
2
52
1
-63
47
32
-4
-28
-13
-29
2
2
-36
-25
6
-43
-41
-13
82
-45
-68
22
32
13
-13
-11
-100
17
-5
86
-7
-20
-22
17
24
7
11
-48
98
26
-25
-1
0
-13
52
59
-60
41
-2
-8
12
28
-38
-15
-10
-58
5
-13
-32
15
0
-29
-19
-18
-9
-66
4
-5
-31
-24
-47
11
115
-18
107
-48
69
-13
-27
2
-59
1
-91
51
-51
-40
-19
-26
-31
-12
-37
15
-127
0
11
125
-38
-9
-51
-51
44
-26
1
-8
-93
-1
-18
-93
-62
-52
-63
-1
-5
19
18
27
-23
-40
-48
0
127
81
18
-52
13
47
8
21
-56
-73
-5
33
-30
-122
-95
-33
-58
127
-12
-28
0
-13
-29
28
21
2
-39
32
-35
-127
-109
12
-84
35
-23
-24
-40
-127
-4
-127
-100
-4
-30
-45
-8
-127
54
36
-18
127
-10
-63
-48
1
-14
61
-29
11
-127
-19
-35
58
-6
6
-13
-125
-29
-16
-17
-18
-13
20
-25
34
2
47
-3
21
-21
8
-15
-78
-13
36
-21
93
-30
-18
-6
-54
10
3
-28
-109
-76
23
91
-17
78
-15
-24
53
-9
14
-82
-56
-58
-56
88
23
-2
-125
-11
-5
49
-15
42
-5
-8
-95
-28
-79
-7
-106
-13
0
-27
-118
-39
-11
-39
127
-85
-8
-19
-7
-5
-46
15
10
21
11
-6
-57
26
-39
-127
-17
-18
-35
-36
-2
-10
-59
-22
-8
-1
40
20
-13
-32
-12
76
0
9
-39
11
-44
-7
17
-22
-75
-18
-127
-27
-3
-4
-35
6
-33
109
18
127
-13
3
-16
-30
8
-71
3
12
29
-3
65
5
7
-72
3
-14
-15
7
-16
-44
2
3
-6
-24
-26
-127
-42
-99
-4
-51
4
-5
-31
30
34
16
-18
-46
-56
2
-89
66
-90
-8
51
127
-88
-18
32
2
-35
89
35
6
-16
21
46
72
42
69
6
-18
-80
11
59
-37
12
3
-13
32
-17
18
24
-8
9
-6
127
-127
5
-19
-5
15
-4
-11
81
-123
19
-10
0
14
-4
14
40
-55
-127
25
-127
-7
20
28
-122
22
63
41
-127
-9
-20
127
22
33
3
30
53
24
27
55
36
2
-80
15
12
42
-108
18
9
-34
-13
12
-11
-47
-10
33
-112
-28
-38
-6
48
1
-18
-62
34
-4
-12
71
-5
-65
-33
-11
57
-37
-19
0
-111
4
34
17
10
-51
14
-26
-68
66
-112
-8
49
-78
-127
-19
71
-52
45
-47
-46
-26
42
-16
104
26
-54
21
0
3
44
-26
2
-67
-55
-1
70
-127
3
80
20
11
31
7
-50
6
72
11
92
28
36
40
-102
-101
121
24
35
47
-23
-16
22
-96
4
17
25
-51
33
37
9
-105
-12
-4
61
32
-127
-51
25
-42
29
-10
-51
6
1
-63
127
41
-4
4
-1
-83
0
-46
8
15
4
46
-21
-99
-8
1
-4
7
49
29
12
-46
-46
47
-59
-19
31
-45
33
-31
12
-9
-27
26
-1
-27
75
23
10
-32
15
-3
34
3
127
112
23
-25
38
-57
3
55
-78
21
73
40
-59
-4
89
-63
95
12
-54
26
12
58
16
-9
14
-9
124
4
111
-9
18
-29
0
31
-4
-11
-15
-17
-7
-24
-31
8
5
2
17
20
23
-6
7
3
-23
-18
20
11
-3
-25
7
72
-53
78
3
28
84
-127
86
15
3
64
-12
29
5
83
-8
-34
27
1
-127
9
-24
76
-10
-25
-89
-106
-9
-58
-42
-18
24
36
-127
45
-52
-9
40
58
58
-14
55
-16
-38
38
-23
-1
7
30
-11
-10
-7
11
102
-127
95
57
31
-35
-11
6
-9
-66
5
-13
19
62
7
10
78
-22
13
-17
54
-80
-22
-57
12
2
20
-74
60
3
-15
21
61
-13
38
-63
-29
76
48
81
6
44
25
-41
13
48
15
-32
0
7
-44
17
-43
28
-39
5
23
-1
-12
8
4
-127
0
26
37
9
11
3
-1
-89
26
-14
-6
-116
-38
-127
-35
-29
97
88
-2
-7
3
-7
-99
-23
-52
91
-52
12
40
15
6
-71
96
22
-15
-44
28
-13
-80
52
1
-4
29
-29
-7
-22
24
52
-16
47
20
-13
-127
51
-10
-9
13
123
7
-44
14
-18
27
13
42
13
16
-93
50
-27
-98
-61
-4
-3
41
-4
-22
11
42
5
33
-79
-6
49
-27
-42
97
-19
13
78
10
-2
127
17
-22
6
56
-40
27
-69
-23
-41
-127
32
-5
-8
-8
113
64
17
58
-19
-70
-30
-25
-14
6
69
17
-24
22
-16
-3
-93
8
-96
-126
2
52
32
66
-26
-1
-10
-18
101
-16
-25
-100
-15
-37
-9
-69
-24
-66
24
21
11
-44
22
-35
13
5
-11
-8
-72
-40
-41
61
-108
9
-44
24
-3
14
-75
-2
16
-26
-27
54
127
-27
-36
69
17
-17
6
23
-24
31
7
12
17
-5
5
-98
-78
26
-12
-2
-11
-33
-31
29
-28
30
27
13
43
8
19
-11
-15
-61
28
-21
-37
45
-10
43
-31
8
-11
-78
17
-65
-125
11
12
97
-36
7
-41
-8
4
47
-80
4
4
78
-10
18
-43
9
2
10
99
20
70
-127
-25
-16
28
-27
85
-39
-12
67
-13
9
-7
38
-12
-15
-23
-13
-37
-13
-4
-16
-97
-70
-6
-38
12
28
-9
3
-10
52
113
0
0
-63
117
-9
1
3
12
-38
19
46
-15
-4
-8
5
0
-76
-13
-35
122
-29
34
-90
43
-44
-1
19
16
-54
-51
-6
30
127
4
-11
54
-14
-29
28
4
127
4
47
6
3
-2
25
3
23
-59
-33
61
-6
-41
-5
3
-15
24
9
-46
5
-20
-2
23
1
-30
-94
-20
-24
0
-94
-127
7
-43
-17
15
-5
51
13
-19
-31
-37
-127
-30
21
-9
-15
9
-30
45
-52
-1
19
73
28
-19
-72
-14
-24
-22
-19
-49
1
-127
-55
-49
-61
5
6
-81
-7
11
18
-25
-38
-25
11
-7
59
0
-68
-102
-77
55
-31
33
-1
-24
-47
-126
-15
13
-6
-84
-9
20
8
-31
-48
12
13
33
-13
57
-29
78
-3
49
-92
-12
31
-103
28
1
7
-16
48
10
-48
-28
22
13
-74
0
-3
-113
53
30
-16
-30
-12
-29
-15
3
-96
-43
-2
-58
-29
-56
-49
-7
-70
37
-44
-35
-36
58
-65
90
-65
-5
-17
-75
-101
-127
-6
22
41
3
16
-62
4
52
58
72
-113
8
-32
-32
-27
-75
-1
-73
1
-21
-57
19
-1
-78
-127
-14
-87
31
-60
-28
-28
-14
0
-55
-61
-85
-17
-11
-1
-59
50
72
-11
-3
-28
1
127
13
94
-10
30
-74
-89
-69
-47
-19
22
16
-58
-4
63
-24
1
-42
-52
-127
-20
-35
-32
-127
-50
-30
-104
22
-26
124
-10
67
-10
-11
9
-30
11
90
75
21
-28
-38
-10
-55
-14
-2
36
49
10
13
32
-70
-5
-22
-3
-11
-53
1
39
-71
5
-15
-34
104
23
-5
-34
14
2
-53
-22
26
-29
-17
17
-51
-18
-121
-45
-5
35
-82
-34
26
-95
-35
-26
-127
-3
-18
-124
-23
-127
25
-11
19
-6
-17
-52
-67
9
-10
28
-59
-4
-2
5
15
81
-80
-81
-12
127
-14
29
42
4
9
41
5
42
-53
-42
1
-77
-28
3
-14
-15
-45
35
11
7
-103
-22
27
-71
-33
-17
-39
-59
-127
-14
0
4
-87
83
-15
4
89
-62
30
26
-89
11
-11
22
4
50
-6
17
48
-6
51
-66
14
-37
2
-93
-4
-24
13
-18
-18
41
-32
7
-5
-77
-5
85
4
89
48
110
-6
-39
2
-44
-20
15
-19
-33
83
50
-53
18
100
-10
3
14
-38
-92
-13
-42
2
59
2
-123
10
18
5
-71
-9
37
65
3
27
-2
-29
27
8
-8
-16
-17
-11
-27
-19
29
52
-24
-9
9
29
23
-26
-16
-8
111
-20
0
-19
-21
0
44
10
-44
67
-26
-1
-20
3
-7
14
-11
3
-5
-14
7
-127
26
-34
13
-28
18
26
-29
3
-18
-1
103
16
29
15
-13
-33
16
9
-127
92
15
-1
-19
-16
-7
29
98
44
65
-73
-18
77
15
6
60
-18
-9
-9
-42
2
3
-34
14
9
51
23
29
-17
-13
10
0
-7
-3
6
17
-23
-41
-7
21
7
5
42
17
-18
14
-13
-19
103
-26
30
10
-17
-59
-13
11
-10
47
-11
38
43
4
11
37
-4
5
50
0
-127
-32
12
39
-127
-76
72
37
-42
3
-39
-17
-2
4
-54
-66
8
44
-20
2
21
-2
127
-4
-17
5
12
-5
-2
-5
35
12
-88
39
-4
26
-1
30
29
-48
8
-26
-5
-9
-30
-34
-10
15
-25
-33
-14
44
45
-18
-15
26
-25
29
-3
9
52
-22
-13
17
-35
-35
86
-1
37
-9
-1
-24
-33
14
-4
-6
3
-6
-14
4
1
10
5
-1
-127
2
4
-5
-31
-6
26
3
28
28
-34
-32
-22
38
11
45
-3
-5
-3
-33
-10
52
81
-1
39
-13
-8
18
-11
-30
-30
-6
-23
13
23
46
66
37
0
-57
-86
-8
126
99
2
-40
89
11
-5
-28
-59
-5
9
-51
3
39
67
-2
-127
-10
2
42
45
-28
24
57
4
6
37
9
-14
11
19
5
-5
-49
1
41
26
-32
-30
-8
-4
15
3
-20
-2
-7
-1
13
-35
-127
18
56
-46
4
-16
-1
89
51
4
0
-49
-41
-21
18
-52
-5
-26
70
2
25
-1
-3
-8
0
-29
65
7
-11
117
80
-5
-22
-8
-1
16
33
1
0
37
3
-36
77
24
-4
35
-12
34
14
21
-10
22
0
28
-26
-14
12
0
-22
-102
127
13
-19
1
84
6
-10
33
-2
28
-30
30
7
10
-14
9
-6
-29
-6
-8
-8
-48
-16
-7
127
-27
-58
-15
-57
10
13
60
11
-33
127
1
-12
-11
-13
-8
-96
-38
9
9
-25
-41
14
-6
-127
64
-100
-4
-18
-14
-51
-50
-12
-5
-24
-20
-21
-5
-9
32
-36
30
33
47
-24
14
-3
-10
-114
-58
-6
3
-11
-15
-33
-5
-51
37
60
127
-4
-30
-3
-30
-8
-30
-3
-99
-18
71
28
-66
-47
-42
-16
-13
-22
-1
2
-31
-19
-36
6
2
29
-19
-13
39
-12
-44
-17
-127
27
-5
66
-28
-23
-21
-66
-47
-15
-21
-86
-91
30
-31
-3
-118
-10
8
9
-12
-19
-11
44
-36
-68
-10
-7
-2
6
-1
-21
-85
-3
-27
-6
-4
16
46
-54
-67
-107
-23
-30
-43
-33
-9
-9
-1
-35
-11
25
-4
-17
-14
-15
9
3
65
33
59
-19
1
-2
31
-41
-64
-52
-21
42
-9
37
-43
21
-12
-7
-72
10
-60
17
0
-21
-4
-57
5
17
-127
-2
-28
-46
-43
-23
-27
15
16
19
28
6
-26
-49
71
-8
4
14
-25
-25
-23
1
5
-33
-5
-6
-23
-26
4
1
-19
7
-8
-20
-8
-11
53
-8
123
-25
127
-13
-40
-16
-52
-66
-18
-36
-17
-19
37
0
3
5
-37
1
8
-15
-106
6
46
-8
-44
66
9
0
-2
-20
127
-19
4
-58
55
-8
16
-22
49
-34
-11
-27
-7
18
-22
-55
-9
22
-33
3
-78
-19
-11
-3
27
-13
22
28
-16
-17
4
20
-53
-127
-4
-60
-3
5
-44
3
-6
-31
-47
-10
-22
-19
-33
-22
-75
0
-12
-15
-6
7
-52
7
-11
-10
3
-8
-42
4
-89
32
-1
-7
13
-101
-18
-33
-64
-2
-14
-50
1
20
-2
-103
90
-34
28
-36
-12
12
6
22
-7
40
-19
-16
-5
-28
127
-18
-58
-17
-105
-19
-57
7
-11
14
14
127
16
-127
-10
11
-15
-31
10
89
-68
-12
-119
13
5
-16
21
-28
-16
-16
-35
-7
-7
-5
0
-22
-18
-23
-60
-5
44
18
-2
-8
25
54
19
0
47
-68
10
127
13
-7
72
2
-54
68
18
26
5
103
17
6
5
30
35
46
13
-20
-4
79
11
-1
-11
-30
4
-31
64
25
-1
30
-12
-1
-7
3
-9
62
73
79
-29
24
0
3
28
-70
127
11
-2
85
22
-61
35
-7
-10
-88
47
83
-7
1
87
101
-41
-11
72
15
-6
19
16
-7
98
23
20
20
-10
39
112
26
15
26
2
41
-31
-27
-24
-5
127
-16
-48
15
26
-85
-38
-12
13
69
23
-14
11
-56
44
37
-24
-13
-61
15
127
127
44
-67
-21
41
45
-61
16
10
-20
4
-3
42
90
0
19
48
-9
51
22
41
127
-29
55
119
-4
127
12
37
68
82
6
-57
-9
27
26
7
-28
-17
47
4
18
-35
-25
-11
-30
25
53
127
20
11
15
-75
16
45
44
47
47
58
-127
-1
85
-12
15
-127
45
-13
32
2
52
-1
-8
57
7
12
-56
118
-6
6
-1
64
-111
-7
14
27
41
81
25
-3
-51
15
-4
89
34
15
63
-20
-20
6
18
8
-3
42
3
-2
-25
12
-9
47
38
-28
1
58
36
127
67
64
20
-52
52
45
-54
51
44
33
65
-6
35
8
36
15
31
18
22
-30
12
-12
-77
-35
-31
-7
50
-127
-6
-17
51
22
12
66
-21
56
-1
15
10
10
-83
-10
13
-20
-16
-78
-35
89
47
-77
17
-10
78
-17
5
-29
2
-16
51
82
14
90
19
15
19
19
18
10
48
3
46
16
-18
123
38
-7
57
-127
10
-1
64
8
-52
0
-1
29
65
11
58
65
36
-3
127
-50
-11
-15
7
36
-25
3
-127
35
127
-2
8
-127
52
70
48
16
6
22
41
12
42
81
15
83
99
-17
33
4
-18
20
1
-78
5
-28
27
37
4
-71
-23
-43
-3
-22
-30
77
65
-127
31
47
53
-31
8
0
10
8
4
11
-8
-126
-22
19
118
-12
5
-114
-4
-21
-19
-37
91
-42
-45
-34
-11
8
0
-42
-44
32
-17
60
-127
-8
-23
-53
-14
-46
-38
-2
15
-66
-4
0
127
-78
13
-16
1
104
9
-22
-127
-80
-2
-12
-42
-20
-33
-42
-52
2
-3
68
-5
-34
-31
-59
-6
105
-12
-37
-5
-61
-68
-33
3
-76
-42
127
39
-102
-91
25
56
-17
-17
-74
-67
-127
-1
-127
35
-31
-73
13
-22
-127
-127
-31
-127
43
-20
-19
-27
-84
39
57
-49
32
-6
-27
20
10
-40
-1
-3
29
-59
-23
-17
40
5
-27
-25
-6
-28
3
-14
-12
-48
-22
-66
-7
127
-20
-127
-40
-20
28
-85
-6
39
-12
127
3
-60
-23
-20
-34
-26
-1
-32
15
44
-87
2
-13
-73
-22
-78
-96
36
-28
0
-9
-91
-6
-25
-113
-50
127
-80
-127
-3
-17
100
17
-127
-83
-53
-38
-8
78
61
-54
10
41
-60
-127
31
-45
-19
-97
-29
75
45
-37
-58
-8
13
-20
-35
-2
-52
21
-19
-26
-51
-105
-37
-30
-21
21
-109
-127
-23
-22
-10
1
7
3
-88
-127
-25
-54
-9
-9
-5
-6
-62
-75
-13
10
-60
-2
4
68
-26
-33
-65
-114
-36
-49
-7
8
-12
69
-30
-31
-15
-68
-29
-56
-56
47
-15
69
-1
10
-32
-54
-18
-127
-16
17
-43
-71
-101
-15
-5
-71
-17
2
-70
-97
-97
20
-127
-6
-127
-37
-23
127
-12
-91
-64
40
-76
-54
-82
-20
-4
-2
-40
1
114
-3
16
-12
-8
92
127
-79
-5
-27
3
-72
-32
57
-42
-21
-78
-31
-127
-32
-23
-12
-16
18
-1
127
127
12
-19
-70
15
99
-70
-30
-26
-17
-46
-72
-24
-105
102
14
-5
-67
31
-26
-39
-6
37
6
-8
-55
-19
-54
31
-17
-24
-83
-24
-5
-31
-11
-15
-29
-14
-47
26
15
-102
-11
7
-14
53
5
104
-3
12
30
-6
4
-12
7
-127
-7
-13
-30
14
-22
-51
-1
-14
10
24
-23
8
-72
-12
-29
-2
-4
-20
-6
10
-62
127
-19
-24
-15
30
94
127
-64
-28
-127
-3
-37
6
24
27
39
58
8
-127
51
-21
114
23
6
17
-93
-11
-2
-59
-75
-28
-5
-14
59
-127
-32
-55
9
-15
94
-87
7
-32
-28
-4
101
13
-37
28
-13
-80
-49
27
-38
-21
7
86
88
-40
-29
3
-64
31
20
-100
-40
-27
-2
68
11
-13
1
59
-63
-9
0
-79
-80
-77
39
-33
-71
-18
36
38
5
-127
-14
-29
106
85
-49
-39
106
9
-46
-4
-127
-16
-18
42
-38
-36
-53
-46
-8
-2
0
-33
48
17
13
72
5
-127
-16
65
3
-98
34
-91
23
-121
44
19
3
120
4
-35
105
-6
31
-14
-18
-25
53
-28
-46
43
-121
18
-12
107
-34
-5
-68
-40
-9
2
51
-75
62
-18
32
10
-10
-60
28
127
77
16
22
-48
15
43
32
-11
19
-127
-45
-4
15
17
31
12
28
-14
127
3
-28
70
-28
-54
53
-16
127
13
-19
11
-2
81
51
-49
8
-17
-34
68
-56
16
9
14
-39
-4
-5
40
-37
-70
-26
-9
-100
-31
-56
11
63
-84
-33
-2
-122
-60
22
16
26
-43
43
11
33
10
127
-11
-58
-31
38
-54
-39
41
-102
6
127
3
8
-9
-127
2
85
-33
-106
11
-71
6
-66
-27
-20
6
-81
-2
49
34
1
-45
18
-86
100
-44
-54
-22
-65
-14
-73
-34
-52
-78
63
39
-12
-47
-23
-7
98
88
-12
34
47
25
50
-9
127
66
-27
-5
-29
-25
-2
-2
-69
-56
26
127
35
22
-38
-14
-1
-14
75
-27
26
77
30
14
-60
-127
116
71
-50
-98
-22
-11
-11
1
-109
-38
6
2
96
44
-27
29
-15
-50
-28
-127
-4
103
-2
-75
66
-41
21
-13
-41
-4
23
-13
-26
-4
-24
55
-18
-81
-4
-1
2
-13
-108
-7
-8
5
-32
6
-29
2
2
65
30
-43
4
0
-13
20
-22
5
-10
10
-58
-72
46
-6
80
-47
-127
26
-11
-9
37
31
-25
-18
-37
-127
19
-29
-37
-9
35
-11
-32
118
-127
-13
29
48
-8
61
-76
-16
-127
-39
-34
17
-88
-7
4
-91
-115
13
-20
-10
-127
3
-17
98
127
-7
85
-50
-11
-116
-40
-78
-117
-4
51
-7
-84
-32
31
3
-127
-10
-54
-10
24
14
-35
3
-69
-30
-78
-23
41
-83
24
49
-79
-15
-25
-46
-44
2
-7
-89
-53
-46
9
-57
41
77
-16
84
45
-33
-26
-26
127
-111
31
-54
41
0
-32
10
-28
-35
-3
-4
79
10
-40
-14
36
6
-23
-34
-11
0
-13
-11
-18
-43
-20
-29
-5
93
-9
70
-44
26
-127
-107
-8
-4
7
16
-119
-54
-20
-27
-25
-25
6
-24
-24
-77
18
-6
-109
-43
-14
-46
-93
-127
-7
0
-19
-83
-36
-27
-97
-86
-34
-64
112
-54
3
-127
-22
15
-87
-51
-35
-104
-127
18
-53
6
15
-31
35
-64
27
-11
-25
13
127
66
-43
-41
41
20
5
-41
14
-48
13
-60
-28
-46
127
-28
86
20
22
-127
-15
-21
-32
27
74
16
-12
-43
55
3
-36
-16
-9
-66
-127
-63
26
-12
-33
-74
-9
-5
46
-29
-27
78
31
-8
-119
2
1
-9
-95
-41
-27
-21
-123
-20
-49
-71
45
-19
36
1
4
-30
-65
-21
-4
-14
-5
-25
36
5
-72
-4
-54
-8
4
127
-125
-95
28
-88
-12
-77
23
-18
-17
-14
127
2
107
-82
-26
15
12
-4
-46
-86
-9
-118
-17
-8
-10
-18
95
-73
-74
1
72
-16
109
-28
-99
-45
-5
-58
-34
-100
-49
-16
-12
-3
-28
-5
-97
3
12
-37
-47
-14
-127
-23
-28
-19
-107
-41
127
-18
-94
-21
17
-6
-109
45
-25
-66
-4
65
9
-12
-56
-127
-16
45
-35
-26
-66
-24
104
-40
-2
-14
-43
-13
-64
-109
29
61
-5
4
-12
-127
-4
-127
5
15
26
-9
-28
-13
6
27
-7
-10
-27
18
-22
15
-6
-17
15
69
-37
41
-21
-59
-8
-81
-4
-27
-14
-16
-118
6
-17
-19
-17
-11
-83
-57
25
-25
23
-7
-27
-3
-52
-50
-127
-122
-32
-60
11
0
-56
-18
-127
-28
-74
-72
-20
-22
-120
127
-29
-81
-7
-1
-69
-21
-49
2
40
55
-3
-56
-51
-33
12
12
-1
-127
-118
108
-60
5
-98
-20
-67
-86
-50
38
12
-2
-24
-127
1
-31
-127
-56
-10
-9
-108
-11
-112
8
-95
-15
-21
-127
1
-127
-58
-94
-96
-79
41
-4
-31
38
-127
-9
-33
-117
-23
-40
60
-21
-15
-17
-122
10
11
-65
-74
-43
-55
-40
-5
-8
36
18
41
44
9
31
23
-14
-46
29
-7
-24
-66
-36
-107
-92
-112
127
-9
-88
27
-13
17
-56
-77
-62
-21
-30
-71
-21
68
-20
-127
-24
63
28
-76
-90
-93
-22
-9
-7
-127
-75
57
-30
104
-45
-24
12
-81
-112
-112
-24
8
-9
2
-127
-98
-36
-106
3
-57
28
-60
23
-112
-127
-23
18
-114
-65
-28
51
-49
-1
59
-46
-50
-5
-18
-77
-14
-120
-17
-63
0
-17
10
-47
-127
-28
-9
-127
-65
-127
43
42
-44
-102
-19
-36
-127
-30
-45
-127
39
-127
-28
-5
-127
-19
-53
27
-72
-54
-127
-48
-23
-6
-14
-3
48
-22
51
-1
-39
27
-27
-19
-81
-127
-18
-14
46
-4
-58
127
-105
-11
-46
-23
-127
-74
-7
-5
-107
-47
-32
-82
-1
-17
-41
-54
58
-75
13
-55
23
-20
-51
-9
-18
-57
-33
-127
-13
20
-25
0
10
63
1
-7
-76
-2
-127
-24
81
-5
-110
-18
-36
-20
-11
-24
-127
-6
-26
13
-13
-43
-55
-26
0
-63
-109
34
-26
-97
1
-78
-127
-36
-108
-81
-15
-127
-12
-95
-12
-62
-84
-19
105
-7
-127
81
-14
-30
-49
79
127
-38
-47
18
8
-127
16
-32
-23
-17
-54
-16
-100
-5
24
-29
-2
-21
-87
-2
-9
-2
-18
-37
-127
-94
-30
50
6
-60
-62
-125
-4
-50
-15
-36
-41
-16
-29
-127
9
-31
42
1
-127
-88
-95
59
-14
90
-2
-9
-10
-67
-31
-8
-98
11
-13
-5
-53
7
-75
9
15
19
-44
32
19
13
38
26
127
3
-7
-3
-6
3
-5
-11
-101
-89
127
7
-13
9
1
-2
-9
-12
-28
-13
-6
-3
55
-39
55
-38
16
34
13
8
4
-26
-105
-9
5
0
-39
0
9
-3
5
70
2
-79
-19
3
6
-4
-74
-67
-17
-20
23
-32
4
-19
-10
125
-14
-9
5
-5
7
-84
-9
-43
-9
-3
-3
8
-4
-63
-12
109
-3
-37
59
-47
-127
-7
-89
-21
-60
-81
5
-2
-9
-39
22
-48
-17
-1
2
-14
-18
-21
11
-6
-124
-20
-62
-1
-40
-1
-7
-29
-14
-18
5
27
-91
-3
21
28
33
-43
127
23
23
60
1
-6
-14
-55
36
-4
76
-17
-50
3
18
10
-6
8
27
-127
-21
4
-5
13
0
-47
22
-5
-34
-11
-15
-26
-25
2
-9
-32
-7
-71
90
-2
2
-2
-24
6
-65
18
-3
-15
-28
26
71
-13
10
9
52
-68
-1
-30
-23
-12
-1
18
-2
6
-24
0
-2
3
-66
-19
-9
-34
-6
-100
0
47
-11
-33
-19
-16
24
70
-10
-79
-18
-96
-2
-47
-32
-127
-60
-13
-39
32
-4
-12
14
26
1
22
48
-24
8
-87
47
7
1
-35
-4
-31
-4
-5
-5
-40
-54
67
-21
-28
-3
57
-76
-63
12
34
-17
-6
33
83
-57
-22
-127
-9
-13
-82
17
-24
1
30
29
36
-35
-12
20
-3
0
-27
4
-3
-47
-1
-1
-127
-44
5
47
127
8
-2
-9
92
13
-52
2
-11
-9
-7
-22
127
-25
3
4
-31
-7
-41
-23
-107
20
-10
-11
31
1
-1
9
-18
-5
20
-29
0
-32
11
-89
33
-21
11
4
13
14
-6
6
40
-22
3
-14
-13
-98
-118
11
-65
-8
124
-71
-39
14
15
27
0
-63
-19
-32
-7
6
-3
-31
-27
124
-28
-9
-109
-11
-10
1
-14
-32
-80
43
-5
-11
6
-4
-2
-21
-3
2
-23
4
45
-3
-6
-5
-51
-17
-2
-99
-6
-72
-14
62
5
36
28
-20
-5
31
67
-14
-9
-6
-21
-114
-20
-2
1
-4
4
-9
-9
-22
-27
-28
-5
-37
-11
68
-4
1
3
-13
-15
-2
7
4
-20
-49
-1
-127
-18
6
7
-7
8
8
-15
8
-1
-30
-5
-57
3
-11
82
12
43
-3
-13
9
9
-25
-39
-63
-47
17
-127
12
19
11
-34
5
-29
21
-9
-6
13
-35
-10
-14
0
13
-5
25
-127
-7
46
-15
12
25
-55
-12
3
-51
1
-7
-51
-31
-4
-127
-15
13
8
-5
37
-14
65
-16
-21
16
-2
-127
-47
-33
8
1
-10
40
-39
-9
17
-7
4
21
2
17
-21
-41
9
-109
77
5
-2
-1
0
-4
-69
1
3
-127
-18
4
0
1
-4
-20
-16
-76
-51
7
-28
0
27
-21
-125
17
5
-6
6
23
-16
-17
-16
-12
-41
-33
-9
14
37
2
-16
-93
-23
7
-2
-5
-22
58
-49
-22
-7
-5
-28
44
-65
-4
-35
25
41
11
4
-16
-34
-9
-4
-1
3
-7
-11
1
2
-17
21
25
55
-12
-22
-2
-24
-5
7
-4
127
-11
-71
16
42
3
-54
29
-7
-4
-10
19
3
-53
6
7
-43
-33
24
8
-127
-4
-15
-9
3
50
127
2
3
-34
18
-12
-127
-3
-53
-2
20
5
-114
5
14
1
-3
-4
-80
-16
-7
-18
-17
18
-39
-16
-25
-8
27
23
-1
22
-24
36
-6
-14
4
44
-3
-36
2
0
-59
-49
-1
33
110
15
-4
-2
51
29
-37
-31
34
-3
-13
78
-66
10
29
-8
-2
-6
29
8
38
-23
-3
-3
-12
-127
-12
-31
-61
-6
-17
-54
-4
9
-103
-26
127
-15
45
46
19
-9
6
-27
2
54
-60
63
37
-9
-66
-8
-5
-10
127
-26
-3
27
17
8
0
-85
-15
0
-11
-14
-19
24
10
17
-22
-40
15
3
-19
24
1
-37
80
127
-19
-4
11
-46
6
-15
-20
-39
113
11
127
2
23
5
67
127
-14
-2
-49
1
-32
88
-56
-112
-29
-6
-4
-47
-25
17
58
-34
57
71
-15
11
-19
-20
57
16
8
-115
-27
34
30
127
-25
18
27
8
67
-127
-17
41
-7
-21
-72
52
-10
97
47
-20
77
-15
-2
-2
2
43
-9
87
-66
-127
30
-52
64
-23
14
17
-57
-33
92
52
-49
27
48
16
1
94
-18
56
27
27
68
-97
90
22
127
117
115
-17
-28
39
-38
15
-30
-22
48
-12
-34
12
127
-37
-14
-47
-50
33
116
-6
-9
12
-102
-8
3
15
-29
5
45
1
-30
25
8
-18
119
71
8
37
15
-1
39
50
-29
-12
64
-60
37
3
-36
33
27
-23
-90
99
16
88
30
67
127
-23
-22
97
122
-5
37
-23
6
95
-18
-29
-27
24
-75
14
-105
56
79
55
5
11
29
125
3
105
-40
54
41
11
98
-4
49
13
71
-38
127
14
61
30
-55
-9
-113
29
-9
-58
-1
64
-42
43
17
74
-10
-37
-67
23
2
67
-27
0
10
97
5
79
69
30
-33
11
19
93
-54
31
-6
-34
83
17
1
62
-85
31
104
30
3
-15
-27
115
127
32
8
65
-60
1
-43
35
42
70
-23
7
14
-10
-6
5
-16
44
-16
-17
41
22
68
70
6
24
-36
47
2
-10
60
14
26
11
97
74
-19
-53
5
127
48
-5
-21
32
127
127
112
34
-5
49
1
27
127
-7
-3
48
-9
10
-3
95
-14
-41
38
37
-16
-13
-2
92
-127
44
32
-9
27
96
-1
8
4
-19
-14
3
-116
23
3
-52
42
45
43
-38
53
88
15
3
81
84
24
-1
24
20
7
-19
-125
9
67
17
-23
6
9
76
35
115
-56
51
3
5
89
127
18
-35
-48
76
127
63
1
-14
18
26
24
32
49
127
67
-3
75
-31
23
13
55
127
-16
77
-64
33
55
36
36
-29
0
77
54
42
3
6
-54
-11
11
3
45
-19
-22
90
-21
-108
-8
-77
-74
-48
39
49
7
71
7
-37
-39
19
-39
-72
-8
-51
14
-9
-38
-26
18
-44
15
-24
10
-13
4
-30
-39
-2
-8
-13
-13
0
-33
0
-43
22
-62
34
-11
5
10
0
8
-83
-4
-6
-10
-6
5
-56
-22
-23
62
31
-12
-57
-34
8
19
-114
-23
-46
-40
-32
3
18
36
1
-81
7
14
0
-6
-4
-48
-13
-19
-127
-8
-12
-10
-48
18
-15
25
-12
-87
90
-19
19
-14
-80
-5
-30
53
-48
-17
73
21
-127
-127
-18
-14
-30
-23
-18
-31
12
0
28
-43
33
10
19
0
-26
-14
-14
73
11
-14
3
7
-49
-65
-7
-83
-12
-81
-19
-127
-6
-5
7
56
46
-28
-43
-30
42
-15
-6
-2
-17
-127
-25
-110
16
-43
-5
-8
-30
35
81
-2
45
-8
14
-18
34
5
-10
-20
5
-126
99
-20
3
-3
-35
36
-17
-62
11
-10
40
-63
-6
10
-25
-3
8
17
-18
22
23
-127
-6
-46
14
-36
23
-30
-5
-34
-35
4
-10
22
-13
-81
-6
52
-2
-50
-9
-9
-1
-64
0
14
-15
38
3
22
-25
-21
19
0
-21
23
-14
-26
-29
-39
-36
-65
-41
30
-19
41
-73
13
-4
-98
11
-7
-11
-5
-59
-15
2
-5
67
31
8
-30
-58
15
-52
23
1
9
31
-100
-22
-17
-63
-24
-44
-91
3
-38
4
-27
-14
-57
22
43
-9
10
-52
7
-21
-5
-21
-7
-4
26
-8
-5
-44
-126
44
-17
9
-28
-12
22
-21
9
16
-29
-19
-49
7
-26
-37
-1
-8
-34
21
-126
-59
6
-23
32
-64
14
-8
-29
-8
72
28
3
-11
10
24
16
-16
11
25
-28
7
-24
47
2
-69
-34
93
-3
-45
57
6
-45
6
54
-18
-13
-80
7
-49
-8
-16
-127
-76
-12
-19
-10
-59
-12
18
-4
-18
-48
-13
-33
-58
-27
31
-127
86
-11
3
0
10
6
6
-18
3
-19
-32
-101
-25
-38
-9
25
-70
-34
-56
-27
-46
-64
-44
-33
-38
-32
78
-14
-47
40
-83
-55
41
-95
-16
-97
-46
-27
-109
35
-70
17
-31
-39
11
-43
-31
23
-21
-46
-64
-27
-2
-39
-39
-5
85
-37
-4
-73
-90
-30
75
-19
-127
40
-127
-1
-60
-127
-90
-47
-85
-41
47
41
1
6
-94
-49
-44
-106
-65
-82
4
66
-48
-23
-52
37
-31
-3
-19
-49
-60
6
16
40
-40
-31
-81
-35
-55
34
19
-45
-68
-59
-83
-44
32
1
-71
18
-99
-15
-3
43
-127
-127
-24
119
15
12
-8
28
-27
-34
-98
-43
-5
-74
-4
-70
3
-94
-32
-11
-67
-72
-74
-69
-1
96
-127
-35
-14
-79
-75
-4
-43
-23
6
-13
10
-32
17
-33
-39
-25
-19
-127
6
-46
-15
-4
-60
-115
16
0
107
-19
-36
-8
-20
-109
76
-72
-10
-61
-60
70
-70
41
42
-68
-74
-36
100
127
-61
-6
37
11
-18
-44
-38
6
62
-67
-54
0
0
-37
1
-23
-22
-7
9
-78
-20
-33
58
-73
41
-23
0
20
-74
-26
-23
-24
-15
-30
-15
-20
30
0
-31
-42
-2
-74
-28
-8
-48
-84
1
41
-127
36
3
-44
9
102
-81
3
-36
-21
-127
-59
-31
35
34
-53
-52
-70
-127
-9
26
-8
-11
-27
-40
-13
15
-34
-38
-65
-9
-127
-44
-28
-7
-46
0
-39
95
-127
-42
-71
-9
13
-88
-6
-60
-30
-16
-64
57
122
2
-32
17
-1
26
53
0
-127
-47
-127
19
-29
-56
-50
-45
2
127
-75
9
-27
-49
-74
17
15
91
39
-45
-42
-8
-86
-93
-5
-43
111
8
-24
-59
20
-83
77
-54
-9
8
-69
-78
-56
62
-1
-69
-2
-52
-3
-34
-45
-56
118
9
-46
-53
18
14
34
-15
-36
-45
-32
33
-75
-32
-16
79
-83
-80
-26
-78
-21
-13
6
-35
-42
-2
-117
28
20
-34
-127
10
-62
3
-41
-52
-20
-34
6
-19
-49
-8
-89
16
-127
-31
-51
-19
-60
-71
-94
1
-12
-21
-44
-113
-82
-18
-10
-52
-84
-16
-97
-59
-18
79
-10
-36
-25
0
-17
40
-14
-18
-112
-36
-10
-44
-24
26
35
-122
-7
-31
45
62
4
-19
2
-72
50
-28
-36
-53
-8
-42
-31
7
-54
-76
-28
-25
-6
-61
38
-68
10
-27
68
-31
-19
-102
-106
-96
-36
-38
-5
-69
19
-31
120
-98
-36
-2
-40
-53
-12
51
110
30
4
-4
54
-127
39
11
53
-42
-46
31
-95
38
-18
-52
-35
-95
-36
-127
-48
-101
18
-46
-9
-97
-13
-20
-12
-37
-56
-14
-122
-23
2
-3
-74
-65
60
-111
-21
-23
46
-22
-71
-51
-124
-66
-13
-127
-52
-8
-9
5
17
-8
-10
10
-33
-64
-37
-5
-54
67
-72
46
34
30
-37
-82
-54
-17
-27
127
54
-10
-10
-107
-100
-8
8
127
-8
13
-80
-49
-114
96
-52
6
33
-60
-33
-127
3
-17
11
-70
-73
22
11
-43
-43
-12
7
28
-25
-31
-83
-26
-51
3
42
-23
-7
-8
-12
1
-127
-10
-73
-85
-22
-44
-127
-54
-18
-10
-12
-13
-13
45
51
10
-118
-22
-40
67
-11
20
-27
-7
-33
-43
-7
85
-61
2
71
-19
-65
-69
-55
12
-34
-121
-9
-9
-35
5
-48
-35
-5
29
41
-100
-50
5
-20
-34
0
-127
32
-25
-6
11
-36
56
-57
-28
-51
-38
1
-31
-32
-6
-38
-53
-91
-127
-37
-78
16
30
-39
-48
-23
-14
48
-78
-58
-16
-127
-33
-2
-32
-54
-8
34
-127
8
2
-35
11
-46
-17
1
-10
-127
-127
-4
78
-61
21
11
53
-16
-67
-15
-4
-55
-6
-11
-53
26
70
-63
-67
45
-79
-4
-17
24
127
-42
-1
-34
127
-40
-39
-4
-84
49
-30
0
-20
22
-1
70
-63
8
22
-45
-18
-42
-32
-28
-6
-13
0
-21
-29
-34
-74
-2
-127
-38
-1
5
-12
-1
37
4
-10
-35
-60
12
-9
-24
-6
-73
-36
-19
-56
18
-24
4
-23
-43
18
6
-23
10
11
39
-22
-57
29
-5
7
127
-22
3
-3
-28
7
-38
-18
95
-2
-12
30
15
-40
43
85
23
39
-55
9
-47
127
3
33
-45
-58
4
1
7
-2
-49
-69
-22
-9
2
-40
-25
-12
-1
-52
-6
-127
-5
-45
-26
23
-80
46
-8
-26
21
60
22
-127
12
-41
1
4
30
101
127
17
-14
-5
-59
-43
-127
18
-17
27
127
3
-3
-21
58
-30
-24
-23
-50
-28
-40
7
-35
-29
-33
-4
16
9
-14
100
-3
-26
14
-44
-5
43
38
0
-11
-36
-17
-40
-36
-16
4
58
-24
56
-13
35
-78
6
95
13
127
-6
-84
-12
-88
-14
30
-44
-102
-30
-3
24
-13
-28
81
-51
-72
127
-79
-15
-23
-16
4
-28
-12
14
38
-25
14
-101
127
-6
-66
-48
-23
4
1
-114
-58
14
-15
33
-31
-8
-33
15
-20
88
-87
-41
11
-52
-18
60
116
-46
90
-29
-13
-10
-5
-12
13
26
94
-20
4
-33
127
27
10
87
-8
-3
16
-27
-22
-38
-21
-31
-12
-43
-31
9
122
-8
-47
15
11
66
-30
1
4
7
18
-58
25
-46
17
40
-30
-27
0
-79
8
28
-20
-9
17
-27
-30
41
53
-1
-33
99
0
28
0
70
75
9
-2
127
-2
77
19
-11
-35
36
-4
-76
10
-58
-18
-57
13
-84
-10
-127
14
59
8
-13
0
-8
-6
55
-20
118
-24
-20
2
-68
-7
-85
-8
-36
-77
-99
1
-29
-105
-17
14
127
-3
9
21
67
-6
-5
-7
96
-7
-58
9
15
-1
-53
-6
-37
-13
-3
-22
38
44
0
-15
6
-9
-51
-44
-30
22
10
7
46
1
25
12
7
-40
-12
23
23
-15
91
-127
-60
8
-64
26
8
-115
-7
127
4
117
-11
35
80
-80
-88
1
111
-9
89
5
4
13
-26
-29
42
-76
-2
-45
-10
2
-15
-25
-11
-21
59
28
44
43
41
16
0
-38
-7
13
19
-24
8
81
19
-127
-15
9
-55
-21
-40
4
-6
26
3
5
-127
-24
-41
-2
-9
-12
-125
-7
-29
14
-4
25
-12
-6
39
40
11
23
-70
-3
-107
-9
0
-14
-11
-55
-14
-11
-61
-50
102
0
-26
-39
-127
-20
-2
-3
-17
-12
-2
4
3
-6
13
-16
41
-14
4
-7
0
-8
43
-27
-8
4
-48
-9
-9
-6
7
24
-66
-85
-20
-15
5
-18
37
-29
2
-24
50
82
25
-58
-15
127
-1
-29
19
-5
-5
-36
-18
-36
-32
0
5
3
-5
-7
-4
15
-13
-36
41
-22
-25
-3
-87
-4
-65
-31
8
-7
-24
-12
55
20
-32
17
3
32
-49
17
2
-10
113
54
46
-3
13
-2
-72
1
-28
50
3
15
10
1
33
-17
0
0
110
-33
70
-15
-48
-2
-15
-106
-33
-8
-19
-38
-38
-3
9
-3
-5
33
21
13
11
-8
0
24
-7
-58
-13
-3
-59
21
9
1
3
-11
-9
-47
-127
64
-58
18
21
-5
-68
-2
-13
-11
-3
-39
-34
52
21
-24
-9
-55
20
-7
-6
-28
-36
28
-4
14
-9
-29
-7
-5
-4
-2
3
-12
14
5
-14
-63
24
-67
-12
5
-9
-16
-14
-25
-10
-90
-32
-1
20
7
1
-66
-21
-9
-7
46
-18
8
-18
24
12
-82
-127
30
0
-52
-3
29
-6
1
32
-70
-9
-1
-49
-35
-32
-46
-21
-87
-4
18
33
127
12
14
-18
-3
-29
-6
-18
-18
-26
-15
0
-31
5
10
4
3
67
-35
4
-34
-11
-13
-13
35
-67
4
-11
0
-1
-42
27
3
-50
-60
16
-11
-11
-127
6
-15
-7
-18
3
-16
24
61
-4
-43
43
14
-4
-8
7
102
-11
-4
-14
-7
22
-16
-6
22
4
-1
-44
-1
-15
127
-53
43
2
51
6
-6
-18
11
-44
3
11
-4
-27
7
19
125
-15
-30
-22
-33
-7
5
9
16
13
-1
116
21
12
0
4
17
-6
13
18
-40
-14
-18
-1
8
-13
10
-54
-7
-38
-20
-6
-8
-45
1
-29
-15
49
31
-27
-75
6
-5
-57
68
-78
-4
34
-41
19
2
115
68
-127
61
68
65
29
22
9
-20
-103
24
-105
-50
-11
9
74
-4
-25
-76
-91
-127
-10
3
22
-28
-58
43
5
8
-35
-8
10
18
40
-127
-14
27
-50
4
-2
-76
-38
-15
4
-33
-7
5
5
-77
-62
6
58
-108
91
14
-61
103
13
-65
23
127
-90
-81
-24
24
-26
14
27
82
3
18
-52
8
-24
46
-16
-34
-87
-2
-11
-18
-23
-25
-15
-25
-38
-121
6
29
-31
-20
-58
127
-63
2
-29
-21
64
-127
16
5
-19
-95
-12
-60
-17
-18
14
-79
108
-20
-37
-50
52
6
-47
-58
-9
-31
-6
103
0
-4
-41
22
6
-16
-48
-127
18
-85
-17
-22
26
77
107
10
-3
37
-17
-9
4
4
-19
9
-62
-37
51
-27
-15
34
-12
23
35
6
-90
-14
-22
8
18
63
54
27
-37
9
-46
-2
16
-2
-23
-14
-51
15
2
10
-21
-77
-1
4
3
20
127
-127
1
34
-23
56
7
127
2
17
-45
-9
-7
1
117
3
-85
19
-9
-116
-20
-5
5
46
31
4
-15
-34
2
27
-6
-83
-28
-93
49
-120
124
40
6
-21
34
-20
-41
-29
-19
-51
-42
21
-12
-127
49
95
-20
-112
-22
-8
17
-21
29
51
-84
-50
19
-71
9
-18
6
-77
-32
46
127
4
64
-26
64
-21
-43
-7
1
45
-33
38
-15
-52
-8
-52
31
-44
-25
-19
14
4
-14
-2
-58
1
15
9
-20
5
117
29
19
-35
6
-83
50
-99
-38
-48
11
-4
-98
-30
-26
51
-64
9
-16
31
-60
-18
13
12
12
46
28
27
-7
-127
-4
-91
7
-7
34
-7
14
-99
121
-93
127
76
-40
-98
-31
10
-79
17
10
-115
-19
34
39
127
40
12
0
-19
3
14
-30
-12
60
-13
28
-27
6
12
94
-69
-95
7
39
-2
10
-17
25
-46
48
6
-14
-18
24
-3
-66
-5
18
-1
6
