-5528
-39145
39783
-5598
-18774
-52360
-11205
-14315
-51852
-32715
-6795
-14097
-41638
-49761
-6869
-3688
-36430
-36161
-4059
-31053
-28252
-5433
2347
-6550
7088
-7127
-4234
-18451
-10868
-9246
-58090
-9233
-45060
-32676
-4761
-59461
-23382
-15344
15272
-23445
-40912
-40089
-5445
-11314
-7443
6162
-40691
-11508
-4921
12222
-18453
-468
-12577
-52681
-36523
-36440
-11986
9026
-21511
-49929
1900
-13152
-3337
5948
-56649
-40425
-43987
-43974
-11150
-1128
-27980
20063
-28397
-31475
-23932
-34360
-1694
-50991
-10005
-28920
18258
-12831
-40745
-11404
-7003
-68724
-42287
-17178
-14463
-43222
-28047
-13253
-3149
22510
-28660
4163
-55360
6842
-40434
-20487
2705
-36547
-29147
50272
-5158
-36821
-29417
-27724
-50460
-10283
-35296
-3525
423
-41431
-28453
-31477
-4458
-45070
-2173
21195
-21263
-2101
-30429
21172
17320
-32144
-24008
-16307
4247
-16402
29955
-7307
-6729
-21476
-12596
10448
-53847
-22211
-48922
42421
37706
-48505
16058
-28597
-5922
12234
1445
-22340
-59403
-10626
87151
-50974
4609
-9417
4030
7936
-27156
-32995
-37576
-36234
-2735
9825
-23188
-19532
-31723
-26729
-1907
-5014
-3323
29324
-1333
-28131
-30612
-18931
-41993
-16075
-15019
-5232
-29850
-47045
-24639
-21562
-35402
19252
-26084
-10124
7744
43734
4217
-7226
22385
-40326
-7354
-5712
-47196
9292
-9982
4708
-23453
-73302
-12330
-27139
-6743
-4351
5069
-28668
-973
-27983
-40206
-9344
-7806
-22613
-56839
-37808
-23784
-6700
-45212
-14989
-31953
-34720
10372
10689
866
17114
936
-49693
-32290
49165
2998
-8993
10661
-39793
31004
2782
-53244
-63673
6213
4234
8850
-40432
-35005
-19964
-13116
3297
8375
-56490
1782
-3270
-17695
-14939
12156
-19365
5081
-26096
-57185
-42758
-27260
-29732
-26655
-24220
6936
-17546
-31626
-29109
23871
-8977
-12350
-5565
-15953
-56450
-51847
7523
-32690
-34396
13803
39002
-11627
-7890
10350
15871
-52588
-12558
-2630
100556
-4471
7795
-706
-34359
-23124
-22729
-41439
-11055
-10123
-9390
-32419
-38916
-18279
-14987
-31294
2419
55997
-42489
6420
-39880
7419
15030
-37309
-4264
-40818
-34348
47933
-48391
-41376
-49640
44380
-25647
1118
-11354
-29143
-37687
-50133
44935
13069
-69857
-18288
-46982
-46600
10772
13988
12195
3756
-9099
-33210
-31852
-42567
10699
6644
-54137
-16015
-24984
-4755
-20587
12889
3075
-1414
25608
27350
-7939
-11624
-10039
-51
-36466
-36808
-24493
5171
9073
2972
273
-14824
10015
-1157
48599
-23915
11981
-34129
-26100
-43130
-37920
15184
-22133
4016
-21853
-20276
-33207
14636
-48656
-12250
-17466
23827
-1520
29254
-66549
-24775
6380
-33405
-17342
-7068
-38810
2927
4902
-29957
-29562
-35235
-12721
-39175
-52484
-26242
-12133
-33958
81129
-8490
19501
-61581
-37285
-46527
-32826
65709
4838
20932
-106173
-4131
-28054
-43544
-28558
6232
-6258
-41800
36947
64643
3943
-10421
9020
74764
-55063
-69552
-33622
-19973
-11168
-9026
153
-52780
-9205
-41493
3722
-63546
13642
-8006
6744
-17138
-6688
-15121
-19737
-33935
-27143
-37636
-38443
145004
-1400
23912
-34683
-8167
-14611
9459
-6067
-8472
-48770
-7948
-6729
-28459
-11403
-12968
-1646
13872
-9203
-28692
-30649
-6672
-20794
-21796
-48454
25316
73858
-46142
-31015
-45649
-42023
-24674
-17660
-3706
-46644
23580
-35569
-35919
10482
605
14473
-41566
-19142
-45502
-42434
8253
-26201
-10100
-57593
-47938
189071
-15985
3606
-51753
-8562
-31245
322
-2207
-4892
10230
-14910
-21313
-25177
-9449
-33508
-20761
-33599
-7424
-7414
-40899
15357
-53438
-5121
-35347
-27138
-33748
-35793
-26646
-30718
-33461
-31706
15239
12250
-34825
-38886
10093
-30301
1129
72995
-17539
-46725
-7455
-38130
4906
-39684
11202
-40184
-47713
7048
-65506
-55657
-28761
24846
-34510
-39181
-22276
10936
-971
-36536
-29235
-7665
-36591
5014
-38007
-9268
-38348
-45253
10345
-44994
-28471
3983
-9051
-10128
61200
-13395
-36546
-22444
-38357
-4285
1209
5087
36525
-34971
11757
623
-26848
-56540
-34840
1573
-1288
-49925
16424
-12291
-25498
-58004
-26026
-14033
9513
-42568
35765
24981
-16647
-18742
-20476
-37511
24238
7175
-39667
-9297
-20331
-39316
-17791
-16008
-27267
-66806
-47653
-3743
3139
22157
-39071
-8953
-46916
-610
-8596
-47932
18831
-44782
-4202
-41085
-36607
-29596
-9895
-6317
25670
-42553
-14322
7012
-38832
5246
-24421
-22815
1239
-9046
9288
-54835
-33982
-20166
9413
-48894
-12446
-19046
-11153
-54084
-36672
-64165
11777
-36670
-18777
-55254
-36298
-36493
21433
-30432
22471
-7807
-28386
-1667
24692
-13877
-23513
-55951
-2384
2180
-32660
-15070
-52608
-96
-2173
-17539
-33060
-29389
28303
-49820
-6343
12920
33702
-42061
-11997
-8023
-1058
-24551
55437
-11726
-22038
-29834
13263
-18385
-39623
-13802
-3429
-10037
698
-35957
43133
-48
-18865
-17901
12132
9078
-25556
-49163
-61633
1164
36286
-5648
-57983
-17802
-16730
-30535
22040
-32646
-10101
13910
13515
5369
-37166
5836
-1277
-21292
-11238
-8680
-21521
-47319
-17023
2218
7073
-7146
-29635
55885
-30476
-20865
-19535
-40971
1282
-47046
51609
-32958
-2370
-44372
-26097
-37815
-47754
22797
10065
-10909
-9702
-510
-47861
-5708
6210
-9042
3372
-728
-17277
413
-14428
-19740
-35570
35093
-1294
-46345
-45513
-17596
-17710
-11106
83304
-11292
-2905
1484
-13860
13963
4836
-57435
-19163
-36123
22347
-33288
-29128
-3007
-9641
-34235
29302
-9216
11644
-15079
-55447
-1202
-60779
-13351
-23246
-17286
-52407
-8229
-18102
-10010
4375
30100
-48950
-5425
-22853
-19138
-31580
5178
-15138
-5746
-23474
-47065
887
-24343
-4185
11790
-43532
-32238
-15978
-14225
-30384
-71812
-59614
2472
-25412
2497
10408
-22545
-43773
-24216
-16711
-3829
-1438
-3575
-9403
-3040
-32845
-13118
1707
-13125
-16928
-2944
-31317
-34227
-33289
-44989
-32963
18723
1731
25102
-5561
-7759
-5996
-43737
23629
-47782
39896
-11387
-42471
-17722
-35183
-28050
-19429
-32864
-1430
-18171
-20851
3494
-39023
2975
-71375
-36761
-307
-9853
-14041
-31869
-5381
-11745
-20137
-49079
-43985
-1738
-55727
-36772
40320
-10324
-37772
-7368
-5595
-8789
-58734
-35164
-13517
-10133
-52173
-2425
19620
-45567
-41234
-32167
28638
-37367
-22664
-8510
1625
9904
-5586
-17317
-28363
-29333
15519
-41763
-31164
-17246
-27619
-9310
-38195
24610
1763
-25045
28295
4995
-44102
-40522
-48571
-61079
-38948
27305
-52156
8355
-38268
9326
-34178
-7463
-31546
-48662
-20207
-28923
-3210
-29947
-12854
2858
33413
-18892
-11587
-34559
-19280
-12385
-40336
11915
-35796
-16904
-61996
-29942
-47747
-43834
-27021
-31830
-20130
-2629
-56020
-41696
-14826
-21085
-56401
-30400
-14293
-29749
-15770
-13888
91481
-55361
-9418
-16119
38690
10799
-20848
-36739
-16820
-664
-36585
-9560
-33882
-32946
-22027
-36555
384
-30565
19765
-44107
-45305
-48248
-44452
7080
-23259
-45630
13818
-28921
-5137
-11617
-29583
28178
-17202
11051
2661
294
-31757
-27604
-28240
-42081
10912
-23751
-6091
7387
-19534
-39791
22336
-44318
15657
-29245
-3473
-27215
-32168
-1184
-14212
-113530
-42661
23363
10900
-28241
3625
-46452
4162
-39430
-60463
-4486
-34186
-25311
-11513
-10868
-6967
4023
-43140
-35246
-18280
9104
-30278
10875
-2783
7841
122546
-45098
-2295
-48780
-3483
4483
-21297
-40019
100642
-18628
-34009
-40164
-15488
8224
120
-4012
6248
-36108
-30035
-53423
-19006
-28963
-30962
-8260
9141
8120
11174
-20100
20763
19236
-31209
-56529
18153
13211
99392
-37087
-27519
-10469
-12437
-6172
1178
-61346
126
-6889
-36409
11279
-37706
-23240
-12051
-30566
-17789
-19119
14678
-47414
14721
-18031
-39781
-18695
50794
-34857
-27687
-32330
-3379
-14865
-34327
-19790
-22593
-48919
-18945
-5352
-32148
-34698
-23866
47421
-40599
-10725
-11216
-28747
-28784
-22415
-15601
25709
-31781
-28103
-16544
-21733
5683
7058
-43213
18389
15657
-30882
32270
32063
-49523
-39310
-14404
-18415
-8614
-5125
-38000
-14063
