-47495
-26392
17625
-11293
-25649
-7992
-14553
-2721
-9774
13402
-9609
-36918
-17971
13361
26959
-24111
-10899
20123
-30846
-36056
18567
1174
-16724
22275
4806
-34858
-25067
-16346
-21598
12175
-14059
16740
-11224
20762
-17829
-11912
-19358
-16603
10746
109
12058
-34803
-5429
-13855
-29772
-21762
-4450
-158
-91146
-28932
-14468
-35017
26582
8883
-14670
-8137
-4387
-7926
-22225
-2324
-8296
-14449
-26634
-64842
-18173
17550
30893
-60488
-24100
-36548
-25220
-18108
-16534
-41526
-18148
48327
19518
-16437
-14076
20145
6692
13016
-40498
-23802
-6148
12973
-152
-21959
-6760
-21841
-40267
17281
-16249
-6583
-3176
-7567
-51284
-19211
14283
-6176
30811
29535
6725
-58279
3514
-145040
-7829
-20526
-8234
48524
-30562
-78050
4674
16766
-14588
-5051
-348
-27012
11547
21270
2037
-20358
-41629
-37640
45593
-65017
-19770
8064
-16293
-14349
84698
-12150
37328
2125
-8336
51368
-28065
16330
-37277
-6144
-55757
3114
-62037
-26596
-55687
35591
-40633
-4935
-17482
37757
-26580
-33506
229
18281
323
8354
-7378
-499
-38297
26115
-64261
-36512
-61329
-19490
22087
12823
31893
-775
-15473
-12555
-21144
-21386
-21085
-26626
3960
32542
12446
-54152
26133
3914
3894
11599
31138
5386
26
14873
-30750
-25087
-9428
-1987
20626
-8141
8542
-12677
-39579
-30957
-7177
-38301
19240
16077
18587
-15740
-18242
19026
3486
14493
-61650
-21461
2615
-52381
-878
5394
-36619
-3865
-18056
5427
-3819
889
-2319
740
975
15606
-17688
-26651
-17882
-8314
-44643
-2780
-52784
39896
35136
29067
4428
16291
11282
1339
-19632
-3395
-11775
6303
-89412
-29058
-11670
-1637
-41359
5170
14490
-11443
31674
5549
-17585
-8189
-7415
32708
-25438
5228
5802
16809
-47038
-29558
2137
-1171
-16027
9703
-9288
-17395
-28640
-17421
-27941
-40860
9999
2381
-10640
21153
-7075
-24506
2424
-20041
-17909
25139
5812
-6153
4605
7371
-14521
-4135
39508
-33175
-29277
-11540
-2827
-11032
-46110
27493
-16596
-19913
-14749
18124
-43816
-23216
-1500
14729
-69103
-30262
-1541
2722
-2427
-46252
-7306
-5549
17341
9244
2851
-19521
-41507
-4671
-17400
18272
-15207
-8535
18932
-61057
2672
1460
-66405
-23575
-4606
-24922
-23549
19496
-13196
9612
18114
35
12904
-7656
19895
-4029
-22281
-17022
20486
13232
33553
8704
549
31261
-23340
11656
-48273
-48166
-16785
-23655
-9430
-12608
-27127
-230
-19038
-19737
-14391
17093
-9662
-9677
1605
-12669
-11490
-48431
-26522
32426
-12982
-10679
-21030
5988
-30300
2676
-14174
-19245
13421
-367
-2609
-26470
-10069
2552
4812
14947
