-7033
17602
-1040
-867
-5246
18388
25463
5119
-11701
45367
-8719
-1163
-1483
737
31553
-794
57297
50858
-10421
3045
6821
-3222
3506
-766
2399
30761
2280
-9735
-14762
-5574
5375
-6375
-6424
770
56905
-5046
1916
-11476
27348
4406
11451
-21446
21528
949
-11155
30625
17166
45719
4376
11397
28369
-14195
-19014
13789
-15180
-6431
44717
45489
45918
934
53669
351
-14218
-14474
9779
-3180
29132
-3460
3376
17678
-11418
2719
29790
6291
-28480
-8521
3924
-7261
-584
-8929
39106
-12310
20780
-7599
-5715
4881
-9036
11261
44459
-488
-8507
24148
8881
14272
11805
16076
7420
3253
30719
7729
24406
1983
-10676
16556
16380
-2320
29317
5008
-788
-4359
5003
-513
5461
-5591
-7312
3022
18930
5958
15776
39397
25484
11766
2332
-3815
29504
5825
-3167
29845
29244
-6418
4123
5002
28553
827
17309
27062
-3743
-23344
33849
-22507
10838
5285
16455
-3172
2989
-17021
2517
12469
-9680
-12313
20148
-13403
-22584
55720
-10280
275
-5014
11779
62684
-12415
91982
33440
-241
18
1726
-19048
3598
-24290
-155
-5301
15511
-5347
-5624
-4349
42989
2119
-3350
-19600
3717
25620
2570
4040
61158
-16449
32940
2207
-18968
10276
5475
-16981
2368
-3883
