81
99
37
92
127
42
34
41
18
-84
-127
-59
23
16
3
82
117
51
127
-3
-16
83
-99
-66
17
-58
-9
28
-76
45
50
-127
71
23
-68
38
101
115
36
111
127
41
32
36
14
-71
-86
-34
110
127
42
-34
-36
-5
-92
-113
-25
-102
-127
-26
-19
-26
-2
-102
75
29
-127
89
39
-49
37
10
76
100
42
97
127
53
38
52
28
112
-63
-23
127
-88
-27
43
-40
-9
91
108
40
107
127
52
38
47
20
45
-105
-46
127
-32
-43
51
5
-12
77
72
36
6
46
29
-87
-127
-65
7
-117
-13
127
-46
-30
57
11
-8
-54
-72
71
-124
127
112
-21
124
-24
-87
-109
-59
-105
-127
-72
-53
-66
-29
-32
55
24
-60
-127
20
90
-48
-47
-74
-100
-27
-94
-127
-36
-28
-36
-13
97
107
22
88
127
43
24
29
11
33
-126
-26
127
-36
-31
44
6
-1
-24
80
93
-127
16
59
-64
-45
14
127
113
70
117
108
66
74
63
18
-37
-115
90
127
-120
-74
69
66
-45
-80
-102
-46
-98
-127
-55
-45
-57
-32
96
3
-118
118
1
-127
77
-1
-83
99
-6
-34
127
-45
-57
66
-16
-25
101
127
57
-77
-88
-32
-36
-46
-21
-85
-104
-46
-103
-127
-56
-45
-54
-27
-87
-113
-22
-110
-127
-24
-24
-30
-4
-96
-112
-31
-109
-127
-35
-31
-33
-10
-102
-127
-49
71
60
16
44
58
26
-87
-104
-28
-107
-127
-33
-30
-35
-11
102
111
40
102
127
46
43
55
23
-97
-116
-43
-111
-127
-56
-42
-55
-13
-29
-32
-8
-59
-77
-50
97
127
58
79
98
36
103
127
45
34
40
17
-84
-94
-23
-93
-127
-20
-27
-26
-18
81
103
51
100
127
59
45
58
33
102
-107
-3
127
-116
-2
39
-40
5
84
111
47
110
127
51
36
33
13
-82
-109
-24
-100
-127
-34
-24
-31
-12
95
113
53
115
127
58
49
58
29
89
109
42
104
127
48
36
45
20
-88
-127
-50
46
78
34
27
54
26
117
117
64
115
127
67
56
66
38
-59
94
-19
-95
127
-36
-53
69
-12
-24
67
-44
65
-127
54
-28
48
-16
-96
96
1
-118
127
-4
-70
72
-5
127
-11
-17
91
-115
-53
14
-51
-4
36
-85
39
51
-127
59
27
-66
33
44
-97
39
55
-127
44
22
-55
24
95
109
46
109
127
61
46
58
28
91
109
40
102
127
45
39
44
21
108
127
54
-85
-100
-51
-19
-31
-9
89
111
53
107
127
59
41
50
30
80
103
40
99
127
55
36
50
27
-95
-94
-53
-15
-25
-6
101
127
58
65
-123
49
-54
127
-65
-10
-6
14
42
-23
-6
-127
117
2
45
-60
13
127
-17
-37
97
-92
-61
19
-40
-20
103
-127
-42
-70
-95
63
-89
60
37
-102
-127
-58
59
84
35
33
51
20
-96
-115
-28
-119
-127
-27
-30
-29
-6
92
112
48
108
127
57
43
53
32
76
94
46
94
127
72
34
64
40
94
108
34
108
127
49
34
45
19
-54
127
-65
-2
-78
74
57
-49
-7
85
102
37
94
127
55
27
46
25
93
109
34
108
127
36
34
37
14
96
-87
0
123
-127
2
46
-49
-7
85
98
37
102
127
47
35
49
27
-11
123
23
-127
-15
42
7
-41
-6
52
-82
-92
-127
35
97
54
39
-3
-73
71
52
-127
45
50
-51
-2
27
86
106
38
109
127
40
38
41
6
91
107
41
103
127
48
37
48
23
100
121
51
104
127
56
52
59
20
88
109
45
104
127
54
45
53
26
-85
-106
-41
-102
-127
-49
-31
-38
-15
-13
-61
-7
127
-45
-23
109
59
-7
-99
-127
-49
70
86
22
7
11
8
85
98
33
96
127
40
37
42
25
55
65
39
-114
-127
-69
44
49
26
91
112
44
105
127
48
52
59
22
81
102
39
100
127
47
37
45
24
85
104
36
99
127
42
32
40
17
84
103
40
105
127
50
39
45
20
127
-42
-79
-60
31
31
-89
19
32
30
38
20
-94
-127
-55
28
38
25
-51
86
37
-127
58
34
-56
10
10
88
108
52
105
127
64
45
50
26
24
-76
61
30
-127
76
31
-61
31
-84
-106
-43
-98
-127
-50
-39
-47
-20
81
101
32
101
127
40
33
39
15
-91
-112
-50
-102
-127
-56
-42
-53
-24
-81
110
6
49
-127
37
17
8
-25
-127
87
36
79
-52
-26
35
-41
-6
-92
-127
-56
76
90
39
23
39
9
104
127
57
-52
-60
-35
2
1
-17
82
122
-54
-127
80
104
-30
-99
5
76
-51
-37
-127
63
69
68
-25
-40
-97
-127
-38
48
83
24
31
55
25
77
101
45
93
127
54
41
51
23
-90
-127
-47
66
74
24
27
40
14
77
127
79
-105
-122
-37
-17
-35
-31
82
107
48
92
127
69
43
70
41
117
127
60
-73
-120
-64
-50
-86
-32
87
108
42
105
127
47
40
45
18
127
-25
-28
105
-101
-65
23
-42
-24
-95
-111
-41
-106
-127
-49
-37
-47
-22
127
-96
-32
-61
60
7
-48
19
20
77
95
38
100
127
46
36
50
27
98
113
29
106
127
31
25
29
8
-85
-100
-22
-102
-127
-30
-25
-31
-9
82
97
37
97
127
54
32
48
24
85
108
37
103
127
46
35
40
17
94
111
34
105
127
44
36
45
20
127
101
13
-112
-102
-7
-25
-21
1
85
104
42
106
127
49
41
49
23
-62
-127
-56
85
63
21
67
53
13
83
-89
-13
127
-105
-25
61
-41
-15
-73
-124
-91
-108
-127
-93
-66
-88
-28
-89
100
23
67
97
-124
71
-127
-12
60
97
55
93
127
59
51
59
21
-53
-127
-73
35
124
83
17
-15
-11
92
-87
-30
127
-88
-46
60
-22
-18
-90
-105
-26
-108
-127
-29
-26
-30
-9
-92
-22
45
127
10
-81
-47
8
38
127
-2
-61
29
-123
-18
-65
-20
71
81
100
35
89
127
46
39
70
33
-89
-95
-38
-93
-127
-62
-37
-58
-26
86
109
49
104
127
55
45
54
28
70
-96
27
94
-127
30
40
-41
-1
79
104
44
102
127
50
44
40
10
45
73
42
-73
-127
-55
23
40
18
-127
-67
1
-50
73
87
9
85
52
89
109
47
106
127
56
44
50
23
-97
-109
-30
-112
-127
-29
-26
-31
4
-70
-127
-68
70
74
21
40
30
-2
-89
-108
-24
-107
-127
-24
-28
-28
6
-70
-125
-61
83
127
74
-16
-51
-21
-127
-13
18
-52
92
43
0
47
-2
-56
83
-17
91
-127
43
-30
53
-25
82
101
40
104
127
47
43
55
22
-51
106
37
-127
21
24
-13
-12
-1
85
106
36
104
127
46
41
45
23
-121
-127
-24
45
110
28
43
33
16
-66
50
19
120
-127
-2
-26
47
-18
87
107
51
99
127
53
41
54
28
90
103
24
107
127
32
28
31
12
-54
-84
-40
85
127
56
-37
-62
-16
87
111
46
106
127
54
42
54
26
17
76
-83
17
92
-127
8
55
-60
89
-63
-41
127
-78
-55
42
-22
-13
90
105
32
106
127
38
33
38
17
-127
-83
49
-119
59
120
-4
109
23
73
98
40
106
127
54
53
56
20
-92
-127
-44
75
93
23
36
41
1
-62
-91
-34
87
127
59
-27
-48
-26
110
116
56
117
127
68
53
60
31
-100
86
-2
-127
100
-1
-57
59
-5
-72
127
-69
34
-50
18
36
-78
43
86
106
42
105
127
54
43
47
22
-66
69
-4
71
-127
42
-15
54
-30
71
17
-1
69
-127
-25
8
-28
-1
86
107
56
108
127
64
54
63
32
-49
-63
-51
89
127
77
-41
-66
-47
87
107
46
103
127
57
42
52
26
86
98
34
106
127
51
42
46
21
89
108
34
108
127
38
31
38
16
127
7
-10
67
-120
-42
16
-63
12
-80
-121
-52
-108
-127
-69
-65
-60
-22
87
111
51
112
127
61
48
56
29
72
90
27
98
127
41
37
49
18
-93
-112
-40
-109
-127
-43
-40
-40
-15
70
-25
-127
30
119
-38
-61
23
39
-95
-121
-61
-107
-127
-70
-48
-65
-33
97
112
41
104
127
55
48
49
22
18
-127
-31
116
-12
-29
34
26
-5
108
127
40
-84
-112
-38
-22
-28
-4
-127
19
27
-110
96
56
-45
59
21
-83
-107
-52
-105
-127
-64
-47
-58
-29
127
-61
-81
61
-46
-53
-23
-22
2
-98
-106
-38
-95
-127
-42
-28
-32
-11
-64
-101
-65
-31
-23
-16
100
127
79
14
-127
-44
125
-11
-35
33
37
-5
32
54
18
-62
-127
-79
29
55
31
-83
-99
-14
-104
-127
-22
-18
-27
-11
-86
-122
-70
-105
-127
-83
-82
-71
-21
-90
-107
-31
-108
-127
-35
-33
-37
-5
90
117
46
114
127
52
43
48
21
-40
95
38
-127
40
30
-53
0
7
