6212
16568
6230
27964
-20938
-10114
-42417
29518
-31492
10741
-23470
19354
6690
-27881
-12293
-5943
-30146
32402
-22679
23648
-7749
-9277
45990
-20622
28110
19137
8107
-78690
-20552
45
-21629
-59615
-57057
-53029
-1201
3696
-57088
-12397
19958
-31213
-8215
-26445
2126
-27927
66520
-11509
-31139
-22207
4284
16772
-14620
6264
-8285
-38533
15384
-12072
-1496
-11735
43562
5155
11122
14965
-50274
23447
-1406
-4766
6285
7487
-19318
4047
-5859
3368
12458
-35432
7478
-25249
-29220
19399
-21201
12739
7573
25939
36776
317
21890
32434
-4961
-4266
38372
-12763
139
38093
34058
-28903
-9719
15236
