-10
0
-17
-13
-7
33
9
40
-109
-28
43
-7
-7
-5
-7
-20
-20
-42
-14
-14
10
-42
-11
-35
0
2
9
-8
-4
-2
-6
7
-1
0
-10
18
14
-23
-4
10
-4
-20
-3
4
-17
101
13
2
6
1
10
-5
3
-13
-13
-5
1
-18
-10
-2
-9
-2
-3
26
2
-16
3
-10
7
-15
-1
0
-7
-10
3
-16
7
9
-17
-5
-1
6
-30
-32
-6
55
5
9
3
-6
-2
17
6
-36
-4
-18
-2
2
-2
-3
14
-5
-6
-8
-2
2
-7
-21
11
6
6
4
-2
-16
-8
5
-9
32
7
-6
-15
-7
18
-18
5
-17
-22
7
31
24
6
9
7
6
5
-21
21
-4
-16
20
17
9
-57
-37
5
3
17
11
3
15
-2
2
4
6
3
3
2
1
3
-4
1
8
6
3
1
8
1
-7
5
7
-2
-9
-6
-6
-26
-12
0
16
-7
-2
-14
3
-3
-2
1
-9
-4
-3
-3
-4
1
-9
24
1
17
-4
5
-2
-5
6
7
-4
6
-1
-27
2
-5
3
-1
15
-2
-6
15
-17
6
-8
15
-3
-14
-4
3
30
1
19
-3
-71
-17
3
-10
1
6
-10
30
-4
-37
12
-4
-13
-2
15
15
17
29
-86
4
85
-6
58
-16
41
16
2
2
1
12
-13
-11
6
-2
0
-1
-3
0
-25
7
6
1
1
-2
75
-5
50
43
-19
31
-4
1
-2
-2
80
-16
0
62
-10
3
-11
-14
-11
-5
-6
-4
-2
13
-27
11
3
4
-7
10
-3
22
-7
8
-5
-5
-19
-5
3
-8
44
0
3
-7
4
9
-9
-3
-9
-21
8
1
8
-29
-3
-4
4
-1
-2
1
-19
1
1
-2
-6
-4
-19
-12
-2
-8
4
-7
-3
0
-1
-2
3
-4
14
-14
-12
0
0
-2
-5
4
3
7
-7
2
-1
21
-127
13
7
-3
106
19
-40
19
-41
-88
1
14
-2
21
7
-15
11
9
1
5
-28
-4
40
47
6
-84
32
7
9
13
64
-35
13
47
10
11
10
19
-4
15
-29
20
31
7
0
20
-18
-12
1
12
-11
3
-14
-1
16
4
-2
-2
6
52
18
4
12
16
-19
-11
-6
-17
9
-11
12
1
24
8
-12
-3
-26
39
-21
-6
-6
20
-7
0
-7
5
7
10
8
23
0
-2
0
0
14
-3
24
7
88
1
-55
19
-21
-12
127
32
-1
1
3
-8
27
24
-6
-3
-4
0
0
-8
-73
4
1
6
1
-3
-1
2
5
1
1
1
11
3
-4
1
2
-2
3
0
0
2
-7
2
4
-6
5
1
2
3
-3
7
-2
1
1
12
11
11
9
3
-8
4
1
-2
-3
-5
-31
0
2
-31
11
-5
-8
-5
-34
17
-16
-9
-16
28
-6
-5
-8
23
30
15
-28
-2
12
9
-7
5
-1
-13
-8
-8
-4
1
-17
-29
-14
1
2
-20
0
-6
1
9
2
3
-40
-3
1
-5
-11
2
-4
-11
-4
6
4
0
15
14
6
5
-2
-3
-34
-6
23
9
-7
-8
17
3
1
5
5
-6
17
1
4
6
21
-3
-18
-12
12
-25
-13
2
-5
-18
-12
4
-63
41
-23
36
-3
-19
2
37
-19
15
-15
-7
18
72
-12
-13
2
16
0
-8
-79
-42
63
-13
-4
2
-20
-9
-22
-34
-46
-8
-14
0
6
1
12
2
-17
-10
-7
3
17
-4
2
-6
5
5
4
-1
-1
-18
1
0
-4
1
-3
-10
-12
-28
58
-6
29
-24
-7
-16
-18
30
-4
-4
-1
-17
-16
6
-13
15
14
5
-21
-18
31
15
7
18
14
18
8
22
-11
7
-21
23
26
22
-42
-18
1
3
11
-1
-13
-4
9
-1
31
66
-10
21
-9
-11
24
18
-54
4
-24
5
-13
10
-14
-15
-4
-9
49
-18
11
-5
-41
-9
6
6
1
16
4
2
-18
0
2
-3
-1
-5
-10
-3
19
-6
-1
0
-8
-1
-8
-12
-42
-3
-5
-38
2
37
27
-8
-47
4
72
9
-13
13
-4
3
-13
18
14
6
2
-3
-4
-12
38
24
28
-17
-13
-15
30
3
47
47
-14
-13
63
-18
9
21
18
23
34
13
13
30
-1
40
3
-1
24
-15
-6
23
4
0
41
2
-8
12
102
26
2
-1
-3
-14
-28
14
-11
-13
-8
-7
-7
-23
-2
-8
26
64
6
-6
26
10
2
-1
-32
-24
-13
7
-8
-16
-46
1
29
3
-8
-13
13
-21
-22
2
2
12
1
4
28
10
-10
2
-5
-11
-11
5
26
-1
-1
-6
10
8
-3
1
-33
-1
1
-4
-1
10
-5
-18
-11
-2
-10
1
6
-23
10
-3
17
7
5
6
-9
-13
6
2
-19
-3
-6
-15
-11
-8
-19
-3
-58
19
-91
2
-1
18
-3
6
-2
48
-8
-3
42
8
22
4
-12
-14
-4
1
-4
-9
2
6
73
-7
22
-11
-37
-46
4
-6
3
9
-7
38
14
-11
-4
1
25
-25
-20
33
-28
1
50
4
16
-23
31
-5
0
31
2
10
-4
-19
-19
0
18
13
4
2
-3
-6
46
7
0
20
-12
11
-11
13
-4
1
-4
8
1
-43
-20
-1
5
-2
21
9
1
26
-4
-3
3
16
-4
-8
4
-2
-22
-18
9
10
17
-5
6
24
1
-6
11
6
-20
-1
1
-15
-9
1
5
-47
18
3
-25
-10
-41
127
-50
0
10
48
-3
-16
-6
-53
-14
1
-115
-30
3
-11
-29
-3
39
-2
-2
34
-23
-14
-26
6
6
-9
-4
26
41
9
25
17
-8
1
-3
-1
-6
2
-31
3
-20
-7
-1
-15
-3
-7
-12
7
18
6
10
9
11
-2
-19
-2
-4
5
-6
3
5
3
3
2
9
-29
-3
56
4
-1
-3
-18
-32
61
16
-23
2
17
1
2
29
-18
14
19
-3
6
-4
-48
-15
-9
0
-8
3
3
11
0
-6
1
3
7
0
-1
0
-2
-1
1
4
-4
-4
-2
-3
1
5
-6
0
-22
-127
-3
-29
-21
6
5
-14
27
-4
6
3
2
3
2
-7
19
-3
15
-22
4
98
24
-9
25
-17
4
-40
23
0
-5
30
-52
-2
16
0
-1
-13
14
19
0
-4
0
21
10
26
16
-5
2
52
4
-10
-41
42
9
23
-24
-11
-10
0
-4
-7
-3
-35
13
2
1
-9
15
-89
28
-4
4
17
3
-9
28
33
20
-3
-24
6
12
5
13
-14
111
-3
-39
7
14
-5
-118
7
-5
6
-10
2
1
4
-3
-2
-2
4
-2
0
-2
9
5
-2
2
-7
2
0
-2
3
3
-4
-7
0
-9
2
4
0
-5
-4
0
1
3
3
-1
-11
-6
1
0
-9
-1
1
-2
-13
1
0
32
-2
50
-43
9
8
105
-31
3
-2
26
4
11
7
1
7
26
-16
2
-22
-1
23
-6
40
-25
-20
-17
-9
0
-58
0
-24
2
5
-13
-4
27
6
0
4
7
48
-12
37
29
-29
-1
-23
-80
-9
4
-15
3
-7
32
2
-3
6
-6
8
-6
8
53
5
1
18
6
15
13
-13
7
16
-25
1
-7
-12
3
73
-9
-36
-18
29
0
9
5
5
9
12
6
21
10
23
-7
-15
-21
-7
5
-1
-1
21
-8
0
-22
-6
0
14
3
1
4
4
6
5
6
-25
10
1
1
-2
-2
-19
3
-3
-8
-6
-10
10
4
-9
2
3
1
4
5
5
3
2
1
-3
-3
4
4
21
1
-3
-6
-7
2
3
-4
39
14
-24
5
-2
-16
6
-3
1
-3
19
3
-6
2
17
6
-5
-5
15
-1
-3
8
3
1
-14
-24
-26
6
10
-19
2
-13
-10
7
4
7
-4
-2
-4
-4
12
-8
-3
-88
3
-27
25
-3
-29
-8
50
-4
15
-10
1
-18
3
81
11
6
-19
-11
-18
-7
31
5
25
-17
6
-28
4
-24
-8
-31
56
3
19
-69
-23
123
0
-5
17
1
-82
-15
-4
-48
-40
1
-4
43
4
4
11
-4
22
-11
-18
-11
-12
31
0
58
6
-10
1
-10
20
-6
-10
-20
15
-7
-12
-11
-3
-4
9
1
16
5
0
-1
8
2
-6
5
6
12
-5
-9
-8
4
-1
-6
-5
10
-4
-13
4
-1
2
-3
-14
-3
-4
-2
-1
17
-2
-18
-4
-3
6
8
4
5
5
-1
-2
-1
-3
-19
7
15
8
1
-70
-15
-63
32
39
22
1
-6
5
-12
-7
21
-19
-15
-8
4
-2
51
31
-4
5
29
14
1
36
0
0
1
-41
-18
7
1
1
8
-16
19
-8
-7
1
-5
-4
-4
-3
21
-10
23
5
-10
18
17
-9
-28
-13
-7
119
-67
127
-33
-8
3
-5
1
26
-127
34
0
-9
36
15
-28
22
-11
-8
34
48
5
-5
-3
-14
9
-10
-22
4
-5
5
-19
-14
-10
-25
-8
94
4
-3
6
-3
-37
-4
10
10
-1
-4
8
30
4
11
-7
-6
-1
4
5
-13
6
-8
8
-4
12
-8
-15
-3
8
1
-8
10
1
-4
14
-2
-7
-1
-5
-3
2
-5
2
1
-1
48
-2
1
1
-3
-48
8
-9
-21
0
8
-6
13
-9
9
1
-3
-3
4
1
-11
35
-1
-2
0
-23
-20
-24
13
-27
80
-9
-115
-2
-3
-3
23
6
-10
11
-1
-13
16
5
14
-9
-12
7
1
12
29
13
14
-20
8
-3
-31
0
-31
-13
8
42
-3
-8
1
-7
3
6
10
19
-5
6
7
-2
16
-5
-3
-1
-4
-7
1
2
-2
0
-6
7
-2
5
4
2
-5
-3
-4
3
-5
-3
8
1
6
-5
2
-19
-5
9
40
-6
23
-11
-35
-11
-11
6
0
16
-4
-17
-19
20
-1
3
7
-32
-32
-6
18
-2
11
1
63
24
7
-21
-18
16
3
-3
7
-18
20
38
3
22
-9
5
4
-43
-17
2
3
-6
1
2
6
-3
-7
-3
-5
3
2
-2
0
4
-2
3
-6
0
1
1
7
-1
-2
-8
-4
-5
-8
10
37
-27
-13
5
4
-28
6
-6
16
5
-11
-12
10
2
-5
2
-22
3
-2
-8
9
-3
4
-2
-4
-6
-4
8
10
2
15
-5
-7
-4
0
1
7
-12
-5
-5
11
3
1
11
7
-29
-13
2
-86
-5
-25
10
-34
-11
1
6
0
-6
5
-15
13
31
7
2
24
20
17
-6
7
-11
-6
-19
-21
-9
3
9
22
0
51
10
-35
3
0
-2
-6
-6
5
-2
8
2
-14
-4
1
-4
2
4
-24
3
11
1
6
-11
9
0
-10
11
8
-3
-17
-4
-4
-3
-3
4
5
11
-5
21
16
-1
-5
9
-12
2
-8
14
1
9
2
4
-1
11
8
-14
7
5
-4
-10
-14
1
0
2
-2
-1
-13
-2
-3
-1
7
-7
24
4
-23
4
6
4
-14
-6
5
3
-11
-2
-1
-79
-8
20
0
9
-35
-17
35
3
10
-12
13
6
11
17
13
3
-3
5
3
10
6
12
22
8
6
6
5
1
-4
-2
-3
1
10
-2
0
-4
-5
-10
-2
1
-7
3
5
-5
-2
3
2
7
-9
-12
-3
-3
5
-17
9
-3
-3
-19
-2
-11
-7
-7
0
0
1
-7
-9
-9
-10
-1
-13
-8
-4
6
13
-6
-1
-28
-40
8
8
-26
1
-12
0
-3
4
6
-14
2
-3
-6
10
-12
-6
0
-3
18
0
-4
26
8
14
4
2
-21
-6
3
-5
1
-2
1
5
-17
0
4
3
9
3
14
2
17
-2
7
12
9
-7
5
-2
-10
14
-6
17
-4
3
-2
1
9
8
-4
-71
6
-3
-29
9
14
7
2
26
-1
1
-10
-32
38
6
-1
9
3
4
-5
-5
11
7
6
25
13
-31
43
-9
-36
3
5
-5
6
-9
-3
7
19
9
37
15
-28
12
-3
-5
-3
-7
9
-5
-1
-16
-6
-12
10
-8
2
46
4
-32
-4
-4
8
-1
-1
-4
2
-8
0
-6
16
13
9
-11
1
3
5
-1
-7
-14
5
0
-11
-14
8
117
25
6
-3
4
2
-44
-54
-8
72
1
-3
1
-5
33
-14
0
5
-1
4
-35
13
-20
-5
3
13
25
-15
-42
-2
0
-2
22
1
6
15
12
-2
11
9
-4
-6
6
3
11
-7
-2
2
6
2
-5
0
3
3
3
-1
-8
-4
-1
3
-6
6
3
34
5
18
-11
8
-11
22
-7
8
11
-3
1
32
1
-63
6
5
2
2
15
14
-5
11
-5
13
-16
-26
10
-5
54
0
34
-21
-29
-51
-2
-6
-10
-4
37
17
3
-29
-11
-25
27
6
-50
-12
1
-2
0
-7
-27
0
3
-1
3
2
1
4
0
-2
4
-2
-11
-6
0
-6
5
0
4
0
-4
-7
13
4
0
-1
-1
4
11
-9
4
10
4
3
9
2
0
7
3
2
-3
0
4
2
-40
5
8
9
69
70
45
7
-113
-55
9
21
9
24
43
-4
-10
2
9
15
14
-8
30
69
11
-15
11
0
-24
33
25
5
-12
21
-1
3
-5
-75
-17
6
20
-20
0
-15
44
-1
-12
9
-6
-25
-17
24
-8
-3
28
107
6
-43
20
-8
24
-11
16
-9
1
14
-115
21
16
6
-39
-17
-21
-82
-6
4
87
7
-76
33
17
-19
12
2
10
12
0
9
-44
7
15
21
14
-3
33
-15
0
-19
14
4
26
44
-110
21
-12
0
-1
4
9
4
-39
-7
27
14
-1
9
6
-13
-35
-18
-6
-7
-27
11
0
-6
15
-3
-12
-34
13
7
7
-4
-12
-1
6
19
2
13
23
-5
8
4
-2
3
-2
7
-4
-4
-2
-2
-8
-5
-5
1
-10
-7
4
0
-9
-5
-2
-2
-18
-2
0
-8
-2
-8
7
57
-18
3
-17
8
-15
0
-83
-10
65
-17
-3
-3
-15
-15
-44
-48
-69
-7
5
15
-11
31
-34
6
43
3
40
-26
36
-46
7
11
6
21
-68
23
-2
-2
13
16
7
-127
-24
3
32
5
-60
-11
2
2
22
-17
-17
33
-16
-7
-16
-8
26
2
-19
-19
-6
-13
-15
39
-5
-11
9
4
36
-2
10
-35
15
14
5
-10
5
7
2
-9
0
8
9
-1
1
1
27
4
2
-10
-8
68
-5
-5
53
2
1
-32
88
43
-6
-2
-11
-2
-15
-14
11
78
-11
-10
4
-3
-38
-31
1
24
3
-3
3
-19
-41
-4
1
38
0
-1
3
13
-1
9
14
-15
2
9
-4
-8
7
7
-18
10
6
-4
-6
35
-5
-9
-12
31
-5
8
1
5
-8
1
8
-13
1
-1
-28
-7
15
-22
7
14
-1
-10
29
17
-16
-3
14
5
-9
101
4
-10
2
3
-12
1
0
-36
34
1
-2
-11
-3
7
-4
-9
8
4
-7
-3
4
0
5
4
-4
6
-4
0
-8
0
5
0
13
1
9
-6
-7
12
-7
-7
17
-9
-10
-5
1
-5
6
19
2
6
-3
-3
-2
0
8
6
30
-2
8
-9
-5
-13
-2
-3
18
-10
-9
6
-11
21
-1
16
-4
-6
-9
-6
14
2
-7
-8
45
1
-19
18
-9
50
16
-1
-6
-49
10
17
7
-45
0
-9
-10
-19
-18
-5
-16
-9
-17
-29
13
18
-45
15
-1
10
7
7
-23
0
57
-1
19
-92
3
-127
-11
-58
15
4
-8
8
28
36
-48
10
-1
12
-4
-35
-56
-1
-46
-8
-41
15
6
-42
-2
-3
0
-4
15
66
18
62
-14
-9
2
8
29
-27
-4
12
1
-5
51
22
-8
-1
-4
-38
-9
15
-3
-2
-5
-1
37
-8
1
9
27
-28
-16
-1
2
-1
-22
-10
17
-1
-73
-41
-13
22
-7
-8
-10
-14
-22
1
-24
-24
-2
-15
-20
33
-45
56
4
-5
-13
-5
15
6
-50
0
-6
10
-8
24
5
-17
0
1
-30
-20
17
15
9
-3
18
-10
1
-4
-3
-2
23
-2
4
-2
5
-7
4
0
3
2
1
1
0
5
5
1
-1
0
1
13
5
3
1
-15
2
15
17
0
-7
-6
-6
16
39
-3
-3
-2
16
2
-17
-5
-19
11
-3
8
-16
4
-1
3
-7
-35
15
8
-4
11
3
-4
7
17
20
14
-13
1
9
9
-12
30
-14
9
-3
7
-8
-14
-5
2
9
-1
-6
-1
7
-2
5
-8
-2
-2
-4
-3
-6
-2
-6
0
8
-5
3
-10
2
-3
2
-6
12
1
8
-5
2
1
25
-4
0
5
-4
0
3
-6
-22
6
6
-29
3
3
-6
-5
22
-18
15
-3
8
7
-3
7
-9
-9
1
5
2
29
0
1
-15
5
-24
32
8
-7
17
8
63
-69
-24
8
38
-30
17
9
10
7
18
8
15
21
6
7
-12
-1
4
-9
-1
-4
4
-3
18
0
-4
-2
0
4
5
8
-8
10
-2
-6
-10
1
-5
0
-2
4
-1
21
-11
19
14
2
-16
-26
-6
-7
8
27
2
15
4
-16
12
20
35
3
-7
2
-21
17
42
-17
-6
13
7
-1
-29
12
-17
-2
0
8
-27
-27
0
6
-1
-11
-10
-2
5
11
112
-3
-4
-2
2
5
-2
2
-5
3
3
1
4
-3
5
3
7
3
2
0
2
3
1
-1
-8
0
1
-14
4
25
12
-1
-17
-2
-13
17
-124
36
-1
9
2
-7
52
1
-1
32
-3
6
7
-1
20
3
-2
-35
-7
0
12
-17
-11
-6
-1
-1
-4
6
1
9
9
-8
-11
2
7
7
-17
2
0
-21
-12
14
11
1
42
-19
-28
12
23
-2
1
8
2
-7
-45
-19
7
7
-3
10
-2
80
-5
-4
-17
-13
-17
0
-56
10
-2
-33
35
82
6
-9
4
8
-8
9
16
-50
4
3
-17
-38
25
6
0
13
-6
-13
-68
6
-37
-31
-54
-13
-8
-5
-13
-8
13
15
-5
-36
-2
-17
-32
-19
-51
-10
10
5
-3
-3
7
-2
-2
4
-4
-5
1
-2
-1
1
1
-2
-3
1
2
-1
-4
3
-8
25
-49
17
9
0
-12
31
20
-16
67
3
-7
11
-11
1
-26
-73
15
116
-8
-16
8
39
63
-18
-2
6
-5
-5
-12
-3
-15
-2
-2
-1
3
-8
3
19
3
1
-15
1
1
0
-16
-3
1
-1
-7
-31
1
54
20
-6
13
16
6
8
-88
-21
75
-8
0
2
-27
-2
-6
-1
69
9
-7
2
-2
-11
-1
-2
-16
2
16
2
1
-6
-9
3
0
0
9
-2
-12
-3
10
-6
20
9
0
-43
37
-6
29
0
-33
-37
7
23
-10
-7
-1
7
7
1
11
20
-10
1
15
7
24
-3
-10
-9
3
-7
-5
0
-7
18
-7
-4
-5
21
5
4
-7
-2
-2
0
-10
6
9
-2
0
0
4
-14
0
1
12
13
17
5
-10
3
-16
23
22
52
18
-7
5
2
20
2
4
-23
-27
8
7
-4
-5
50
-12
3
-9
-26
23
14
4
21
3
10
6
-2
-11
21
-10
1
-11
10
7
-2
11
-7
1
5
3
7
-8
-6
1
2
5
-10
-10
-13
4
2
0
-3
-23
-1
4
-1
-17
-1
-6
-1
-1
14
-14
0
17
1
-14
0
-13
13
4
-21
-10
-3
0
7
28
14
-3
14
-14
-11
-23
2
3
2
1
0
-5
-2
-3
3
1
1
10
4
-20
-3
-2
-5
-14
-3
-1
0
-6
-1
-4
-13
-7
16
4
4
57
-3
-14
-6
4
1
-2
0
-1
-1
7
-5
-3
11
1
-3
-5
3
-15
17
-5
-105
13
6
22
29
24
-60
-53
106
9
-6
5
11
-8
-12
33
27
14
2
-5
-18
-3
-8
1
-6
-3
-10
-17
-21
3
-2
5
-5
-15
9
-10
-3
7
1
-26
-1
2
0
42
-7
11
-16
27
-14
100
-1
-49
-25
-37
9
22
-14
4
2
7
9
14
-1
-59
11
8
21
-28
15
-103
-14
-2
8
8
1
0
-4
-1
-1
-11
1
-8
-6
-5
-2
-16
-8
-13
13
-2
1
0
-2
2
27
3
0
-49
2
-4
-7
13
24
-120
-38
2
-1
1
9
84
29
11
-18
9
-6
-7
-20
-4
28
5
-9
-10
-10
6
19
-18
13
-13
23
-12
8
-8
0
-4
-7
38
4
7
11
16
2
21
-11
10
-29
-1
-20
-30
-2
-8
-59
8
-7
-56
38
96
-5
3
4
3
-5
-127
108
25
-1
15
-13
3
31
2
35
-20
14
-2
-7
-19
25
-1
1
27
11
0
1
-1
-1
3
2
-37
-3
-7
14
-4
7
-11
0
28
-18
-13
4
9
-23
6
-8
2
13
4
-1
-24
5
-6
4
4
14
-5
3
2
-3
3
8
1
-2
1
2
6
6
6
3
-2
3
0
0
-6
8
2
-1
-11
6
2
0
-1
-3
-7
-3
6
-9
-10
-4
3
-6
-4
-3
-3
1
4
-5
-12
-3
1
1
-11
9
-24
0
-1
-9
2
0
-1
-9
2
2
1
-4
5
-8
-3
-1
3
2
-9
-2
3
4
-13
-6
1
0
1
-8
1
1
-23
7
19
3
12
1
-17
1
7
3
-1
-2
-5
0
10
1
22
2
-3
-5
4
17
-15
4
-7
-23
-2
14
18
3
-3
-9
10
-2
-23
17
4
-4
-10
1
-5
-22
-1
-9
0
0
5
14
-4
-6
-7
6
-6
6
25
9
-16
3
4
3
-20
4
1
-3
-20
-7
-7
-13
0
0
-6
8
-2
-7
13
1
9
-8
6
-3
10
24
12
-4
-18
0
-11
1
-9
8
2
27
-12
14
-8
-7
29
25
7
-9
26
-45
-12
-8
-16
-4
7
4
29
-5
-14
-20
-29
-1
31
3
11
13
-21
2
-10
-23
-6
7
0
5
8
0
11
-2
-9
3
-9
11
5
13
-4
1
9
7
8
4
9
22
10
9
-2
-4
-16
16
10
10
-17
-13
-7
-6
8
6
-3
5
9
6
15
1
0
5
1
-5
-8
1
1
-1
0
-2
3
2
-4
-5
-1
0
-4
-3
0
-4
-3
-3
-4
2
4
8
4
5
16
21
-32
-10
5
-18
-6
10
0
16
2
8
47
-1
-1
10
22
-18
-19
15
-20
-5
9
2
-19
-2
31
7
75
9
1
3
3
5
-44
-63
-8
12
-1
2
1
42
-3
11
-4
-4
7
2
1
4
9
0
-8
10
2
12
2
-5
17
6
12
10
0
1
11
2
8
-23
-10
31
-34
-2
8
26
-40
-16
1
12
-3
14
-3
37
-10
17
31
11
12
9
14
-24
-51
-9
-4
-7
-5
-2
10
11
21
-1
-3
-24
3
-3
-6
-4
6
-7
-6
7
-1
1
0
-1
-2
-6
2
-10
-5
-4
6
-11
7
4
3
-10
11
-3
-22
-8
-1
-3
-3
0
0
11
-3
-2
1
-6
-7
1
5
-11
2
3
-3
0
8
-8
-6
8
-4
2
-3
-1
-14
7
4
-3
30
-5
-7
-9
3
-2
3
-7
10
-9
8
-8
-39
-6
5
-1
-1
7
2
-7
-8
9
-3
4
7
-24
-26
3
4
-3
-7
1
-4
6
8
-4
2
-3
-1
-1
-1
-3
7
-6
8
-1
-1
1
-4
8
-8
-11
3
8
-7
2
6
-13
-10
-4
6
5
-4
2
1
5
-6
-3
-7
-6
-2
-6
7
-6
-10
-8
12
30
-12
-10
-2
-34
-5
30
41
-25
0
-6
-9
-10
-35
-11
-4
28
-13
-11
-4
-16
-5
42
-1
19
-27
-15
-5
-5
6
6
-3
16
-14
13
15
15
7
-3
-5
-10
0
1
66
0
-14
-10
4
-4
2
-12
-4
17
3
-5
-2
5
-7
4
11
-9
3
-1
-10
4
7
1
-23
-7
1
16
0
-21
4
-9
-1
2
1
-6
-5
-16
-5
3
-10
-2
-1
7
15
-4
-9
-2
12
-3
10
-44
-12
-68
31
-7
71
-56
-8
-6
14
31
-5
-1
-3
11
-6
3
-6
15
0
8
-24
-14
-31
5
-1
1
5
-1
2
3
7
1
0
6
3
4
2
-2
1
0
5
3
-2
0
0
5
5
1
-5
21
5
6
-2
0
-23
4
33
6
6
17
7
-7
-8
13
14
27
3
11
6
-25
-1
-10
-11
-5
3
5
-61
-3
36
-1
3
18
3
-2
1
18
7
9
9
4
-2
-12
22
-2
12
57
8
-99
31
1
-13
-12
112
-110
-12
46
-2
-16
-4
-12
-15
-5
-46
-11
-2
-6
-20
11
42
-3
8
30
9
-4
71
13
-3
4
2
-22
-8
2
-5
1
-3
-3
26
30
2
5
26
7
8
10
-5
21
1
-9
93
25
37
-20
58
-17
-7
-9
-13
-19
-47
-10
-9
-33
-7
-23
4
18
-72
19
4
-10
-2
9
-42
61
42
-6
3
-4
15
12
5
-17
1
0
-12
-10
14
-11
50
10
3
1
1
-10
5
7
3
-8
8
3
3
-1
-7
-2
1
-8
0
-1
9
-5
-5
0
-8
0
0
2
-4
-8
15
-5
6
1
-14
-4
13
15
-9
4
-1
-2
-4
1
-12
17
6
5
11
-2
-10
50
12
2
19
7
96
-8
23
-9
8
19
9
-8
6
-3
-39
-17
-17
-12
-16
-1
35
5
-13
12
-2
4
0
34
3
-2
2
2
0
4
-35
8
-2
-6
-2
0
-19
-4
-6
15
-28
3
-3
30
29
-6
30
2
37
-21
36
28
24
-20
3
-3
4
-8
2
16
29
-23
-5
-7
-10
-9
50
-1
-2
0
4
2
1
-2
0
1
-2
2
-7
-6
2
2
4
-1
-10
4
0
-5
-13
-5
6
0
7
-1
1
3
-5
-2
2
3
5
-16
11
-5
-15
-9
5
0
-3
1
2
4
-21
0
-7
0
-3
-3
0
-8
6
-10
4
-1
4
3
3
-3
13
1
-1
0
-21
4
2
-9
-19
3
7
-18
8
7
-6
127
2
-5
-8
-32
6
4
-52
34
-75
14
7
1
-3
3
11
36
22
1
12
0
-6
-29
-1
-46
8
-9
21
9
5
12
109
-6
-30
-6
3
3
3
-1
-5
44
121
10
-1
29
-3
21
-8
-5
-25
-10
-32
-4
21
3
-3
-18
-1
116
18
3
2
-18
-12
-3
11
-7
-23
5
-6
-43
3
-2
43
-24
-91
17
16
20
1
-4
3
-2
13
-2
-3
26
13
17
-31
3
27
7
7
-8
4
-10
-16
-5
8
-1
12
-7
-10
-11
18
16
7
4
-21
-1
2
1
1
9
-8
-11
1
5
4
3
-5
-4
-7
0
3
-7
6
-7
-5
11
0
-3
-17
1
4
-4
-11
-1
-5
11
4
-6
4
1
3
3
2
2
6
-1
-1
5
6
5
7
3
7
-4
7
4
-2
6
6
8
-1
15
-1
32
-2
-14
13
2
9
3
-1
-5
-22
-18
-10
0
2
0
-3
11
-39
3
-21
6
-10
0
-45
-2
28
-49
-12
-15
-5
3
14
7
2
3
13
-5
-45
18
3
20
7
8
20
9
-5
9
3
-11
-8
-2
7
3
-2
-13
19
-6
1
-9
4
-2
-17
-3
-5
-7
-30
1
4
11
-6
22
3
-6
-16
-21
-9
17
-5
3
6
2
0
-3
3
43
-17
-7
-5
-3
-6
11
6
-4
0
9
-3
5
-6
-3
-3
2
8
-11
-19
0
15
10
3
3
-10
-6
5
-4
-1
-1
-3
-9
0
1
-4
-4
62
17
-17
30
-10
-2
-4
-3
-8
-10
2
-13
37
16
0
-4
1
5
9
14
2
-3
12
-29
-4
34
17
3
-18
17
0
2
13
-14
4
-1
36
7
-20
17
27
-3
27
1
7
0
7
1
-8
-12
-2
8
17
-7
2
-1
-10
14
4
4
-13
-8
0
2
4
5
-9
-13
4
5
4
-3
-1
-2
-8
0
3
-3
5
-10
5
4
0
0
-1
-6
-5
2
-11
2
-4
13
-2
-30
-8
-7
69
4
61
-21
-43
-14
-2
9
-5
9
-6
-16
-11
-3
6
2
-4
7
-24
10
5
-2
-5
13
1
0
-5
5
-14
12
-6
74
-2
22
4
2
0
-11
-20
-32
-12
-9
-8
-6
5
4
-15
3
-65
-22
-11
-7
-40
1
3
-2
5
3
19
-37
3
10
-2
-5
-6
32
15
4
1
1
2
12
10
-6
-4
2
-2
10
-2
-1
-10
-3
-3
1
-10
4
0
-4
-6
1
1
9
11
-16
-39
-4
13
20
30
-92
-33
24
-5
-5
-6
1
22
6
-7
28
12
-9
-6
-6
-31
35
10
27
-4
3
13
-1
-35
2
-22
46
6
8
12
-15
6
4
32
16
-4
10
46
-1
1
-1
21
8
-16
-1
-24
11
-40
-21
2
20
-6
-2
2
-13
11
-4
2
-11
-14
13
-8
12
-37
7
1
-7
-4
1
-29
21
-30
-6
-2
35
-5
2
2
3
-10
-5
32
-10
-7
-7
23
-2
15
2
-11
-10
-42
-2
41
-13
24
-22
-8
-2
-4
-16
-9
-1
-5
4
-15
-10
-6
-23
-11
-6
16
21
13
-34
-17
-1
61
47
18
-9
20
-23
3
-1
12
27
-7
-6
22
9
-10
0
13
1
36
12
7
22
16
-8
21
23
-3
7
-18
19
-27
14
45
-15
-5
4
23
-1
-16
-18
26
-2
25
-12
-3
11
-4
4
-15
-6
-17
-3
6
1
1
-7
-3
16
1
1
-22
2
4
-1
-17
-6
8
-4
1
3
-1
-1
-3
-5
-3
-2
-2
-4
-1
-2
-2
3
1
2
-12
-1
0
-1
-2
-2
-4
-4
8
4
-3
0
-2
-7
0
1
2
-19
-1
-11
15
-7
3
0
-6
-2
4
-2
-26
-1
-3
-2
6
55
35
-10
-21
29
-24
2
-8
95
-10
-11
-13
-2
16
6
-26
-11
3
-11
-6
-2
5
-34
2
-2
31
-3
54
9
-37
-3
6
-16
-4
-18
-8
29
-9
-15
12
13
-8
9
18
1
19
-5
-38
34
25
-4
97
31
13
13
-13
-9
-5
-8
-12
-10
-2
-13
2
5
-10
-2
9
4
18
-8
1
6
2
13
-13
1
-2
-2
3
-8
-5
-1
7
1
-3
-1
-7
-2
2
-12
-15
-3
-6
-4
-3
53
-14
5
-16
-21
4
1
-65
21
-2
5
1
7
30
-87
3
-1
9
9
8
112
-8
7
22
-25
-5
5
29
16
-1
4
58
-50
4
5
6
-2
-61
-98
-14
27
-2
5
-7
122
21
3
-4
-8
-4
0
-1
-5
-18
1
3
-4
0
4
6
16
7
5
-6
-2
8
12
0
-6
18
-1
4
10
-4
0
-4
0
-5
2
1
-14
-2
-6
-2
4
3
2
-2
-16
-7
-7
-3
-4
1
0
0
52
-6
5
-1
-33
58
55
-55
-25
3
9
2
6
27
-1
23
16
1
3
6
-6
-34
-5
0
-9
9
4
6
-2
2
-2
1
-1
-13
-10
7
1
1
0
-7
1
4
0
-4
2
-4
2
25
-16
-8
1
28
5
7
-4
-9
21
-2
3
2
-5
8
-5
-6
-16
-16
2
-4
11
-11
53
-5
11
-3
-1
-5
-15
-20
0
-12
10
-4
-31
1
-10
0
-3
-5
10
8
26
23
-7
12
-4
-11
49
0
-6
27
-34
-50
-1
12
-12
-6
-8
-8
-15
21
-12
-25
36
-11
11
-22
-23
-10
2
-1
0
11
1
-4
2
3
1
5
-8
0
2
3
7
5
2
-5
-3
2
-1
2
2
8
0
6
30
-8
-5
-1
-5
-17
1
4
6
-3
-4
-2
4
14
-61
-4
-23
-8
-5
-1
-30
19
13
-7
-5
-3
1
-29
-23
11
8
9
-7
-3
-15
0
3
-3
2
14
5
-10
12
-4
-4
-3
-83
-11
30
-18
1
-38
12
127
1
-9
-46
-1
46
7
-127
6
3
28
12
7
-2
8
6
26
12
-4
34
19
5
2
20
-17
12
-16
-10
1
-10
8
-13
-3
-8
37
-6
5
8
-70
3
7
-9
22
-31
-18
6
-43
-6
0
8
7
26
4
-5
6
-8
6
14
-5
0
17
-8
-9
30
0
19
-5
10
-7
-5
-10
4
6
1
-8
4
-6
-12
29
-6
-3
-2
18
5
4
1
-9
15
-19
-2
-1
-11
18
4
-6
15
-4
-3
7
14
3
-5
-1
8
13
-60
9
28
8
-6
2
52
13
13
4
0
0
9
38
-3
10
4
-8
6
1
-22
-4
-24
-18
-2
34
14
-3
20
46
-12
-13
5
-36
-11
2
-3
118
9
74
-127
-78
90
-4
0
-8
7
26
-9
-4
32
8
-3
-7
-8
0
4
-5
4
-1
26
-28
8
-8
-6
9
13
-16
-20
-26
4
-2
-12
-20
-13
11
9
82
4
-1
-3
0
4
-1
0
-8
1
-3
1
-1
-1
11
3
2
2
-1
2
3
-2
-5
-6
-8
-2
0
1
-8
3
11
3
-12
-7
18
9
2
22
-2
5
7
-3
1
3
-13
-6
-7
-1
-2
-13
4
-6
-20
24
-21
-2
-8
-4
-16
4
15
-1
0
1
0
-15
-48
-9
-3
16
-14
-4
12
39
7
-14
4
0
7
-9
9
-20
-35
-11
-5
6
-15
-13
-15
-21
2
-5
10
16
-1
-6
-9
2
-8
-3
5
4
-1
-1
2
-5
16
-1
-16
17
-3
-1
-4
-1
8
-2
7
-1
1
-2
-1
-1
4
12
9
43
32
8
-48
-41
-20
-2
-8
11
4
9
4
-4
-11
10
22
24
-2
-3
25
-1
-55
-3
-1
11
-7
5
8
0
-7
-1
12
-14
21
-10
-27
0
8
4
7
1
3
33
-33
2
-13
-4
-8
-13
16
3
-23
8
-2
-2
1
4
10
-1
11
3
-1
-6
24
-5
-10
-2
19
5
0
30
6
-6
-52
6
-98
13
-34
14
14
-35
13
-1
16
67
-9
20
-127
27
13
22
-54
30
-23
24
-3
9
-4
1
-9
-2
11
5
12
-17
6
-7
3
-1
10
6
0
-4
1
-1
-26
3
1
0
-3
15
-1
3
-18
0
3
2
-1
-1
33
-2
-22
-1
-2
1
-7
-5
-5
-15
-47
2
10
-8
-6
12
1
3
-43
-4
-14
-15
11
28
4
7
6
8
-39
-9
4
-5
3
11
2
-26
4
2
0
16
2
-15
-22
2
29
2
5
-8
-1
-27
30
-11
-10
-4
17
9
-1
13
-40
2
-10
1
0
-8
1
-5
3
5
-6
-6
-2
0
4
-8
-1
-2
4
3
-5
1
3
2
0
-2
-7
-17
0
-12
-12
8
-46
-12
-10
-22
24
-2
12
3
13
4
16
18
15
19
-7
-5
4
9
-1
25
-11
-33
6
6
-5
-5
40
2
-3
25
59
-26
-17
-17
-1
2
3
3
-19
2
35
6
-6
26
15
-92
16
0
13
13
37
-39
-17
66
-1
-9
0
2
-29
-9
-6
32
9
-4
-7
21
39
-3
4
12
0
24
11
-1
-4
-7
-9
-2
44
18
-33
1
-2
-6
-8
1
4
-1
-53
-9
-2
-7
2
0
-1
-4
5
-7
-4
4
7
-4
1
-6
9
4
-4
1
-6
2
-1
1
-8
1
-4
-10
-4
-11
4
-4
-13
5
5
-1
0
-6
-4
-16
-7
6
1
6
-5
3
6
13
-3
2
-4
-21
6
6
1
-1
15
-10
-14
-5
4
46
1
2
1
14
7
7
5
12
15
-8
6
-13
-24
-26
5
-31
7
1
-28
24
51
5
-16
-32
3
1
3
3
2
0
16
-6
9
-5
22
-10
-3
-7
0
6
-3
8
0
-8
-6
0
3
-14
-12
-2
3
3
1
0
-14
-6
6
0
-2
1
-7
0
3
10
-1
3
10
-7
-6
0
5
15
4
12
4
5
0
2
12
3
-1
4
11
-2
-1
21
6
2
-39
8
-36
1
-25
-1
21
7
5
13
11
11
17
19
8
-10
14
7
4
-6
-10
-21
-4
-10
-5
-7
-2
9
-15
-3
1
6
5
6
-3
14
3
2
-21
0
8
3
16
-2
1
-9
-4
-3
-8
-1
1
3
4
0
-2
-7
1
-7
1
3
-4
1
-14
-3
1
-3
-7
-7
9
15
23
-19
-16
1
5
-41
47
-4
-108
-14
-1
5
0
8
39
38
15
18
6
-2
-7
-9
-19
3
5
0
2
-22
8
1
16
-6
15
-17
-20
-11
15
8
5
0
18
-7
7
27
35
5
5
-11
-15
23
-1
1
14
-27
-41
8
7
-18
5
-25
-3
-4
8
11
4
-8
-3
7
-10
6
24
12
0
-16
-1
1
-10
-1
10
4
-2
16
-7
13
-11
1
3
3
2
-3
-20
18
10
3
9
-13
10
37
3
-5
-73
10
66
-1
-17
30
-6
-17
0
33
-7
2
25
8
-3
-25
7
6
14
-10
2
39
-2
3
37
-28
7
16
85
18
4
7
2
3
-127
-14
-44
52
4
23
-27
-40
13
-7
-3
1
3
-13
-7
-2
-7
-4
2
19
-4
22
1
4
-2
1
-16
3
1
-10
5
4
4
20
5
5
4
0
23
13
18
-1
-8
5
12
-1
-7
-8
3
-5
10
7
-4
3
-50
10
3
14
14
18
-17
-5
2
13
-6
10
-34
-43
-1
-1
-7
0
3
5
11
-38
-9
-11
10
0
53
4
-2
-26
-12
2
-12
-16
-3
11
64
13
4
6
4
10
-55
-45
-6
19
1
2
-9
56
24
-8
-2
3
1
-6
-12
-3
-4
-2
1
2
4
-1
3
-2
-2
3
-8
-2
3
-4
-7
-2
1
-5
9
-14
12
-21
-28
-9
-21
-11
-2
-6
127
25
-107
-10
8
2
-22
-13
-92
11
-59
-6
7
-19
-7
-4
-6
-8
-37
10
6
9
-4
9
6
13
-4
7
-6
0
-3
3
-1
-3
17
0
8
-20
-5
-3
-2
-5
1
-25
-13
6
-55
15
-5
-3
-3
-7
18
35
-16
8
7
-5
-1
-14
-17
-9
7
-3
7
6
-3
-3
-2
4
4
7
-7
-8
9
-5
-5
-3
6
-3
-3
-5
5
3
0
7
-9
-41
9
5
42
-10
31
-80
-18
110
3
8
11
9
-23
-3
-26
41
14
29
-9
1
31
-10
21
-21
-32
4
-68
6
-39
-7
-44
12
5
-11
2
-2
-9
-6
16
-20
9
-10
-11
-6
11
-15
-2
16
1
-3
-12
9
7
1
-6
29
-1
37
-2
16
-8
2
13
9
0
-17
34
1
-15
-10
-4
-2
1
4
6
-4
-8
-3
1
4
-3
0
-3
0
0
3
-13
-3
5
-6
-3
-3
1
-3
-2
-6
-5
4
16
-1
3
0
-9
4
17
17
-16
14
-6
3
18
5
-2
18
11
-12
8
18
21
95
4
-3
15
-11
77
-10
-89
-127
1
-3
0
21
-33
-127
-51
-13
4
9
-6
-16
-58
-24
-8
28
7
1
-49
-31
-35
-14
-40
15
-2
7
6
-17
52
-18
-2
8
-9
20
-18
-1
12
36
7
34
3
0
34
9
71
69
-28
94
-1
-10
-13
-5
-8
0
4
38
11
-15
-18
-2
8
30
13
1
-3
5
-21
16
9
-7
-6
31
1
3
7
-10
-3
14
13
-1
-5
-3
-6
-19
29
-11
0
7
3
-2
15
-15
-10
5
-1
-9
-14
3
-12
0
-6
-4
8
-3
1
3
35
-11
-20
6
22
-25
8
-21
-44
30
55
-21
13
-4
-15
6
-6
-3
-13
6
-1
-8
2
7
40
19
28
4
0
9
-4
1
-17
11
-15
-7
-13
13
-20
-18
65
-3
-2
-2
12
7
10
-1
2
1
-9
-5
-8
-18
9
4
5
-9
-8
4
6
2
-3
-4
0
8
8
7
-10
10
4
6
-6
-6
2
16
2
3
-12
2
-11
0
3
1
4
1
1
5
4
-4
-1
2
-5
-1
4
-3
-6
5
17
-7
-8
-26
-12
0
-17
-3
12
3
19
28
-12
-3
-1
0
-29
-10
-6
1
-12
-9
-9
1
8
20
17
16
25
-2
56
1
2
6
11
0
5
3
-1
-13
2
7
-5
-18
11
-15
41
10
19
36
3
31
-9
15
-61
63
44
-3
-15
9
17
14
23
-9
-3
3
12
-13
-6
4
-10
-8
-26
-2
-1
-7
-2
6
12
-6
8
2
8
-3
-14
-8
24
2
0
5
-5
-2
2
-7
-14
5
5
-9
0
6
4
-6
-5
-4
-4
2
11
-10
14
-2
-3
6
-1
2
-4
-2
3
-6
6
0
-7
-2
8
45
-16
7
-70
-11
-1
30
-72
-79
6
0
7
-8
58
62
-8
55
-4
-6
41
-101
-3
6
3
-8
-2
-3
-12
3
3
-1
6
-1
1
2
-6
1
2
0
1
-7
2
1
17
5
1
4
2
-1
-1
1
-7
-2
2
3
4
-3
-2
1
3
0
3
2
-1
-6
1
-4
4
2
3
17
-37
-6
29
0
-38
14
6
-14
7
-6
0
-1
1
3
14
83
9
-16
0
-2
-1
-73
29
-2
6
10
1
-1
-1
-1
27
-2
-2
-4
-8
8
-19
18
-7
-5
8
-8
8
23
70
6
-17
8
-3
-11
3
1
-31
-2
27
5
9
-42
5
-1
2
11
20
3
-10
3
-3
1
-2
1
-6
-5
5
3
5
-3
-45
1
28
-5
-4
11
0
-10
6
-11
4
-2
-1
-10
-11
1
-12
-3
0
4
-3
-7
3
17
-11
6
-2
-4
2
0
24
42
-46
4
-11
-2
1
0
0
-15
16
7
3
-20
9
24
-24
1
76
58
-30
5
-22
19
6
-10
6
5
1
1
8
-4
22
3
33
19
-21
11
8
-10
5
-6
0
0
-17
-9
39
33
0
5
4
0
32
9
-10
-38
-1
3
-1
-37
36
-13
8
12
16
9
0
-6
-7
10
30
-6
-33
-20
22
-2
4
2
-2
-15
2
-7
3
5
2
2
25
6
-11
0
-43
18
-5
21
31
30
2
4
7
-2
-5
5
-4
6
9
2
-4
8
18
-11
-9
-21
24
-1
-35
-34
-17
-5
22
11
-2
17
4
-10
21
6
30
-9
-1
9
17
-6
-26
-23
-3
-33
9
3
49
8
-20
24
-7
-10
9
-5
-10
10
-5
-4
-6
3
22
20
50
-9
22
-3
-2
127
-10
7
-19
12
-30
49
13
-19
7
13
9
14
13
-24
22
32
-5
8
35
-1
-12
-2
2
-4
-3
-7
0
3
-7
-5
3
3
0
-11
-6
-9
1
4
-8
-2
5
1
3
-6
-3
27
3
-23
9
-13
-33
30
89
-11
-3
-26
-18
11
-22
-54
14
2
-23
-12
2
-4
22
27
-10
13
-12
-13
-8
-1
-6
-1
12
3
1
32
-1
-10
-9
-5
-3
-4
9
1
0
31
127
-5
-9
-17
8
11
-11
3
-4
6
4
5
-47
68
6
-12
10
0
65
-38
-5
-34
-4
5
-10
43
-34
-10
-2
3
6
4
-5
1
-6
-1
3
-2
-13
-3
9
2
0
-1
-1
-1
4
-5
-5
-1
-2
-9
-4
6
-4
1
-2
-1
-8
-3
-3
-1
-6
1
-1
8
-3
-3
-17
3
4
-3
7
-3
0
3
-6
6
-3
3
14
7
2
2
7
-15
1
-10
-3
11
-2
-1
-4
2
5
13
9
-12
3
-1
0
-16
15
-4
15
5
0
0
6
17
-6
7
-6
-6
-8
-2
7
13
2
8
30
0
-4
-18
7
15
37
0
40
-18
-4
-6
28
-35
4
-3
-2
-12
-28
20
9
10
-15
-14
7
-19
-50
12
-1
-20
7
-10
-17
-1
-5
-1
-5
21
-13
15
-14
9
-2
-1
-5
-3
9
26
37
5
-17
-5
9
71
-13
2
6
7
-19
7
-28
6
6
8
11
2
-26
-8
4
-15
5
7
-13
-21
-14
11
5
5
8
-12
18
9
4
-11
-9
10
4
-7
23
-14
-10
-5
16
5
-7
4
16
9
11
18
-4
-29
23
-5
-95
49
10
-11
39
9
-2
-19
-5
9
24
29
-12
-62
-1
-13
-5
33
59
41
22
34
1
3
19
20
41
-18
-11
-25
2
8
0
-47
-7
-5
4
-5
8
-11
22
-4
-13
-12
-3
9
34
0
19
7
-62
18
17
0
4
0
10
-5
-16
-14
9
-37
-6
7
-13
12
41
-3
1
30
10
3
65
-9
13
-34
97
42
6
5
8
15
17
20
-7
-23
12
16
-3
-13
4
3
-2
20
-24
2
11
-26
-6
-6
-1
17
-2
-7
-1
9
10
1
-11
-8
-10
-5
-4
-3
1
3
3
-2
-2
4
10
4
5
5
7
-4
5
4
8
3
3
3
6
0
6
2
-3
7
6
12
-1
4
-2
-1
7
-11
0
6
16
-15
-9
2
-2
7
9
0
-4
1
1
-1
2
-4
6
12
5
-20
7
-17
-4
29
28
4
-13
13
-13
-4
-3
-20
-17
-5
35
0
8
4
69
-6
-6
-6
0
9
14
-39
14
8
6
-5
-7
-15
-5
2
36
4
-4
-5
12
7
7
-10
72
1
13
3
-8
-23
-7
5
-26
-13
-9
2
-47
16
5
2
4
14
55
4
1
7
6
9
-1
-22
10
-14
11
22
5
-13
-127
-4
-66
-9
-8
-4
-20
-2
-16
-18
20
-5
-13
127
-24
-14
4
-47
13
12
-3
-2
-25
2
24
12
-24
-20
-76
-4
-5
6
-6
-17
85
-7
33
-18
-4
-8
9
20
-4
8
3
3
0
14
3
-14
-8
8
-9
-4
-19
3
16
-12
0
-4
-33
-3
0
-10
-53
-2
12
-49
0
14
5
5
-45
15
72
-3
-11
49
1
23
-1
-1
-7
11
28
3
-13
-18
21
-5
4
-1
-3
-15
-2
-3
14
-9
10
3
5
-14
-13
-7
10
-16
-8
-6
2
3
3
11
16
3
-9
-12
-7
16
1
-1
36
12
4
5
-21
20
-2
2
-4
4
-8
-5
2
2
1
1
23
-20
2
26
-7
8
32
-1
70
-48
-39
3
6
-4
-2
-3
0
-12
10
14
-35
-11
-9
11
-20
11
1
2
-17
41
-17
-4
1
-28
23
-3
3
88
-7
-10
-7
-8
-10
30
25
-20
-15
-22
-1
-5
127
88
6
2
18
-7
-79
1
102
-13
10
-18
-14
-12
-13
-56
3
-2
4
-19
7
-8
4
14
12
-4
-7
6
1
3
4
2
-5
-1
4
-13
0
-6
5
11
-3
-6
-8
3
3
0
13
-11
4
22
4
67
28
-7
-32
-9
44
-12
-36
8
-13
-1
-13
6
8
-5
-24
-17
-13
3
-21
34
40
20
16
56
10
1
29
3
-15
-34
-23
-7
0
4
-2
1
42
-20
29
8
-7
-4
-2
4
-18
-1
6
1
2
-7
-19
-8
-1
0
12
-13
27
-6
0
1
-3
2
-13
-5
4
-12
-19
1
-14
-4
-3
-9
3
-1
5
-5
-10
-3
4
2
0
-2
-4
6
1
-2
-11
15
5
-3
-6
-5
-5
-22
-108
24
39
-1
33
65
-44
13
-14
-68
1
9
-8
1
-5
-13
24
12
3
1
0
-17
12
9
17
13
-26
0
52
10
13
20
49
8
2
-5
-1
2
-43
69
9
22
-2
-12
10
-87
8
11
-1
115
13
-4
-19
-5
-1
14
11
10
-1
6
-3
-2
-15
9
-14
-90
-1
17
-10
17
-1
0
1
32
1
6
-2
21
23
13
-32
-33
3
20
3
15
12
-8
36
-35
-1
9
17
-30
-2
-9
1
7
-5
9
-12
-2
4
-3
3
5
2
0
-4
5
-1
4
-6
-3
-4
-9
-10
1
2
127
9
0
10
4
-35
-30
-7
9
9
27
-4
29
3
-24
8
4
-15
-5
5
13
-17
8
-16
-11
-4
2
-4
-2
3
2
-21
-2
-1
-17
-11
8
-15
7
-2
-5
-26
-13
16
-2
78
0
-8
-28
10
0
-13
6
89
-92
-104
2
-11
34
11
-6
17
-4
-16
-14
-8
22
13
15
-5
-22
-38
1
-8
-18
0
-14
9
-1
-11
0
6
8
-2
7
-2
3
-3
2
-3
-6
-8
16
30
-3
2
-7
-2
0
6
-1
-3
3
5
2
5
-4
19
13
-18
2
2
-3
-5
-4
1
-9
-7
3
1
-2
-2
-2
6
7
-5
-7
2
4
3
-3
-14
-9
6
-6
-4
-1
-17
6
6
4
-22
1
-1
-9
2
-3
4
7
3
22
13
4
-8
-2
-6
6
1
-4
2
3
-13
4
6
6
8
-2
-7
