MODEL : efficientnetv2b0_int8.tflite
OP #41: CONV_2D

=== IFM ===
name    : efficientnetv2-b0/block4a_se_reduce/mul_1
index   : 237
shape   : [1, 1, 1, 12]
dtype   : <class 'numpy.int8'>
quant   : {'scales': [0.04936518892645836], 'zero_points': [-125], 'axis': 0, 'scale_tuple': 0.04936518892645836, 'zp_tuple': -125}
values(int):
[[[[-127 -125 -125 -127 -127 -128 -126 -127 -126 -127  117 -127]]]]

=== WEIGHTS ===
name    : efficientnetv2-b0/block4a_se_expand/Conv2D
index   : 167
shape   : [192, 1, 1, 12]
dtype   : <class 'numpy.int8'>
quant   : {'scales': [0.001986344112083316, 0.0009695063927210867, 0.0007648034952580929, 0.0005183257744647563, 0.001402116846293211, 0.000432663771789521, 0.0010152111062780023, 0.0003774235083255917, 0.003975737374275923, 0.0007034951122477651, 0.0009350342443212867, 0.000889368006028235, 0.0003728021983988583, 0.0004266161995474249, 0.0005195049452595413, 0.005264779087156057, 0.00038670943467877805, 0.0013720326824113727, 0.001985034206882119, 0.0008989053894765675, 0.0007480132044292986, 0.0041159214451909065, 0.000743769749533385, 0.0015008613700047135, 0.0005303568323142827, 0.0005848694709129632, 0.0006241672672331333, 0.0018139912281185389, 0.000988901243545115, 0.0011735380394384265, 0.0005136988474987447, 0.0015893137315288186, 0.0007456044550053775, 8.358871127711609e-05, 0.0008923065615817904, 0.0011225978378206491, 0.0026410480495542288, 0.0011303803185001016, 0.0005732462159357965, 0.001202319748699665, 0.005285239778459072, 0.0011300715850666165, 0.0013001697370782495, 0.0006959358579479158, 0.0013452881248667836, 0.00022878281015437096, 0.0003846211184281856, 0.0006397672696039081, 0.0012055743718519807, 0.000470594794023782, 0.0010081544751301408, 0.0008396085468120873, 0.0028993706218898296, 0.0006114542484283447, 0.0010987883433699608, 0.004125535953789949, 0.0005896115908399224, 0.00044304566108621657, 0.0006775922956876457, 0.0005589337670244277, 0.0007700310088694096, 0.0008041179389692843, 0.00033132793032564223, 0.000585957255680114, 0.0012753299670293927, 0.0005205720663070679, 0.00044603063724935055, 0.0011614087270572782, 0.0014830518048256636, 0.000657528406009078, 0.0044567943550646305, 0.00040226048440672457, 0.0007159017841331661, 0.0005180318257771432, 0.001258157310076058, 0.0033107006456702948, 0.004754526540637016, 0.0012135774595662951, 0.001547579886391759, 0.0008876543724909425, 0.0009163750801235437, 0.002916349098086357, 0.0007935421308502555, 0.0008423877297900617, 0.00543137826025486, 0.0036487628240138292, 0.00029051958699710667, 0.0007023877114988863, 0.0007775331614539027, 0.0008359986823052168, 0.0008009913726709783, 0.000763390155043453, 0.0017811092548072338, 0.0038808879908174276, 0.0007131478632800281, 0.0007481143693439662, 0.0005002643447369337, 0.001004424411803484, 0.0009315002826042473, 0.0006356036174111068, 0.0004157020302955061, 0.0008041385444812477, 0.003085641423240304, 0.0009611746645532548, 0.00023913747281767428, 0.001156426384113729, 0.00023413643066305667, 0.0012908021453768015, 0.0006650205468758941, 0.0013648229651153088, 0.0007588463486172259, 0.0053465599194169044, 0.0019661658443510532, 0.0009128934470936656, 0.0011174051323905587, 0.0016493948642164469, 0.0009664118988439441, 0.0003766862500924617, 0.002007343340665102, 0.0007630550535395741, 0.0005275647272355855, 0.0004669683112297207, 0.0005807443521916866, 0.0013332990929484367, 0.00022987712873145938, 0.0006855936371721327, 0.0016825812635943294, 0.000320804218063131, 0.0004491958243306726, 0.0013015468139201403, 0.0013190059689804912, 0.002014826750382781, 0.00027652335120365024, 0.0012167026288807392, 0.0005318820476531982, 0.0012129400856792927, 0.000694292364642024, 0.0008264395291917026, 0.0004546928685158491, 0.0014258454320952296, 0.00039960467256605625, 0.00040138766053132713, 0.0005794332828372717, 0.0011668212246149778, 0.00015574846474919468, 0.004238427616655827, 0.0007991911843419075, 0.00018458253180142492, 0.0025585652329027653, 0.001526990788988769, 0.00012360539403744042, 0.0013727245386689901, 0.001003091223537922, 0.00046477612340822816, 0.0016567938728258014, 0.0006773839122615755, 0.0008630520896986127, 0.0006448826170526445, 0.0006049425574019551, 0.0030870724003762007, 0.0009335206123068929, 0.0004748737846966833, 0.0010160208912566304, 0.0006780506810173392, 0.0002505579905118793, 0.001009336905553937, 0.00010212903725914657, 0.0015072376700118184, 0.006151101086288691, 0.003816702403128147, 0.0006223500822670758, 0.0010879159672185779, 0.0009386090678162873, 0.0010417111916467547, 0.0011887867003679276, 0.0010253468062728643, 0.0008321208297275007, 0.0016212227055802941, 0.000625422690063715, 0.0010678061516955495, 0.0009963460033759475, 0.0004628690076060593, 0.0007632313063368201, 0.0020135946106165648, 0.00035310033126734197, 0.0009081829339265823, 0.0007974948966875672, 0.005617951974272728, 0.0007095254259184003, 0.0008943548891693354, 0.0016587660647928715, 0.0011248075170442462], 'zero_points': [0, 0, 0, 0, 0, 0, 0, 0, 0, 0, 0, 0, 0, 0, 0, 0, 0, 0, 0, 0, 0, 0, 0, 0, 0, 0, 0, 0, 0, 0, 0, 0, 0, 0, 0, 0, 0, 0, 0, 0, 0, 0, 0, 0, 0, 0, 0, 0, 0, 0, 0, 0, 0, 0, 0, 0, 0, 0, 0, 0, 0, 0, 0, 0, 0, 0, 0, 0, 0, 0, 0, 0, 0, 0, 0, 0, 0, 0, 0, 0, 0, 0, 0, 0, 0, 0, 0, 0, 0, 0, 0, 0, 0, 0, 0, 0, 0, 0, 0, 0, 0, 0, 0, 0, 0, 0, 0, 0, 0, 0, 0, 0, 0, 0, 0, 0, 0, 0, 0, 0, 0, 0, 0, 0, 0, 0, 0, 0, 0, 0, 0, 0, 0, 0, 0, 0, 0, 0, 0, 0, 0, 0, 0, 0, 0, 0, 0, 0, 0, 0, 0, 0, 0, 0, 0, 0, 0, 0, 0, 0, 0, 0, 0, 0, 0, 0, 0, 0, 0, 0, 0, 0, 0, 0, 0, 0, 0, 0, 0, 0, 0, 0, 0, 0, 0, 0, 0, 0, 0, 0, 0, 0], 'axis': 0, 'scale_tuple': 0.0, 'zp_tuple': 0}
values(int):
[[[[  15 -127  -26   11   58   38   16   33   10   36  -12   36]]]


 [[[ -10   82   -5   -7   -9  -10   -7  -10   -9   -8  127  -10]]]


 [[[ -21  -31  -11   -3  -19  -13  -16   -6  -20  -12  127  -16]]]


 [[[ -18  127  -13  -12  -17  -18  -14  -15  -13  -16   29  -16]]]


 [[[  -7  127    4   -8  -13  -10    2   -9    8   -9  120  -16]]]


 [[[ -10  -37   -4   -7   -9  -11   -7  -11   -6   -9  127  -10]]]


 [[[ -13  114  -14   -9    2  -12   -9  -11   -5  -10  127  -11]]]


 [[[ -14   -4   -6   -9  -13  -12  -10  -12  -12  -10  127  -13]]]


 [[[   5 -127    2   -2    8   -3    4    0   11   -1   40    3]]]


 [[[  -6   11   -5   -4   -6   -5   -5   -6   -7   -4  127   -5]]]


 [[[ -24   -3  -13  -13  -26  -15  -23  -18  -24  -19  127  -22]]]


 [[[  -5  -23   -4   -4   -5   -4   -5   -4   -5   -3  127   -5]]]


 [[[ -19   11  -11  -12  -19  -17  -14  -17  -17  -15  127  -21]]]


 [[[  -4   21    2    5  -16    0   -2    3   -5   -2  127    0]]]


 [[[   0  113    2    0    0    0   -1   -2    1   -1  127   -2]]]


 [[[   0 -127    0    0    0    0    0    0    0    0  -14    0]]]


 [[[ -15   49  -13  -13  -18  -17  -15  -18  -14  -17  127  -20]]]


 [[[  -5   94   -1   -5   -4   -7   -5   -5   -3   -5  127   -4]]]


 [[[ -17  127  -14   -7  -25  -12  -17  -10  -18  -14   43  -19]]]


 [[[ -25  -67  -10  -35  -37  -32  -19  -42  -28  -24  127  -37]]]


 [[[  -4  -72   -1   -3   -3   -5   -2   -5   -1   -3  127   -5]]]


 [[[   0 -127   -1   -1    0    0    0   -1    0    0  -26    0]]]


 [[[  -9   55    2   -6   -8   -6   -1  -11   -5   -5  127  -11]]]


 [[[  -8  117   -7   -5   -9   -5   -9   -6   -9   -6  127   -8]]]


 [[[ -16  -33  -10  -16  -20  -16  -13  -19  -19  -11  127  -19]]]


 [[[  -4   80   -4   -1   -2   -3   -5   -2   -3   -4  127   -4]]]


 [[[ -10  -59   -9   -8  -11   -6   -9  -10  -13   -7  127  -11]]]


 [[[  -3   78   -4   -4   -2   -1   -4   -3   -5   -1  127   -2]]]


 [[[   4  127    2    4    2    2    2    3    4    1  101    3]]]


 [[[ -39   78  -28  -44  -22  -54  -30  -55  -16  -39  127  -44]]]


 [[[ -38  105  -24   -1  -45   -9  -32  -14  -57  -14  127  -34]]]


 [[[  -3   24   -5    2    0    0   -3    1   -4    0  127   -1]]]


 [[[ -16  -74  -23   -1   -7   -5  -14    0  -16   -5  127   -7]]]


 [[[ -16  -55  -15  -15  -27  -17  -21  -13  -14  -16  127  -16]]]


 [[[  -4   93   -3   -1   -2   -3   -2   -1   -4   -1  127   -2]]]


 [[[ -40  127  -40  -33  -30  -32  -42  -30  -43  -22  102  -26]]]


 [[[ -27 -127   -4   -1  -33   -3  -14  -18  -32   -4 -116  -29]]]


 [[[ -14  123  -15   -9   -6   -8   -9   -4  -13   -3  127   -8]]]


 [[[  -4  127    2    0   -6   -2   -1   -3   -4    0  106   -2]]]


 [[[ -16  113  -12   -9  -16  -14  -17  -13  -14  -16  127  -16]]]


 [[[   6 -127    4    4    5    5    4    5    5    4   -9    5]]]


 [[[  -8   52  -11  -11   -9   -8   -9   -8   -8   -7  127   -7]]]


 [[[ -14   42  -14  -18  -21  -18  -19  -22  -19  -19  127  -21]]]


 [[[ -26   22  -22   -5  -29  -12  -23  -10  -35  -14  127  -20]]]


 [[[ -57  127  -61    7  -53    1  -58  -11  -82  -14  126  -49]]]


 [[[ -32   -9  -31  -18  -22  -25  -21  -25  -23  -16  127  -29]]]


 [[[  -7  127    4   -1   -4   -7   -3  -10    1   -6   89   -9]]]


 [[[  -5   48   -5   -3   -3   -4   -5   -2   -4   -3  127   -3]]]


 [[[   4  -52    6    3    3    4    5    3    4    5  127    3]]]


 [[[ -16  127  -16  -10   -8  -16  -13   -9  -10  -13  123  -11]]]


 [[[  -3   71   -2    0   -2   -2   -3    0   -3    0  127   -1]]]


 [[[ -25  -17    9   -1  -30  -10   -3  -27  -23   -3  127  -26]]]


 [[[ -48 -127  -47  -43  -37  -63  -46  -43  -24  -59   44  -38]]]


 [[[  -4  110   -6   -3   -1   -5   -5   -3   -4   -3  127   -3]]]


 [[[  -4  127   -4    2    6   -1   -3    2    0    2  117    1]]]


 [[[ -32 -127  -29  -14  -42   -6  -34  -17  -55  -14   39  -33]]]


 [[[ -28  122  -14  -17  -30  -18  -18  -23  -33  -19  127  -32]]]


 [[[   3  127   13    4    0    0    7   -3   10    0   83   -2]]]


 [[[   3  127   10    5    5    3    8    1    7    5   58    2]]]


 [[[ -12   39   -8    6  -19    4  -14    3  -22    0  127   -6]]]


 [[[  -4    4   -2   -4   -5   -4   -5   -5   -4   -4  127   -5]]]


 [[[  -1   64    2   -3   -2   -1    2   -4   -2    1  127   -3]]]


 [[[ -10  127   -5  -15   -9   -5   -5  -11  -12   -3   21   -8]]]


 [[[   4 -127    1    6    6    7    3    5    1    7   18    5]]]


 [[[  -8   57   -2   -5   -7   -4   -3   -9   -8   -5  127   -8]]]


 [[[ -20 -102  -23    0  -19   -8  -20   -3  -21  -13  127  -11]]]


 [[[   3  127   18    9    4    3    9   -1   12    4  100   -2]]]


 [[[ -15   89   -9  -10  -15  -12  -14  -12  -12  -11  127  -15]]]


 [[[ -82  127  -88   19  -38  -41  -75  -14  -62  -45   80  -56]]]


 [[[  -6   40   -3   -3   -7   -4   -5   -5   -6   -4  127   -5]]]


 [[[ -13 -127  -10   -1  -19   -5  -14   -6  -18   -9   42  -12]]]


 [[[ -30 -127  -14  -17  -35  -18  -20  -27  -35  -19   85  -33]]]


 [[[  -4   26   -2   -4   -4   -4   -3   -4   -4   -4  127   -5]]]


 [[[ -28  -38   -8    6  -37    5  -19   -4  -43    5  127  -20]]]


 [[[  -5 -127   -5   -5   -4   -3   -5   -5   -7   -4  118   -6]]]


 [[[ -15 -127   -5   -5  -31   -8  -14  -10  -24  -10   43  -16]]]


 [[[  -1  127    0   -1   -1    0    0   -1   -1    0   -5   -1]]]


 [[[  -6  118   -5    0    1   -3   -4   -4   -3   -2  127   -4]]]


 [[[   0   65   -2   -1    1    0   -1    1    1    1  127    2]]]


 [[[  -3   27   -1   -3   -4   -4   -2   -5   -2   -4  127   -5]]]


 [[[  -3   32   -2   -1   -2   -2   -2   -2   -2   -2  127   -2]]]


 [[[ -12  127  -17   -4  -11  -10  -12   -6  -12   -9    3  -11]]]


 [[[  -3   94   -1   -4   -3   -4   -1   -4   -3   -2  127   -3]]]


 [[[ -19   27  -27  -14  -18  -17  -25  -15  -21  -21  127  -22]]]


 [[[  -6 -127   -5   -3   -5   -3   -3   -3   -7   -2   50   -5]]]


 [[[  -7 -127    0   -9  -12   -8   -7  -14  -10   -9   29  -14]]]


 [[[ -70   28  -42  -35  -79  -39  -42  -51  -81  -40 -127  -61]]]


 [[[  -4  127   -1    0   -4   -2   -2   -2   -4    0  112   -4]]]


 [[[  -2   95   -3    0    1   -2   -1    0   -1   -1  127    0]]]


 [[[  -7   24   -2   -8   -9   -5   -3   -8   -8   -4  127   -8]]]


 [[[  -6  127  -17  -17   -8  -10  -12   -6   -7   -5  113    0]]]


 [[[  -7  127   -5    0   -6   -4   -4   -1   -6   -4  115   -5]]]


 [[[  -1   25   -3    0   -2   -1   -2    0   -2   -1  127   -1]]]


 [[[-105  -64 -110 -114 -109 -122 -115 -121 -102 -127   38 -122]]]


 [[[  -2   83   -5    0   -3   -1   -4    0   -3   -1  127   -2]]]


 [[[  -3  127    6    1   -7    0    0   -4   -2    0   73   -5]]]


 [[[  -2   98    2   -2   -4   -1   -1   -4   -3   -1  127   -5]]]


 [[[  -5   26    3    3   -4   -1    3    1   -7    3  127   -1]]]


 [[[  -2   40   -3    1    0   -2   -2    1   -2   -1  127   -1]]]


 [[[  -4   65   -3   -4   -6   -6   -3   -8   -3   -6  127   -8]]]


 [[[  -7  127    6   -1   -5   -7   -2  -10    0   -5   99   -9]]]


 [[[ -28   13  -26   -6  -25   -8  -29   -9  -41   -8  127  -24]]]


 [[[ -30  127  -26  -20  -45  -26  -30  -22  -32  -31   42  -28]]]


 [[[  -1   86    0    1   -2   -1    0    0   -1   -1  127    0]]]


 [[[ -23  127  -15  -17  -22  -20  -16  -22  -24  -15   26  -25]]]


 [[[ -12   35   -6   -6  -10   -8   -7  -12  -11   -6  127  -13]]]


 [[[ -15   29  -11   -5  -11  -11  -11  -10  -13  -10  127  -13]]]


 [[[  -7   99   -4   -8   -5    3   -2   -6  -16    2  127   -5]]]


 [[[ -28  127  -30   -5  -28   -6  -30   -6  -41   -8   88  -26]]]


 [[[ -10   36   -9   -6  -10   -8  -10   -8  -10   -8  127   -9]]]


 [[[  -6  127   -1    4   -9    0   -4    0   -8   -2   78   -5]]]


 [[[  -4 -127   -3   -3   -5   -4   -4   -4   -4   -4   58   -4]]]


 [[[ -55   87   65  -80  -99  -55   20 -127  -62  -26   62  -70]]]


 [[[ -96   65  -61  -53 -116  -40  -69  -70 -127  -47  105  -83]]]


 [[[ -23  126  -14  -13  -22  -20  -19  -17  -17  -20  127  -23]]]


 [[[ -10   73  -14   -7  -10   -9  -13   -6  -11  -12  127   -8]]]


 [[[  -7   70   -4    0  -10   -3   -7   -5  -11    0  127   -7]]]


 [[[  -7  127    0   -4  -11   -2   -2  -10  -12    0   68  -10]]]


 [[[   9   41   12    5    5    7   11    6    7    9  127    9]]]


 [[[  -6   34   -4   -4   -5   -5   -3   -5   -5   -3  127   -4]]]


 [[[ -17   36   -5   -9  -21  -12   -9  -15  -19   -8  127  -15]]]


 [[[  -2  115    1   -3   -3   -3    0   -3   -2   -2  127   -3]]]


 [[[  -9   30    1   -4   -8   -8   -5  -11   -5   -7  127  -13]]]


 [[[ -11   35   -7   -4   -9   -5   -8   -8  -10   -6  127   -9]]]


 [[[ -22   19  -23  -18  -18  -23  -22  -19  -19  -22  127  -25]]]


 [[[  -4   39   -2   -3   -3   -4   -3   -3   -3   -2  127   -4]]]


 [[[ -26   77  -19  -36  -29  -28  -21  -32  -24  -27  127  -28]]]


 [[[ -13  -10   -3   -7  -10  -11   -8  -13   -6  -12  127  -16]]]


 [[[ -18   -5   -5  -12  -21  -16  -13  -20  -18  -14  127  -25]]]


 [[[  -5   20    1   -5   -6   -6   -2   -8   -3   -4  127   -7]]]


 [[[ -21   75  -18  -14  -21  -17  -20  -17  -21  -17  127  -20]]]


 [[[ -12 -127   -6  -18  -24   -9  -12  -17  -25  -11   29  -16]]]


 [[[ -12  127   -8   -1    0  -14   -7   -4    1   -8  107   -8]]]


 [[[ -16  103   -6   -9  -13  -17  -15  -15  -13  -15  127  -19]]]


 [[[  -1  127    2    1    1   -1    1   -2   -1    2  107    0]]]


 [[[  -2   24    0    1   -3   -1   -1   -1   -1    0  127   -1]]]


 [[[ -22    8  -11  -16  -31  -24  -21  -30  -22  -19  127  -30]]]


 [[[   1   10    2    2    4    3    3    2    2    4  127    3]]]


 [[[  -8   14   -4   -7   -8   -6   -6   -8   -8   -6  127   -8]]]


 [[[  -2  -60    0   -3    0   -4    0   -4    1   -3  127   -3]]]


 [[[ -11   89   -7   -6   -4  -11   -8   -6   -8   -7  127   -9]]]


 [[[  -5  127   -1   -2   -3   -3   -1   -2   -4    0   72   -4]]]


 [[[   6 -127    9    6    5    7    9    5    7    6  -12    5]]]


 [[[ -25  105  -22  -22  -31  -28  -31  -26  -25  -27  127  -35]]]


 [[[ -13  127  -12   -5  -17   -2  -11  -14  -23    2   91  -23]]]


 [[[  -6 -127   -4   -4   -2   -4   -6   -5   -6   -4   35   -8]]]


 [[[  -8  127   -1    0  -15   -6   -7   -6  -13   -6   65   -9]]]


 [[[ -47  127  -18  -25  -54  -36  -25  -50  -47  -37  126  -53]]]


 [[[ -29  127  -33    7  -57   -5  -39   -2  -49  -27   46  -25]]]


 [[[  -3   54   -4   -2   -1   -3   -2   -2   -2   -2  127   -2]]]


 [[[ -51  100  -39  -36  -43  -48  -49  -46  -48  -50  127  -51]]]


 [[[ -22   88  -24  -24  -25  -21  -27  -22  -26  -21  127  -25]]]


 [[[  -4   67   -2   -4   -4   -3   -3   -4   -5   -2  127   -4]]]


 [[[   1  -58    2    2    2    1    1    2    1    2  127    1]]]


 [[[  10  123   18  -13   -5    1   11   -7    3    5  127   -2]]]


 [[[  -5  -21   -3   -1   -3   -5   -5   -3   -3   -4  127   -6]]]


 [[[ -13  -14  -20   -8  -11  -11  -18   -9  -15  -16  127  -15]]]


 [[[  -3 -127    1    0   -3   -1    0   -3   -4    0   29   -3]]]


 [[[  -8   71   -6   -1   -5   -6   -7   -5   -6   -4  127   -7]]]


 [[[  -3 -127    0    0  -10   -5   -4   -2   -3   -5   31   -4]]]


 [[[  -5   60   -6   -2   -3   -4   -6   -2   -5   -2  127   -2]]]


 [[[   0  127   11    8    4    0    6    0    8    2   38    0]]]


 [[[ -51  123  -43  -37  -49  -51  -53  -42  -39  -60  127  -56]]]


 [[[   6 -127    8    6    6    8    9    5    7    6  -42    6]]]


 [[[ -14  127  -12   -9  -19   -7  -14  -15  -22   -6   43  -18]]]


 [[[ -19   46  -16  -15  -17  -11  -18  -16  -24  -13  127  -18]]]


 [[[   2  -25    6    9   -1    6   13    2    6    7  127    7]]]


 [[[  -3  -19   -2   -3   -4   -2   -3   -4   -5   -1  127   -2]]]


 [[[   1  127    1    0    2    1    2    1    1    1  -37    1]]]


 [[[  19 -127   21   19   20   20   24   20   20   23   45   23]]]


 [[[   2  107    4    3    2    3    3    2    1    4  127    2]]]


 [[[   2  -97    2    2    2    0    2    2    3    0  127    2]]]


 [[[ -44   50  -34  -24  -40  -44  -39  -34  -32  -41  127  -42]]]


 [[[ -23  110  -21  -24  -16  -29  -18  -24  -21  -16  127  -21]]]


 [[[ -17  109  -25  -26  -19  -11  -18  -20  -27  -11  127  -12]]]


 [[[  -3   16    1   -3   -3   -3    0   -5    0   -3  127   -5]]]


 [[[  -1   64   -1   -1    1   -2   -2    0    0   -2  127   -1]]]


 [[[ -25  127  -23  -19  -21  -26  -20  -25  -25  -23   64  -28]]]


 [[[ -14   31  -12   -1  -21    2  -14   -1  -26    0  127  -14]]]


 [[[ -14  -36   -6  -12  -20  -14  -11  -20  -18  -12  127  -22]]]


 [[[ -17  127  -13  -10  -15  -11  -14  -11  -22   -9   79  -16]]]


 [[[ -15 -127  -11  -15  -15  -13  -13  -18  -14  -13  122  -18]]]


 [[[  -2   53    0   -2   -1   -3   -2   -4   -1   -3  127   -3]]]


 [[[  34 -127   -6    6   25    1   -7   25   53  -11 -118   29]]]


 [[[ -29   81  -19  -21  -20  -28  -20  -27  -24  -26  127  -34]]]


 [[[ -13  127  -10   -7  -18   -5  -11  -10  -22   -7   95  -14]]]


 [[[  -9   13   -8   -6   -7   -5   -8   -6  -11   -5  127   -7]]]


 [[[   0 -127    0    0    1    0    0    0    0    0   46    0]]]


 [[[  -5   86   -2   -4   -6   -4   -3   -5   -5   -4  127   -5]]]


 [[[  -2  -37   -6    0    3   -7   -3   -2    2   -5  127   -3]]]


 [[[  14   34   10   12   17   12   14   13   16   13  127   15]]]


 [[[   1  -31    6    9    2    5    5    7    2    6  127    4]]]]

=== BIAS ===
name    : efficientnetv2-b0/block4a_se_expand/BiasAdd/ReadVariableOp
index   : 166
shape   : [192]
dtype   : <class 'numpy.int32'>
quant   : {'scales': [9.805625450098887e-05, 4.785986675415188e-05, 3.775466757360846e-05, 2.5587249183445238e-05, 6.921576277818531e-05, 2.1358528101700358e-05, 5.0116086640628055e-05, 1.8631582861416973e-05, 0.00019626301946118474, 3.4728167520370334e-05, 4.615814032149501e-05, 4.390381945995614e-05, 1.8403450667392462e-05, 2.10599901038222e-05, 2.5645460482337512e-05, 0.00025989682762883604, 1.908998456201516e-05, 6.77306525176391e-05, 9.799158578971401e-05, 4.437463576323353e-05, 3.6925812310073525e-05, 0.0002031832409556955, 3.671633385238238e-05, 7.409030513372272e-05, 2.618116559460759e-05, 2.8872191251139157e-05, 3.0812134355073795e-05, 8.95480188773945e-05, 4.881729546468705e-05, 5.7931927585741505e-05, 2.5358840503031388e-05, 7.845677464501932e-05, 3.680690497276373e-05, 4.126372459722916e-06, 4.4048880226910114e-05, 5.5417254770873114e-05, 0.0001303758326685056, 5.580143624683842e-05, 2.8298407414695248e-05, 5.9352740208851174e-05, 0.0002609068469610065, 5.5786196753615513e-05, 6.41831211396493e-05, 3.435500548221171e-05, 6.641040090471506e-05, 1.1293906936771236e-05, 1.89868933375692e-05, 3.158223262289539e-05, 5.951340790488757e-05, 2.3231001250678673e-05, 4.9767735617933795e-05, 4.144743434153497e-05, 0.00014312798157334328, 3.0184553907020018e-05, 5.424189293989912e-05, 0.00020365786622278392, 2.9106287911417894e-05, 2.187103200412821e-05, 3.3449472539359704e-05, 2.759187191259116e-05, 3.801272760028951e-05, 3.96954346797429e-05, 1.635606531635858e-05, 2.8925891456310637e-05, 6.295690400293097e-05, 2.56981384154642e-05, 2.2018386516720057e-05, 5.7333159929839894e-05, 7.32111293473281e-05, 3.245901461923495e-05, 0.0002200104936491698, 1.9857665392919444e-05, 3.534062852850184e-05, 2.5572739104973152e-05, 6.210917490534484e-05, 0.00016343336028512567, 0.00023470810265280306, 5.990848148940131e-05, 7.639657269464806e-05, 4.3819225538754836e-05, 4.523702955339104e-05, 0.00014396612823475152, 3.9173355617094785e-05, 4.1584629798308015e-05, 0.0002681210171431303, 0.0001801218604668975, 1.4341554560814984e-05, 3.4673503250814974e-05, 3.838307020487264e-05, 4.126923158764839e-05, 3.954108979087323e-05, 3.768489841604605e-05, 8.792479638941586e-05, 0.00019158076611347497, 3.520467726048082e-05, 3.693080725497566e-05, 2.4695644242456183e-05, 4.958359932061285e-05, 4.598368832375854e-05, 3.137669409625232e-05, 2.0521209080470726e-05, 3.969644967583008e-05, 0.00015232327859848738, 4.744856778415851e-05, 1.1805066606029868e-05, 5.7087207096628845e-05, 1.1558188816707116e-05, 6.372069037752226e-05, 3.282886609667912e-05, 6.73747417749837e-05, 3.74605915567372e-05, 0.0002639339363668114, 9.70601467997767e-05, 4.50651568826288e-05, 5.516091550816782e-05, 8.142268779920414e-05, 4.770710438606329e-05, 1.8595188521430828e-05, 9.909288201015443e-05, 3.766835652641021e-05, 2.6043331672553904e-05, 2.3051978132571094e-05, 2.8668555387412198e-05, 6.581855996046215e-05, 1.1347928193572443e-05, 3.384445881238207e-05, 8.306094241561368e-05, 1.583656012371648e-05, 2.2174635887495242e-05, 6.425110768759623e-05, 6.511298124678433e-05, 9.946230420609936e-05, 1.3650627806782722e-05, 6.006275361869484e-05, 2.6256457203999162e-05, 5.9877016610698774e-05, 3.427387491683476e-05, 4.079734208062291e-05, 2.2446000002673827e-05, 7.038712647045031e-05, 1.9726559912669472e-05, 1.981457717192825e-05, 2.8603833925444633e-05, 5.7600351283326745e-05, 7.68855261412682e-06, 0.00020923078409396112, 3.94522248825524e-05, 9.11195184016833e-06, 0.00012630406126845628, 7.538018689956516e-05, 6.101803592173383e-06, 6.776480586268008e-05, 4.951778828399256e-05, 2.294376099598594e-05, 8.178794087143615e-05, 3.343918433529325e-05, 4.260472996975295e-05, 3.183475200785324e-05, 2.9863103918614797e-05, 0.00015239391359500587, 4.6083419874776155e-05, 2.344223321415484e-05, 5.0156064389739186e-05, 3.3472100767539814e-05, 1.2368842362775467e-05, 4.982610698789358e-05, 5.041619260737207e-06, 7.440507033606991e-05, 0.00030365027487277985, 0.00018841223209165037, 3.072242907364853e-05, 5.370517828851007e-05, 4.633461503544822e-05, 5.142427107784897e-05, 5.868467997061089e-05, 5.061643969384022e-05, 4.1077801142819226e-05, 8.003196853678674e-05, 3.087411096203141e-05, 5.27124539075885e-05, 4.918480772175826e-05, 2.2849615561426617e-05, 3.767705857171677e-05, 9.940147720044479e-05, 1.7430864318157546e-05, 4.48326209152583e-05, 3.936848588637076e-05, 0.00027733127353712916, 3.5025856050197035e-05, 4.414999784785323e-05, 8.188530046027154e-05, 5.552633592742495e-05], 'zero_points': [0, 0, 0, 0, 0, 0, 0, 0, 0, 0, 0, 0, 0, 0, 0, 0, 0, 0, 0, 0, 0, 0, 0, 0, 0, 0, 0, 0, 0, 0, 0, 0, 0, 0, 0, 0, 0, 0, 0, 0, 0, 0, 0, 0, 0, 0, 0, 0, 0, 0, 0, 0, 0, 0, 0, 0, 0, 0, 0, 0, 0, 0, 0, 0, 0, 0, 0, 0, 0, 0, 0, 0, 0, 0, 0, 0, 0, 0, 0, 0, 0, 0, 0, 0, 0, 0, 0, 0, 0, 0, 0, 0, 0, 0, 0, 0, 0, 0, 0, 0, 0, 0, 0, 0, 0, 0, 0, 0, 0, 0, 0, 0, 0, 0, 0, 0, 0, 0, 0, 0, 0, 0, 0, 0, 0, 0, 0, 0, 0, 0, 0, 0, 0, 0, 0, 0, 0, 0, 0, 0, 0, 0, 0, 0, 0, 0, 0, 0, 0, 0, 0, 0, 0, 0, 0, 0, 0, 0, 0, 0, 0, 0, 0, 0, 0, 0, 0, 0, 0, 0, 0, 0, 0, 0, 0, 0, 0, 0, 0, 0, 0, 0, 0, 0, 0, 0, 0, 0, 0, 0, 0, 0], 'axis': 0, 'scale_tuple': 0.0, 'zp_tuple': 0}
values(int):
[ -16317   71769   40582   83882   39758  136663   73513  149462   15995  100929   67558   66414  131256   92469
  125767   16152  144241   47131   20697   17693   65593   23171   52594   53593   74025  109885   79435   47678
   65511   59884   53790   59461   56449 1032435   58373   57697    9552   50243  100705   59304   16215   69140
   53132   43521   21155  210687  100246   89409   38039   76618   58317   62208    4016   91469   53608    8662
   34498   78405   47927   65926   74851   69670  207850  171218   52266  122287   85252   61194   34408   73392
   12179   98226   68737   52581   53373   14182  -12103   45165   58440   76626   76686   -4509   60914   73462
   10913   11802  310919   41576   75568   63104   75898   45444   52989   -4147  101919   42683  108150   26281
   57382   82137   89180   29723     292   50939  243924   57186  273167   44199   38716   70034   46483   12442
   22039   70600   61238   33945   65243  147302   35145   90337  101060  186785   71066   48496  261703   83591
   42032  130798   86776   48330   60839   20906  180422   56227   92163   56899   89745  113690  189541   56441
   87520  126777   70455   47760  377625   11297   43771  200924    6592   53614  461215   39520   57023  159737
   32971   69016   73640   92014   79533   15844   52894   81705   53398   54758  235603   58204  403761   53688
  -13544   14231   96342   43422   59327   61367   53903   39132   93358   23139   52723   20912   26998  177045
  101844    9305  107669   33702   65042   16015  119443   80516   44093   25623]

=== OFM ===
name    : efficientnetv2-b0/block4a_se_expand/BiasAdd;efficientnetv2-b0/block6h_project_conv/Conv2D;efficientnetv2-b0/block4a_se_expand/Conv2D;efficientnetv2-b0/block4a_se_expand/BiasAdd/ReadVariableOp
index   : 238
shape   : [1, 1, 1, 192]
dtype   : <class 'numpy.int8'>
quant   : {'scales': [0.057508669793605804], 'zero_points': [-7], 'axis': 0, 'scale_tuple': 0.057508669793605804, 'zp_tuple': -7}
values(int):
[[[[ -41   78   40   34   76   55   84   51   81   73   72   67   45   38   63   51   51   85   46   31   55   53
      46  102   41   64   52  115   69   85   30  116   49   69   61   73  -48   72   55   86   56   90   87   38
      53   40   33   59   64   36   70   60   31   57   70   59   26   30   29   39   63   62   54   81   84   61
      35   85   62   52   79   34   54   30   82   64  -61   72  111   75   78  -16   55   69  101   52   63   34
      64   60   64   41  121   16   74   32   53   42   63   55   33   35   22   60   44   80   54   76   27  111
      36  115   57   69   82   85   73   46  106   72   53   80   44   84   51   60   99   38   38   81   97   42
      42   84   47   84   65   95   79  100   34   43   27   72   46   65   34   30   33  104   45   76   69   69
      84   51   70   48   50   55   60   30   67   19   46   70   31  102 -126   74   61   62   66   76   80   55
      82   47   38   41   33   75   80  -41   35   37   59  124   85   78   99   47]]]]

=== REQUANT (computed) ===
s_in: 0.04936518892645836, zp_in: -125
s_w[0:8]: [0.001986344112083316, 0.0009695063927210867, 0.0007648034952580929, 0.0005183257744647563, 0.001402116846293211, 0.000432663771789521, 0.0010152111062780023, 0.0003774235083255917]
zp_w[0:8]: [0, 0, 0, 0, 0, 0, 0, 0]
s_out[0:8]: [0.057508669793605804, 0.057508669793605804, 0.057508669793605804, 0.057508669793605804, 0.057508669793605804, 0.057508669793605804, 0.057508669793605804, 0.057508669793605804]
zp_out[0:8]: [-7, -7, -7, -7, -7, -7, -7, -7]
M[0:8]: [1874743235, 1830071175, 1443667459, 1956816512, 1323340229, 1633419858, 1916344849, 1424873293]
n[0:8]: [9, 10, 10, 11, 9, 11, 10, 11]

--- VERIFY SAMPLE OUTPUTS (CONV family, grid) ---
stride=(1, 1), padding=SAME, kernel=(1,1), grid=1x1 points
pos(h,w),ch | acc | M | n | zp_out | y_calc | y_ref | match
(Verification skipped due to error: name 'conv_point_acc_int32_debug' is not defined)
