MODEL : efficientnetv2b0_int8.tflite
OP #42: LOGISTIC

=== IFM0 ===
name    : efficientnetv2-b0/block4a_se_expand/BiasAdd;efficientnetv2-b0/block6h_project_conv/Conv2D;efficientnetv2-b0/block4a_se_expand/Conv2D;efficientnetv2-b0/block4a_se_expand/BiasAdd/ReadVariableOp
index   : 238
shape   : [1, 1, 1, 192]
dtype   : <class 'numpy.int8'>
quant   : {'scales': [0.057508669793605804], 'zero_points': [-7], 'axis': 0, 'scale_tuple': 0.057508669793605804, 'zp_tuple': -7}
values(int):
[[[[ -41   78   40   34   76   55   84   51   81   73   72   67   45   38   63   51   51   85   46   31   55   53
      46  102   41   64   52  115   69   85   30  116   49   69   61   73  -48   72   55   86   56   90   87   38
      53   40   33   59   64   36   70   60   31   57   70   59   26   30   29   39   63   62   54   81   84   61
      35   85   62   52   79   34   54   30   82   64  -61   72  111   75   78  -16   55   69  101   52   63   34
      64   60   64   41  121   16   74   32   53   42   63   55   33   35   22   60   44   80   54   76   27  111
      36  115   57   69   82   85   73   46  106   72   53   80   44   84   51   60   99   38   38   81   97   42
      42   84   47   84   65   95   79  100   34   43   27   72   46   65   34   30   33  104   45   76   69   69
      84   51   70   48   50   55   60   30   67   19   46   70   31  102 -126   74   61   62   66   76   80   55
      82   47   38   41   33   75   80  -41   35   37   59  124   85   78   99   47]]]]

=== IFM1 ===
N/A

=== BIAS ===
N/A

=== OFM ===
name    : efficientnetv2-b0/block4a_se_expand/Sigmoid
index   : 239
shape   : [1, 1, 1, 192]
dtype   : <class 'numpy.int8'>
quant   : {'scales': [0.00390625], 'zero_points': [-128], 'axis': 0, 'scale_tuple': 0.00390625, 'zp_tuple': -128}
values(int):
[[[[ -96  126  112  106  126  121  127  119  126  125  125  124  116  110  124  119  119  127  116  102  121  120
     116  127  113  124  120  127  125  127  101  127  118  125  123  125 -106  125  121  127  121  127  127  110
     120  112  105  122  124  108  125  123  102  122  125  122   95  101   99  111  124  123  121  126  127  123
     107  127  123  120  126  106  121  101  126  124 -117  125  127  126  126  -32  121  125  127  120  124  106
     124  123  124  113  127   74  126  103  120  114  124  121  105  107   87  123  115  126  121  126   96  127
     108  127  122  125  126  127  125  116  127  125  120  126  115  127  119  123  127  110  110  126  127  114
     114  127  117  127  124  127  126  127  106  114   96  125  116  124  106  101  105  127  116  126  125  125
     127  119  125  118  119  121  123  101  124   81  116  125  102  127 -128  126  123  123  124  126  126  121
     126  117  110  113  105  126  126  -96  107  109  122  127  127  126  127  117]]]]
