MODEL : efficientnetv2b0_int8.tflite
OP #60: LOGISTIC

=== IFM0 ===
name    : efficientnetv2-b0/block4b_se_expand/BiasAdd;efficientnetv2-b0/block4c_se_expand/Conv2D;efficientnetv2-b0/block4b_se_expand/Conv2D;efficientnetv2-b0/block4b_se_expand/BiasAdd/ReadVariableOp
index   : 256
shape   : [1, 1, 1, 384]
dtype   : <class 'numpy.int8'>
quant   : {'scales': [0.039783090353012085], 'zero_points': [-13], 'axis': 0, 'scale_tuple': 0.039783090353012085, 'zp_tuple': -13}
values(int):
[[[[ -15   25   29    9  -15   24   -3   19   25   41  -29  -63    9  -23  -43  -11    7   12  -98  -60   36   40
     -78  -36  -53  -44   43   24  -84  -91 -108  -61  -22  -10   27  -48   27  -15   92    9   38   15   21   20
      22  -93    5   34  -37    2   -5  -45  -16    2   -5  -42   11   -4  -16   14   -4  -21  -36  -18  -66  -50
      -8  -56  -54   -7  -34  -86  -70   53   39  -55   30  -42  -80   27   15  -43   19    2  -45  -21   24  -96
      25   14   24    8   36  -25   -7  -32   16   11  -79   18  -49  -15  -34   23   31    9   -3   26  -47  -39
     -44  -46  -65    1  -75   -8  -27   -9  -42    8   45   22    4  -11  -13 -104   48   -8  -40  -79   30  -33
      38 -128  -14  -17   -1  -31  -24  -43   30   41   30   14   19  -52  -19  -73   31  -64  -31  -12   17   22
      19   -5  -23    4   22  -55  -16   38   27   44   15   32  -61   -7  -16  -49    3   23  -19  -44  -43  -67
     -29  -63  -14   34  -32    5  -63   29   13  -34  -39  -26   55  -66  -48   24   21  -61 -110  -64   18   12
      25  -37  -33  -52  -81  -61  -26   12  -72   -4  -43   -7    0   13   47   10  -22   24   30  -75   15   -7
     -70   32   18   22   10   -3  -60  -57   -2  -28   31  -26   19  -41    5    8  -56  -20  -54   37  -12   18
     -92  -27  -20   27  -43   17  -11  -65  -13 -118   27   27  -63   -4  -33  -16  -59  -37   11  -54   12  -47
     -29  -46  -50   13   28   38  -49  -13  -90   15  -17  -60  -49   36  -13  -42   14    4   31   16  -45  -22
     -17  -54  -59    1    7   20  -48  -24  -51  -69  -33   -3  -68   -8   35  -44  -10   18   34  -44  -38   14
     -79  -13  -19   44   41   -8   20  -27   -9  -81   28   34   42  -29   35  -49   14  -77   -3   25  -13   -1
    -106   27  -38  -96  -33   17  -86   17  -56    1  -32    0  -68   19  -29   22   12   14   15   27  -79  -85
      -9  -61  -19  -10  -12   44  -73  -56   39   21  -16   -2   38   30   14   26  -50  -57   36   23   -8    8
     -16   16  -57  -91    2    7  -23  -50   13  -31]]]]

=== IFM1 ===
N/A

=== BIAS ===
N/A

=== OFM ===
name    : efficientnetv2-b0/block4b_se_expand/Sigmoid
index   : 257
shape   : [1, 1, 1, 384]
dtype   : <class 'numpy.int8'>
quant   : {'scales': [0.00390625], 'zero_points': [-128], 'axis': 0, 'scale_tuple': 0.00390625, 'zp_tuple': -128}
values(int):
[[[[  -5   82   87   53   -5   80   25   72   82  101  -39  -97   53  -25  -68    5   48   59 -120  -94   96  100
    -110  -55  -85  -70  103   80 -114 -117 -122  -95  -23    8   85  -77   85   -5  124   53   98   65   75   74
      77 -118   44   94  -57   37   20  -72   -8   37   20  -67   57   23   -8   63   23  -20  -55  -13 -100  -80
      13  -89  -86   15  -51 -115 -104  111   99  -87   89  -67 -111   85   65  -68   72   37  -72  -20   80 -119
      82   63   80   51   96  -30   15  -46   67   57 -111   70  -79   -5  -51   79   90   53   25   83  -75  -61
     -70  -74  -99   35 -108   13  -35   10  -67   51  105   77   42    5    0 -121  107   13  -63 -111   89  -48
      98 -125   -3  -10   30  -44  -28  -68   89  101   89   63   72  -83  -15 -106   90  -98  -44    3   68   77
      72   20  -25   42   77  -87   -8   98   85  104   65   91  -95   15   -8  -79   39   79  -15  -70  -68 -101
     -39  -97   -3   94  -46   44  -97   87   61  -51  -61  -32  112 -100  -77   80   75  -95 -123  -98   70   59
      82  -57  -48  -83 -112  -95  -32   59 -106   23  -68   15   32   61  106   55  -23   80   89 -108   65   15
    -104   91   70   77   55   25  -94  -90   28  -37   90  -32   72  -65   44   51  -89  -18  -86   97    3   70
    -117  -35  -18   85  -68   68    5  -99    0 -124   85   85  -97   23  -48   -8  -93  -57   57  -86   59  -75
     -39  -74  -80   61   86   98  -79    0 -117   65  -10  -94  -79   96    0  -67   63   42   90   67  -72  -23
     -10  -86  -93   35   48   74  -77  -28  -82 -103  -48   25 -102   13   95  -70    8   70   94  -70  -59   63
    -111    0  -15  104  101   13   74  -35   10 -112   86   94  102  -39   95  -79   63 -109   25   82    0   30
    -122   85  -59 -119  -48   68 -115   68  -89   35  -46   32 -102   72  -39   77   59   63   65   85 -111 -114
      10  -95  -15    8    3  104 -106  -89   99   75   -8   28   98   89   63   83  -80  -90   96   79   13   51
      -8   67  -90 -117   37   48  -25  -80   61  -44]]]]
