MODEL : efficientnetv2b0_int8.tflite
OP #79: LOGISTIC

=== IFM0 ===
name    : efficientnetv2-b0/block4c_se_expand/BiasAdd;efficientnetv2-b0/block4c_se_expand/Conv2D;efficientnetv2-b0/block4c_se_expand/BiasAdd/ReadVariableOp
index   : 275
shape   : [1, 1, 1, 384]
dtype   : <class 'numpy.int8'>
quant   : {'scales': [0.030808737501502037], 'zero_points': [32], 'axis': 0, 'scale_tuple': 0.030808737501502037, 'zp_tuple': 32}
values(int):
[[[[ -58  -74   42   12  -39  -22   31   54   18   33  -27  -28  -51   48   55  -99   12   94   24  -81   55   50
      40   30   70  -12  -38   21   15   59   48   34   38  -13  -17  -12  -10   39  -23   -6   21  -44   65  -88
     -42   15  -10   49  -94   66  -23  -30   47   46   18 -121   29   51    3   24  -76   33  -68  -75   43   56
      51  -46  -20  -49  -38   -8   29   -4  -14   65   68   -6   -4   54   85   47  -10    5   29   12   42   49
      68   31   15   34  -31   17   12    0  -56  -10   48 -120    3   67   37 -104   18  -94  -21  -12   20   66
     -48  -98  -29   45   -1    0    5  -14   48   38   34  -47  -77  -41   60  -16 -105   79  -26   11   66   34
      31   -2   79   26  -44   70  -66    5  -51   25  -33   46  -59   51  -39   48   58   66   11   -6   37   15
      34   31  -46   23  -51   44  -75   36  -80  -26   46   66   45   51    3   16   18   59   18   43   65   82
      53  -70   39   33   70   41   72   20   63   39  -12  -18   28   16    5   51   40   12  -82   10  -32  -10
      52   37   -5  -16   -9   72   29   41  -50  -37  -23   54   25   58   23   19   -3   48    2   39   14   60
      24   46   -9  -53    4   21  -80   59   39   55    1   31   60   55   75   53  -25   26   -7   48  -92  -56
      97   46  -35   52   55 -104   33   69  -47   56  -28   52   28    4   30   37  -83  -58   39   16  -23   32
      25 -101  -37   61  -46   65   21  -25   24   73   30  -19   -8  -14   38   78   45   58   17   33   31   56
      79  -41  -64   17  -46    8  -70   52  -12   -2   17   76  -64  -42   -1   56  -95  -17   19   53   50  -16
     -29  -10   78   19   35  -24   22   62   10   52    7   35   71  -91   56   65  -44  -68   28   16  -50   -5
       8   31  127  -97    2  -40   60  -41  -50  -10   68   65   46   33   36   49  -13   75   -5   29  -21  -11
       7   24   68   40  -54   -4    3   24   10   12   31   88  -12   22    2   55   13  -10   12   70  -48   45
     -56   21   66   18    5  -25  -63   30   25   30]]]]

=== IFM1 ===
N/A

=== BIAS ===
N/A

=== OFM ===
name    : efficientnetv2-b0/block4c_se_expand/Sigmoid
index   : 276
shape   : [1, 1, 1, 384]
dtype   : <class 'numpy.int8'>
quant   : {'scales': [0.00390625], 'zero_points': [-128], 'axis': 0, 'scale_tuple': 0.00390625, 'zp_tuple': -128}
values(int):
[[[[-113 -119   20  -38 -102  -87   -2   42  -27    2  -92  -93 -110   31   44 -124  -38   95  -16 -120   44   35
      16   -4   67  -76 -101  -21  -33   50   31    4   12  -77  -82  -76  -73   14  -88  -67  -21 -106   60 -122
    -104  -33  -73   33 -123   62  -88  -95   29   27  -27 -126   -6   36  -54  -16 -119    2 -117 -119   21   45
      36 -107  -85 -108 -101  -70   -6  -65  -78   60   65  -67  -65   42   86   29  -73  -50   -6  -38   20   33
      65   -2  -33    4  -96  -29  -38  -58 -112  -73   31 -126  -54   63   10 -124  -27 -123  -86  -76  -23   62
    -108 -123  -94   25  -60  -58  -50  -78   31   12    4 -107 -119 -104   52  -80 -124   79  -91  -40   62    4
      -2  -62   79  -12 -106   67 -116  -50 -110  -14  -98   27 -113   36 -102   31   49   62  -40  -67   10  -33
       4   -2 -107  -18 -110   23 -119    8 -120  -91   27   62   25   36  -54  -31  -27   50  -27   21   60   83
      40 -117   14    2   67   18   70  -23   57   14  -76  -83   -8  -31  -50   36   16  -38 -121  -42  -97  -73
      38   10  -66  -80  -72   70   -6   18 -109 -101  -88   42  -14   49  -18  -25  -63   31  -55   14  -35   52
     -16   27  -72 -111  -52  -21 -120   50   14   44  -57   -2   52   44   74   40  -90  -12  -69   31 -123 -112
      98   27  -99   38   44 -124    2   66 -107   45  -93   38   -8  -52   -4   10 -121 -113   14  -31  -88    0
     -14 -124 -101   54 -107   60  -21  -90  -16   72   -4  -84  -70  -78   12   78   25   49  -29    2   -2   45
      79 -104 -115  -29 -107  -45 -117   38  -76  -62  -29   76 -115 -104  -60   45 -123  -82  -25   40   35  -80
     -94  -73   78  -25    6  -89  -20   55  -42   38  -47    6   69 -122   45   60 -106 -117   -8  -31 -109  -66
     -45   -2  115 -123  -55 -103   52 -104 -109  -73   65   60   27    2    8   33  -77   74  -66   -6  -86  -74
     -47  -16   65   16 -111  -65  -54  -16  -42  -38   -2   89  -76  -20  -55   44  -36  -73  -38   67 -108   25
    -112  -21   62  -27  -50  -90 -115   -4  -14   -4]]]]
