MODEL : efficientnetv2b0_int8.tflite
OP #71: SHAPE

=== IFM0 ===
name    : efficientnetv2-b0/block4c_se_squeeze/Mean
index   : 267
shape   : [1, 384]
dtype   : <class 'numpy.int8'>
quant   : {'scales': [0.013189662247896194], 'zero_points': [-107], 'axis': 0, 'scale_tuple': 0.013189662247896194, 'zp_tuple': -107}
values(int):
[[-123 -109 -125 -127 -106 -101  -93 -125 -106  -90 -125 -117 -113 -127 -111 -115  -36  -60  -55   31  -92 -104 -100
  -124  -78 -127 -123 -126  -35  -68 -125 -127  -65 -126 -117  -92  -68 -113 -111 -127  -88 -108 -117 -127 -115 -100
   -72 -120 -109  -94 -127 -126  -82 -124 -100 -127 -110  -87 -127 -108  -83 -122 -127 -127 -114 -116 -124 -115 -108
  -127 -126 -108 -125 -125 -120 -127 -125 -127  -95 -105  -77 -117 -112 -127 -108  -98 -115 -121  -80 -126 -121 -104
   -81   41 -106   17  -98 -109 -127  -84 -118 -125  -80 -125  -71 -119 -121  -33  -97 -125 -127 -126 -127 -127 -119
  -127 -126  -39 -116 -116 -119  -98 -126 -127 -116 -120 -121  -98  -86 -127 -125 -117 -116  -57 -118 -127 -111  -89
  -126 -127 -125 -110 -127 -108 -125 -124 -127 -101  -64 -119  -88 -124 -123 -113 -125  -95  -89 -124 -114 -126 -123
  -101 -119 -101 -106  -91 -124 -124  -92 -124 -114  -95 -125 -101  -59 -125 -125 -127  -78 -116 -126 -126 -124 -127
   -92 -123 -125  -98 -111 -119  -84  -90 -120 -125 -126   -2 -116 -113 -113 -124 -121 -112 -104 -121 -110 -125 -113
  -127  -96  -13 -115 -122  -55 -123 -122 -125 -126 -112 -102  -65 -112 -119 -123  -78 -118 -120 -127  -34 -127 -109
  -119  -35  -70 -123 -118 -123  -88  -73   18 -112 -123 -126 -104 -127 -121 -110 -117 -109 -118  -82 -101 -113 -127
   -79  -49 -106  -50 -127 -126 -112 -114 -126 -127 -127 -105 -124  -92 -121 -114 -126 -127 -102 -127 -116  -66 -123
  -122  -75 -101 -125 -125 -125 -104  -86 -127 -127 -123  -77  -65 -124 -118  -93 -124 -122  -67 -115 -119 -125 -124
  -112 -120 -114 -126  -90  -97 -125  -84 -125 -124   13  -85 -127  121 -107 -123  -70 -126 -111 -123 -112 -124 -122
   -95  -99 -123  -75  -86 -125  -85  -70  -80 -115  -39 -123  -48 -109 -124 -118 -115 -123 -124 -123 -100 -118 -123
  -117 -109  -58 -121   17 -107  -84 -106  -56 -121  -93  -92 -127 -125  -37 -126 -119 -125 -122  -37 -127 -112 -119
  -104  -55 -124 -123 -125  -35 -118  -48 -126  -86 -122 -127 -123 -115 -117 -122]]

=== IFM1 ===
N/A

=== BIAS ===
N/A

=== OFM ===
name    : efficientnetv2-b0/block4c_se_reshape/Shape
index   : 268
shape   : [2]
dtype   : <class 'numpy.int32'>
quant   : {'scales': [], 'zero_points': [], 'axis': 0, 'scale_tuple': 0.0, 'zp_tuple': 0}
values(int):
[  1 384]
