MODEL : efficientnetv2b0_int8.tflite
OP #98: LOGISTIC

=== IFM0 ===
name    : efficientnetv2-b0/block5a_se_expand/BiasAdd;efficientnetv2-b0/block5a_se_expand/Conv2D;efficientnetv2-b0/block5a_se_expand/BiasAdd/ReadVariableOp
index   : 294
shape   : [1, 1, 1, 576]
dtype   : <class 'numpy.int8'>
quant   : {'scales': [0.03430801257491112], 'zero_points': [-11], 'axis': 0, 'scale_tuple': 0.03430801257491112, 'zp_tuple': -11}
values(int):
[[[[  -1  -58    1   79    0   42   66   65   25   75   47  -34   13   10   68   46   44    7   27   63    8   24
      10   37   51   52   53   68   41   17   54   45   63  -43   28    8   19   35   68  101   65   85   37   47
     -19  -71   29   45    6  -40   40   38  -17   49   71  -38   71   -5  -36   66    3   59  -39  -84   49   67
    -126   41   34   13  -36  -15   59   82   65   29  -20  -99  -16   24  -70   12   81  -29   26   70  -21  -28
      23  -18   15   30  -52  -78   24   44   67   39   15  -14   89  -72   40 -108   38   54  -39   40  -32   76
      82   -1   42   59   68   48  -19   62  -42   30   25   67   10   95   34   11   11   76    4  -64   41   80
      87   62  -27   42   -6   75   22   74   57   34  -31  -24   26   47  -73   34  -35   31   82   58   18   45
       7   55   37   80  -42  -28   48   14   -5   30    1   34  -41   75    9  -79   70   88   38    4   57   35
      70   62   32   47    2    9   57 -127   39  -21   13   30   45   14   13    7    4 -106   20   33   17   45
       2  -73  -12   22   50   52  -28   27   42   71  -27   92   29   45    1   -1  -30   17   55    9   61  -39
      14  -63  -41   34  -30   53  -26    8 -102  -15   61   13   85   35   -6  -23   17   -6   77  -19   34   23
     -47   54   16   51   28    9  -18   67   70   77   38   35  -18   23  -14   91   33   46   84   -7  -11   -1
       6    5  -53 -110   20   22   50   -6    9   13  -22 -105   54  -30   14   15   19  -18  -56   27   56  -51
      25  -17   70   38    0   46   73   46   19   55   -9   58  -92   52   52 -100    3  -29   55   -6   14   23
      54   42   72   45  -13   91  -65    9    4   31   37   49   43   54   44   27   34   27   36  -25   22   84
      10 -106   36  -46   -9  -44   50   13   73   26  -72    5  -40   26   75   19   14  -12   39  -24  -43   65
      33  -30   13   16  -24   67   -3   62  -67   13  -34   34  -20   11  -54   33   61   17   31   37   82  -24
      28   45   72    2  -21  -12   29   55  -18  -18   28   74  -78  100   50   49   27  -38   27   -2    7 -120
    -104   69  -11  -66   17   27    4   67   26   88    7    8   12   11  -74   25  -23    2   36   30  -93   11
      49  -21   60   11  -58   34   23   67   58   68   38   -1  -13  -85   11   37  -73  113    7  -20  -39  -28
      48   59   -3  -28  -34  -64   48   80   27   13   54   -1   45   17  -17   90   21   55   63  -27   30  -69
      18   25  -23   49   57   73  -63  -21   33   25   17   29   -5   32   15   49   11   53   70   56  -52  -20
      47   37  -61   21   68   39   33   34  -47   73   28   16  -27  -66  -49   21   17   55  -16   68   50   41
     -51   69   33  -39   77   66  125   40   36   82   64   71    4   -8  -10   41   25  -32  -18  -24  -15   19
      48  -21   42   28  -17   32   56   35   24   33  -89   70    2   24   38  107   61  -44   69   23   31  -50
      24   56   13   23   62   43   40  -34  -26   33  -92   76   42  -39   47   39  -27  -13   -1   49   34   21
      -9  -15  -31  -26]]]]

=== IFM1 ===
N/A

=== BIAS ===
N/A

=== OFM ===
name    : efficientnetv2-b0/block5a_se_expand/Sigmoid
index   : 295
shape   : [1, 1, 1, 576]
dtype   : <class 'numpy.int8'>
quant   : {'scales': [0.00390625], 'zero_points': [-128], 'axis': 0, 'scale_tuple': 0.00390625, 'zp_tuple': -128}
values(int):
[[[[  22  -85   26  117   24   92  111  110   70  115   97  -48   50   44  112   96   94   38   73  109   40   69
      44   87  101  102  102  112   91   57  103   95  109  -64   75   40   61   84  112  123  110  119   87   97
     -17  -99   76   95   36  -59   90   88  -13   99  114  -55  114   13  -52  111   30  107  -57 -109   99  112
    -123   91   83   50  -52   -9  107  118  110   76  -20 -116  -11   69  -98   48  118  -38   72  113  -22  -36
      67  -15   54   78  -78 -105   69   94  112   89   54   -7  120 -100   90 -119   88  103  -57   90  -44  116
     118   22   92  107  112   98  -17  109  -62   78   70  112   44  121   83   46   46  116   32  -92   91  117
     119  109  -34   92   11  115   66  115  105   83  -42  -28   72   97 -101   83  -50   79  118  106   59   95
      38  104   87  117  -62  -36   98   52   13   78   26   83  -61  115   42 -105  113  120   88   32  105   84
     113  109   80   97   28   42  105 -123   89  -22   50   78   95   52   50   38   32 -119   62   82   57   95
      28 -101   -2   66  100  102  -36   73   92  114  -34  121   76   95   26   22  -40   57  104   42  108  -57
      52  -91  -61   83  -40  102  -32   40 -117   -9  108   50  119   84   11  -26   57   11  116  -17   83   67
     -70  103   55  101   75   42  -15  112  113  116   88   84  -15   67   -7  120   82   96  119    9    0   22
      36   34  -79 -120   62   66  100   11   42   50  -24 -118  103  -40   52   54   61  -15  -83   73  105  -76
      70  -13  113   88   24   96  114   96   61  104    4  106 -113  102  102 -116   30  -38  104   11   52   67
     103   92  114   95   -4  120  -93   42   32   79   87   99   93  103   94   73   83   73   85  -30   66  119
      44 -119   85  -69    4  -66  100   50  114   72 -100   34  -59   72  115   61   52   -2   89  -28  -64  110
      82  -40   50   55  -28  112   17  109  -95   50  -48   83  -20   46  -80   82  108   57   79   87  118  -28
      75   95  114   28  -22   -2   76  104  -15  -15   75  115 -105  122  100   99   73  -55   73   20   38 -122
    -118  113    0  -94   57   73   32  112   72  120   38   40   48   46 -102   70  -26   28   85   78 -114   46
      99  -22  107   46  -85   83   67  112  106  112   88   22   -4 -109   46   87 -101  124   38  -20  -57  -36
      98  107   17  -36  -48  -92   98  117   73   50  103   22   95   57  -13  120   64  104  109  -34   78  -97
      59   70  -26   99  105  114  -91  -22   82   70   57   76   13   80   54   99   46  102  113  105  -78  -20
      97   87  -89   64  112   89   82   83  -70  114   75   55  -34  -94  -73   64   57  104  -11  112  100   91
     -76  113   82  -57  116  111  126   90   85  118  110  114   32    7    2   91   70  -44  -15  -28   -9   61
      98  -22   92   75  -13   80  105   84   69   82 -112  113   28   69   88  124  108  -66  113   67   79  -75
      69  105   50   67  109   93   90  -48  -32   82 -113  116   92  -57   97   89  -34   -4   22   99   83   64
       4   -9  -42  -32]]]]
