MODEL : efficientnetv2b0_int8.tflite
OP #90: SHAPE

=== IFM0 ===
name    : efficientnetv2-b0/block5a_se_squeeze/Mean
index   : 286
shape   : [1, 576]
dtype   : <class 'numpy.int8'>
quant   : {'scales': [0.013911199755966663], 'zero_points': [-108], 'axis': 0, 'scale_tuple': 0.013911199755966663, 'zp_tuple': -108}
values(int):
[[-124  -75  -79 -128 -119 -108   52   15 -119 -122 -124  -95 -115 -127 -125  -89  -69 -120 -113 -109 -126  -97 -123
  -125 -124 -109 -124  -58  -42 -110 -126 -118 -120 -122 -113 -117 -114  -91 -127  -24  -26  -62  -99 -108 -117  -63
  -124 -125 -123  -95 -117  -95  -10  -64 -128 -126  -92 -109 -114 -115 -125  -95  -46 -109 -113 -108  -53 -104  -88
   -66 -123  -96 -126 -127 -127  -69 -125 -118 -127 -127 -122 -127 -101  -19 -125 -112 -123  -11 -111  -37 -120  -34
   -82 -108 -124 -121 -126 -126 -124 -118 -100 -100 -113 -120 -114 -117 -128 -116  -34  -72  -88 -127  -39 -122  -90
   -71 -107  -60 -103 -125 -107 -127 -109   42 -127 -112 -101  -86 -116 -127 -124  -86  -93 -127 -103  -63 -117  -71
  -122 -127 -126 -125 -122 -122 -106  -18 -125 -103   23  -77  -55 -122 -119 -113 -112 -126 -115  -91 -121 -128 -128
  -120 -117 -102 -109 -122  -97 -116  -16 -127  -75  -75 -115 -124 -115 -106 -126  -98 -113 -108 -112 -108  -81 -126
  -125 -125 -127 -128 -122  -92 -119 -123 -117 -127 -122  -36 -128 -121 -118  -69  -19  -70 -107  -84 -123 -116 -126
  -114   -4 -112 -128  -63 -102  -49 -112 -127 -128 -125  -77  -96 -126 -128  -55 -128 -105 -125 -128 -127 -122 -121
  -115  -12  -48 -122 -110  -13 -119 -126  -96 -111 -120 -101 -128 -128  -87  -91  -87 -117  -70 -127  -93  -71 -122
  -122 -120  -59   -1  -78  -94 -127   -2 -104 -117 -119  -97  -46 -127 -125 -118  -56 -128 -116 -123 -115  -36 -126
   -65 -128   25  -24 -124 -122 -125 -119 -115 -105 -118 -125 -128 -123 -106 -124 -102 -122 -110 -102 -104 -116 -122
  -118 -118  -54 -127 -126 -117 -124 -126  -69 -121 -122  -90 -127 -126  -51 -125  -25 -121 -124 -128 -120 -124  -81
  -128 -128 -101 -116 -110 -118 -116  -20 -101 -120 -128 -116 -125 -126 -124 -120 -126 -121  -81 -124  -24 -124  -41
  -109 -113 -122 -125 -128 -126 -127 -123 -122 -120 -128 -121  -73 -127  -83 -124 -123  -62  -53 -128 -126 -125  -62
  -125 -109 -119  -52  -85 -126  -53 -117  -66 -119 -114 -127 -125 -123  -30  -26 -120 -127 -119  -71  -42 -109 -122
  -126 -121 -114 -117  -81 -124 -128 -116 -124 -126 -123 -119 -128 -126  -71 -121 -123 -115 -121  -64 -126 -114 -123
  -126 -120  -82 -121 -124 -115  -21  -88  -54 -121 -124  -39   59 -105  -89 -117 -107 -113  -12 -122  -75 -104  -40
   -16  -81 -114 -127 -123   -3  -20  -98 -120 -126  -71 -114 -119 -125 -106 -122  -92  -79 -100 -115 -124 -104 -112
  -119 -124 -102 -128 -114 -114 -126  -57 -122 -110 -113 -128 -124 -128 -127 -107 -124 -108  -23 -102 -125 -127 -116
  -126 -126 -123  -83 -114 -112 -113 -100 -117   76  -81 -111 -107 -117 -116 -114 -114 -123 -109 -120 -124 -128 -110
  -109 -128 -121 -128  -66 -102  -77  -97 -119  -23 -127 -114 -124  -86 -118 -104 -123  -39 -124 -128  -77 -123 -126
    10 -114 -119 -116  -77  -13 -128 -126 -118 -116 -128 -122  -55  125  -55  -92 -115  -68 -121 -124 -112 -125 -122
  -125 -112  -85  -39 -118 -124  108 -126  -71  -89  -51 -123 -125 -118 -126 -117 -115 -119 -126 -128   21 -120 -128
  -123]]

=== IFM1 ===
N/A

=== BIAS ===
N/A

=== OFM ===
name    : efficientnetv2-b0/block5a_se_reshape/Shape
index   : 287
shape   : [2]
dtype   : <class 'numpy.int32'>
quant   : {'scales': [], 'zero_points': [], 'axis': 0, 'scale_tuple': 0.0, 'zp_tuple': 0}
values(int):
[  1 576]
