MODEL : efficientnetv2b0_int8.tflite
OP #116: LOGISTIC

=== IFM0 ===
name    : efficientnetv2-b0/block5b_se_expand/BiasAdd;efficientnetv2-b0/block6a_se_expand/Conv2D;efficientnetv2-b0/block5b_se_expand/Conv2D;efficientnetv2-b0/block5b_se_expand/BiasAdd/ReadVariableOp
index   : 312
shape   : [1, 1, 1, 672]
dtype   : <class 'numpy.int8'>
quant   : {'scales': [0.034386131912469864], 'zero_points': [26], 'axis': 0, 'scale_tuple': 0.034386131912469864, 'zp_tuple': 26}
values(int):
[[[[   8    6   25   11   31   55    0  -38  -46   48   59   22  -80   -5   54   24   52   25   34   -4   33  -39
      33  -49   46   70   58   60   42   38   60   60  -10   31  -41   35   40   50  -20   48   28    1   41   47
      43  -12   29   39   40   41    9   14   -9   -4  -72  -20   44   28   19   32 -123   32   38   36   61   45
      70   35   47  -10   -2   71    7   65   21   41    3   25   57   15   31   47   16   39  -16   28  -61  -15
      26   49   33   16  -36  -32  -20   19    1   -6   20   26   20  -74   68  -77   48   16   55  126   -2   24
      39   61   29   59   26   18   37  -23   40    9   15   27   69   43  -27   31    1   59   38   76   30   23
     -12   42   49   25  -92   13   66   70   40   51  -62  -37   21   22    9   14  -72  -22   57   49   40   14
       5   30   26   35  -23   16   47  -43   62    9   49   24   43  -49   37   23   23   37  -46   35   29   40
      53  -47   76   55   17   12   53   74   22   -8  -51   70  -40   42  -50   53   19   46   50    5   13  -66
      36   -2  -14   -2  -35   34   48   53   14  -50   27   41   24  -67    7   15  -15   68   11   33   85   39
      42  -35   49   40   30   -1    2   20  -56   56  -10  -16   56   48   80   34   25  -13  -58  -10    3   82
      60   32   28   20   51    2   31  -51   51   30    7   39   48   -9   -2   47   37   14  -56   25   30   -1
       8   30  -31   29   38   23   44   13   15    9  -14   32  -13   44   -7   23   53   40   12   50   43   14
      44   -4   20  -31   29   53   -2  -52   -2  -62   52   16  -10  -10   42   13   16  -14  -36   45    8   43
      12  -26  -69   -9  -81   31  -61  -47   35    2   20   31   38  -30  -28   42  -28   18  -47   54   24   27
      11   17   57  -39  -11   35   56   41  -30  -25   16   40   64   36  -28   43   42   21   44   57    7   38
      63  -41   38  -32   71  -24    6  -13   25   -8   39   35   39   41   44   30   32   57   48   19   75   21
      35   51   -2   45   46   34   55   13   26   36   46   42   51   20  -57   47    5   -8   19  -16   35   48
      55  -22   16   29   82   45   45   26   22   47  -25   45   34  -33   20   37   53  -59   20   18   31   51
     -17   38   -2   30   15   61    7   10   18   -9    7   60   41   17   56   49   24   49   51    9    8  -18
      77   56    8   32   28   11  -47   52  -99  -26   46   40   22   42   16  -41   29   35   42   30  -39   53
      43  -38   25   41   30   35   50    8   43   61   11  -26   34   49   37   41  -20   37  -38   38    8  -64
      21   45    3   12  -11    8   44   49   47  -23   57   41   -7   29   37   38   15  -17   59   -2   47   89
     -46   17  -41   31   -9   69  -66  -11   15   41   23   33  -13   31   45   20    0   44   62   19    5   33
     -27   28   22   54  -18   20   34   26  -57  -12   21   27   31   63   33   -5   38  -19   90   11   30  -35
      52   54   43   39   56    0   45    6    8   61   56  -85    7   32   43   31   38   14   10   20   57  -62
       9   45   34   23   33   34  -56   -2   55  -60   55   43   22   38   37   56  -46   46  -13  -17   21   24
      13  -17   10   37   25   -4   75   41    1   23   37   34   48   15   -9  -28    3   67    1    6   37  -18
      -8  -72   53   19    4   20   27   28   -6   21    7   40   23   37   -3  -43  -20  -17    5   29   53   22
      45   40   20   24  -11   60  -23   24  -24    0   27  -38   23   -1  -82   -3  -23  -17   -7    4   29  -18
      60   56  -34   16   41   28   43   49   29   17   43  -28]]]]

=== IFM1 ===
N/A

=== BIAS ===
N/A

=== OFM ===
name    : efficientnetv2-b0/block5b_se_expand/Sigmoid
index   : 313
shape   : [1, 1, 1, 672]
dtype   : <class 'numpy.int8'>
quant   : {'scales': [0.00390625], 'zero_points': [-128], 'axis': 0, 'scale_tuple': 0.00390625, 'zp_tuple': -128}
values(int):
[[[[ -38  -42   -2  -32   11   59  -54 -102 -108   46   66   -9 -121  -62   57   -4   54   -2   17  -61   15 -103
      15 -110   42   82   64   67   34   26   67   67  -70   11 -105   20   30   50  -84   46    4  -52   32   44
      36  -73    7   28   30   32  -36  -26  -69  -61 -119  -84   38    4  -15   13 -126   13   26   22   69   40
      82   20   44  -70  -57   83  -40   75  -11   32  -48   -2   62  -24   11   44  -22   28  -79    4 -116  -78
       0   48   15  -22 -101  -97  -84  -15  -52  -64  -13    0  -13 -120   79 -121   46  -22   59  120  -57   -4
      28   69    7   66    0  -17   24  -88   30  -36  -24    2   80   36  -92   11  -52   66   26   89    9   -7
     -73   34   48   -2 -124  -28   76   82   30   52 -116 -102  -11   -9  -36  -26 -119  -87   62   48   30  -26
     -44    9    0   20  -88  -22   44 -106   70  -36   48   -4   36 -110   24   -7   -7   24 -108   20    7   30
      55 -109   89   59  -20  -30   55   87   -9  -67 -111   82 -104   34 -111   55  -15   42   50  -44  -28 -118
      22  -57  -76  -57 -100   17   46   55  -26 -111    2   32   -4 -118  -40  -24  -78   79  -32   15   98   28
      34 -100   48   30    9  -55  -50  -13 -114   61  -70  -79   61   46   93   17   -2  -75 -115  -70  -48   95
      67   13    4  -13   52  -50   11 -111   52    9  -40   28   46  -69  -57   44   24  -26 -114   -2    9  -55
     -38    9  -96    7   26   -7   38  -28  -24  -36  -76   13  -75   38  -66   -7   55   30  -30   50   36  -26
      38  -61  -13  -96    7   55  -57 -112  -57 -116   54  -22  -70  -70   34  -28  -22  -76 -101   40  -38   36
     -30  -91 -119  -69 -122   11 -116 -109   20  -50  -13   11   26  -95  -93   34  -93  -17 -109   57   -4    2
     -32  -20   62 -103  -72   20   61   32  -95  -90  -22   30   73   22  -93   36   34  -11   38   62  -40   26
      72 -105   26  -97   83  -89  -42  -75   -2  -67   28   20   28   32   38    9   13   62   46  -15   88  -11
      20   52  -57   40   42   17   59  -28    0   22   42   34   52  -13 -114   44  -44  -67  -15  -79   20   46
      59  -87  -22    7   95   40   40    0   -9   44  -90   40   17  -98  -13   24   55 -115  -13  -17   11   52
     -80   26  -57    9  -24   69  -40  -34  -17  -69  -40   67   32  -20   61   48   -4   48   52  -36  -38  -82
      90   61  -38   13    4  -32 -109   54 -125  -91   42   30   -9   34  -22 -105    7   20   34    9 -103   55
      36 -102   -2   32    9   20   50  -38   36   69  -32  -91   17   48   24   32  -84   24 -102   26  -38 -117
     -11   40  -48  -30  -72  -38   38   48   44  -88   62   32  -66    7   24   26  -24  -80   66  -57   44  102
    -108  -20 -105   11  -69   80 -118  -72  -24   32   -7   15  -75   11   40  -13  -54   38   70  -15  -44   15
     -92    4   -9   57  -82  -13   17    0 -114  -73  -11    2   11   72   15  -62   26  -83  102  -32    9 -100
      54   57   36   28   61  -54   40  -42  -38   69   61 -122  -40   13   36   11   26  -26  -34  -13   62 -116
     -36   40   17   -7   15   17 -114  -57   59 -115   59   36   -9   26   24   61 -108   42  -75  -80  -11   -4
     -28  -80  -34   24   -2  -61   88   32  -52   -7   24   17   46  -24  -69  -93  -48   78  -52  -42   24  -82
     -67 -119   55  -15  -46  -13    2    4  -64  -11  -40   30   -7   24  -59 -106  -84  -80  -44    7   55   -9
      40   30  -13   -4  -72   67  -88   -4  -89  -54    2 -102   -7  -55 -122  -59  -88  -80  -66  -46    7  -82
      67   61  -99  -22   32    4   36   48    7  -20   36  -93]]]]
