MODEL : efficientnetv2b0_int8.tflite
OP #111: RESHAPE

=== IFM0 ===
name    : efficientnetv2-b0/block5b_se_squeeze/Mean
index   : 304
shape   : [1, 672]
dtype   : <class 'numpy.int8'>
quant   : {'scales': [0.009418266825377941], 'zero_points': [-99], 'axis': 0, 'scale_tuple': 0.009418266825377941, 'zp_tuple': -99}
values(int):
[[ -87 -118 -123 -100  -82  -86 -117 -118 -107  -93 -127 -124 -127 -113  -92 -113  -72 -118  -90 -117 -102 -128  -76
  -118  -95  -57  -91  -41 -125 -115 -124  -88   68  -78  -24 -111  -68 -126 -128  -21 -122 -124  -59 -122  -97 -123
  -127  -92  -47 -118   48 -127 -128 -121 -120   52 -113 -117 -110  -14 -118 -111 -118 -126 -128  -98 -124  -92 -124
  -119 -128  -60 -112  -92  -37 -112 -128 -115 -108 -107 -127  -85  108 -109 -107 -122 -108 -123 -123 -119 -123  -62
    37 -124 -113 -128 -119  -42 -123 -104 -122 -128  -83 -128 -119 -128  -94  -14 -128 -125 -119  -48 -128  -62  -95
  -112 -128  -73  -78 -128 -115  -99 -128 -123  -54 -121 -125  -79 -117  -48 -106 -125  -84 -114  -65 -126 -104 -111
   -43  -52 -121 -120  -76 -111 -116  -26 -122 -114 -119 -125 -104 -113 -120  -71 -125 -124 -105 -124 -124 -107 -112
  -128  -93 -128 -127  -93  -86 -125 -119  -91 -112  -96   -2 -109 -117 -125  -93 -113  -66  -53 -121 -114  -72   66
   -96 -128 -128  -82 -114 -117 -125  -14  -93  -97  -77  -88 -124 -126 -127 -127 -124 -128 -118 -121  -76  -48 -126
  -122 -110 -104  -98 -124 -117 -125   -3 -123  -84 -128  -50 -112 -114  -97  -34 -117  -20 -115 -128 -122 -128 -107
   -82 -128 -120 -115  -64 -127 -124 -128 -122 -101 -106 -118 -120 -114 -115 -128  -74 -115 -127 -128 -122 -125 -127
  -124 -128  -59 -106 -115 -113 -126 -113 -123  -99 -117 -123  -33 -128 -125 -127  -83 -104  -63 -118 -123 -127 -123
  -127  -96  -93 -125  -95  -88 -128 -125 -120 -122   33 -126 -123 -122 -114 -127 -117 -122 -123 -109  -15 -125 -124
  -114 -127 -101 -128 -117 -118  -93 -103 -123 -123 -102 -125 -124 -128  -68 -128 -126  -66 -126 -112  -71 -127  -65
  -123 -124 -126 -128 -125 -127  -85 -127 -127 -119 -123  -61 -105  -94  -59 -128 -105 -125 -124 -114 -121 -124 -109
  -128  -87 -119 -110 -120  -81 -120  -87 -126 -110 -112 -106  -98 -124 -128  -87 -128 -123 -119  -98 -123  -63  -88
  -112  -78  -85 -127 -102 -116 -121 -102 -125  -35 -124 -126  -35 -125  -76 -126 -123 -105  -69 -103 -124 -128 -122
  -128 -126 -126 -128 -121  -94 -118 -106 -125  -37 -113 -128 -127 -106  -91  -83 -123 -113 -119 -124 -112 -125 -123
  -126  -55 -119  -74 -114 -124 -115 -119 -115 -118 -110 -108 -124  -77 -128  -92  -53 -117  -63 -120  -97 -127 -114
  -108  110 -117 -126  -74 -123  -64 -121 -125  105  -99 -126  -96 -124  -94 -123  -81  -18 -128 -116 -111  -78 -128
  -126 -128 -125 -126 -113 -102  -77 -112 -124 -124 -117  -78 -107 -126 -124 -103 -118 -110 -128  -10 -128  -99 -125
  -128 -124 -124 -126 -126 -113 -107  -86  -89 -124 -117 -114 -113 -127 -123 -120  -83  -59 -124  -73   26  -63  -55
  -128 -128 -128 -127 -114  -80 -128 -119  -86 -110 -120 -127 -119 -105 -110 -125 -125 -124 -120 -121 -106 -106 -120
  -124 -127  -78 -128 -126 -125 -116 -107   72 -105 -122 -122  -40 -102 -119 -122 -111  -66  -93 -120  -93 -126 -128
   -97 -126 -106 -125  -42 -128 -106  -81 -121 -121  -99 -127 -120 -123 -124 -118 -117 -117 -128  -69   -7 -110 -126
  -128 -125 -111 -127 -121 -124 -126  -66 -120 -112 -108 -117 -114 -112 -128 -128 -127 -127  -80 -114 -127 -121  -57
   -90   27  -72 -119 -123  -99    9 -127 -128 -126 -127 -128  -34  -96 -119   24  -57 -122  -79   31  -76 -123 -125
  -115 -126  -64  -98 -125   70 -119 -103 -120 -115 -124 -113 -128 -127 -125 -125 -121 -117 -121  -93 -122 -128   -5
  -125  -78 -125 -120 -125 -114 -124 -126 -122  -44 -128 -112   77 -112 -120 -111  -49 -124 -128  -78  -99 -128 -118
   -95 -128  -58  -41 -126]]

=== IFM1 ===
name    : efficientnetv2-b0/block5b_se_reshape/Reshape/shape
index   : 307
shape   : [4]
dtype   : <class 'numpy.int32'>
quant   : {'scales': [], 'zero_points': [], 'axis': 0, 'scale_tuple': 0.0, 'zp_tuple': 0}
values(int):
[  1   1   1 672]

=== BIAS ===
N/A

=== OFM ===
name    : efficientnetv2-b0/block5b_se_reshape/Reshape
index   : 308
shape   : [1, 1, 1, 672]
dtype   : <class 'numpy.int8'>
quant   : {'scales': [0.009418266825377941], 'zero_points': [-99], 'axis': 0, 'scale_tuple': 0.009418266825377941, 'zp_tuple': -99}
values(int):
[[[[ -87 -118 -123 -100  -82  -86 -117 -118 -107  -93 -127 -124 -127 -113  -92 -113  -72 -118  -90 -117 -102 -128
     -76 -118  -95  -57  -91  -41 -125 -115 -124  -88   68  -78  -24 -111  -68 -126 -128  -21 -122 -124  -59 -122
     -97 -123 -127  -92  -47 -118   48 -127 -128 -121 -120   52 -113 -117 -110  -14 -118 -111 -118 -126 -128  -98
    -124  -92 -124 -119 -128  -60 -112  -92  -37 -112 -128 -115 -108 -107 -127  -85  108 -109 -107 -122 -108 -123
    -123 -119 -123  -62   37 -124 -113 -128 -119  -42 -123 -104 -122 -128  -83 -128 -119 -128  -94  -14 -128 -125
    -119  -48 -128  -62  -95 -112 -128  -73  -78 -128 -115  -99 -128 -123  -54 -121 -125  -79 -117  -48 -106 -125
     -84 -114  -65 -126 -104 -111  -43  -52 -121 -120  -76 -111 -116  -26 -122 -114 -119 -125 -104 -113 -120  -71
    -125 -124 -105 -124 -124 -107 -112 -128  -93 -128 -127  -93  -86 -125 -119  -91 -112  -96   -2 -109 -117 -125
     -93 -113  -66  -53 -121 -114  -72   66  -96 -128 -128  -82 -114 -117 -125  -14  -93  -97  -77  -88 -124 -126
    -127 -127 -124 -128 -118 -121  -76  -48 -126 -122 -110 -104  -98 -124 -117 -125   -3 -123  -84 -128  -50 -112
    -114  -97  -34 -117  -20 -115 -128 -122 -128 -107  -82 -128 -120 -115  -64 -127 -124 -128 -122 -101 -106 -118
    -120 -114 -115 -128  -74 -115 -127 -128 -122 -125 -127 -124 -128  -59 -106 -115 -113 -126 -113 -123  -99 -117
    -123  -33 -128 -125 -127  -83 -104  -63 -118 -123 -127 -123 -127  -96  -93 -125  -95  -88 -128 -125 -120 -122
      33 -126 -123 -122 -114 -127 -117 -122 -123 -109  -15 -125 -124 -114 -127 -101 -128 -117 -118  -93 -103 -123
    -123 -102 -125 -124 -128  -68 -128 -126  -66 -126 -112  -71 -127  -65 -123 -124 -126 -128 -125 -127  -85 -127
    -127 -119 -123  -61 -105  -94  -59 -128 -105 -125 -124 -114 -121 -124 -109 -128  -87 -119 -110 -120  -81 -120
     -87 -126 -110 -112 -106  -98 -124 -128  -87 -128 -123 -119  -98 -123  -63  -88 -112  -78  -85 -127 -102 -116
    -121 -102 -125  -35 -124 -126  -35 -125  -76 -126 -123 -105  -69 -103 -124 -128 -122 -128 -126 -126 -128 -121
     -94 -118 -106 -125  -37 -113 -128 -127 -106  -91  -83 -123 -113 -119 -124 -112 -125 -123 -126  -55 -119  -74
    -114 -124 -115 -119 -115 -118 -110 -108 -124  -77 -128  -92  -53 -117  -63 -120  -97 -127 -114 -108  110 -117
    -126  -74 -123  -64 -121 -125  105  -99 -126  -96 -124  -94 -123  -81  -18 -128 -116 -111  -78 -128 -126 -128
    -125 -126 -113 -102  -77 -112 -124 -124 -117  -78 -107 -126 -124 -103 -118 -110 -128  -10 -128  -99 -125 -128
    -124 -124 -126 -126 -113 -107  -86  -89 -124 -117 -114 -113 -127 -123 -120  -83  -59 -124  -73   26  -63  -55
    -128 -128 -128 -127 -114  -80 -128 -119  -86 -110 -120 -127 -119 -105 -110 -125 -125 -124 -120 -121 -106 -106
    -120 -124 -127  -78 -128 -126 -125 -116 -107   72 -105 -122 -122  -40 -102 -119 -122 -111  -66  -93 -120  -93
    -126 -128  -97 -126 -106 -125  -42 -128 -106  -81 -121 -121  -99 -127 -120 -123 -124 -118 -117 -117 -128  -69
      -7 -110 -126 -128 -125 -111 -127 -121 -124 -126  -66 -120 -112 -108 -117 -114 -112 -128 -128 -127 -127  -80
    -114 -127 -121  -57  -90   27  -72 -119 -123  -99    9 -127 -128 -126 -127 -128  -34  -96 -119   24  -57 -122
     -79   31  -76 -123 -125 -115 -126  -64  -98 -125   70 -119 -103 -120 -115 -124 -113 -128 -127 -125 -125 -121
    -117 -121  -93 -122 -128   -5 -125  -78 -125 -120 -125 -114 -124 -126 -122  -44 -128 -112   77 -112 -120 -111
     -49 -124 -128  -78  -99 -128 -118  -95 -128  -58  -41 -126]]]]
