MODEL : efficientnetv2b0_int8.tflite
OP #127: SHAPE

=== IFM0 ===
name    : efficientnetv2-b0/block5c_se_squeeze/Mean
index   : 323
shape   : [1, 672]
dtype   : <class 'numpy.int8'>
quant   : {'scales': [0.014887063764035702], 'zero_points': [-109], 'axis': 0, 'scale_tuple': 0.014887063764035702, 'zp_tuple': -109}
values(int):
[[-127 -127  -98 -120 -117 -126 -125 -116 -100 -118  -41 -118  -97  -57  -90 -114  -80  -99 -127 -124 -123 -127 -119
   -96  -57 -127 -123  -93 -127  -97  -76 -126 -121  -90 -127 -121 -116  -22 -100 -116 -113 -120 -121  -25 -127 -127
   -89 -118 -127  -80 -127 -127 -123 -126 -123 -118 -124 -126  -82 -102 -119 -126  -81 -118  -80 -118 -118 -127 -117
  -127 -117  -90 -127 -127 -126 -118 -123 -119 -106 -126 -104 -118 -112 -126 -127 -127  -93 -121 -111  -88 -127 -123
  -127 -127 -127  -53 -118  -94 -107  -70  -77 -112 -126 -123 -120 -124 -112 -115  -95 -127 -115 -118 -127 -112 -121
  -101 -127 -106 -104 -121 -113 -127  -98 -127 -124  -91  -33 -114 -115  -87 -116 -114 -121 -126 -118 -109  -54  -84
  -107 -119 -120 -110  -11 -127 -119  -98 -127 -111 -124 -127 -123 -116 -126 -125  -86 -127 -127 -126 -119 -104  -83
  -112 -112  -89 -126 -127 -113 -119 -111  -99 -120 -126 -116 -127 -126 -124 -112 -118 -127   11 -127 -120  -54 -100
  -113 -127 -124 -116 -122 -117 -123 -127 -127 -125 -124 -126 -116 -125 -116 -127 -119 -100 -126 -125 -117  -91 -126
  -117 -114 -101  -48 -127 -116  -86 -126 -126 -125 -126 -101 -124 -109 -127 -105  -98 -117 -120  -47 -117 -127 -108
  -121 -126 -127 -110  -89 -118 -127 -126 -118 -102 -122 -126 -126 -126 -126  -99 -119  -78 -127 -126  -90  -93 -123
  -107 -115 -111 -104 -127 -126  -42 -123 -124 -103 -127 -114  -90 -118 -127 -120 -124  -96  -79  -94 -126  -88 -126
  -126 -109 -123 -118  -57 -117 -106 -125  -92  -99 -110 -125 -114 -124 -126 -127 -107  -76 -127  -56 -121 -123 -127
   -91 -127 -114  -91 -123 -105 -127 -127 -110  -96 -127 -122  -96  -50  -84 -123 -118  -73 -124 -120  -90 -127 -127
  -118  -89 -127 -118 -126  -93 -111 -125 -109 -127 -118 -120 -120  -51   -4 -119 -110 -107 -121 -109 -126 -127 -124
  -123  -79  -98 -103 -118 -124 -118  -67 -116  -48 -125 -127 -118 -113 -122 -127 -105 -127 -117 -126 -127 -125  -91
   -59 -123 -127 -119 -112 -127 -123 -126 -115  -89 -118 -126 -118 -121 -102 -127 -120 -109 -104 -120   -9 -126  -32
   -44 -126 -126 -120 -125 -118 -109 -127  -72 -103 -126 -119  -91 -123 -118 -119 -102 -122 -123 -114 -124 -127 -127
  -121 -125  -99 -118 -124 -126 -127 -123 -122 -123 -115 -123  -20 -126 -101   -9 -127 -127  -54 -121 -114 -120 -127
  -125 -126 -105  -96 -125 -115 -127 -126 -124 -102 -119 -127 -125 -112  -75 -126 -120 -125 -127 -115 -118 -116  -61
  -127  -83 -124 -121  -77 -120 -125 -117 -123  -90 -124 -111 -124 -126 -101  -44 -118 -119 -124 -127 -120 -123 -127
  -118  -93 -124 -106 -126   49 -127 -101 -124 -117 -118  -92 -101 -127 -126  -54 -118 -127 -127 -126 -124 -120  -86
   -32 -126 -117 -118 -118 -120 -127 -102 -124 -110  -71 -116 -127 -125 -116 -101 -119 -104  -76 -127 -120 -127 -127
   -99 -116 -125 -127 -123  -79 -123 -124 -126  -97 -100 -127 -127 -121 -124 -121 -108 -124  -68 -126 -127  -92 -119
  -122 -125 -126   13 -124 -123 -118  -92  -79 -127  -96  -23 -125  -96 -119 -127 -123 -127 -121 -115 -127 -106  -70
  -104 -110 -124 -110 -118 -125 -120 -127 -127 -127 -127  -70 -101 -107 -111 -121 -124  -46 -123 -122 -127  -92 -123
  -126 -123   73 -127 -127 -127 -127  -86 -100 -118  -85 -125 -119  -85 -125  -96 -111 -118 -108  -92 -127 -108 -120
  -126 -118 -122 -118 -101 -105  -44 -116 -111 -126 -123 -108 -122 -127 -111 -127 -106 -125 -120 -118 -125 -118 -127
  -124 -126 -111 -117  -55  -51  -97 -127  -91 -127 -108  -23 -127 -120  -92  -66  -42 -125 -126 -127 -117 -126 -125
  -120   10 -125 -127 -118]]

=== IFM1 ===
N/A

=== BIAS ===
N/A

=== OFM ===
name    : efficientnetv2-b0/block5c_se_reshape/Shape
index   : 324
shape   : [2]
dtype   : <class 'numpy.int32'>
quant   : {'scales': [], 'zero_points': [], 'axis': 0, 'scale_tuple': 0.0, 'zp_tuple': 0}
values(int):
[  1 672]
