MODEL : efficientnetv2b0_int8.tflite
OP #154: LOGISTIC

=== IFM0 ===
name    : efficientnetv2-b0/block5d_se_expand/BiasAdd;efficientnetv2-b0/block6a_se_expand/Conv2D;efficientnetv2-b0/block5d_se_expand/Conv2D;efficientnetv2-b0/block5d_se_expand/BiasAdd/ReadVariableOp
index   : 350
shape   : [1, 1, 1, 672]
dtype   : <class 'numpy.int8'>
quant   : {'scales': [0.02400924451649189], 'zero_points': [51], 'axis': 0, 'scale_tuple': 0.02400924451649189, 'zp_tuple': 51}
values(int):
[[[[   7   56  -61   -2   10    9  -26   38   20   69   42   14   14   93   72  -91  -18   54   84   32   63   97
     -59   42    2    9   94  -14   35   76  -70   25   21   12   71    0   30   28   16   35  -61  -12   52   58
      54   17  -39   20   39   40  -36    2   30  -88   34  -46   53   50  -17  -32   24   55  -25   -3  -15   33
      95  -12   98   31   13   60   -4  -11   -6  -56   45 -108   89    8  -94   34   -9  -15    9   36  106   89
     -19   53   33 -101   83   57   42   10  -14   -3   29   58   43    1  -15   28   20   41  -84    9   -7   42
      38   32  -20   69  -43  -19   77   51  -44   41   56  -84   15    5   -3  -20  -39   58   55  -76   62  115
      34   60  -23   28   -2   42   18  -45  -42   12  -23   12  -47  109   37   59   96  -18  -83   45   40   -4
       1   25   62   40 -120   11   38   53   41   68   41  -22   75   28   -9   40   12  -29  -80   38   15   26
      29  -50  -31   47   59  -17  -23  -29   50  -15   53   -8   73   -1    7  -15    7   48   72   20   89   87
       2   88  -21   49  -36   69   28   68   38   59   99   38   64   -6   18    0   52   30   68   -9    6   47
      79  -16  -71   11   68  -37  102  -71  -47    6   45    6  -52    9   -2   23   26   34   47   12  -98   75
     -75  -47   41   71   83   17   29   70   12   13   49   41  -88   12  -57  -13   98   58   36   71   97   68
     -14   85   45   -2   -1   34    5    4   19   40   65   48    1    7  -19  -47  -40   58   87  -83  -20   30
      25   85   30   79    8   25   36   49   37   24   77   74    6    5   26   44   17   31  -48  -36   31   27
      55   52  -12  -56   -7  -57   -4  -80  -45   37   31  -17   33  -73   47   44   71   31   36  -28   33   12
      39   59   52   35   50    5  -30    8   36   79   43    6    1   15  -12   31   99  -21   13   50  -21   62
      10  -11  101  -48  -24   36   90   86  -39   -3   69    3   15   30   33 -102   61  108   31  -70  -23   -8
      41   38  111   88   29   71  -55   51    7   30  -59  -94   -8    4   29   17   38  -54  -53   40   14  -30
      72   45   66   91    0   27   61  -66  -30  -80  -59  -52   56   47   31   24   56  -17   45   48   37   43
      43  101   81  -39  107   72   61   42   52   67   36   54   87  124    2  -53   52   -2   28   10  100   63
      24   -1   -5   56   98   75   66    2   31   15  -49   50   70   72   23   69  -34   -3   66   54   83   39
      24   44    1  -34   96   68   -7   52  -26   46   34   80   -9   56   92   46   30   64   47   39   58   31
     -38   -3   86    7   70   67   -5   42   65 -126   44   -4   94   17   61   51 -105  107   48   88  -58   30
      90   41   16   50  -58   63   21   37   17 -101    7    9  -26  107   73   40   27   67   86   63   44  104
      76   84   42   21   37    0  -47  -54   -6    4    7   76   -4  113   19  -32   98   85  -67   50   36   14
      63   71  -37   50   15  -68  -20   38 -109   66   65   44   33   47   -5  -49   42  -48   41   22   22   39
      44  -27   67  -51   43   39   20  -14   71   30   45   84   50   97   94   25   70   -5 -101  -24   36  -37
     -32    5  -46   60   41   83    0   10   38  -14  -58  -43  103   68   18  -54   47  -14   58   53   25   -2
      20   56   88   13  -32   29   87   62   39  -19   17   41  -66  -10   16  105  -23    8   50   73   14  -41
      26  -23  -58  -10   -7  -17   65   16   11   -5   29   51   19   72   73  -35   63 -105  -83   37  -81   52
      64   68   38   42   43   -8   42  -37   -2   10   10  -39]]]]

=== IFM1 ===
N/A

=== BIAS ===
N/A

=== OFM ===
name    : efficientnetv2-b0/block5d_se_expand/Sigmoid
index   : 351
shape   : [1, 1, 1, 672]
dtype   : <class 'numpy.int8'>
quant   : {'scales': [0.00390625], 'zero_points': [-128], 'axis': 0, 'scale_tuple': 0.00390625, 'zp_tuple': -128}
values(int):
[[[[ -62    8 -112  -72  -58  -60  -93  -20  -46   27  -14  -53  -53   60   32 -120  -87    5   48  -29   18   64
    -111  -14  -68  -60   61  -84  -24   37 -115  -39  -44  -56   30  -70  -32  -34  -51  -24 -112  -82    2   11
       5  -50 -102  -46  -18  -17 -100  -68  -32 -119  -26 -105    3   -2  -86  -97  -40    6  -92  -73  -84  -27
      62  -82   65  -30  -55   14  -74  -81  -76 -110   -9 -122   55  -61 -120  -26  -79  -84  -60  -23   74   55
     -88    3  -27 -122   47    9  -14  -58  -84  -73  -33   11  -12  -69  -84  -34  -46  -15 -118  -60  -77  -14
     -20  -29  -89   27 -104  -88   39    0 -104  -15    8 -118  -52  -64  -73  -89 -102   11    6 -116   17   83
     -26   14  -91  -34  -72  -14  -48 -105 -103  -56  -91  -56 -106   77  -21   12   63  -87 -118   -9  -17  -74
     -69  -39   17  -17 -124  -57  -20    3  -15   26  -15  -90   36  -34  -79  -17  -56  -95 -117  -20  -52  -37
     -33 -107  -97   -6   12  -86  -91  -95   -2  -84    3  -78   33  -71  -62  -84  -62   -5   32  -46   55   52
     -68   53  -89   -3 -100   27  -34   26  -20   12   67  -20   20  -76  -48  -70    2  -32   26  -79  -63   -6
      41  -85 -115  -57   26 -100   70 -115 -106  -63   -9  -63 -108  -60  -72  -41  -37  -26   -6  -56 -121   36
    -116 -106  -15   30   47  -50  -33   29  -56  -55   -3  -15 -119  -56 -110  -83   65   11  -23   30   64   26
     -84   50   -9  -72  -71  -26  -64  -65  -47  -17   21   -5  -69  -62  -88 -106 -102   11   52 -118  -89  -32
     -39   50  -32   41  -61  -39  -23   -3  -21  -40   39   34  -63  -64  -37  -11  -50  -30 -106 -100  -30  -36
       6    2  -82 -110  -77 -110  -74 -117 -105  -21  -30  -86  -27 -116   -6  -11   30  -30  -23  -95  -27  -56
     -18   12    2  -24   -2  -64  -96  -61  -23   41  -12  -63  -69  -52  -82  -30   67  -89  -55   -2  -89   17
     -58  -81   69 -106  -92  -23   56   51 -102  -73   27  -67  -52  -32  -27 -122   15   76  -30 -115  -91  -78
     -15  -20   79   53  -33   30 -109    0  -62  -32 -111 -120  -78  -65  -33  -50  -20 -109 -109  -17  -53  -96
      32   -9   23   57  -70  -36   15 -113  -96 -117 -111 -108    8   -6  -30  -40    8  -86   -9   -5  -21  -12
     -12   69   44 -102   75   32   15  -14    2   24  -23    5   52   90  -68 -109    2  -72  -34  -58   68   18
     -40  -71  -75    8   65   36   23  -68  -30  -52 -107   -2   29   32  -41   27  -99  -73   23    5   47  -18
     -40  -11  -69  -99   63   26  -77    2  -93   -8  -26   43  -79    8   58   -8  -32   20   -6  -18   11  -30
    -101  -73   51  -62   29   24  -75  -14   21 -124  -11  -74   61  -50   15    0 -122   75   -5   53 -111  -32
      56  -15  -51   -2 -111   18  -44  -21  -50 -122  -62  -60  -93   75   33  -17  -36   24   51   18  -11   72
      37   48  -14  -44  -21  -70 -106 -109  -76  -65  -62   37  -74   81  -47  -97   65   50 -114   -2  -23  -53
      18   30 -100   -2  -52 -114  -89  -20 -123   23   21  -11  -27   -6  -75 -107  -14 -106  -15  -43  -43  -18
     -11  -94   24 -108  -12  -18  -46  -84   30  -32   -9   48   -2   64   61  -39   29  -75 -122  -92  -23 -100
     -97  -64 -105   14  -15   47  -70  -58  -20  -84 -111 -104   71   26  -48 -109   -6  -84   11    3  -39  -72
     -46    8   53  -55  -97  -33   52   17  -18  -88  -50  -15 -113  -80  -51   73  -91  -61   -2   33  -53 -103
     -37  -91 -111  -80  -77  -86   21  -51  -57  -75  -33    0  -47   32   33  -99   18 -122 -118  -21 -118    2
      20   26  -20  -14  -12  -78  -14 -100  -72  -58  -58 -102]]]]
