MODEL : efficientnetv2b0_int8.tflite
OP #168: RESHAPE

=== IFM0 ===
name    : efficientnetv2-b0/block5e_se_squeeze/Mean
index   : 361
shape   : [1, 672]
dtype   : <class 'numpy.int8'>
quant   : {'scales': [0.011932946741580963], 'zero_points': [-105], 'axis': 0, 'scale_tuple': 0.011932946741580963, 'zp_tuple': -105}
values(int):
[[-123 -126 -126  -78 -100 -126 -122 -124  -84  -53 -125  -97  -41 -104 -111 -110  -71  -69  -53 -123  -55 -101 -122
  -120  -89 -126 -116 -126  -84 -126 -118 -115 -128  -98 -125 -115 -117 -127 -109 -120 -124   27 -127 -120 -126  -59
  -123 -120 -127  -91 -124 -100 -104 -118 -123 -117 -126  -94 -126 -120 -122  -90 -126  -44 -101  -86 -115 -123  -54
  -121 -118 -128  -60 -113 -126 -100 -110 -114 -126 -126 -121 -107 -114 -121 -115 -127  -76 -127 -127  -85 -103 -106
  -124 -125 -104 -124 -124 -122 -119 -121  -50  -11  -85 -128  -59  -86  -78  -95  -99 -123 -108 -124 -124 -125 -110
  -113 -122 -128 -117 -119 -123 -123 -126 -113  -76 -121  -99 -118  -63 -118  -63 -128  -80 -101 -113   -4 -119 -126
  -114 -112 -116  -71 -111 -128 -116  -80 -115 -105 -117 -122 -123 -107 -118 -120 -126 -123  -63 -111 -128 -123 -102
   -35 -126 -116 -100 -126 -120 -123 -113 -115 -126 -114 -126 -125 -111 -122 -122 -127  -92 -105 -124  -86 -121  -68
  -121 -104  -60 -122 -104 -118    9 -126 -116 -120 -123  -98 -109 -105 -115 -126  -82 -124 -127 -120 -120 -125 -126
    33  -56 -116 -110  -93  -98  -84 -128 -127 -128 -117  -64 -127  -76 -106 -126 -107 -125 -124  -83 -126  -70 -124
  -113 -126 -112 -124  -12  -57  -71 -122 -113 -126 -114  -89 -119 -115 -122 -126 -124 -115 -117 -123 -124 -122 -117
  -122 -116 -109  -37 -124  -92 -122 -120 -104  -93  -89 -122 -124 -118 -116  -62 -120 -108 -122 -123 -103 -126 -124
  -119  -74 -120 -126 -119 -126  -84 -124  -54 -120 -127 -122 -117 -119 -111 -125  -95 -122 -115  -76  -67 -127  -98
  -126  -90 -125 -116 -116 -125 -127 -119 -124  -83 -126 -109 -120 -103 -121 -108  -61 -126 -124 -126 -118 -105  -85
  -119 -120 -121 -114 -109 -115 -104 -113  -89  -58 -118 -110 -105 -127 -124 -126 -111 -119 -123  -66 -117 -106 -123
  -108 -109 -124 -107 -120 -120 -124 -120 -108  -94 -119  -60 -111 -128  -87  -86 -120  -56  -64 -125 -121 -101 -125
   -56 -116 -122 -127 -122  -51  -85  -98  -72 -123  -95 -113 -116 -125 -123 -118 -112 -121  -86 -101 -119 -128 -121
  -126 -121  -82 -114  -89 -126 -118 -124 -115 -126 -109  -83  -85  -88  -64 -122 -126 -117 -123 -122 -103 -123  -72
  -126 -117  -74 -118 -122 -125 -126  -41 -116   81  -73  -75 -125  -77  -70 -127 -108 -127  -88 -115  -86 -125 -114
  -124 -118 -127 -127 -100 -124 -119 -116 -122 -116 -121 -113 -127 -126 -125   59  -75 -123 -126  -96 -123  -78 -125
  -104 -122  -56 -108  -68 -126  -74 -122 -126 -102 -124  -75 -126 -122  -79  -82 -119 -127  -81 -115 -122 -126 -119
   -92 -127  -76  -86 -120 -120  -81 -121 -110 -103 -126 -102 -107  -23 -123 -119 -126 -121 -115 -126 -110 -122 -122
  -123  -82 -123 -122 -116  -92  -50  -90 -126 -123 -126 -120  -79  -96  -71 -107 -124 -123 -114 -122 -126 -106 -126
  -127 -121 -123  -62 -126  -84 -114 -127 -108  -91 -128 -123  -99 -110  -99  -92 -105  -58 -123 -119 -126  -99 -126
  -123 -115 -123  -85 -116  -91  -90 -115 -118 -118 -114  -81 -128 -125 -113 -122 -123 -125 -115 -115  -81 -122  -99
  -120 -104 -118 -117  -73 -118 -126 -113 -127 -120  -86  -96  -98   12 -127 -101 -103 -115 -118 -120 -123  -99 -109
   -97 -126  -35  -68 -127 -118 -118  -81 -114 -128 -120 -126 -118  -68 -126 -114 -114 -104 -100  -71 -119  -73 -109
  -125  -96 -122  -37 -120 -124  -62 -128 -118 -124 -104 -122 -123    8 -126  -75 -125 -122 -115  -89 -117 -127 -108
   -83 -126 -102 -128 -120 -123 -126 -122 -119 -128 -105 -116 -125 -126  -83  -68 -118  -95 -123  -76  111 -125 -125
    -8 -122 -112 -127 -127]]

=== IFM1 ===
name    : efficientnetv2-b0/block5e_se_reshape/Reshape/shape
index   : 364
shape   : [4]
dtype   : <class 'numpy.int32'>
quant   : {'scales': [], 'zero_points': [], 'axis': 0, 'scale_tuple': 0.0, 'zp_tuple': 0}
values(int):
[  1   1   1 672]

=== BIAS ===
N/A

=== OFM ===
name    : efficientnetv2-b0/block5e_se_reshape/Reshape
index   : 365
shape   : [1, 1, 1, 672]
dtype   : <class 'numpy.int8'>
quant   : {'scales': [0.011932946741580963], 'zero_points': [-105], 'axis': 0, 'scale_tuple': 0.011932946741580963, 'zp_tuple': -105}
values(int):
[[[[-123 -126 -126  -78 -100 -126 -122 -124  -84  -53 -125  -97  -41 -104 -111 -110  -71  -69  -53 -123  -55 -101
    -122 -120  -89 -126 -116 -126  -84 -126 -118 -115 -128  -98 -125 -115 -117 -127 -109 -120 -124   27 -127 -120
    -126  -59 -123 -120 -127  -91 -124 -100 -104 -118 -123 -117 -126  -94 -126 -120 -122  -90 -126  -44 -101  -86
    -115 -123  -54 -121 -118 -128  -60 -113 -126 -100 -110 -114 -126 -126 -121 -107 -114 -121 -115 -127  -76 -127
    -127  -85 -103 -106 -124 -125 -104 -124 -124 -122 -119 -121  -50  -11  -85 -128  -59  -86  -78  -95  -99 -123
    -108 -124 -124 -125 -110 -113 -122 -128 -117 -119 -123 -123 -126 -113  -76 -121  -99 -118  -63 -118  -63 -128
     -80 -101 -113   -4 -119 -126 -114 -112 -116  -71 -111 -128 -116  -80 -115 -105 -117 -122 -123 -107 -118 -120
    -126 -123  -63 -111 -128 -123 -102  -35 -126 -116 -100 -126 -120 -123 -113 -115 -126 -114 -126 -125 -111 -122
    -122 -127  -92 -105 -124  -86 -121  -68 -121 -104  -60 -122 -104 -118    9 -126 -116 -120 -123  -98 -109 -105
    -115 -126  -82 -124 -127 -120 -120 -125 -126   33  -56 -116 -110  -93  -98  -84 -128 -127 -128 -117  -64 -127
     -76 -106 -126 -107 -125 -124  -83 -126  -70 -124 -113 -126 -112 -124  -12  -57  -71 -122 -113 -126 -114  -89
    -119 -115 -122 -126 -124 -115 -117 -123 -124 -122 -117 -122 -116 -109  -37 -124  -92 -122 -120 -104  -93  -89
    -122 -124 -118 -116  -62 -120 -108 -122 -123 -103 -126 -124 -119  -74 -120 -126 -119 -126  -84 -124  -54 -120
    -127 -122 -117 -119 -111 -125  -95 -122 -115  -76  -67 -127  -98 -126  -90 -125 -116 -116 -125 -127 -119 -124
     -83 -126 -109 -120 -103 -121 -108  -61 -126 -124 -126 -118 -105  -85 -119 -120 -121 -114 -109 -115 -104 -113
     -89  -58 -118 -110 -105 -127 -124 -126 -111 -119 -123  -66 -117 -106 -123 -108 -109 -124 -107 -120 -120 -124
    -120 -108  -94 -119  -60 -111 -128  -87  -86 -120  -56  -64 -125 -121 -101 -125  -56 -116 -122 -127 -122  -51
     -85  -98  -72 -123  -95 -113 -116 -125 -123 -118 -112 -121  -86 -101 -119 -128 -121 -126 -121  -82 -114  -89
    -126 -118 -124 -115 -126 -109  -83  -85  -88  -64 -122 -126 -117 -123 -122 -103 -123  -72 -126 -117  -74 -118
    -122 -125 -126  -41 -116   81  -73  -75 -125  -77  -70 -127 -108 -127  -88 -115  -86 -125 -114 -124 -118 -127
    -127 -100 -124 -119 -116 -122 -116 -121 -113 -127 -126 -125   59  -75 -123 -126  -96 -123  -78 -125 -104 -122
     -56 -108  -68 -126  -74 -122 -126 -102 -124  -75 -126 -122  -79  -82 -119 -127  -81 -115 -122 -126 -119  -92
    -127  -76  -86 -120 -120  -81 -121 -110 -103 -126 -102 -107  -23 -123 -119 -126 -121 -115 -126 -110 -122 -122
    -123  -82 -123 -122 -116  -92  -50  -90 -126 -123 -126 -120  -79  -96  -71 -107 -124 -123 -114 -122 -126 -106
    -126 -127 -121 -123  -62 -126  -84 -114 -127 -108  -91 -128 -123  -99 -110  -99  -92 -105  -58 -123 -119 -126
     -99 -126 -123 -115 -123  -85 -116  -91  -90 -115 -118 -118 -114  -81 -128 -125 -113 -122 -123 -125 -115 -115
     -81 -122  -99 -120 -104 -118 -117  -73 -118 -126 -113 -127 -120  -86  -96  -98   12 -127 -101 -103 -115 -118
    -120 -123  -99 -109  -97 -126  -35  -68 -127 -118 -118  -81 -114 -128 -120 -126 -118  -68 -126 -114 -114 -104
    -100  -71 -119  -73 -109 -125  -96 -122  -37 -120 -124  -62 -128 -118 -124 -104 -122 -123    8 -126  -75 -125
    -122 -115  -89 -117 -127 -108  -83 -126 -102 -128 -120 -123 -126 -122 -119 -128 -105 -116 -125 -126  -83  -68
    -118  -95 -123  -76  111 -125 -125   -8 -122 -112 -127 -127]]]]
