MODEL : efficientnetv2b0_int8.tflite
OP #173: LOGISTIC

=== IFM0 ===
name    : efficientnetv2-b0/block5e_se_expand/BiasAdd;efficientnetv2-b0/block6a_se_expand/Conv2D;efficientnetv2-b0/block5e_se_expand/Conv2D;efficientnetv2-b0/block5e_se_expand/BiasAdd/ReadVariableOp
index   : 369
shape   : [1, 1, 1, 672]
dtype   : <class 'numpy.int8'>
quant   : {'scales': [0.02544100396335125], 'zero_points': [66], 'axis': 0, 'scale_tuple': 0.02544100396335125, 'zp_tuple': 66}
values(int):
[[[[ -34   32   -1   57   50   35  -11   12   72   37   39   61   61   54   26   17  116  127   64  -41   38  -19
     -17   10   29  -61   34   43   68  -41  -28   33   43   49   -7  -67   54   17   13   55   67  -13   34   19
      74   98   73    9  -33   95   82   59   28   24   85   25   -7   61   69  -97   27   92   57   57   35   74
      30   26  120   44    7   40   78   51   67   63   52   12  -34   49  -14   87   51   63  -72   70   56   61
       2   61   16    5   21    1   46   16   69  -18   14   26   42   30  103   -8   35    6   36  -52   38    4
      37   40  -56  -43   30   40   53   28  -47   16  -14   34   58   -8   95   67   69   13  103   36  100   23
      73   34   55   45   -3  -31   78  -16   25   66   54   -1  -25   70   50    7   -4  -30   19   11    8   15
      52    1   44   49   41   83   57   17   14    8   27  -17  -13   65  -29    6   -4  -45   23   11   43   32
      21   38   53   30   39   79   12   90   77   48   23  -12   53   47    4   14   52   80   35   67   -8   50
     -17   51   73    1   73   54   53   10   -8   73   43  -18   67   67   16   35   65   60  -14   47  112   85
      34   30   35   51   12   22   84  -10   83   55   25   31   31   80   26  106   55   56   14   56  -22   66
      43  -55   45   37   62   17   17   -7  -21   74  -54    7   30  -10   85   55   24  -10  -26   67   63   64
      44   32   58   15  109  -29   47   78   82   53  -27  -13   43   88   30  -42  -38    0   29  -51  110  -37
     -34  -29  -16   44    9   41   71   -9   24   95   51  -52  -17   -1   27   27   28   58  -41    2   10   31
      91   27   52   36   88   23   43   17   47   18  -30   10   72   62   27  -50  -42   50    7   13   54  -15
       1   80   30   27   84   21   50   10   43    8   58   98   58   34  -32   17  -39   39  -80  -22  -65  -50
      50   26   76   42   80   37   42   78   54   26   73   93   58   -7   52   25   20   37   16   14   56   -6
      84  -59   96  -59   54   27   41  -10  -19   17   50   37   51   27   64   60   42   51   90   36   57   53
     -15   52   46    4   28   49   36   72   61   89    2   37   57  -34  -28   27   38   72   77   21   60  -54
      -3   19   -5   54   26  -22   68   85   47   63  102  -34  -49    4   60  -56   21   15   35   30   34   42
      48   54   -6   11  -81  -61   57   35   83   69   -3   19   13   52   19   -5   40   21   59   34   26    2
      71   11   44   12   43   64  -28   83  -46  120   26   58   76   73  -14   12   77 -127   27   75   43  -71
      -8   70   84   62   12   98  -22   53   71   66   61   11  -34   -6   19   38   35  -44    9  -39    7   26
     -72   86   24   23   16   14   -1   15  -39    4   13   -1   50   47   93   12    1   16    4   42   10   24
     -25   51   22   42   94    4   38   18  -13   36   52   81   53  -27   45    1   43   65  112    1   59    2
      39  -14   19  -49   40   35  -29   23   26   46    8   41   22  -34   40  -44  -30  -17  -18   48   -8  -47
      57    1   50  -15   45  -17  -13  111   18   44   50   16   -4   59   18   33   21    8   56   54   34   18
     -66  -72   43   75  -75    5   17   66   -7  -34  -45   62    9   40   34   -6   26   44  -32   24   35   31
      32   74   11   35    4    8   64   39   24   55  -49   96  -35   11  -19   56  -40  -16   18   11   66   12
      24   78   56   25   33  -13   82  -70   77    1  -34   10   65   -9   40   25   32   29   12    1   69   28
      -3   52   -1   41    4   10  -17   63   44  -58   32   56]]]]

=== IFM1 ===
N/A

=== BIAS ===
N/A

=== OFM ===
name    : efficientnetv2-b0/block5e_se_expand/Sigmoid
index   : 370
shape   : [1, 1, 1, 672]
dtype   : <class 'numpy.int8'>
quant   : {'scales': [0.00390625], 'zero_points': [-128], 'axis': 0, 'scale_tuple': 0.00390625, 'zp_tuple': -128}
values(int):
[[[[-109  -52  -89  -15  -26  -48  -96  -76   10  -45  -42   -8   -8  -19  -60  -71   72   83   -3 -112  -44 -102
    -100  -78  -56 -118  -49  -36    3 -112 -107  -51  -36  -27  -93 -120  -19  -71  -75  -18    2  -98  -49  -69
      13   49   11  -79 -109   45   26  -11  -57  -63   30  -61  -93   -8    5 -124  -59   41  -15  -15  -48   13
     -55  -60   76  -35  -81  -41   19  -24    2   -5  -23  -76 -109  -27  -98   33  -24   -5 -121    7  -16   -8
     -86   -8  -72  -83  -66  -87  -32  -72    5 -101  -74  -60  -38  -55   56  -94  -48  -82  -47 -116  -44  -84
     -45  -41 -117 -113  -55  -41  -21  -57 -114  -72  -98  -49  -13  -94   45    2    5  -75   56  -47   52  -64
      11  -49  -18  -33  -90 -108   19 -100  -61    0  -19  -89 -105    7  -26  -81  -91 -108  -69  -77  -80  -73
     -23  -87  -35  -27  -39   27  -15  -71  -74  -80  -59 -100  -98   -2 -107  -82  -91 -114  -64  -77  -36  -52
     -66  -44  -21  -55  -42   21  -76   38   18  -29  -64  -97  -21  -30  -84  -74  -23   23  -48    2  -94  -26
    -100  -24   11  -87   11  -19  -21  -78  -94   11  -36 -101    2    2  -72  -48   -2  -10  -98  -30   67   30
     -49  -55  -48  -24  -76  -65   29  -96   27  -18  -61  -53  -53   23  -60   60  -18  -16  -74  -16 -103    0
     -36 -117  -33  -45   -7  -71  -71  -93 -103   13 -116  -81  -55  -96   30  -18  -63  -96 -106    2   -5   -3
     -35  -52  -13  -73   64 -107  -30   19   26  -21 -106  -98  -36   35  -55 -113 -111  -88  -56 -116   65 -111
    -109 -107 -100  -35  -79  -39    8  -95  -63   45  -24 -116 -100  -89  -59  -59  -57  -13 -112  -86  -78  -53
      39  -59  -23  -47   35  -64  -36  -71  -30  -70 -108  -78   10   -7  -59 -115 -113  -26  -81  -75  -19  -99
     -87   23  -55  -59   29  -66  -26  -78  -36  -80  -13   49  -13  -49 -108  -71 -111  -42 -122 -103 -119 -115
     -26  -60   16  -38   23  -45  -38   19  -19  -60   11   42  -13  -93  -23  -61  -67  -45  -72  -74  -16  -93
      29 -118   47 -118  -19  -59  -39  -96 -102  -71  -26  -45  -24  -59   -3  -10  -38  -24   38  -47  -15  -21
     -99  -23  -32  -84  -57  -27  -47   10   -8   36  -86  -45  -15 -109 -107  -59  -44   10   18  -66  -10 -116
     -90  -69  -92  -19  -60 -103    3   30  -30   -5   55 -109 -115  -84  -10 -117  -66  -73  -48  -55  -49  -38
     -29  -19  -93  -77 -122 -118  -15  -48   27    5  -90  -69  -75  -23  -69  -92  -41  -66  -11  -49  -60  -86
       8  -77  -35  -76  -36   -3 -107   27 -114   76  -60  -13   16   11  -98  -76   18 -126  -59   15  -36 -120
     -94    7   29   -7  -76   49 -103  -21    8    0   -8  -77 -109  -93  -69  -44  -48 -113  -79 -111  -81  -60
    -121   32  -63  -64  -72  -74  -89  -73 -111  -84  -75  -89  -26  -30   42  -76  -87  -72  -84  -38  -78  -63
    -105  -24  -65  -38   44  -84  -44  -70  -98  -47  -23   24  -21 -106  -33  -87  -36   -2   67  -87  -11  -86
     -42  -98  -69 -115  -41  -48 -107  -64  -60  -32  -80  -39  -65 -109  -41 -113 -108 -100 -101  -29  -94 -114
     -15  -87  -26  -99  -33 -100  -98   66  -70  -35  -26  -72  -91  -11  -70  -51  -66  -80  -16  -19  -49  -70
    -119 -121  -36   15 -121  -83  -71    0  -93 -109 -114   -7  -79  -41  -49  -93  -60  -35 -108  -63  -48  -53
     -52   13  -77  -48  -84  -80   -3  -42  -63  -18 -115   47 -110  -77 -102  -16 -112 -100  -70  -77    0  -76
     -63   19  -16  -61  -51  -98   26 -120   18  -87 -109  -78   -2  -95  -41  -61  -52  -56  -76  -87    5  -57
     -90  -23  -89  -39  -84  -78 -100   -5  -35 -118  -52  -16]]]]
