MODEL : efficientnetv2b0_int8.tflite
OP #210: LOGISTIC

=== IFM0 ===
name    : efficientnetv2-b0/block6b_se_expand/BiasAdd;efficientnetv2-b0/block6h_se_expand/Conv2D;efficientnetv2-b0/block6b_se_expand/Conv2D;efficientnetv2-b0/block6b_se_expand/BiasAdd/ReadVariableOp
index   : 406
shape   : [1, 1, 1, 1152]
dtype   : <class 'numpy.int8'>
quant   : {'scales': [0.026734570041298866], 'zero_points': [57], 'axis': 0, 'scale_tuple': 0.026734570041298866, 'zp_tuple': 57}
values(int):
[[[[  36    6   21  -27   64  -49   96  -12   11   39   13   -7  -28   63   90  107   78   44   66   19   20   77
      31   41  -11   42   76   34   53  -13   62   51   27   32   86   88   67   70   73   18  -34   76   71   31
      35   35   83   66  -32    9   60  -73   60  -38   52    5   18   81   17  -28  -25   17   41   54  -51   77
      25   10    9   -7   13   44   12   60   -1   77   -4    3  119   10   43  -24   91  -26   60   42  125   23
     -52   30   56   61   32  -57   48   52   58   96  -10   63  -16   28    5   13  -31   75   29  -24   18   87
     -30  113   90   33  -15   76   21   28   87   49   -4   99  -35   15   53  -17   61    7  -70   85    8   47
      60   39   83  -19   21   31   28   82    1   64   -8   -2  106   20   39  -24  -61  -38   25  -17   88   37
      11   87   46    5  -27   92   67  -45   53   87   23   51  -59  -39   44   55   73  -54  -10  -14  -14   -5
      68   -8    6   64  107    2    3   78  -26  -15    1   28   -3   -3   11   32   23   -6  -17   20    0  -15
     -49   64  -23    9  -23    0   25   59   58   34   15    2  -35  -78   74    2  -30   90   32   82    8    9
     -31   34   32   31   62   22  -25    1  -27  118  -51   48  -32   17  -29   42   20  -27   27   25   45   14
      87  -29   69   34   79   49  108   34  -22   55   27   45   18   73   19   61   19   18   49   68   27   35
      42   16    2   41    2  -54   40   66   98   72  -43   -8   63   84   -2   32   42   -7  -19   52  -35   16
      11   43   -2  -49   41   10   74   52   64  -38   87  -13  -40  -63  -18   12   51   11   75   63    0   32
      62   25   22  -92   26   48   12   47   21   27   27   92   51  -16  -53   36   54   20    1  -39   21   43
      62   25   51  -84   -3   -6   51   -1   85   19   74   55  -28  -13  -52   31   62   34   42    8  -24   71
       2   -3   74   37   76   54   59   42  -30  -16   20   15   30   65  -38  -14   47   65   19   -8    4   20
      -8   -3   26   10  -20  -23  -26   44   33  -16  102  105   27   50   78  -54    5   21   45  -30    0 -106
      24  -22   47   76   28   99   40   21   60  107   91   -5   89   78   70 -120   80   39    5   11   12   32
      29   42   47  -14   61   47  -84   28   24   28    1   45   79   59  -15   50  -29   53  102   46   55    5
      10  -20   65   37   30  -30   -2   53   55  -96   52  121  -35   31   51  -18   46    6   30  -54   56  -38
      76   45   13   16    1   -8  -16   10  -19  -28   52   26    0   18   -5   32  -22  -48   31   18   50    3
      28   75   89  -12   82   -3   10  -28  -36   16   36   49    0   81   54   55   -3   30    3   40  -12    8
      15  -18   17   47   73   -2   25   64  -54   65  -12   39   53   24   19   86   54   50   78   16  106  -31
      44   22   79  -58   85    3    9   76   53  -28   19   79    9   97   96  -51   23   20   42  100   33   19
      -7  -24   72   54   94   36   72   19   27   43   66  126   19   56  -76   45    6   -1    4   35  -37   54
      31   50   52  -38   84   52   53   67   20  -27   84   36   73   69   13   76  -20   25  -72   34   65   -3
      24  -65   60   54  -31   58   23   22   70   77  -14   62  -23   55  101   59   23   21  -49   78   58  -10
      19  -78   57    9   23   61   21  -15  -23   44   -1   37  -26  -24   27  -46   72   22  -19   60   71   39
      49   55   31   33   41   24   38  119  -23    3   32   24   80   46   16   81   17   42   66   47 -112   21
      75   -8  -49   27  -33  -23   46   28   38   36   76  -11   49   54   57  -43   57   42  -12    3   82   -5
      26   26   88  -33   11  -14  -99   47   64   69   14  -12   14  -42   54   46    1   77   30   47    2  109
      60  122   12  -32   97  -38   83  -13  -17  -22   65   15   13  -32   17  -41   41  -52   58   24  -92   67
      51  -36  -31  -22  -11   43  -15   92  -44  -62    8   33  -61    9   33    9  -24   94  -25  -47  113   25
      23   10   31  -12   47   34   30   22   61   26  100   82   51  -83   96  -58   70   23   64   21   15  -45
      35   39  -22   85  -67   42  -47  -12   37  -62   78   36  -65   65   11  -44  -25  -23   85   72   29   66
     111   13   55  -43   71  110   43   56   17   46  -27   17  -33   44   -5   58   30   69   74   11  -15   -1
      -5   12  -15   48  -87   21   20   11  -55  106    5  -32   44   47   31   12   35    7   62  111   10   29
      10   53  -53    3   -8   77   51  -53   -9   31   59   -3  -34   11   79  -11   49   21   57  110  -44   56
      42   46    2   15   91    7   -9   62  -20   -3   81   30   83   67   60   72  -14  -29  -57  -23   63  -16
      25   59   -1  -38    5  -15   34  107  -77   52   68   65   59   78   90   98   50   10   58  -41  -43  -20
      56   73   54  -15  -36    9   66   34   69  -45   75    4   27   48  -39  -51   99   69   51  -15   19   84
      65  -17    9   40  -15   62   -3   24   64    6    0   -8  -70   -2   36  -23   38   -3   -8   54  107   53
     -19  -22  -20  -47  -55   11  -29    5   26   90   47    9   89  -21   19   53   97   39   76   15   34    2
      53  -14   92   18    6  -23   27  -16  -49   86   62   68   63   29   42   -1   14    3  -37   23   40   29
     -12   33   44   86   67   77   61   36   85   20   18   27   22  -27   64   53   33   50  -29   11   21  -88
      66   60   76   21   10   26   66  -15   19  -27   -6  -26   47  -51   27   -6   12   80   72   52  -43  -42
     -65  -91    0   16  -67  -27  -10  -31   64  -78  119   42   66   76   15   28   58   -4   69   35    7   50
     -13  -10  -29  -20    9   24  -32   -4   83   31   63  -33   69   91  -39   46   63   43   74   14   52  -34
      67   52  -13   61   59    6  -14    3   50  -22   22    4  -23   -4   55   51   -1   17   73   15  -33   13
      41   57  -28   62   20   41    2   61   62  -18   12   -6   29   32   82   19  -39   79   10   93   21   48
       7   13   51   40    6  -12   49    9   11   20   23   25  -32  -58   21  -36   78   61  -13   38   -7    4
     -29   52   81    5   33  -61   24   12]]]]

=== IFM1 ===
N/A

=== BIAS ===
N/A

=== OFM ===
name    : efficientnetv2-b0/block6b_se_expand/Sigmoid
index   : 407
shape   : [1, 1, 1, 1152]
dtype   : <class 'numpy.int8'>
quant   : {'scales': [0.00390625], 'zero_points': [-128], 'axis': 0, 'scale_tuple': 0.00390625, 'zp_tuple': -128}
values(int):
[[[[ -35  -76  -57 -103   12 -114   61  -93  -70  -30  -68  -89 -104   10   53   75   35  -22   15  -60  -59   33
     -43  -27  -92  -25   32  -38   -7  -94    9  -10  -49  -41   47   50   17   22   27  -61 -107   32   24  -43
     -37  -37   43   15 -106  -72    5 -120    5 -109   -9  -77  -61   40  -63 -104 -102  -63  -27   -5 -114   33
     -52  -71  -72  -89  -68  -22  -69    5  -83   33  -86  -79   87  -71  -24 -102   54 -103    5  -25   92  -54
    -115  -44   -2    7  -41 -116  -15   -9    2   61  -91   10  -96  -47  -77  -68 -106   30  -46 -102  -61   49
    -105   81   53  -40  -95   32  -57  -47   49  -14  -86   65 -108  -65   -7  -97    7  -75 -120   46  -74  -17
       5  -30   43  -98  -57  -43  -47   41  -81   12  -90  -84   74  -59  -30 -102 -118 -109  -52  -97   50  -33
     -70   49  -19  -77 -103   56   17 -112   -7   49  -54  -10 -117 -110  -22   -3   27 -115  -91  -95  -95  -87
      19  -90  -76   12   75  -80  -79   35 -103  -95  -81  -47  -85  -85  -70  -41  -54  -88  -97  -59  -82  -95
    -114   12 -101  -72 -101  -82  -52    3    2  -38  -65  -80 -108 -121   29  -80 -105   53  -41   41  -74  -72
    -106  -38  -41  -43    9  -56 -102  -81 -103   86 -114  -15 -106  -63 -105  -25  -59 -103  -49  -52  -20  -66
      49 -105   20  -38   37  -14   76  -38 -100   -3  -49  -20  -61   27  -60    7  -60  -61  -14   19  -49  -37
     -25  -64  -80  -27  -80 -115  -29   15   64   25 -111  -90   10   44  -84  -41  -25  -89  -98   -9 -108  -64
     -70  -24  -84 -114  -27  -71   29   -9   12 -109   49  -94 -110 -118  -98  -69  -10  -70   30   10  -82  -41
       9  -52  -56 -123  -50  -15  -69  -17  -57  -49  -49   56  -10  -96 -115  -35   -5  -59  -81 -110  -57  -24
       9  -52  -10 -122  -85  -88  -10  -83   46  -60   29   -3 -104  -94 -115  -43    9  -38  -25  -74 -102   24
     -80  -85   29  -33   32   -5    3  -25 -105  -96  -59  -65  -44   14 -109  -95  -17   14  -60  -90  -78  -59
     -90  -85  -50  -71  -99 -101 -103  -22  -40  -96   69   72  -49  -12   35 -115  -77  -57  -20 -105  -82 -125
     -53 -100  -17   32  -47   65  -29  -57    5   75   54  -87   52   35   22 -126   38  -30  -77  -70  -69  -41
     -46  -25  -17  -95    7  -17 -122  -47  -53  -47  -81  -20   37    3  -95  -12 -105   -7   69  -19   -3  -77
     -71  -99   14  -33  -44 -105  -84   -7   -3 -124   -9   89 -108  -43  -10  -98  -19  -76  -44 -115   -2 -109
      32  -20  -68  -64  -81  -90  -96  -71  -98 -104   -9  -50  -82  -61  -87  -41 -100 -113  -43  -61  -12  -79
     -47   30   52  -93   41  -85  -71 -104 -108  -64  -35  -14  -82   40   -5   -3  -85  -44  -79  -29  -93  -74
     -65  -98  -63  -17   27  -84  -52   12 -115   14  -93  -30   -7  -53  -60   47   -5  -12   35  -64   74 -106
     -22  -56   37 -117   46  -79  -72   32   -7 -104  -60   37  -72   63   61 -114  -54  -59  -25   66  -40  -60
     -89 -102   25   -5   59  -35   25  -60  -49  -24   15   93  -60   -2 -121  -20  -76  -83  -78  -37 -109   -5
     -43  -12   -9 -109   44   -9   -7   17  -59 -103   44  -35   27   20  -68   32  -99  -52 -120  -38   14  -85
     -53 -119    5   -5 -106    2  -54  -56   22   33  -95    9 -101   -3   68    3  -54  -57 -114   35    2  -91
     -60 -121    0  -72  -54    7  -57  -95 -101  -22  -83  -33 -103 -102  -49 -113   25  -56  -98    5   24  -30
     -14   -3  -43  -40  -27  -53  -32   87 -101  -79  -41  -53   38  -19  -64   40  -63  -25   15  -17 -125  -57
      30  -90 -114  -49 -107 -101  -19  -47  -32  -35   32  -92  -14   -5    0 -111    0  -25  -93  -79   41  -87
     -50  -50   50 -107  -70  -95 -124  -17   12   20  -66  -93  -66 -111   -5  -19  -81   33  -44  -17  -80   77
       5   90  -69 -106   63 -109   43  -94  -97 -100   14  -65  -68 -106  -63 -111  -27 -115    2  -53 -123   17
     -10 -108 -106 -100  -92  -24  -95   56 -112 -118  -74  -40 -118  -72  -40  -72 -102   59 -102 -113   81  -52
     -54  -71  -43  -93  -17  -38  -44  -56    7  -50   66   41  -10 -122   61 -117   22  -54   12  -57  -65 -112
     -37  -30 -100   46 -119  -25 -113  -93  -33 -118   35  -35 -119   14  -70 -112 -102 -101   46   25  -46   15
      79  -68   -3 -111   24   78  -24   -2  -63  -19 -103  -63 -107  -22  -87    2  -44   20   29  -70  -95  -83
     -87  -69  -95  -15 -123  -57  -59  -70 -116   74  -77 -106  -22  -17  -43  -69  -37  -75    9   79  -71  -46
     -71   -7 -115  -79  -90   33  -10 -115  -91  -43    3  -85 -107  -70   37  -92  -14  -57    0   78 -112   -2
     -25  -19  -80  -65   54  -75  -91    9  -99  -85   40  -44   43   17    5   25  -95 -105 -116 -101   10  -96
     -52    3  -83 -109  -77  -95  -38   75 -121   -9   19   14    3   35   53   64  -12  -71    2 -111 -111  -99
      -2   27   -5  -95 -108  -72   15  -38   20 -112   30  -78  -49  -15 -110 -114   65   20  -10  -95  -60   44
      14  -97  -72  -29  -95    9  -85  -53   12  -76  -82  -90 -120  -84  -35 -101  -32  -85  -90   -5   75   -7
     -98 -100  -99 -113 -116  -70 -105  -77  -50   53  -17  -72   52 -100  -60   -7   63  -30   32  -65  -38  -80
      -7  -95   56  -61  -76 -101  -49  -96 -114   47    9   19   10  -46  -25  -83  -66  -79 -109  -54  -29  -46
     -93  -40  -22   47   17   33    7  -35   46  -59  -61  -49  -56 -103   12   -7  -40  -12 -105  -70  -57 -123
      15    5   32  -57  -71  -50   15  -95  -60 -103  -88 -103  -17 -114  -49  -88  -69   38   25   -9 -111 -111
    -119 -123  -82  -64 -119 -103  -91 -106   12 -121   87  -25   15   32  -65  -47    2  -86   20  -37  -75  -12
     -94  -91 -105  -99  -72  -53 -106  -86   43  -43   10 -107   20   54 -110  -19   10  -24   29  -66   -9 -107
      17   -9  -94    7    3  -76  -95  -79  -12 -100  -56  -78 -101  -86   -3  -10  -83  -63   27  -65 -107  -68
     -27    0 -104    9  -59  -27  -80    7    9  -98  -69  -88  -46  -41   41  -60 -110   37  -71   57  -57  -15
     -75  -68  -10  -29  -76  -93  -14  -72  -70  -59  -54  -52 -106 -117  -57 -108   35    7  -94  -32  -89  -78
    -105   -9   40  -77  -40 -118  -53  -69]]]]
