MODEL : efficientnetv2b0_int8.tflite
OP #229: LOGISTIC

=== IFM0 ===
name    : efficientnetv2-b0/block6c_se_expand/BiasAdd;efficientnetv2-b0/block6h_se_expand/Conv2D;efficientnetv2-b0/block6c_se_expand/Conv2D;efficientnetv2-b0/block6c_se_expand/BiasAdd/ReadVariableOp
index   : 425
shape   : [1, 1, 1, 1152]
dtype   : <class 'numpy.int8'>
quant   : {'scales': [0.0264761783182621], 'zero_points': [52], 'axis': 0, 'scale_tuple': 0.0264761783182621, 'zp_tuple': 52}
values(int):
[[[[  60   23    5   26   44   -3   63  -20  -35  -39   53   32   -9   -9    4   -6   -1    4   51  -50  -35   72
      19   63   65   -6  -11   10   18    3   18    7 -103   35   65   -2   22  -24   49   30   32  -93   30  -11
      31   25  -42   -6   30   66  -69   25    0   17  -63  -11   53    5   60   34   37   51   37  -10   -7   38
      29  -62   20  -22   -5   35   40  -64   18  -79   71    1   49  -45   31  -17    8   20   72   -5   23  -38
     -80   -4   21  -74   51   52   32  -35    7   72  -27   -8    2  -22  -31   11   69   30   71   -6    6    2
      -3   68    7  -20   30  -10  -59   27   72   49    2   48  -56   54   -2 -124    0    8   32   -5   27  -13
     -47   11  -26   58  -29   32   12   66   28  -13  -49   21  -26   45   68  -86   -8   54   62  -20   99  -33
      47   25  -46   -2   10  -71   12   82  -61   23 -108  -75   68    2   10   75   21  -15  -86  -52   25   54
      36   37  -14  -14    2   12 -123   50  -21   86   50   17   40   19   50  -21   34   72    0  -60   -4   77
      -5   20   72  -12   15   71   39  -61    1  -82   38   32   39   23    1  -10  -59   13  -30   22    3  -28
      75   63   62   45   88   -4    6   17   57   90   -1  -13  -32  -29   -2   35   59  -42   73   82   -3   -5
      21  103   55  -14   23   10  -47   52   56   68   53  -73   -9  -53  -69  -15  -35   24   51   26    4   12
      22   75   48   39   72  -39   30   38   38  -71   59   49  -19  -26   43  110  -36    3   54   78   33   11
     -39   -1  -72   -2  -16   -4  -57  -32  -27  -73  -66  -33  -12   65   22  -49   58 -103   40  -80  -28   66
     -28  -32   71   77  -27  -17   70   15  -52   47  -92  -20  -45  -76   50  -22  -47    1  -31   19  -48   22
     -36   44  -82   -6   -3  -24  -21  124   -1    3   37   26   58   43   44   49   26   -2    2   45   36   63
     -64  -61   44  -23   76   31  -24  -16  -37   -2  -93   30   57   -4  -25  -52  -18  -62   13   -9  -22  -21
      96   16  -71   35   82    2    0   -4    9   27  -16   -7   19  -32   52   56  -11  -94  -23   65   31  -31
      27   67  -10   86   57  -55   -7  -27   34  -37   49  -12   77  112   30   17   16  -45   81   41   -5   51
     -44   61    2   74   55    0   46  -34    0   54   31   51  -16   11  -46   64  -25   23  -78   60   25   72
     -27    3    2  -48  -55 -102   -1   62   19  -72   47  -32   57   15   82  -71   19   59   33   17  -29   71
      47  -16   10   33  -84  -26  -39  -57    0  -20  -14  -17  -84  -12  -54   19    9   72  -13   23   16   60
      55  -10    6  -26  -49  -31   10   15   32  -47  -36   39  -26   15  -20   -4  -23   26  -24   45   47   20
     -32   36   22   -8  -37  -11  -20   67    3   10  -21   29  -69  -43   21   47   -5   -1  -31  -34   59   65
      16  -45  -35  -73   79   33   44  -92   47  -43   73   14    1  -36  -40  -14   92  -59  -25   67  -47  -35
      11  -58   64   52  -60   -2   24   83    4   12   20  -45   32   11  -24   15   46   20   44    6  -33   16
     -20   13   54   68   40  -40   93  -13  116  -59  104   63    7  -46   -8  -44  -63  -45  -31   44   24  -62
       3   30   46   33    1  -23   27  -16   34   -1  -74  -24  -33   43  -51   40  -63    2   43  -35    0   27
      30   24  -13  -17   65  -65   40  -68  -35   25  -24  -45   97   -8   75   68  -13   86  -58  -25   48   29
      33  -57  -57   45  -58  -22   45   53    4  -25   16  -12   30   16  -20   -6   -6  -43   21   10   16   24
      -1  -29   46    1   17    4   13   24   17  -10   31   69   -3   14   -6  -32   54    7   36   66  -21  -82
      -4  -61   77  -56   26    5  -58  -52   76   25    4    3   53  -31   11  -82  101   65   -3   28   64   76
      -7  -40   28  -36   78   50   21  -16   17  -83  -44  -40  -31  -60   10   16   -6   72   69   12  -15   24
      19   86  -18    6   31  -39  -17   22   26  -38  -43   -8    2  -22   56    7   31   13   14  -49  -70   65
       0  -57   36   54   20   71   66   79   75   51   38   86   22   28    9  -24   -7  -33  -27  -67  -60  -19
      83   50   33   50   75   74   57   50   48   47   99   27   13   54   22  -66   49  -41    1   -3  -43  -54
      -5  -23   30   37  -49  -15  -65   -9   44   34   21  -26   -2   -8    2   20   99   -2    8  -35   73  -59
      59   24  -82  -22   -5  -32  -44   89   -5   60  -40   27   90   22  -42  -31   76  -62   53   58   16   47
       9  105   83   55   63   45   -1  -10  -14 -104    3   61   56   27   72   -2   68  -38   20  -13   23   70
    -109   38  -48  -81   50    9   37   18   13   18    3   17   43  -29   15   21   35  -17   70    1   -8   -5
      43   40  -32   10   23   22    2   88   86   25  -49  -35  -18   64  -50   -9  116  -57  -78  -23   19  -27
       3    0   91   87   39    4  -63  -50   -5  -14  -56   42  -50  -54  -12  -11   47   35   59   -2   32  -60
     -29   38  -47   30  -11  -13  -44   23   -1   -3  -49  -17  -10  -40   12  -23  -24   81   13   -9  -37  -23
     -27   -7  -11   16 -102  -49  -11   18  -18  -38  -51  -59  -19   37   15  -27   54   51   55   13   -3   10
      42   22   90  -23   17    3  -41  126  -65   -2   -5   48   -3   35  -55   35  -40   21   37   35    3  -50
     -76  -26  -54   45 -125   18    7   63  -16   -4    5  -10    9    9  -38   44  -43  -35  -12  -15   47   63
      11   73   51   10    8    2   -9    9   51   13  -41   15  -32  111   -9  -13   58  -66    2  -24   38  -70
      11   45  -28  -16   37   38   52  -53    9  -31   36   23  -25   47   49   46   84  -54  -11  -21   55   84
      54  -32   65    9   -9   14  -40    9   -5   67   10    4  -21    3   -9   -7    2   69   61   75   27  -17
      34   50   -1  -42   82   62   37   -8    8  -70   42  -17 -114   -8   47   17  -35  -11   33  -37   36  -40
      17   28   48   28   65  -29    0    4   40  -11  -60  -37   29   12  -47    1  -14   11  -96   43   29  -46
      33   45   10  -25   99  -24   17  -39   -7   55  -79   -3  -11  -57   58  -49    8   71  -21  -63   13   -8
      34   27   39   32   58   -7  -39   75]]]]

=== IFM1 ===
N/A

=== BIAS ===
N/A

=== OFM ===
name    : efficientnetv2-b0/block6c_se_expand/Sigmoid
index   : 426
shape   : [1, 1, 1, 1152]
dtype   : <class 'numpy.int8'>
quant   : {'scales': [0.00390625], 'zero_points': [-128], 'axis': 0, 'scale_tuple': 0.00390625, 'zp_tuple': -128}
values(int):
[[[[  14  -47  -71  -42  -14  -80   19  -95 -105 -107    2  -33  -86  -86  -72  -83  -77  -72   -2 -112 -105   33
     -53   19   22  -83  -87  -65  -54  -73  -54  -68 -124  -28   22  -79  -48  -98   -5  -36  -33 -123  -36  -87
     -35  -44 -108  -83  -36   23 -118  -44  -76  -55 -116  -87    2  -71   14  -30  -25   -2  -25  -86  -84  -23
     -38 -116  -51  -96  -82  -28  -20 -117  -54 -120   32  -75   -5 -110  -35  -93  -67  -51   33  -82  -47 -106
    -120  -81  -50 -119   -2    0  -33 -105  -68   33 -100  -85  -74  -96 -102  -63   28  -36   32  -83  -70  -74
     -80   27  -68  -95  -36  -86 -115  -41   33   -5  -74   -7 -114    3  -79 -126  -76  -67  -33  -82  -41  -89
    -111  -63  -99   10 -101  -33  -62   23  -39  -89 -111  -50  -99  -12   27 -122  -85    3   17  -95   71 -104
      -8  -44 -110  -79  -65 -119  -62   48 -116  -47 -124 -119   27  -74  -65   38  -50  -91 -122 -113  -44    3
     -27  -25  -90  -90  -74  -62 -126   -3  -96   54   -3  -55  -20  -53   -3  -96  -30   33  -76 -115  -81   41
     -82  -51   33  -88  -58   32  -22 -116  -75 -121  -23  -33  -22  -47  -75  -86 -115  -61 -102  -48  -73 -101
      38   19   17  -12   57  -81  -70  -55    8   59  -77  -89 -103 -101  -79  -28   12 -108   35   48  -80  -82
     -50   75    5  -90  -47  -65 -111    0    7   27    2 -119  -86 -113 -118  -91 -105  -45   -2  -42  -72  -62
     -48   38   -7  -22   33 -107  -36  -23  -23 -119   12   -5  -94  -99  -15   83 -105  -73    3   42  -32  -63
    -107  -77 -119  -79  -92  -81 -114 -103 -100 -119 -117 -104  -88   22  -48 -111   10 -124  -20 -120 -101   23
    -101 -103   32   41 -100  -93   30  -58 -113   -8 -122  -95 -110 -120   -3  -96 -111  -75 -102  -53 -111  -48
    -105  -14 -121  -83  -80  -98  -96   95  -77  -73  -25  -42   10  -15  -14   -5  -42  -79  -74  -12  -27   19
    -117 -116  -14  -97   39  -35  -98  -92 -106  -79 -123  -36    8  -81  -99 -113  -93 -116  -61  -86  -96  -96
      67  -57 -119  -28   48  -74  -76  -81  -66  -41  -92  -84  -53 -103    0    7  -87 -123  -97   22  -35 -102
     -41   25  -86   54    8 -114  -84 -100  -30 -106   -5  -88   41   85  -36  -55  -57 -110   47  -19  -82   -2
    -109   15  -74   36    5  -76  -10 -104  -76    3  -35   -2  -92  -63 -110   20  -99  -47 -120   14  -44   33
    -100  -73  -74 -111 -114 -124  -77   17  -53 -119   -8 -103    8  -58   48 -119  -53   12  -32  -55 -101   32
      -8  -92  -65  -32 -121  -99 -107 -114  -76  -95  -90  -93 -121  -88 -113  -53  -66   33  -89  -47  -57   14
       5  -86  -70  -99 -111 -102  -65  -58  -33 -111 -105  -22  -99  -58  -95  -81  -97  -42  -98  -12   -8  -51
    -103  -27  -48  -85 -106  -87  -95   25  -73  -65  -96  -38 -118 -109  -50   -8  -82  -77 -102 -104   12   22
     -57 -110 -105 -119   44  -32  -14 -122   -8 -109   35  -59  -75 -105 -107  -90   62 -115  -99   25 -111 -105
     -63 -115   20    0 -115  -79  -45   50  -72  -62  -51 -110  -33  -63  -98  -58  -10  -51  -14  -70 -104  -57
     -95  -61    3   27  -20 -107   63  -89   88 -115   76   19  -68 -110  -85 -109 -116 -110 -102  -14  -45 -116
     -73  -36  -10  -32  -75  -97  -41  -92  -30  -77 -119  -98 -104  -15 -112  -20 -116  -74  -15 -105  -76  -41
     -36  -45  -89  -93   22 -117  -20 -118 -105  -44  -98 -110   68  -85   38   27  -89   54 -115  -99   -7  -38
     -32 -114 -114  -12 -115  -96  -12    2  -72  -99  -57  -88  -36  -57  -95  -83  -83 -109  -50  -65  -57  -45
     -77 -101  -10  -75  -55  -72  -61  -45  -55  -86  -35   28  -80  -59  -83 -103    3  -68  -27   23  -96 -121
     -81 -116   41 -114  -42  -71 -115 -113   39  -44  -72  -73    2 -102  -63 -121   73   22  -80  -39   20   39
     -84 -107  -39 -105   42   -3  -50  -92  -55 -121 -109 -107 -102 -115  -65  -57  -83   33   28  -62  -91  -45
     -53   54  -93  -70  -35 -107  -93  -48  -42 -106 -109  -85  -74  -96    7  -68  -35  -61  -59 -111 -118   22
     -76 -114  -27    3  -51   32   23   44   38   -2  -23   54  -48  -39  -66  -98  -84 -104 -100 -117 -115  -94
      50   -3  -32   -3   38   36    8   -3   -7   -8   71  -41  -61    3  -48 -117   -5 -108  -75  -80 -109 -113
     -82  -97  -36  -25 -111  -91 -117  -86  -14  -30  -50  -99  -79  -85  -74  -51   71  -79  -67 -105   35 -115
      12  -45 -121  -96  -82 -103 -109   58  -82   14 -107  -41   59  -48 -108 -102   39 -116    2   10  -57   -8
     -66   77   50    5   19  -12  -77  -86  -90 -124  -73   15    7  -41   33  -79   27 -106  -51  -89  -47   30
    -124  -23 -111 -121   -3  -66  -25  -54  -61  -54  -73  -55  -15 -101  -58  -50  -28  -93   30  -75  -85  -82
     -15  -20 -103  -65  -47  -48  -74   57   54  -44 -111 -105  -93   20 -112  -86   88 -114 -120  -97  -53 -100
     -73  -76   61   55  -22  -72 -116 -112  -82  -90 -114  -17 -112 -113  -88  -87   -8  -28   12  -79  -33 -115
    -101  -23 -111  -36  -87  -89 -109  -47  -77  -80 -111  -93  -86 -107  -62  -97  -98   47  -61  -86 -106  -97
    -100  -84  -87  -57 -124 -111  -87  -54  -93 -106 -112 -115  -94  -25  -58 -100    3   -2    5  -61  -80  -65
     -17  -48   59  -97  -55  -73 -108   96 -117  -79  -82   -7  -80  -28 -114  -28 -107  -50  -25  -28  -73 -112
    -120  -99 -113  -12 -126  -54  -68   19  -92  -81  -71  -86  -66  -66 -106  -14 -109 -105  -88  -91   -8   19
     -63   35   -2  -65  -67  -74  -86  -66   -2  -61 -108  -58 -103   84  -86  -89   10 -117  -74  -98  -23 -118
     -63  -12 -101  -92  -25  -23    0 -113  -66 -102  -27  -47  -99   -8   -5  -10   51 -113  -87  -96    5   51
       3 -103   22  -66  -86  -59 -107  -66  -82   25  -65  -72  -96  -73  -86  -84  -74   28   15   38  -41  -93
     -30   -3  -77 -108   48   17  -25  -85  -67 -118  -17  -93 -125  -85   -8  -55 -105  -87  -32 -106  -27 -107
     -55  -39   -7  -39   22 -101  -76  -72  -20  -87 -115 -106  -38  -62 -111  -75  -90  -63 -123  -15  -38 -110
     -32  -12  -65  -99   71  -98  -55 -107  -84    5 -120  -80  -87 -114   10 -111  -67   32  -96 -116  -61  -85
     -30  -41  -22  -33   10  -84 -107   38]]]]
