MODEL : efficientnetv2b0_int8.tflite
OP #243: RESHAPE

=== IFM0 ===
name    : efficientnetv2-b0/block6d_se_squeeze/Mean
index   : 436
shape   : [1, 1152]
dtype   : <class 'numpy.int8'>
quant   : {'scales': [0.021623477339744568], 'zero_points': [-115], 'axis': 0, 'scale_tuple': 0.021623477339744568, 'zp_tuple': -115}
values(int):
[[-125 -123 -123 -121 -128 -113 -125 -125 -120 -123 -126 -125 -122 -125 -117 -125 -123 -123  -90 -125 -125 -124 -127
   -15 -124 -121 -126  -64 -126 -126 -125 -126 -125 -127 -120 -117 -122 -126 -113 -127 -125 -124 -127 -125 -124 -125
  -126 -126 -127 -126 -119 -122 -126 -126 -123 -124 -128 -127 -125 -122 -121 -122 -124 -124 -122 -127 -127 -102 -120
  -127 -125 -118 -117 -114 -123 -126 -125 -125 -126 -125 -125 -122 -126 -121 -123 -118 -126 -111 -123 -124  -93 -127
  -128 -109 -112 -121 -122 -116 -124 -127 -126 -126 -121 -125  -97 -109 -125 -125 -127 -124 -127 -111 -127 -124 -116
  -127 -128 -125 -125 -127 -120 -117 -125 -111 -127 -127  -89  -84 -125 -125 -126 -128 -122 -126 -127 -127 -128 -116
  -127 -126 -126 -127  -55 -126 -127 -126 -123 -119 -125 -104 -122 -126 -126 -110 -119 -127 -127 -125 -120 -125 -126
  -127 -121 -104 -123 -127 -127 -125 -125 -110 -126 -127 -124 -126 -127 -111 -127 -124  -37 -128 -126 -125 -126 -126
  -123 -127 -127 -126 -127 -127 -118 -127 -123 -126 -128 -125 -121 -120 -127 -126 -126 -123 -113 -123 -126 -123 -126
  -127 -125 -123 -127 -115 -124 -103 -121 -124 -125 -126 -128 -123 -121 -126 -123 -127  -42 -111 -125 -123 -126 -124
  -123 -120 -114 -113 -125 -126 -121 -127 -126 -121 -123 -125 -126 -124 -123 -127 -125 -102 -127  -31 -126  -49 -123
  -126 -126 -127 -128  -97 -123 -121 -128 -127 -126 -124 -121 -125 -118 -125 -126 -122 -125 -125 -127 -125 -117 -128
  -118 -127 -115 -106 -125 -123 -118  -73 -125 -119 -122 -126 -110 -124  107 -128 -127 -122 -126 -124 -125 -126 -119
  -127 -127 -125 -122 -123 -126 -125 -126 -124 -125 -125 -124 -124  -72 -124 -123 -128 -125 -127 -125 -127 -124  -97
  -122 -125 -112 -127 -128 -117 -125 -125 -116 -118 -125 -127 -126 -125 -125 -127 -120 -122 -122 -125 -124 -114 -127
  -126 -126 -127 -125 -122 -125 -119 -118 -123 -124 -125 -124 -125 -123 -119 -126 -126 -115 -107 -109 -125 -127 -126
  -116 -127 -127 -125 -127 -124 -125 -123 -125  -95 -125 -126 -124 -118 -126 -128 -124 -123 -122 -125 -123 -118 -126
  -127 -126 -126 -123 -123 -127 -127 -127  -67 -125 -127 -124 -125 -127 -125 -126 -126 -125 -126 -125 -126 -120 -126
   -64 -127 -126 -122 -127 -125 -120 -119 -105 -124 -126 -126  -59 -127 -123 -128 -126 -124 -125  -54 -123 -126 -122
  -121 -127 -126 -127 -124 -127 -126 -125 -120 -117 -127 -125 -126  -67 -124 -124 -127 -123 -124 -123 -123 -123 -123
  -123 -122 -120 -126 -122 -124 -123 -124 -121 -124 -125 -127 -115 -128 -125 -126  -23 -115 -126 -120 -126 -126 -127
  -127 -125 -124 -109 -124 -127 -124 -125 -124 -122 -124  -43  -98 -125 -124 -125 -123 -121 -128 -128 -126 -118 -126
   -69 -127 -126  -60 -127 -127 -120 -126 -127 -126 -127 -120 -127 -115 -127 -121 -126 -123    3 -121 -124 -124 -122
   -87 -125 -112 -118 -123  -47  -90 -123 -104 -127 -122  -67 -104 -125 -125 -126 -124 -126 -124 -121 -123  -27 -127
  -123  -59 -126 -127 -125 -127 -111 -121 -127 -126 -126 -126 -127 -126 -123 -125 -119 -122 -119 -128 -120 -119 -122
  -123 -125 -122 -123 -126 -123  -46 -124 -127 -125 -123 -121 -123 -127 -127 -125 -126 -102 -123 -125 -124 -126 -120
  -121 -127 -123 -126 -128 -128 -126 -125 -113 -126 -127 -125 -120 -127 -127 -125 -125 -125 -127 -119 -127 -126 -120
  -126 -108 -118 -124 -126 -123  -82 -125 -126 -127 -118 -118 -128 -124 -113 -124 -115 -126  -99 -128 -127 -125  -92
  -120 -124 -126 -125 -124 -127 -122 -115 -110 -126 -123 -126 -126 -122 -122  -36 -125 -114 -108 -126 -123 -121 -127
  -123 -125 -124 -126  -94 -107  -99 -115 -122 -127 -127 -127 -126 -123 -124 -124 -125 -127 -121 -127 -127  -96 -127
  -127 -122 -118 -127 -116 -126 -125 -126 -123 -127 -117 -124 -127 -123 -125 -126 -125 -127 -127 -125 -127 -121 -124
  -125 -124 -110 -125 -124 -126 -103 -122 -124 -125 -127 -127 -125 -121 -126 -122 -124 -126 -123 -127 -126 -126 -127
   -72 -123 -126 -115 -126 -127 -124 -127  -97 -122 -123 -124 -127 -127 -128 -126 -125 -127 -126 -127 -125 -123 -124
  -128 -121 -127 -109 -127 -122 -125 -127 -127 -119 -125 -128 -128 -123 -124 -127 -121 -126 -122 -123 -115 -122 -125
  -120 -125 -127 -127 -125  -88 -125 -125 -121  -63 -123 -117 -126 -127 -120 -125 -121 -119 -127 -127 -125 -128 -127
  -123 -123 -127 -121 -121 -123 -101 -126 -127 -126 -126 -123 -124 -123 -125 -127 -124 -127 -124 -121 -105 -124 -126
  -112 -126 -126 -124 -120 -121 -125 -123 -120  -75 -126 -125 -118 -128 -114 -126 -114 -122 -125 -127 -119 -127 -128
   -72 -123 -122  -87 -123 -123 -127 -127 -115 -122 -126 -123 -127 -125 -126 -127 -127 -126 -126 -114 -120 -116 -127
  -123 -121 -127 -127 -125 -124 -114 -108 -121 -122 -122 -127 -126 -124  -80 -125 -124 -122 -125 -126 -124 -126 -106
  -117 -124 -124 -125 -128 -124 -124 -124 -127 -117 -127 -115 -114 -120 -111 -124 -117 -119 -125  -38 -127 -126 -114
  -114 -123 -127 -117 -115 -120 -124 -127 -120 -121 -125  -85 -123 -126 -122 -125 -127 -125 -123  -16 -121 -127 -126
  -126 -127 -122  -64 -127 -126 -120 -126 -119 -127 -112 -127 -112 -101 -121 -127 -127 -123 -113 -121 -101 -114 -121
  -125 -122 -126 -126 -124 -125 -123 -120 -125 -117 -127 -127 -127 -124 -115 -126 -125 -127 -125 -113 -124 -126 -122
  -127  -56 -120 -127 -127 -126 -127 -121 -123 -126 -127 -123 -116 -127 -128 -119 -126 -125  -77  -79 -124 -126 -123
  -127 -107  -95 -123 -124 -127 -118  -93 -126 -124  -23 -120 -124 -112 -124 -126 -126 -125 -120 -120 -124 -125 -115
  -122 -126 -127 -124 -125 -125 -125 -123 -114 -126 -122 -104 -127 -127 -108 -115 -126 -128 -124 -113 -121 -103 -127
  -123 -127 -119 -126  -95 -126 -123 -127 -120 -123 -124 -126 -106 -126 -106 -121 -126 -125 -122 -126 -123 -125  -62
   -69 -121 -128 -120 -124 -120 -120 -126 -122 -127 -117 -119 -126 -118 -122 -108 -126 -126 -123 -125  -30 -126 -121
   -94 -124 -123 -126 -122 -127  -95  -10 -127 -123  -32 -117 -120 -121 -126 -109 -121 -123  -53 -122 -126 -103 -124
  -121 -126 -128 -126  -19 -127 -125 -127 -106 -125 -125 -109 -127 -120 -122 -108 -124 -117 -126 -120 -126 -121 -125
   -99 -126]]

=== IFM1 ===
name    : efficientnetv2-b0/block6d_se_reshape/Reshape/shape
index   : 439
shape   : [4]
dtype   : <class 'numpy.int32'>
quant   : {'scales': [], 'zero_points': [], 'axis': 0, 'scale_tuple': 0.0, 'zp_tuple': 0}
values(int):
[   1    1    1 1152]

=== BIAS ===
N/A

=== OFM ===
name    : efficientnetv2-b0/block6d_se_reshape/Reshape
index   : 440
shape   : [1, 1, 1, 1152]
dtype   : <class 'numpy.int8'>
quant   : {'scales': [0.021623477339744568], 'zero_points': [-115], 'axis': 0, 'scale_tuple': 0.021623477339744568, 'zp_tuple': -115}
values(int):
[[[[-125 -123 -123 -121 -128 -113 -125 -125 -120 -123 -126 -125 -122 -125 -117 -125 -123 -123  -90 -125 -125 -124
    -127  -15 -124 -121 -126  -64 -126 -126 -125 -126 -125 -127 -120 -117 -122 -126 -113 -127 -125 -124 -127 -125
    -124 -125 -126 -126 -127 -126 -119 -122 -126 -126 -123 -124 -128 -127 -125 -122 -121 -122 -124 -124 -122 -127
    -127 -102 -120 -127 -125 -118 -117 -114 -123 -126 -125 -125 -126 -125 -125 -122 -126 -121 -123 -118 -126 -111
    -123 -124  -93 -127 -128 -109 -112 -121 -122 -116 -124 -127 -126 -126 -121 -125  -97 -109 -125 -125 -127 -124
    -127 -111 -127 -124 -116 -127 -128 -125 -125 -127 -120 -117 -125 -111 -127 -127  -89  -84 -125 -125 -126 -128
    -122 -126 -127 -127 -128 -116 -127 -126 -126 -127  -55 -126 -127 -126 -123 -119 -125 -104 -122 -126 -126 -110
    -119 -127 -127 -125 -120 -125 -126 -127 -121 -104 -123 -127 -127 -125 -125 -110 -126 -127 -124 -126 -127 -111
    -127 -124  -37 -128 -126 -125 -126 -126 -123 -127 -127 -126 -127 -127 -118 -127 -123 -126 -128 -125 -121 -120
    -127 -126 -126 -123 -113 -123 -126 -123 -126 -127 -125 -123 -127 -115 -124 -103 -121 -124 -125 -126 -128 -123
    -121 -126 -123 -127  -42 -111 -125 -123 -126 -124 -123 -120 -114 -113 -125 -126 -121 -127 -126 -121 -123 -125
    -126 -124 -123 -127 -125 -102 -127  -31 -126  -49 -123 -126 -126 -127 -128  -97 -123 -121 -128 -127 -126 -124
    -121 -125 -118 -125 -126 -122 -125 -125 -127 -125 -117 -128 -118 -127 -115 -106 -125 -123 -118  -73 -125 -119
    -122 -126 -110 -124  107 -128 -127 -122 -126 -124 -125 -126 -119 -127 -127 -125 -122 -123 -126 -125 -126 -124
    -125 -125 -124 -124  -72 -124 -123 -128 -125 -127 -125 -127 -124  -97 -122 -125 -112 -127 -128 -117 -125 -125
    -116 -118 -125 -127 -126 -125 -125 -127 -120 -122 -122 -125 -124 -114 -127 -126 -126 -127 -125 -122 -125 -119
    -118 -123 -124 -125 -124 -125 -123 -119 -126 -126 -115 -107 -109 -125 -127 -126 -116 -127 -127 -125 -127 -124
    -125 -123 -125  -95 -125 -126 -124 -118 -126 -128 -124 -123 -122 -125 -123 -118 -126 -127 -126 -126 -123 -123
    -127 -127 -127  -67 -125 -127 -124 -125 -127 -125 -126 -126 -125 -126 -125 -126 -120 -126  -64 -127 -126 -122
    -127 -125 -120 -119 -105 -124 -126 -126  -59 -127 -123 -128 -126 -124 -125  -54 -123 -126 -122 -121 -127 -126
    -127 -124 -127 -126 -125 -120 -117 -127 -125 -126  -67 -124 -124 -127 -123 -124 -123 -123 -123 -123 -123 -122
    -120 -126 -122 -124 -123 -124 -121 -124 -125 -127 -115 -128 -125 -126  -23 -115 -126 -120 -126 -126 -127 -127
    -125 -124 -109 -124 -127 -124 -125 -124 -122 -124  -43  -98 -125 -124 -125 -123 -121 -128 -128 -126 -118 -126
     -69 -127 -126  -60 -127 -127 -120 -126 -127 -126 -127 -120 -127 -115 -127 -121 -126 -123    3 -121 -124 -124
    -122  -87 -125 -112 -118 -123  -47  -90 -123 -104 -127 -122  -67 -104 -125 -125 -126 -124 -126 -124 -121 -123
     -27 -127 -123  -59 -126 -127 -125 -127 -111 -121 -127 -126 -126 -126 -127 -126 -123 -125 -119 -122 -119 -128
    -120 -119 -122 -123 -125 -122 -123 -126 -123  -46 -124 -127 -125 -123 -121 -123 -127 -127 -125 -126 -102 -123
    -125 -124 -126 -120 -121 -127 -123 -126 -128 -128 -126 -125 -113 -126 -127 -125 -120 -127 -127 -125 -125 -125
    -127 -119 -127 -126 -120 -126 -108 -118 -124 -126 -123  -82 -125 -126 -127 -118 -118 -128 -124 -113 -124 -115
    -126  -99 -128 -127 -125  -92 -120 -124 -126 -125 -124 -127 -122 -115 -110 -126 -123 -126 -126 -122 -122  -36
    -125 -114 -108 -126 -123 -121 -127 -123 -125 -124 -126  -94 -107  -99 -115 -122 -127 -127 -127 -126 -123 -124
    -124 -125 -127 -121 -127 -127  -96 -127 -127 -122 -118 -127 -116 -126 -125 -126 -123 -127 -117 -124 -127 -123
    -125 -126 -125 -127 -127 -125 -127 -121 -124 -125 -124 -110 -125 -124 -126 -103 -122 -124 -125 -127 -127 -125
    -121 -126 -122 -124 -126 -123 -127 -126 -126 -127  -72 -123 -126 -115 -126 -127 -124 -127  -97 -122 -123 -124
    -127 -127 -128 -126 -125 -127 -126 -127 -125 -123 -124 -128 -121 -127 -109 -127 -122 -125 -127 -127 -119 -125
    -128 -128 -123 -124 -127 -121 -126 -122 -123 -115 -122 -125 -120 -125 -127 -127 -125  -88 -125 -125 -121  -63
    -123 -117 -126 -127 -120 -125 -121 -119 -127 -127 -125 -128 -127 -123 -123 -127 -121 -121 -123 -101 -126 -127
    -126 -126 -123 -124 -123 -125 -127 -124 -127 -124 -121 -105 -124 -126 -112 -126 -126 -124 -120 -121 -125 -123
    -120  -75 -126 -125 -118 -128 -114 -126 -114 -122 -125 -127 -119 -127 -128  -72 -123 -122  -87 -123 -123 -127
    -127 -115 -122 -126 -123 -127 -125 -126 -127 -127 -126 -126 -114 -120 -116 -127 -123 -121 -127 -127 -125 -124
    -114 -108 -121 -122 -122 -127 -126 -124  -80 -125 -124 -122 -125 -126 -124 -126 -106 -117 -124 -124 -125 -128
    -124 -124 -124 -127 -117 -127 -115 -114 -120 -111 -124 -117 -119 -125  -38 -127 -126 -114 -114 -123 -127 -117
    -115 -120 -124 -127 -120 -121 -125  -85 -123 -126 -122 -125 -127 -125 -123  -16 -121 -127 -126 -126 -127 -122
     -64 -127 -126 -120 -126 -119 -127 -112 -127 -112 -101 -121 -127 -127 -123 -113 -121 -101 -114 -121 -125 -122
    -126 -126 -124 -125 -123 -120 -125 -117 -127 -127 -127 -124 -115 -126 -125 -127 -125 -113 -124 -126 -122 -127
     -56 -120 -127 -127 -126 -127 -121 -123 -126 -127 -123 -116 -127 -128 -119 -126 -125  -77  -79 -124 -126 -123
    -127 -107  -95 -123 -124 -127 -118  -93 -126 -124  -23 -120 -124 -112 -124 -126 -126 -125 -120 -120 -124 -125
    -115 -122 -126 -127 -124 -125 -125 -125 -123 -114 -126 -122 -104 -127 -127 -108 -115 -126 -128 -124 -113 -121
    -103 -127 -123 -127 -119 -126  -95 -126 -123 -127 -120 -123 -124 -126 -106 -126 -106 -121 -126 -125 -122 -126
    -123 -125  -62  -69 -121 -128 -120 -124 -120 -120 -126 -122 -127 -117 -119 -126 -118 -122 -108 -126 -126 -123
    -125  -30 -126 -121  -94 -124 -123 -126 -122 -127  -95  -10 -127 -123  -32 -117 -120 -121 -126 -109 -121 -123
     -53 -122 -126 -103 -124 -121 -126 -128 -126  -19 -127 -125 -127 -106 -125 -125 -109 -127 -120 -122 -108 -124
    -117 -126 -120 -126 -121 -125  -99 -126]]]]
