MODEL : efficientnetv2b0_int8.tflite
OP #259: SHAPE

=== IFM0 ===
name    : efficientnetv2-b0/block6e_se_squeeze/Mean
index   : 455
shape   : [1, 1152]
dtype   : <class 'numpy.int8'>
quant   : {'scales': [0.021343592554330826], 'zero_points': [-115], 'axis': 0, 'scale_tuple': 0.021343592554330826, 'zp_tuple': -115}
values(int):
[[-127 -125 -126 -118  -17 -126 -122 -124  -11 -122 -125 -126  -88 -125 -126 -120 -125 -125 -126 -124 -126 -125 -116
  -122 -111 -127 -127 -120 -125 -122 -121 -126 -121 -121 -126 -112 -126 -126 -125 -125 -126 -124 -125 -121 -121 -125
  -118  -92 -126 -127  -72 -113 -115 -124 -124 -120 -126 -125 -126 -123 -115  -70 -126 -124 -126 -125 -127 -118 -126
  -124 -125 -124 -125 -125 -124 -126 -127 -126 -123 -127 -126 -123 -127 -121 -123 -121  -40 -123 -122 -125  -96 -119
  -125 -122 -124 -121  -23 -125 -123 -119 -127 -122 -121 -121  -95 -121  -32 -124 -124 -127 -126 -126 -118  -97 -124
  -126 -123  -45 -112 -123   59 -117 -125 -124 -120  -57 -127 -122 -124 -123 -119 -124 -127 -126 -125  -99  -97 -120
  -123 -125 -123 -113 -127 -118 -124 -122   16  -99  -36 -126 -123 -123 -125 -126 -124 -126   -4 -125 -127 -125 -123
  -125 -106 -124 -123 -124 -122 -124 -126 -126 -127 -121 -126 -101  -93 -125 -126 -127 -126 -126 -127  -65 -123 -126
  -127 -127 -126 -126 -126 -127 -126 -125 -120 -126 -125 -127 -126 -126 -116 -120 -122 -126 -125  -83 -127 -124 -123
  -126 -126 -122 -126 -121 -125 -127 -126  -59 -126 -125 -126 -115 -126 -125 -122 -125 -119 -127 -126 -127 -126 -124
  -116 -122 -122 -123 -125 -114 -124 -123 -127 -127 -118 -117  -90 -123 -121  -48 -124 -123  -98 -115 -126 -121  -70
   -39 -125 -124 -126 -122 -124 -124 -119 -126 -125 -100 -126 -123 -124 -124 -101 -126 -127 -127 -124 -125 -124 -126
   123 -126 -123 -126 -125 -123 -122 -123 -120 -126 -126 -114 -127 -113 -127 -118 -127 -124 -124 -122 -126 -118 -123
  -120 -126 -126 -124 -125 -113 -126 -124 -127 -112 -126 -117 -125 -127 -126 -120 -121 -115 -124 -121 -123 -117 -126
  -122 -125 -123 -123 -123 -126 -110 -126 -127 -123 -123 -126 -125 -125 -126 -124 -126 -122 -126 -125 -126 -126 -127
  -122 -125 -126 -123 -124 -125 -125  -69 -122 -124 -126 -122 -127 -125 -127 -125 -127 -126 -122 -125 -120  -90 -125
  -125 -126 -126 -125 -124 -126 -126 -125 -120 -125 -114 -109 -122 -124 -125 -124 -123 -127 -101 -124 -112 -126 -124
  -123 -126 -126 -126 -122 -124 -118 -125 -106 -127 -124 -126 -122 -127 -125  -22 -122   52 -124  -94 -125 -127 -122
  -120  -88 -127 -127 -123 -126 -126 -124 -126 -123 -124 -123 -125 -126 -119 -125 -126 -125 -122 -127 -124 -120 -123
  -126 -127 -126 -123 -100  -24 -125 -122 -126 -126 -127 -124 -106 -127 -123 -119 -118 -125 -123 -119 -125 -127 -118
  -113 -124 -113 -122 -124 -126 -125 -124 -124 -118 -124 -126 -127 -126 -126 -125 -124 -127 -127 -123 -127 -126 -126
  -122 -119 -113 -126 -124 -124 -125 -117 -120 -125 -125 -126 -125 -124 -114 -110 -114 -126 -126 -126 -126 -121 -127
  -125 -121 -125 -126 -121 -114 -126 -123 -119 -118 -126 -124 -125 -127 -127 -125 -125 -126 -127 -127 -121 -123 -127
  -127 -124 -125 -127   15 -124 -125 -126 -110 -122 -127 -125 -124 -127 -126 -126 -113 -125 -120 -124 -122 -127  -84
  -126 -126 -122 -125 -125 -121  -97 -124 -121 -126 -115 -126  -95 -124 -124 -127 -120 -127 -124 -124 -125 -126 -126
  -108 -123 -123 -121 -126 -126 -122 -126 -125 -119 -121 -125  -55 -123 -122 -124 -127 -125 -127 -126 -126 -126 -126
  -126 -126  -93 -126 -124 -117 -126 -127 -126 -126 -126 -126 -105 -123 -125 -126 -125 -126 -125 -123 -122 -125 -123
  -125 -125 -124 -126 -119 -125 -122 -126 -124 -116 -127 -127 -125 -110 -124 -126 -124 -126 -125 -127 -127 -126 -124
  -118 -121 -123 -127 -126  -50 -122 -124 -126 -127 -126 -121  -97 -126 -125 -117 -107 -127 -121 -124 -126 -114 -125
  -114 -126 -126 -126 -119 -123 -125 -126 -122 -125  -19 -126 -107 -127 -126  -48 -107 -120 -127 -105 -127 -124 -125
  -117 -123 -125 -120 -126 -115 -121 -123 -124 -122 -126 -123  -52 -125 -102 -125 -126 -122 -115 -118 -125 -124 -122
  -124   90 -119 -126 -125 -125 -126 -117 -126 -123 -127 -126 -126 -126 -126  -70 -122 -125 -123 -124 -122 -127 -121
   -90 -125 -124 -126  -60 -121 -127  -14 -121 -126 -124 -122 -112 -110 -123 -127 -126 -124  -48 -116 -122 -111 -124
   -79 -127 -125 -126 -127 -108 -124 -126 -124 -108 -125 -126 -124  -60  -31 -123 -121 -120 -126 -125 -126 -122 -126
  -126 -126 -126 -123 -117 -109 -123 -104 -123 -122 -126 -120 -123 -124 -125 -127 -123 -124 -124  -84 -124 -118 -121
  -112 -125 -121 -126 -126 -125 -122 -124 -126 -125 -122 -126 -123 -127 -124 -123 -125 -124  -93 -119 -126 -126 -120
  -126 -117 -124 -124 -127 -126 -123 -125 -122 -122 -104  -45 -127 -120 -126 -126 -123 -127 -127 -126 -126 -121 -120
  -122  -41 -127 -120 -126 -127 -109 -121 -126 -120 -121 -126 -112 -124 -125  -80 -127 -117 -126 -125 -125 -125 -126
  -124 -121 -122 -127 -121  -88 -127 -127 -126 -122 -127 -124 -127 -104 -124 -120 -124 -115  -78 -118 -124 -127 -127
  -127 -123 -123 -125 -123 -125 -123  -93 -124 -125 -123 -123 -127 -125 -110 -125 -120 -109 -126 -126 -127 -125 -120
  -127 -122 -126 -123 -123 -109 -126 -127 -123 -122 -127 -125 -124 -126 -124 -124 -126 -123 -124 -125 -124 -127 -124
  -127 -121 -124 -122 -126 -122 -124 -125 -124 -125   -2 -127 -125 -124 -127 -123 -126 -127 -120 -127 -122 -126 -127
   -83 -126 -125  -84 -127 -126 -118 -123 -123 -123 -125 -121 -122 -117 -126 -114 -120 -127 -122 -105 -126 -125 -126
  -122 -126 -122 -123 -126 -125 -126 -122 -127 -124 -127 -125 -122 -127 -120 -124  -70 -126 -122  -77 -127 -127 -119
  -121 -123 -126 -122 -122 -126 -127 -123 -123 -121 -110 -126 -126 -125 -126 -127 -127 -123 -125 -121 -124 -126 -119
  -124 -125  -64 -127 -124  -50  -12 -125 -125 -127 -126 -125 -126 -126 -127 -124  -76 -124 -122 -122  -94 -125 -125
  -113 -126 -123 -112 -121 -122 -122 -124 -126 -126 -126 -122 -113 -122  -36  -41 -127  -39 -122 -126 -125 -124 -126
  -126 -120 -124 -122 -125 -120  -22 -123 -124 -116 -124 -118 -122 -123 -125 -126 -127 -124 -126 -122 -117 -125 -123
  -123 -120 -124 -123 -127 -126 -114  -60 -114 -124 -123 -123 -127  -94 -121 -119 -126 -126 -123 -123 -127 -120 -124
  -123  -99 -124 -122 -125 -124 -123 -127 -125  -98 -126 -127 -126 -127 -124 -108 -122 -127 -123 -125 -105 -126 -117
  -126 -124]]

=== IFM1 ===
N/A

=== BIAS ===
N/A

=== OFM ===
name    : efficientnetv2-b0/block6e_se_reshape/Shape
index   : 456
shape   : [2]
dtype   : <class 'numpy.int32'>
quant   : {'scales': [], 'zero_points': [], 'axis': 0, 'scale_tuple': 0.0, 'zp_tuple': 0}
values(int):
[   1 1152]
