MODEL : efficientnetv2b0_int8.tflite
OP #267: LOGISTIC

=== IFM0 ===
name    : efficientnetv2-b0/block6e_se_expand/BiasAdd;efficientnetv2-b0/block6h_se_expand/Conv2D;efficientnetv2-b0/block6e_se_expand/Conv2D;efficientnetv2-b0/block6e_se_expand/BiasAdd/ReadVariableOp
index   : 463
shape   : [1, 1, 1, 1152]
dtype   : <class 'numpy.int8'>
quant   : {'scales': [0.03069421648979187], 'zero_points': [56], 'axis': 0, 'scale_tuple': 0.03069421648979187, 'zp_tuple': 56}
values(int):
[[[[  -9   60  -39  -17  -29   40    5    3   46   18    7   33    4   18    3  125   12  -44   29    5   24  -11
      53  -58   67  -77   78   51   43   12   -2   34  -10  -20  -24  -39    6  -14  -25   14  -15   23   -2  -48
      17   28   49  -10    0  -32   81   61   23   14   -3   39  -44  -40  -41   -2   10   38   44   36    6  -43
       6   58   18  -17   31   12  -11    8   14  -42  -34  -71    2   -9    3   33   32    1   15   -8  -75   42
     -29   23   69  -13   26   48   11   21    3    9  -16   28   52   66    7   -7   47   23   51   24    4    0
      -2   -1  -41   32  -37   40    5  -20   13    2   30   28   13   16  -63  -28   11   38    9   -7   54   11
      32   19  -18   22   70   38  -27   12  -15   22    5   13   13   21   21   25  -22   18  -17  -12   24   20
      73   14    7   11   39  -48   26    9   30  -51   -6   34   36   51   24  -36  -78   37   -6  100   57  -40
      31   -7   44  -22   -7   43  -45   54   16  -18  -36  -28   45  -12   13   69    2  -11   25  -43    4   13
      49   14  -83   17   44  -26  -28  -36    1    9  -50  -24    2   54   46   32    4   29  -27  -42   -7   22
      10  -17   11   18   39  101   17  -12   36    6   21   10    5  -31    4   11  -20   34   -3  -55   28   68
       7  -41    9    2  -77   27   30    2  -11   -3   50  -55   -5   64  -42   16  -19    0  -19   -3    4   11
       6  -18  -27   19  124    5    9   -1    9  -10   27   29   12   28  -47  -24    1  -17   58    4  -12   34
     -35  -34    5    4   -1   53  -39   -9    1   37  -31   10   -5   -2  -10  -11   -8  -29   30   -2   16  -27
      60  -12  -34   -4  -39  -33  -25   18   37   22   -7  -19   12  -41  -34  -28   -1  -76   -9    7  102  -33
     -28  -36    6  -31   10  -16   40   36  -65   10  -35  -40   19   38    6  -19  -24    4  -34   54   -3  -57
      77  -10   -2   18  -30   59   55   22  -11  -10  -33   21    3   14   67   35   -8   12    5   39    5   10
       0   70   12   -2  -30   29   13  -39   37   20  -59    3   35  -29  -41   28   -3  -31    9   13    3  -22
      -7   15  -15   60   63  -22  -14   27   32   -8  -28   44   15   29   67   -8   -3  -23   28   57  -13   27
     -52   23  -25    2   27    2  -38   10    2    3   46   36    1  -30   56   12  -22   26   37    0  -11   44
     -19    6  -15   52  -10   25   22   32  -43   -2  -11  -27  -84  -20    8  -77   66  -25  -36   21    2   12
      48  -17   46   -3    7    6   21   33   -1   12  -10  -22   20    1  -42  -12   -4    3  -30   -7    3  -24
     -59   15   20   -1  -26   45   11   13  -13  -23  -32   45   -2   30   -1   56   23   47   47  -15   25   -1
     -14   21   -5    2   -3   70   24   39   12   59  -39   -2  -98   34   -6  -11    2   76   40   20   -5  -41
     -16   -5    6  -29  -44   49   11   -4  -12  -19   39   -7   -9   60  -16  -51  -18   -1    9  -24   35   38
      50  -26   21  -39  -42   -3   -9  -11   45  -24   -5   29   -7    8   -8  -31    6    6    2   -7  -28  -12
      61   33   72   49  -14   31   29  -22  -11  -20   38  -29   66   38   35   71    0   23   -6   44  -33  -69
      -3   44   -3   37   25  -30    7  -52   31  -44    5  -27    9   12    7   -1   48   21    9   26  -22  -37
     -40   -6   -1    8  -38  -33  -72   -4  -12  -14   19  -54   -9  -39   33   63   30  -20  -25   24   17   42
      17   34  -87    5    8  -15   34  -17  -41  -28  -23   22   11    9   18   12   13   15  -48   29    9   34
      22  -43   17  -11    9  -36  -93   37  -55   13    8   12    5   26   41    9  -27   31   -9   77  -22   31
     -20   21   20  -38   87   20   44  -14   17   28  -30   37  -41    3   -9   -5   19  -14   22   -2    4    1
      17    7  -17  -12  -28    6   25  -50  -25   -9  -33   -6  -26   38   18  -43  -17  -24   -2   40  -27   39
     -15   21   10    7  -16   13   46  -32   -3  -26    2  -10   10    5   99   47  -16   63  -45  -21  -47  -19
     -38   -7  -10   18   -2   14  -51    5  -24   -2  -28  -27   28  -24  -19  -11  -31  -12    7   35   90   54
     -14  -21   31   13  -19  -21   15  -17   -4    5    7   23    1    6  -74  -25   38   19   -6  -18   17  -38
     -16   16    4   57  -45   30   27    6  -29   31   15   76   -1   11   10   15   68   -2   36   14   30   15
     -46  -27    6    0  -10  -32  -32   46  -33   -5   21  -12  -49   17  -18   -3    4   -7  -38  -27   12   17
      43   10   30   21  -37   46  -46  -30   39  -19  -18   -8   50   31  -78  -51   16  -24   40    3   38  -11
      20  -28   18    0   46  -39  -21   34  -86   -4  -10  -10  -10   -6   11   -7  -38  -53    3    4   42   -9
      44   -7  -21  -33    7   49    3  -18   -2   56  -64   67   58   49  -14  -18   66  -28   -3   -1   27  -49
      60  -50   72   13   24   65   88  -18   10   37   -3  -22    4   46   64   18   21  -26    7   -9   14  -26
      42  -15   20  -13    8   29   54  -20   -4   59   -3   42  -19   47  -19   17   10  -96  -16    1   78   29
       9    9   20   17  -10   21   33  -12  -31  -78    6   32  -18   41   19   10  -39   39  -32  -29  -49   35
      -7   38  -23   -5   15   63  -29    9   13   20   14   32  -42   -6   14  -57  -32  -23  -66   20   27  -20
      63    4   14  -14  -13  -41  -13   53  -30   31  -32   -6  -13   17  -33   -1  -17   36   65   45  -29   15
      10    0  -64   -9   48   74   21   23  -35    5   -1   -7   11    5    1  -49  -20    0   19   10    0   34
     -13    9  -13  118    1   -1   36  -39    2   -1   12   32  -66   12   -1   21    3  -30   20   -2   18   42
     -23    8   42   -6  -11   33  -17    5  -42  -35   24  -61 -128   26  102  -13  -37  -11   -1  -17   23  -17
     -35   -2  -12   -7   -2    5   47   -3   57   93  -45  -30    1   13    5   19    1  -38   -3    4   25   -3
      21   73    4    4  -18  -41   50  -13   27  -28   78   27   31  -32   -7   -2   32   25   23  -39    5    5
      28   15   15   -5    1   -4   64   -1   86   -3   42   80  -12  -81  -50   22    4    6   19   38  -35   17
     -19  -21   26    2  -10  -11   27  -20]]]]

=== IFM1 ===
N/A

=== BIAS ===
N/A

=== OFM ===
name    : efficientnetv2-b0/block6e_se_expand/Sigmoid
index   : 464
shape   : [1, 1, 1, 1152]
dtype   : <class 'numpy.int8'>
quant   : {'scales': [0.00390625], 'zero_points': [-128], 'axis': 0, 'scale_tuple': 0.00390625, 'zp_tuple': -128}
values(int):
[[[[ -97    8 -115 -103 -110  -31  -84  -86  -19  -67  -81  -43  -85  -67  -86  101  -75 -117  -50  -84  -58  -99
      -6 -120   21 -124   42  -10  -25  -75  -91  -42  -98 -105 -108 -115  -83 -101 -108  -73 -102  -60  -91 -118
     -69  -52  -14  -98  -89 -112   47   10  -60  -73  -92  -33 -117 -115 -116  -91  -78  -34  -23  -38  -83 -116
     -83    4  -67 -103  -47  -75  -99  -80  -73 -116 -113 -123  -87  -97  -86  -43  -45  -88  -71  -97 -123  -27
    -110  -60   25 -101  -55  -16  -77  -63  -86  -79 -103  -52   -8   19  -81  -96  -18  -60  -10  -58  -85  -89
     -91  -90 -116  -45 -114  -31  -84 -105  -74  -87  -49  -52  -74  -70 -122 -110  -77  -34  -79  -96   -4  -77
     -45  -66 -104  -61   27  -34 -109  -75 -102  -61  -84  -74  -74  -63  -63  -57 -107  -67 -103 -100  -58  -64
      33  -73  -81  -77  -33 -118  -55  -79  -49 -119  -95  -42  -38  -10  -58 -114 -124  -36  -95   75    2 -115
     -47  -96  -23 -107  -96  -25 -117   -4  -70 -104 -114 -110  -21 -100  -74   25  -87  -99  -57 -116  -85  -74
     -14  -73 -124  -69  -23 -109 -110 -114  -88  -79 -118 -108  -87   -4  -19  -45  -85  -50 -109 -116  -96  -61
     -78 -103  -77  -67  -33   77  -69 -100  -38  -83  -63  -78  -84 -111  -85  -77 -105  -42  -92 -120  -52   23
     -81 -116  -79  -87 -124  -53  -49  -87  -99  -92  -12 -120  -94   16 -116  -70 -105  -89 -105  -92  -85  -77
     -83 -104 -109  -66  100  -84  -79  -90  -79  -98  -53  -50  -75  -52 -118 -108  -88 -103    4  -85 -100  -42
    -113 -113  -84  -85  -90   -6 -115  -97  -88  -36 -111  -78  -94  -91  -98  -99  -97 -110  -49  -91  -70 -109
       8 -100 -113  -93 -115 -112 -108  -67  -36  -61  -96 -105  -75 -116 -113 -110  -90 -124  -97  -81   78 -112
    -110 -114  -83 -111  -78 -103  -31  -38 -122  -78 -113 -115  -66  -34  -83 -105 -108  -85 -113   -4  -92 -120
      40  -98  -91  -67 -111    6   -2  -61  -99  -98 -112  -63  -86  -73   21  -40  -97  -75  -84  -33  -84  -78
     -89   27  -75  -91 -111  -50  -74 -115  -36  -64 -121  -86  -40 -110 -116  -52  -92 -111  -79  -74  -86 -107
     -96  -71 -102    8   14 -107 -101  -53  -45  -97 -110  -23  -71  -50   21  -97  -92 -107  -52    2 -101  -53
    -119  -60 -108  -87  -53  -87 -114  -78  -87  -86  -19  -38  -88 -111    0  -75 -107  -55  -36  -89  -99  -23
    -105  -83 -102   -8  -98  -57  -61  -45 -116  -91  -99 -109 -125 -105  -80 -124   19 -108 -114  -63  -87  -75
     -16 -103  -19  -92  -81  -83  -63  -43  -90  -75  -98 -107  -64  -88 -116 -100  -93  -86 -111  -96  -86 -108
    -121  -71  -64  -90 -109  -21  -77  -74 -101 -107 -112  -21  -91  -49  -90    0  -60  -18  -18 -102  -57  -90
    -101  -63  -94  -87  -92   27  -58  -33  -75    6 -115  -91 -126  -42  -95  -99  -87   38  -31  -64  -94 -116
    -103  -94  -83 -110 -117  -14  -77  -93 -100 -105  -33  -96  -97    8 -103 -119 -104  -90  -79 -108  -40  -34
     -12 -109  -63 -115 -116  -92  -97  -99  -21 -108  -94  -50  -96  -80  -97 -111  -83  -83  -87  -96 -110 -100
      10  -43   31  -14 -101  -47  -50 -107  -99 -105  -34 -110   19  -34  -40   29  -89  -60  -95  -23 -112 -123
     -92  -23  -92  -36  -57 -111  -81 -119  -47 -117  -84 -109  -79  -75  -81  -90  -16  -63  -79  -55 -107 -114
    -115  -95  -90  -80 -114 -112 -123  -93 -100 -101  -66 -120  -97 -115  -43   14  -49 -105 -108  -58  -69  -27
     -69  -42 -125  -84  -80 -102  -42 -103 -116 -110 -107  -61  -77  -79  -67  -75  -74  -71 -118  -50  -79  -42
     -61 -116  -69  -99  -79 -114 -125  -36 -120  -74  -80  -75  -84  -55  -29  -79 -109  -47  -97   40 -107  -47
    -105  -63  -64 -114   57  -64  -23 -101  -69  -52 -111  -36 -116  -86  -97  -94  -66 -101  -61  -91  -85  -88
     -69  -81 -103 -100 -110  -83  -57 -118 -108  -97 -112  -95 -109  -34  -67 -116 -103 -108  -91  -31 -109  -33
    -102  -63  -78  -81 -103  -74  -19 -112  -92 -109  -87  -98  -78  -84   74  -18 -103   14 -117 -106 -118 -105
    -114  -96  -98  -67  -91  -73 -119  -84 -108  -91 -110 -109  -52 -108 -105  -99 -111 -100  -81  -40   61   -4
    -101 -106  -47  -74 -105 -106  -71 -103  -93  -84  -81  -60  -88  -83 -123 -108  -34  -66  -95 -104  -69 -114
    -103  -70  -85    2 -117  -49  -53  -83 -110  -47  -71   38  -90  -77  -78  -71   23  -91  -38  -73  -49  -71
    -117 -109  -83  -89  -98 -112 -112  -19 -112  -94  -63 -100 -118  -69 -104  -92  -85  -96 -114 -109  -75  -69
     -25  -78  -49  -63 -114  -19 -117 -111  -33 -105 -104  -97  -12  -47 -124 -119  -70 -108  -31  -86  -34  -99
     -64 -110  -67  -89  -19 -115 -106  -42 -125  -93  -98  -98  -98  -95  -77  -96 -114 -119  -86  -85  -27  -97
     -23  -96 -106 -112  -81  -14  -86 -104  -91    0 -122   21    4  -14 -101 -104   19 -110  -92  -90  -53 -118
       8 -118   31  -74  -58   18   58 -104  -78  -36  -92 -107  -85  -19   16  -67  -63 -109  -81  -97  -73 -109
     -27 -102  -64 -101  -80  -50   -4 -105  -93    6  -92  -27 -105  -18 -105  -69  -78 -126 -103  -88   42  -50
     -79  -79  -64  -69  -98  -63  -43 -100 -111 -124  -83  -45 -104  -29  -66  -78 -115  -33 -112 -110 -118  -40
     -96  -34 -107  -94  -71   14 -110  -79  -74  -64  -73  -45 -116  -95  -73 -120 -112 -107 -122  -64  -53 -105
      14  -85  -73 -101 -101 -116 -101   -6 -111  -47 -112  -95 -101  -69 -112  -90 -103  -38   18  -21 -110  -71
     -78  -89 -122  -97  -16   34  -63  -60 -113  -84  -90  -96  -77  -84  -88 -118 -105  -89  -66  -78  -89  -42
    -101  -79 -101   95  -88  -90  -38 -115  -87  -90  -75  -45 -122  -75  -90  -63  -86 -111  -64  -91  -67  -27
    -107  -80  -27  -95  -99  -43 -103  -84 -116 -113  -58 -121 -127  -55   78 -101 -114  -99  -90 -103  -60 -103
    -113  -91 -100  -96  -91  -84  -18  -92    2   66 -117 -111  -88  -74  -84  -66  -88 -114  -92  -85  -57  -92
     -63   33  -85  -85 -104 -116  -12 -101  -53 -110   42  -53  -47 -112  -96  -91  -45  -57  -60 -115  -84  -84
     -52  -71  -71  -94  -88  -93   16  -90   55  -92  -27   45 -100 -124 -118  -61  -85  -83  -66  -34 -113  -69
    -105 -106  -55  -87  -98  -99  -53 -105]]]]
