MODEL : efficientnetv2b0_int8.tflite
OP #297: SHAPE

=== IFM0 ===
name    : efficientnetv2-b0/block6g_se_squeeze/Mean
index   : 493
shape   : [1, 1152]
dtype   : <class 'numpy.int8'>
quant   : {'scales': [0.021001141518354416], 'zero_points': [-115], 'axis': 0, 'scale_tuple': 0.021001141518354416, 'zp_tuple': -115}
values(int):
[[-128 -121 -126 -124 -126 -123 -120 -124 -125 -125 -126 -123 -123 -113 -117  -45 -126 -127 -125 -128 -125 -119 -128
  -117 -120 -128 -125 -128 -120 -124 -127 -126 -123 -123 -123 -127 -128 -126 -127 -127 -104 -122 -126 -124 -124 -127
  -127 -120 -123 -128 -126 -125 -126 -124  -87 -119 -127 -126 -126 -123 -123 -127 -118 -124 -127 -122 -116 -126 -125
  -126 -122 -125 -117 -126 -126 -127 -122 -126 -125 -127 -127 -126 -125 -126 -123 -128 -123 -122 -124 -110 -112 -123
  -128 -125 -126 -125 -126 -124 -124 -128  -88 -111 -123 -122 -123 -119 -124 -126 -125 -126 -113 -124 -127 -123 -124
  -108 -125 -122 -126 -122 -126 -123 -122 -124 -118 -124 -123 -127 -125 -121 -126 -114 -127 -126 -126 -124 -127 -127
  -124 -125  -72 -125  -77 -128 -126 -122 -126 -126 -123 -127 -121 -123 -125 -100  -81 -124 -126 -124 -122 -127 -126
  -109 -123 -122  -10 -124 -120 -126 -124 -127 -124 -126 -125 -127 -125 -127 -126 -126 -125 -126 -126 -122 -125 -126
  -126 -128 -121 -120 -128 -106 -127 -126 -123 -120 -126 -127 -118 -125 -124 -126 -127 -122 -123 -126 -126 -126 -122
  -126 -126 -126   -8 -121 -126 -126 -122 -126 -127 -116  -81 -123 -123 -125 -120 -118 -126 -119 -126 -120 -128 -119
  -102 -126 -128 -126 -125  -71 -125 -128 -122 -125 -102 -125 -119 -126 -126 -125 -128 -124 -120 -124 -125 -128 -124
  -126 -119 -123 -126 -125 -124 -127 -125 -126 -126 -124 -123 -126 -126 -125 -121 -123 -124 -122 -126 -124 -124 -114
  -119 -122 -127 -128 -127 -125 -126 -120 -125 -122 -124  -34 -122 -122 -127 -124  -68  -20 -122 -122 -122 -126 -127
  -126 -126 -124 -120 -128 -125 -122 -117 -125 -125 -125 -125 -123 -125 -118 -125 -128 -124 -121 -126 -125 -126 -128
  -124 -122 -116 -127  -63 -125 -125 -125 -128 -122 -126 -118 -120 -125 -123 -128 -125 -126 -126 -123 -125 -126 -124
  -123 -126 -117 -127 -122 -123 -124 -125 -118 -127 -128 -126 -123 -123 -126 -126 -124 -115 -122 -125 -126 -126 -124
  -126 -124 -126 -127 -126 -127 -120  -78 -128  -67 -124 -124 -124 -127 -128 -128 -127 -126 -125 -121 -126 -123 -126
  -123 -127 -128 -121 -127 -123 -128 -124 -126 -124 -127 -121 -128 -126 -121  -68 -127 -123 -121 -126 -127 -120 -125
  -125  -72 -118 -127 -109 -107 -124 -115 -123 -125 -121 -127 -125 -123 -112 -126 -114 -124 -120 -124 -127 -127 -123
  -122 -123 -122  -64 -121 -120 -124  -98 -125 -120 -125 -126 -123 -124 -122 -127 -118 -100 -126  -86 -124 -125 -121
  -124  -72 -123 -127 -126 -125 -124 -126 -124 -127 -126 -126 -125 -124 -124 -121 -123 -124 -126 -120 -128 -120 -126
  -123 -126 -121 -126 -114 -124 -114 -126 -124 -122 -123 -126 -128 -128 -114 -124 -127 -127 -125 -121 -120 -127 -123
  -124 -122 -122 -124 -126 -121 -127 -122 -123 -126 -122 -126 -127 -125 -127 -127 -124 -123 -125 -123 -127 -124 -121
  -126 -122 -127 -121 -127 -126 -126 -125  -82 -126 -127 -124 -126 -127  -89 -127 -127 -126  -31 -125 -127 -121 -127
  -127 -125 -126 -127 -126 -127 -125 -124 -109 -125 -128 -126 -127  -42 -124   -1 -123 -128 -126 -126 -125 -124 -124
  -127 -126 -125 -123 -124 -125 -124 -126 -118 -122  -46 -121 -125 -123 -119 -116 -123 -127 -121  -89 -127 -124 -122
   -86 -124 -128 -121 -127  -63 -120 -125 -124 -123 -125 -126 -124 -126 -126 -107 -127 -121 -128 -123 -119 -126  -89
  -124 -122 -123 -127 -124 -124 -119 -126 -122 -126 -119  -70 -127 -125  -67 -126 -125  -32 -124 -126 -126 -124 -116
  -126 -125 -124 -126 -120 -127  -75 -124 -125 -128 -127 -124 -126 -124 -119 -122 -127 -127 -125 -124 -125 -123 -128
  -126 -126 -125 -126 -127 -121 -123 -124 -121 -127 -126 -124 -121 -123 -124 -125 -126 -120 -125 -123 -126 -126 -125
  -120  -78 -126 -125 -128 -126 -122 -126 -115 -128 -120 -128 -128 -122 -126 -121 -124 -127 -128 -125 -126 -112 -116
  -126 -128 -125 -124 -126 -128 -126 -126 -121 -123 -128 -125 -127 -123 -127 -124 -122 -127 -123 -125 -121 -125 -124
  -123 -125 -126 -125  -55 -119 -127 -127 -125 -123 -121 -120 -125 -128 -128 -122 -124 -128 -126 -127 -125 -128 -119
  -125 -125 -122 -124 -128 -124 -123 -126 -126 -126 -127 -127 -126 -126 -121 -128 -121 -127 -105 -125 -124 -122 -119
  -126 -127 -123 -124 -101 -123 -128 -122 -120  -40 -127 -124 -125 -128 -125  -58 -127 -123 -127 -124 -125 -125  -84
  -127 -120 -128 -124 -125 -120 -122 -121 -126  -59 -123 -126 -122 -126 -122 -126 -126 -123 -125 -125 -126 -109 -128
  -121 -128  -73 -123 -128 -126 -122 -124 -122 -127 -123 -125 -124 -123 -127 -127 -126 -123 -126 -122 -125 -124  -63
  -122 -127 -125 -128 -127 -127 -124 -124 -119 -126 -120 -126 -124 -126 -125 -120 -124 -127 -121 -127 -122 -123 -125
  -126 -125 -126 -121 -128 -123 -126 -126 -122 -124 -104 -124 -124 -124  -54 -120 -123 -126 -123 -125  -41 -126 -127
  -126 -115 -127 -126 -125 -125 -119 -126 -125 -120 -127 -123 -126 -125 -124 -122 -122 -128 -126 -120 -126 -126 -123
  -120 -125 -128 -125 -106 -125 -122 -122 -124 -126 -124 -122 -119 -123 -124  -76 -122 -126 -101 -121 -126 -119 -120
   -64 -119 -127 -126 -125  -96 -126 -124 -126 -121 -125 -125 -127 -126 -119 -126 -120 -122 -127 -120 -127  -33 -118
  -125 -127 -124 -126 -124 -123 -126 -115 -123 -111  -99 -128 -125  -84 -125 -119 -120 -121 -124 -128 -126 -126 -122
  -126 -105 -125 -125 -116 -125 -124 -126 -128 -123 -127 -124 -127 -121 -126 -122 -122 -125 -127 -123 -126 -126 -126
  -123 -125 -127  -89 -126 -123 -125 -125 -127 -126 -123 -126  -18 -112 -124 -128 -123 -123 -119 -119 -123 -125 -126
  -124 -128 -118 -126 -128 -124 -127 -127 -124 -116 -117 -121 -123 -128 -122 -123 -124 -127 -124 -125 -126 -122 -126
  -110 -126 -124 -124  -56 -116 -119  -84 -124 -125 -101 -125 -126 -122 -123 -125 -128 -102 -123 -121 -122 -124 -125
   -94 -108 -122 -113 -116 -118 -124 -127 -122 -126 -126 -115 -126 -122 -127  -87 -114 -120 -125 -127 -126 -104   -7
  -125 -124 -123 -126 -123 -124 -127 -127 -128 -119 -128 -125 -122 -127 -127 -124 -126 -123  126 -118 -125 -126 -121
  -127 -125 -128 -128 -124 -126 -124 -121 -123 -123 -115 -124 -128 -116 -128 -125 -117 -128 -127 -123 -126 -122 -120
  -127 -123]]

=== IFM1 ===
N/A

=== BIAS ===
N/A

=== OFM ===
name    : efficientnetv2-b0/block6g_se_reshape/Shape
index   : 494
shape   : [2]
dtype   : <class 'numpy.int32'>
quant   : {'scales': [], 'zero_points': [], 'axis': 0, 'scale_tuple': 0.0, 'zp_tuple': 0}
values(int):
[   1 1152]
