MODEL : efficientnetv2b0_int8.tflite
OP #305: LOGISTIC

=== IFM0 ===
name    : efficientnetv2-b0/block6g_se_expand/BiasAdd;efficientnetv2-b0/block6h_se_expand/Conv2D;efficientnetv2-b0/block6g_se_expand/Conv2D;efficientnetv2-b0/block6g_se_expand/BiasAdd/ReadVariableOp
index   : 501
shape   : [1, 1, 1, 1152]
dtype   : <class 'numpy.int8'>
quant   : {'scales': [0.043071746826171875], 'zero_points': [-14], 'axis': 0, 'scale_tuple': 0.043071746826171875, 'zp_tuple': -14}
values(int):
[[[[ -77  -43  -78  -39  -72  -55  -47  -50  -39  -46  -47  -78  -33  -99  -74  -55  -69  -98  -63  -42  -66  -47
     -36  -79  -57  -82  -55  -64  -55  -28  -62  -52  -45  -77  -73  -56  -76  -67  -82  -54   34  -41  -54  -52
     -58  -66  -66  -44  -49  -43 -107  -64  -71  -54  -49  -39  -80  -40  -50  -81  -62  -54  -41  -86  -84  -75
     -97  -58  -69  -54  -58  -72  -56  -65  -70  -40  -79  -78  -73  -75  -66  -59  -28  -56  -48  -51  -57  -76
     -79  -60  -22  -57  -71  -83  -59  -51  -65  -66  -88  -84  -55    0  -80  -76  -11  -21  -59  -82  -34  -42
     -17  -88  -62  -47  -72  -75  -58  -69  -36  -86  -47  -73  -64  -70  -29 -103  -51  -67  -81  -72  -70  -48
     -60  -80  -91  -48  -69  -68  -63  -55   73  -56  -57  -60  -62  -70  -46  -59  -62  -78  -38  -80  -36  -97
     -99  -84  -65  -63  -89  -67  -59  -62  -42  -56  -88  -79  -90  -83  -80  -77  -62  -74  -61  -59  -97  -64
     -50  -79  -42  -53  -91  -75  -73  -57  -95  -81 -106  -48  -93  -22  -61  -47  -34  -33  -27  -85  -61  -75
     -36  -65  -99  -56  -82 -103  -90  -52  -67  -56  -97  -52  -84  -65  -82  -80  -52  -56  -87 -121  -41  -62
     -59  -71  -36  -35  -59  -87  -64  -64  -88  -93  -57  -90  -89  -45  -56  -44  -62  -63  -84  -65  -49  -59
     -58  -39  -84  -30 -100  -73  -48  -58  -80  -22  -43  -61  -56  -62  -87  -62  -40  -56  -59  -70 -108  -77
     -44  -79  -53  -43  -43  -64 -103  -85  -68  -46  -68  -48  -52  -63  -53  -82  -82  -65  -39  -54  -56  -69
     -54 -106  -91  -27  -63  -65  -54  -70  -58  -53 -102  -81  -45  -76  -67  -71  -50  -56  -92 -104  -80  -65
     -98  -57  -58  -72  -76  -71  -76  -92  -58  -39  -59  -64  -80  -80  -77  -88  -79  -68  127  -48  -70  -93
     -57  -32  -75  -77  -51  -80  -59  -80  -76  -91  -51  -74  -36  -24  -45 -105  -63  -33  -54  -47  -39  -29
     -81  -51  -87  -53  -54  -75  -68  -51 -101  -80  -64  -73  -82  -61  -61  -40  -65  -87  -56  -77  -54  -80
     -55   21  -76  -26  -78  -77  -68  -60  -68  -91  -65  -60  -62  -61  -69  -97  -29  -50  -73  -53  -74  -66
     -69  -84  -53  -73  -74  -68  -58  -63  -71  -66  -25  -52  -84 -117  -52  -67  -50  -76  -76  -40  -70  -34
     -65  -42  -55  -45  -64  -79  -61  -80  -59  -87  -49  -74  -46  -48  -92  -95  -74  -55  -68  -58  -62  -68
     -70  -52  -55  -38  -57  -55  -70  -59  -94  -84  -42  -51  -80  -42  -60  -77  -55  -83  -83  -61  -56  -79
     -30  -65  -52  -93  -85  -66  -44  -57  -65  -53  -53  -93  -50  -33  -81  -71  -83  -50  -85  -59 -104  -39
     -83  -96  -90  -64  -70  -43  -73  -84  -61  -47  -62  -87  -98  -54  -37  -90  -68  -51  -41  -59  -65  -74
     -51  -63  -70  -83  -57  -82  -53  -63  -74  -67  -88  -62  -71  -59  -86  -66  -73  -61  -62  -67  -35  -58
     -63  -54  -30  -64  -43 -113  -61  -81  -29  -51  -87  -84  -50  -99 -100  -78 -120  -59  -52  -48  -63  -64
     -67  -61  -87  -56  -53  -70  -63  -71  -57  -68  -22  -64  -67  -47  -48  -83  -40  -31  -35 -100  -64  -71
     -31  -61  -49  -40  -77  -72  -21  -60  -61  -60  -73  -48  -87  -37  -29  -65  -63  -63  -65  -36  -81  -60
     -61 -100  -88  -47  -96  -77  -69  -58  -53  -79  -49  -75  -74  -54  -34 -102  -82  -70  -34  -76 -107  -72
     -86  -79  -54  -86    9  -43  -88  -90  -77  -59  -69  -60  -78  -40  -62  -52  -56  -59  -72  -47  -73  -79
     -76  -87  -60  -66  -69    0 -101  -63  -58  -88  -76  -66  -30  -74 -118  -35  -78  -67  -67  -98  -55  -19
     -47  -66  -80  -28 -106  -52  -85  -65  -64  -70  -23  -81  -75  -59  -64  -53  -77  -89  -50  -57  -85  -86
     -78  -67  -44  -93  -48  -62  -77  -66 -102  -38  -64  -56  -80  -65  -74  -71 -116  -56  -65  -49  -35  -76
    -103  -55  -52  -60  -76  -61  -39  -72  -60  -64  -30  -92  -36  -53  -78  -70  -79  -53  -63  -61  -66  -46
     -67  -76  -64  -39  -69 -119  -31  -71  -76  -57  -71  -53  -66  -73 -105  -30  -82  -82  -54  -59  -81  -94
     -60  -60  -54  -56  -78  -67  -70  -55  -76  -83  -90  -83  -57  -77  -81  -53  -78  -37  -82  -70  -67  -46
     -87  -85  -71 -105  -69  -51  -37   -5  -58  -45  -77  -53  -42  -52  -64  -50  -83  -42  -61  -55  -86  -26
     -70  -54  -31  -80  -46  -76  -79  -85  -98  -61  -62  -51  -30  -76  -66  -56  -86  -44  -58  -46  -50  -60
     -73  -57  -66  -46  -49  -90  -58  -63  -54  -88  -65  -69  -28  -58  -85  -68  -77  -45  -79  -91  -44  -56
     -54  -81  -75  -59  -78  -54  -95  -75  -80  -61  -85  -71  -72  -81  -66  -48  -42  -21 -111 -100  -52  -83
     -78 -112  -57  -75  -65  -65  -80  -48  -82  -55  -36  -45  -77  -78  -92  -53  -73  -50  -35  -72  -71  -53
     -72   -8  -79  -68  -69  -57  -56  -82  -75  -48  -77  -61  -44  -56  -46  -70  -79  -67  -71  -49  -43  -65
     -38  -62  -94  -43  -41  -69  -95  -62  -77  -59 -105  -45  -68  -81  -81  -55  -52  -48  -51  -53  -54  -32
     -50  -75  -90  -71  -65  -47  -50  -80  -85   11  -65   38  -73  -49  -59  -70  -81  -59    4  -46  -37  -92
     -85  -50  -25  -60  -86  -53  -66  -91  -43  -54  -69  -80  -42  -20  -75  -73  -73  -53  -43  -42  -62  -61
     -61  -66  -70  -73  -55  -83  -58  -40  -94  -45  -90 -118  -55  -93  -29  -31  -92  -43 -100  -79  -52  -76
       3  -51  -68  -17  -67  -60  -48  -50  -50  -70  -51  -72  -99  -76  -67  -81  -82  -58  -35  -52  -70  -69
     -91  -60  -30  -11  -47  -88  -79  -71  -64  -58  -55  -51  -87  -37  -61  -61  -35 -114  -70  -53  -79  -90
     -49  -75  -60  -58  -72  -86  -71  -24  -59  -39  -56  -94  -62 -112  -66  -65  -61  -55 -128  -57  -72  -65
     -28  -58  -27  -64  -35  -56  -29  -69  -64  -41  -66  -77  -30  -76  -80  -19  -79  -59  -86  -64  -76  -77
     -78  -67  -37  -57    1  -60  -47  -53  -55  -76  -91  -68  -74  -83  -64  -35 -102  -85   46  -42  -65  -91
     -45 -127  -29  -84  -66  -74  -43  -73  -51  -74  -77 -108  -63  -55 -108  -71  -62  -77 -101  -65  -69  -38
    -103  -42  -47  -69  -32  -42  -65  -73  -48  -30  -60  -61  -79  -47  -51  -55  -53  -54  -37  -77  -64  -73
     -60  -78  -56  -65  -44  -93  -62  -69]]]]

=== IFM1 ===
N/A

=== BIAS ===
N/A

=== OFM ===
name    : efficientnetv2-b0/block6g_se_expand/Sigmoid
index   : 502
shape   : [1, 1, 1, 1152]
dtype   : <class 'numpy.int8'>
quant   : {'scales': [0.00390625], 'zero_points': [-128], 'axis': 0, 'scale_tuple': 0.00390625, 'zp_tuple': -128}
values(int):
[[[[-112  -71 -113  -63 -109  -91  -78  -83  -63  -76  -78 -113  -50 -122 -110  -91 -106 -121 -100  -69 -103  -78
     -56 -113  -93 -115  -91 -101  -91  -37  -99  -86  -75 -112 -109  -92 -111 -104 -115  -89   99  -67  -89  -86
     -95 -103 -103  -73  -82  -71 -123 -101 -108  -89  -82  -63 -114  -65  -83 -114  -99  -89  -67 -117 -116 -111
    -121  -95 -106  -89  -95 -109  -92 -102 -107  -65 -113 -113 -109 -111 -103  -96  -37  -92  -80  -85  -93 -111
    -113  -97  -22  -93 -108 -116  -96  -85 -102 -103 -118 -116  -91   37 -114 -111    8  -19  -96 -115  -52  -69
      -8 -118  -99  -78 -109 -111  -95 -106  -56 -117  -78 -109 -101 -107  -40 -123  -85 -104 -114 -109 -107  -80
     -97 -114 -119  -80 -106 -105 -100  -91  122  -92  -93  -97  -99 -107  -76  -96  -99 -113  -61 -114  -56 -121
    -122 -116 -102 -100 -118 -104  -96  -99  -69  -92 -118 -113 -119 -116 -114 -112  -99 -110  -98  -96 -121 -101
     -83 -113  -69  -88 -119 -111 -109  -93 -120 -114 -123  -80 -120  -22  -98  -78  -52  -50  -35 -117  -98 -111
     -56 -102 -122  -92 -115 -123 -119  -86 -104  -92 -121  -86 -116 -102 -115 -114  -86  -92 -117 -125  -67  -99
     -96 -108  -56  -54  -96 -117 -101 -101 -118 -120  -93 -119 -118  -75  -92  -73  -99 -100 -116 -102  -82  -96
     -95  -63 -116  -42 -122 -109  -80  -95 -114  -22  -71  -98  -92  -99 -117  -99  -65  -92  -96 -107 -124 -112
     -73 -113  -88  -71  -71 -101 -123 -117 -105  -76 -105  -80  -86 -100  -88 -115 -115 -102  -63  -89  -92 -106
     -89 -123 -119  -35 -100 -102  -89 -107  -95  -88 -122 -114  -75 -111 -104 -108  -83  -92 -119 -123 -114 -102
    -121  -93  -95 -109 -111 -108 -111 -119  -95  -63  -96 -101 -114 -114 -112 -118 -113 -105  127  -80 -107 -120
     -93  -47 -111 -112  -85 -114  -96 -114 -111 -119  -85 -110  -56  -27  -75 -123 -100  -50  -89  -78  -63  -40
    -114  -85 -117  -88  -89 -111 -105  -85 -122 -114 -101 -109 -115  -98  -98  -65 -102 -117  -92 -112  -89 -114
     -91   82 -111  -32 -113 -112 -105  -97 -105 -119 -102  -97  -99  -98 -106 -121  -40  -83 -109  -88 -110 -103
    -106 -116  -88 -109 -110 -105  -95 -100 -108 -103  -30  -86 -116 -125  -86 -104  -83 -111 -111  -65 -107  -52
    -102  -69  -91  -75 -101 -113  -98 -114  -96 -117  -82 -110  -76  -80 -119 -120 -110  -91 -105  -95  -99 -105
    -107  -86  -91  -61  -93  -91 -107  -96 -120 -116  -69  -85 -114  -69  -97 -112  -91 -116 -116  -98  -92 -113
     -42 -102  -86 -120 -117 -103  -73  -93 -102  -88  -88 -120  -83  -50 -114 -108 -116  -83 -117  -96 -123  -63
    -116 -121 -119 -101 -107  -71 -109 -116  -98  -78  -99 -117 -121  -89  -59 -119 -105  -85  -67  -96 -102 -110
     -85 -100 -107 -116  -93 -115  -88 -100 -110 -104 -118  -99 -108  -96 -117 -103 -109  -98  -99 -104  -54  -95
    -100  -89  -42 -101  -71 -124  -98 -114  -40  -85 -117 -116  -83 -122 -122 -113 -125  -96  -86  -80 -100 -101
    -104  -98 -117  -92  -88 -107 -100 -108  -93 -105  -22 -101 -104  -78  -80 -116  -65  -45  -54 -122 -101 -108
     -45  -98  -82  -65 -112 -109  -19  -97  -98  -97 -109  -80 -117  -59  -40 -102 -100 -100 -102  -56 -114  -97
     -98 -122 -118  -78 -121 -112 -106  -95  -88 -113  -82 -111 -110  -89  -52 -122 -115 -107  -52 -111 -123 -109
    -117 -113  -89 -117   59  -71 -118 -119 -112  -96 -106  -97 -113  -65  -99  -86  -92  -96 -109  -78 -109 -113
    -111 -117  -97 -103 -106   37 -122 -100  -95 -118 -111 -103  -42 -110 -125  -54 -113 -104 -104 -121  -91  -14
     -78 -103 -114  -37 -123  -86 -117 -102 -101 -107  -25 -114 -111  -96 -101  -88 -112 -118  -83  -93 -117 -117
    -113 -104  -73 -120  -80  -99 -112 -103 -122  -61 -101  -92 -114 -102 -110 -108 -125  -92 -102  -82  -54 -111
    -123  -91  -86  -97 -111  -98  -63 -109  -97 -101  -42 -119  -56  -88 -113 -107 -113  -88 -100  -98 -103  -76
    -104 -111 -101  -63 -106 -125  -45 -108 -111  -93 -108  -88 -103 -109 -123  -42 -115 -115  -89  -96 -114 -120
     -97  -97  -89  -92 -113 -104 -107  -91 -111 -116 -119 -116  -93 -112 -114  -88 -113  -59 -115 -107 -104  -76
    -117 -117 -108 -123 -106  -85  -59   25  -95  -75 -112  -88  -69  -86 -101  -83 -116  -69  -98  -91 -117  -32
    -107  -89  -45 -114  -76 -111 -113 -117 -121  -98  -99  -85  -42 -111 -103  -92 -117  -73  -95  -76  -83  -97
    -109  -93 -103  -76  -82 -119  -95 -100  -89 -118 -102 -106  -37  -95 -117 -105 -112  -75 -113 -119  -73  -92
     -89 -114 -111  -96 -113  -89 -120 -111 -114  -98 -117 -108 -109 -114 -103  -80  -69  -19 -124 -122  -86 -116
    -113 -124  -93 -111 -102 -102 -114  -80 -115  -91  -56  -75 -112 -113 -119  -88 -109  -83  -54 -109 -108  -88
    -109   16 -113 -105 -106  -93  -92 -115 -111  -80 -112  -98  -73  -92  -76 -107 -113 -104 -108  -82  -71 -102
     -61  -99 -120  -71  -67 -106 -120  -99 -112  -96 -123  -75 -105 -114 -114  -91  -86  -80  -85  -88  -89  -47
     -83 -111 -119 -108 -102  -78  -83 -114 -117   63 -102  103 -109  -82  -96 -107 -114  -96   47  -76  -59 -119
    -117  -83  -30  -97 -117  -88 -103 -119  -71  -89 -106 -114  -69  -16 -111 -109 -109  -88  -71  -69  -99  -98
     -98 -103 -107 -109  -91 -116  -95  -65 -120  -75 -119 -125  -91 -120  -40  -45 -119  -71 -122 -113  -86 -111
      45  -85 -105   -8 -104  -97  -80  -83  -83 -107  -85 -109 -122 -111 -104 -114 -115  -95  -54  -86 -107 -106
    -119  -97  -42    8  -78 -118 -113 -108 -101  -95  -91  -85 -117  -59  -98  -98  -54 -125 -107  -88 -113 -119
     -82 -111  -97  -95 -109 -117 -108  -27  -96  -63  -92 -120  -99 -124 -103 -102  -98  -91 -126  -93 -109 -102
     -37  -95  -35 -101  -54  -92  -40 -106 -101  -67 -103 -112  -42 -111 -114  -14 -113  -96 -117 -101 -111 -112
    -113 -104  -59  -93   40  -97  -78  -88  -91 -111 -119 -105 -110 -116 -101  -54 -122 -117  110  -69 -102 -119
     -75 -126  -40 -116 -103 -110  -71 -109  -85 -110 -112 -124 -100  -91 -124 -108  -99 -112 -122 -102 -106  -61
    -123  -69  -78 -106  -47  -69 -102 -109  -80  -42  -97  -98 -113  -78  -85  -91  -88  -89  -59 -112 -101 -109
     -97 -113  -92 -102  -73 -120  -99 -106]]]]
