MODEL : efficientnetv2b0_int8.tflite
OP #316: SHAPE

=== IFM0 ===
name    : efficientnetv2-b0/block6h_se_squeeze/Mean
index   : 512
shape   : [1, 1152]
dtype   : <class 'numpy.int8'>
quant   : {'scales': [0.025178590789437294], 'zero_points': [-117], 'axis': 0, 'scale_tuple': 0.025178590789437294, 'zp_tuple': -117}
values(int):
[[-125 -123 -122 -121 -127 -126 -109 -118 -125 -120 -124 -125 -124 -124 -126 -128 -124 -126 -120 -123 -126 -113 -123
  -127 -126 -124 -125 -125 -119 -122 -127 -126  -85 -126 -122 -121 -126 -127 -113 -123 -124 -123 -123 -127 -126 -121
  -127 -123  -56 -123 -124 -127 -125 -123 -111 -126 -127 -122 -120 -127 -121 -126 -123 -102 -122 -127 -122 -120 -127
  -121  -46 -115 -127 -126 -127 -127 -126 -124 -120 -125 -122  -94 -123  -95 -122 -122 -119 -124 -121 -124 -126 -122
  -125 -128 -127 -126 -122 -121 -127 -125 -127 -121 -126 -121 -126  -35 -128 -123 -104 -126 -126 -126 -121 -127 -121
  -128 -123 -123 -126 -115 -126 -127 -121 -126 -122 -127 -120 -125 -122 -127 -125 -121 -124 -124 -127 -126 -127 -120
  -123 -125 -128 -126 -127 -126 -126 -127 -126 -124 -121 -120 -122 -124 -126 -127 -126 -125 -103 -127 -123 -126 -126
  -121 -127 -121 -124 -124 -125 -102 -125 -123 -124 -126 -126 -118 -126 -122 -126 -127 -122 -127 -116 -122 -121 -125
  -125 -126 -121 -108 -126 -125 -121 -123 -126 -125 -115 -121 -124 -123 -121 -127 -127 -113 -125 -126 -127 -125 -126
  -122 -126 -122 -124 -126 -127 -126 -124 -121 -126 -124 -126 -126 -126 -126 -128 -126 -125 -122  -77 -125 -124 -127
  -120 -108 -124 -123 -122 -124 -126 -125 -125 -124 -128 -117 -127 -123 -125 -124 -124 -122 -125  -96 -125 -124 -127
  -121 -126 -122 -122 -123 -126 -126 -116 -120 -126 -123 -125 -127 -125 -126 -127 -122 -120 -126 -120 -120 -117 -113
  -118 -121 -127 -126 -124 -127 -128 -124 -126 -126 -122 -120 -127 -127 -124 -118 -126 -127 -126 -126 -122 -121 -127
  -126 -125 -126 -125 -126 -123 -116 -125 -120 -126 -121 -116 -125 -125 -125 -122 -127 -126 -124 -125 -127 -125 -122
  -126 -121  -21 -128 -103 -122 -127 -126 -123 -126 -121 -127 -124 -128 -127 -125 -126 -126 -126 -127 -126 -126 -126
  -121 -127  -73 -128 -125 -126 -125 -124 -119 -127 -126 -121 -127 -126 -124 -124 -125 -126 -124 -120 -121 -121 -125
  -126 -127 -123 -128 -127 -127 -125 -123 -123 -113 -125 -128 -122 -122 -128 -126  -98 -123 -126 -123 -127 -111 -122
  -127 -123 -124 -125 -127  -93 -121 -120 -123 -124 -123 -123 -127  -85 -125 -128 -127 -127 -105 -122 -123 -120 -126
  -125 -124 -123 -118 -124 -126 -125 -126  -91  -76 -121 -123 -127 -126   29 -126 -119 -125 -121 -108 -125 -123 -125
  -127 -127 -126 -126 -122 -122 -121 -126 -122 -103 -126 -122 -125 -126 -124 -127 -124 -124 -127 -127 -117 -123 -126
  -124 -125 -125 -125 -121 -127 -111 -120 -126 -127 -116 -124 -109 -124 -123 -127 -127  -88 -127 -122 -125 -126 -126
  -126 -123 -126 -126 -125 -121 -120 -124 -121 -120 -125 -126 -121 -126 -121 -124 -112 -122 -126 -126 -121 -127 -124
  -127 -122 -125 -127 -127 -125 -125 -125 -122 -126 -126 -127 -120 -124 -128 -122 -125 -126 -108 -127 -126 -121 -122
  -128 -123 -121 -126 -121 -128 -126 -124 -126 -122 -126 -127 -125 -125 -123 -123 -127 -124 -127  -84 -127 -127 -127
  -123 -122 -126 -125 -127 -125 -125 -122 -126 -109 -127 -123 -111 -125 -124 -126 -127 -125 -125 -121 -123 -126 -125
  -124 -127 -126 -107 -121 -126 -125 -121 -127 -123 -125 -126 -120 -128 -125 -127 -123 -124 -124 -122 -125 -113 -124
  -127 -127 -125 -121 -121 -126 -127 -126 -125 -123 -125 -126 -126 -121 -127 -127 -126 -122 -127 -125 -124 -124 -126
  -123 -121 -110 -122 -124 -124 -120 -115 -110 -103 -122 -126 -123 -127 -128 -123 -127 -124 -126 -125 -128 -127 -122
  -127 -126 -126 -124 -125 -126 -127 -127 -123 -122 -127  -60 -126 -123 -124 -127 -123 -126 -125 -123 -126 -121 -124
  -126 -126 -127 -100 -126 -126 -125 -126 -122  -92 -123 -123 -126 -125 -125 -125 -126 -125 -124 -122 -126 -124 -126
  -128 -124 -126 -123 -125 -122 -123 -121 -121 -119 -126 -122 -125 -123 -123 -127 -124 -125 -127 -126 -123 -124 -127
  -127 -123 -125 -121 -127 -127 -127 -125  -94 -125 -125 -125 -127 -127 -125 -127 -120 -124 -124 -123 -127 -121 -125
  -123 -127 -126 -125 -125 -124 -126 -118 -122 -127 -124 -120 -126 -122 -123 -125 -127 -125 -125 -123 -123 -126 -122
  -126 -125 -125 -124 -127 -121 -121  -92 -124 -127 -121 -122 -121 -124 -120 -119 -119 -128 -118 -124 -127 -127 -121
  -128 -127 -126 -125 -127 -118 -122 -125 -120 -127 -122 -126 -127 -127 -126 -123 -122 -126 -120 -121 -124 -125 -126
  -126 -116 -127 -121 -124 -126 -124 -126 -128 -122 -124 -113 -125 -127 -126 -125 -124 -123 -126 -127 -123 -122 -127
  -122 -123 -123 -122 -122 -125  -98 -127 -123 -103 -102 -120 -125 -121 -123 -127 -127 -127 -115 -122 -109 -127 -125
  -127 -124 -115  -82 -125 -109 -126 -123 -123 -124 -121 -126 -122 -111 -125 -122 -127 -121 -125 -125 -122  -30 -124
  -121 -126 -125 -124 -126 -125 -126 -124 -126 -126 -124 -119 -124 -121 -122 -124 -128 -123 -124 -120 -123 -127 -126
  -121 -124 -124 -125 -123 -124 -126 -125 -123 -116 -123 -127 -121 -127 -123 -125 -118 -123 -126 -120 -126 -124 -121
  -124 -121 -122 -120 -127 -128 -123 -127 -126 -123 -120 -121 -123  -30  -98 -126  -81 -124 -122 -126 -126 -124 -126
  -127 -125 -117 -127 -126 -126 -128 -126 -121 -127 -125  -93 -122 -123 -126 -126 -126 -122 -127 -121 -127 -124 -122
  -126 -125 -127  -90 -126 -126 -126 -125   71 -118 -126 -127 -126 -122 -127 -121 -126 -124 -122 -125 -127 -126 -127
  -127 -121 -125 -124 -126 -121 -121 -125 -126 -121 -123 -124 -120 -122 -126 -126 -126 -124 -127 -123 -123 -125 -126
  -122 -127 -124 -122 -125 -124 -120 -126 -120 -126 -127 -127 -118 -124 -127 -126 -113 -126 -125 -123 -124 -127 -125
  -122 -124 -121 -122 -118 -127 -125 -127 -127 -126 -125 -124 -121 -126 -121 -126 -123 -125 -127 -126 -126 -124  -94
  -125 -126 -125 -126 -127 -124 -124 -125 -126 -124 -126 -121 -124 -125 -126 -126 -123 -122 -124 -126 -121 -126 -119
  -123 -123 -126 -127 -123 -124 -125 -127 -125 -127 -124 -127 -124 -127  -65 -125 -125 -126 -126 -126 -123 -126 -127
  -127 -125 -123 -124 -124 -125 -126 -124 -125 -127 -123 -124 -127 -125 -123 -126 -125 -125 -125 -127 -116 -121 -124
  -127 -126 -126 -123  -61 -125 -124 -125 -122 -124 -127 -126 -125 -125 -121 -126 -121 -123 -121 -124 -123 -127 -125
  -125 -121]]

=== IFM1 ===
N/A

=== BIAS ===
N/A

=== OFM ===
name    : efficientnetv2-b0/block6h_se_reshape/Shape
index   : 513
shape   : [2]
dtype   : <class 'numpy.int32'>
quant   : {'scales': [], 'zero_points': [], 'axis': 0, 'scale_tuple': 0.0, 'zp_tuple': 0}
values(int):
[   1 1152]
