MODEL : efficientnetv2b0_int8.tflite
OP #324: LOGISTIC

=== IFM0 ===
name    : efficientnetv2-b0/block6h_se_expand/BiasAdd;efficientnetv2-b0/block6h_se_expand/Conv2D;efficientnetv2-b0/block6h_se_expand/BiasAdd/ReadVariableOp
index   : 520
shape   : [1, 1, 1, 1152]
dtype   : <class 'numpy.int8'>
quant   : {'scales': [0.03691643476486206], 'zero_points': [26], 'axis': 0, 'scale_tuple': 0.03691643476486206, 'zp_tuple': 26}
values(int):
[[[[ -37  -43   10   -1  -14  -47  -28   24  -46  -16    6  -16  -30  -32  -36  -33  -39  -79  -20  -25  -54  -30
     -52  -35  -33  -39  -26  -34  -10  -23  -40  -71  126   41  -19  -50  -51  -59  -24  -29  -40  -35   12  -50
     -31  -42  -51  -22  -21  -56  -23  -42  -44  -28  -52  -25  -28  -34  -26  -35  -29  -35  -24  -62  -44  -45
     -59  -11  -30  -56  -69  -45  -37  -54  -55  -42  -40  -61  -31  -53  -29   19  -34   -7  -54  -31  -29  -40
     -23  -19  -47  -18  -42   18  -35    2  -33  -37  -32  -33  -23  -12  -44  -52  -34  -66  -39  -18  -33  -27
     -49  -36  -34   -1  -37  -72  -33  -61  -40  -63  -10  -38  -52  -26  -25  -68  -28  -49  -40  -30  -35  -36
     -27  -24   -8   17  -38  -34  -17  -37  -44  -27  -33  -26  -71  -38  -44    8  -39  -36    1  -41  -29   43
     -60  -32  -41   63    8  -48  -74  -44  -67  -22  -42  -64  -48  -59  -40  -42  -17  -41  -26  -83  -47  -36
     -45  -20  -42  -13 -126  -58  -30  -47  -67  -23  -24   71  -57  -16  -86  -34  -28  -30  -41  -53  -31  -39
     -44  -37  -25    1  -60  -21  -52  -40  -43  -39  -42  -30  -53  -29  -44  -65  -44  -35  -31  -24  -51  -56
     -24  -44  -45  -23  -39  -26  -44  -27  -58  -50  -25  -10  -48  -12  -66  -50  -61  -36  -44  -31  -38   14
       1  -30   16  -43  -28  -33  -34   -9  -52  -42  -27  -47  -40  -34  -46  -36  -42  -54  -46  -33  -39  -32
      -1  -53  -22  -61   -9  -42  -36  -26   21  -12   -5  -26   78  -27  -36  -45  -61  -29   23  -27  -65  -41
      49  -31   -5  -45  -12   -3  -53  -42  -37  -34  -44  -26  -56  -21  -33  -38  -48  -44  -40  -59  -10  -25
     -13  -60   -2  -44  -91  -37    1  -37  -39  -39  -30  -21  -36   -7  -13  -23  -61  -42   63  -58  -36  -45
     -26  -34  -49  -25  -51  -14  -57  -45  -41  -18  -73  -45  -41   -2   -9   -2  -52  -64  -30  -31  -43  -31
     -45   35    9  -27  -25  -34  -65  -46  -34  -39  -51  -28    2  -35  -41  -47  -49   40  -39  -76  -51   73
     -49  -45  -73  -52  -55  -49  -47  -31   21  -47  -54  -57  -50  -42  -16  -45  -52  -48  -40  -35  -42  -44
       8  -38  -21  -48  -83  -29  -34  -27   -8  -36  -50  -52   10  -44  -64  -20  -23  -42  -25  -26  -16  -43
      -8  -31  -66  -14  -11  -36  -38   18   50  -34  -80  -45    8  -50  -25  -55  -70  -18  -50  -60  -25  -35
     -20  -64   -8  -30  -33  -45   14   -3  -52  -40  -25  -28  -19  -61  -22   -7  -40   23  -36  -19  -57  -31
     -66  -40  -23   50  -38  -25  -31  -32  -10  -43   27  -47  -37  -39  -29   -2  -63  -35  -38  -32  -30  -68
      -2  -23  -27  -26  -85  -17  -25  -34  -26  -34  -45  -20  -26  -28  -28  -32  -48  -48  -51  -18  -27  -62
     -40  -49  -22   19  -41  -17  -38  -64  -41  -41  -64  -53  -23  -52  -23  -64  -58  -46   54  -41  -34  -26
     -41  -78  -52  -38  -46  -17  -37  -31  -47  -18  -55  -33  -35    1  -67  -33  -55  -57  -21  -43  -36  -37
     -65  -38  -54  -44  -51  -33   -3  -37  -20  -37  -38  -27  -54  -73  -81  -52  -53  -14  -50  -27  -58  -40
     -22   41  -42  -42  -38  -34   -1  -39  -24  -50  -20   31  -42  -38   16  -43  -49  -29  -40  -63  -59  -62
     -45  -65   31   14  -59   17  -40  -21  -41  -14  -17  -25  -21  -47  -23  -50  -30  -42  -13  -36  -31  -54
     -26  -38  -37  -35  -60  -53  -48  -37   -2  -46  -31  -32  -36  -84 -119  -49  -34  -71  -46  -45  -39  -48
     -69  -26  -37   28  -43  -28  -49  -34  -21  -10  -39  -41  -39  -18  -53  -36  -59  -39  -19  -35  -59  -84
     -33  -24  -39  -20  -29  -28  -77   27  -44  -41   31  -56  -36  -34  -48  -40   89  -37  -28  -67  -30  -30
     -18  -34  -41  -34  -21  -52  -33  -34    4  -56   -9  -33  -42  -33  -46  -24  -74  -31  -38    7  -33  -46
     -26  -35   12  -38  -49  -52  -11  -84  -36  -10  -29  -45  -65  -47  -26  -39  -49  102  -57  -55  -22  -16
      -4   11  -66  -65  -52  -56  -33   42  -33  -36   75  -57  -56  -61  -34   -3  -19  -39   16   60  -35  -36
     -28  -61  -25  -25  -16  -38  -34  -25  -53  -58  -57  -39  -18  -26  -21  -64  -49  -77    9    6  -36   17
     -37  -36  -39  -32    8   27  -20   11  -44  -39  -26  -23  -50  -22  -30  -65   16   10  -62  -35  -36   -7
     -37  -51  -53  -51  -43    2   -4  -23  -44  -20  -47  -38  -38    4  -12  -27  -26  -15  -53   -3  -43  -27
     -40  -22   40  -46  -31  -48  -57  -13  -30  -20  -35  -72  -47  -14  -18  -28  -31  -29  -65  -22  106  -29
     -36   52  -22  -29  -34  -49  -54  -51  -59  -41   27  -39  -15  -36  -38   45  -46   -9  -22  -30    9  -59
     -45  -29  -39  -35  -16  -46  -13  -16    6  -21  -21  -36  -28   -4  -99  -38  -54  -42  -12   -5  -55  -45
     -28  -44   25   19  -70  -54  -46  -29  -43  -25  -23  -66  -20   -7  -21  -73    8  -27  -46  -25  -64  -23
     -23  -46  -14  -35  -55  -27  -42  -33  -31  -78  -52  -33  -29  -42  -25  -40  -80  -25  -18  -32  -19  -39
     -34 -105  -39  -37  -36  -36   11  -39  -36  -82   25  -24  -50  -30  -21  -57  -27  -15   33  -43  -32   20
     -20  -26    7  -52  -21  -37  -68  -27   59  -89  -27   -9  -20  -30  -40  -33  -20  -45  -19  -68  -40  -40
     -33   23    0  -42  -34  -34   -4  -28    2  -24  -45  -33  -17  -36   65  -38  -71  -26  -53  -40  -32  -38
     -18  -49  -49  -31   -8  -36  -23  -29  -37  -32  -14  -25  -35  -32  -32  -13  -29  -26    4  -31  -26  -37
     -21  -58  -22   21  -41  -37   21  -66  -27  -44  -62  -37   58  -48  -29  -46   40  -41   29  -37  -78  -43
     -38  -35  -40  -43  -30   -7  -10  -40  -47  -56  -33  -51  -47  -34  -22  -21  -67  -27  -35  -66  -45  -34
     -11   95  -35  -51  -36  -34  -29  -31  -12  -76  -37  -48  -35  -25  -37  -34  -29  -19  -39  -44  -20  -52
     -30  -55  -17  -20  -23  -65  -61  -54   -6  -57  -45  -22  -33  -23  -60  -68  -24  -30  -25  -28  -43  -16
     -38  -27  -20   -9   39  -29  -44  -32  -17  -56  -39  -24  -81  -47  -21  -48  -32  -37  -37  -38  -47    2
     -44  -22   10  -38    7  -42  -39  -44  -18  -41  -45  -26    3  -37  -10  -44  -40  -18  -29  -23  -40  -30
     -22  -36  -55  -27  -31  -48  -70  -35]]]]

=== IFM1 ===
N/A

=== BIAS ===
N/A

=== OFM ===
name    : efficientnetv2-b0/block6h_se_expand/Sigmoid
index   : 521
shape   : [1, 1, 1, 1152]
dtype   : <class 'numpy.int8'>
quant   : {'scales': [0.00390625], 'zero_points': [-128], 'axis': 0, 'scale_tuple': 0.00390625, 'zp_tuple': -128}
values(int):
[[[[-105 -109  -37  -59  -80 -112  -97   -5 -111  -83  -45  -83  -99 -101 -104 -102 -107 -123  -88  -94 -115  -99
    -114 -104 -102 -107  -95 -103  -74  -92 -107 -121  122   35  -87 -113 -114 -117  -93  -98 -107 -104  -32 -113
    -100 -109 -114  -91  -90 -116  -92 -109 -110  -97 -114  -94  -97 -103  -95 -104  -98 -104  -93 -118 -110 -111
    -117  -76  -99 -116 -121 -111 -105 -115 -116 -109 -107 -118 -100 -115  -98  -16 -103  -70 -115 -100  -98 -107
     -92  -87 -112  -86 -109  -19 -104  -53 -102 -105 -101 -102  -92  -77 -110 -114 -103 -120 -107  -86 -102  -96
    -113 -104 -103  -59 -105 -121 -102 -118 -107 -119  -74 -106 -114  -95  -94 -120  -97 -113 -107  -99 -104 -104
     -96  -93  -71  -21 -106 -103  -85 -105 -110  -96 -102  -95 -121 -106 -110  -41 -107 -104  -55 -108  -98   39
    -118 -101 -108   76  -41 -112 -122 -110 -120  -91 -109 -119 -112 -117 -107 -109  -85 -108  -95 -124 -112 -104
    -111  -88 -109  -79 -127 -117  -99 -112 -120  -92  -93   87 -117  -83 -124 -103  -97  -99 -108 -115 -100 -107
    -110 -105  -94  -55 -118  -90 -114 -107 -109 -107 -109  -99 -115  -98 -110 -119 -110 -104 -100  -93 -114 -116
     -93 -110 -111  -92 -107  -95 -110  -96 -117 -113  -94  -74 -112  -77 -120 -113 -118 -104 -110 -100 -106  -28
     -55  -99  -23 -109  -97 -102 -103  -73 -114 -109  -96 -112 -107 -103 -111 -104 -109 -115 -111 -102 -107 -101
     -59 -115  -91 -118  -73 -109 -104  -95  -12  -77  -66  -95   95  -96 -104 -111 -118  -98   -7  -96 -119 -108
      51 -100  -66 -111  -77  -63 -115 -109 -105 -103 -110  -95 -116  -90 -102 -106 -112 -110 -107 -117  -74  -94
     -79 -118  -61 -110 -125 -105  -55 -105 -107 -107  -99  -90 -104  -70  -79  -92 -118 -109   76 -117 -104 -111
     -95 -103 -113  -94 -114  -80 -117 -111 -108  -86 -122 -111 -108  -61  -73  -61 -114 -119  -99 -100 -109 -100
    -111   21  -39  -96  -94 -103 -119 -111 -103 -107 -114  -97  -53 -104 -108 -112 -113   32 -107 -122 -114   90
    -113 -111 -122 -114 -116 -113 -112 -100  -12 -112 -115 -117 -113 -109  -83 -111 -114 -112 -107 -104 -109 -110
     -41 -106  -90 -112 -124  -98 -103  -96  -71 -104 -113 -114  -37 -110 -119  -88  -92 -109  -94  -95  -83 -109
     -71 -100 -120  -80  -76 -104 -106  -19   53 -103 -123 -111  -41 -113  -94 -116 -121  -86 -113 -118  -94 -104
     -88 -119  -71  -99 -102 -111  -28  -63 -114 -107  -94  -97  -87 -118  -91  -70 -107   -7 -104  -87 -117 -100
    -120 -107  -92   53 -106  -94 -100 -101  -74 -109    2 -112 -105 -107  -98  -61 -119 -104 -106 -101  -99 -120
     -61  -92  -96  -95 -124  -85  -94 -103  -95 -103 -111  -88  -95  -97  -97 -101 -112 -112 -114  -86  -96 -118
    -107 -113  -91  -16 -108  -85 -106 -119 -108 -108 -119 -115  -92 -114  -92 -119 -117 -111   61 -108 -103  -95
    -108 -123 -114 -106 -111  -85 -105 -100 -112  -86 -116 -102 -104  -55 -120 -102 -116 -117  -90 -109 -104 -105
    -119 -106 -115 -110 -114 -102  -63 -105  -88 -105 -106  -96 -115 -122 -123 -114 -115  -80 -113  -96 -117 -107
     -91   35 -109 -109 -106 -103  -59 -107  -93 -113  -88   12 -109 -106  -23 -109 -113  -98 -107 -119 -117 -118
    -111 -119   12  -28 -117  -21 -107  -90 -108  -80  -85  -94  -90 -112  -92 -113  -99 -109  -79 -104 -100 -115
     -95 -106 -105 -104 -118 -115 -112 -105  -61 -111 -100 -101 -104 -124 -127 -113 -103 -121 -111 -111 -107 -112
    -121  -95 -105    5 -109  -97 -113 -103  -90  -74 -107 -108 -107  -86 -115 -104 -117 -107  -87 -104 -117 -124
    -102  -93 -107  -88  -98  -97 -122    2 -110 -108   12 -116 -104 -103 -112 -107  105 -105  -97 -120  -99  -99
     -86 -103 -108 -103  -90 -114 -102 -103  -49 -116  -73 -102 -109 -102 -111  -93 -122 -100 -106  -43 -102 -111
     -95 -104  -32 -106 -113 -114  -76 -124 -104  -74  -98 -111 -119 -112  -95 -107 -113  113 -117 -116  -91  -83
     -64  -35 -120 -119 -114 -116 -102   37 -102 -104   92 -117 -116 -118 -103  -63  -87 -107  -23   71 -104 -104
     -97 -118  -94  -94  -83 -106 -103  -94 -115 -117 -117 -107  -86  -95  -90 -119 -113 -122  -39  -45 -104  -21
    -105 -104 -107 -101  -41    2  -88  -35 -110 -107  -95  -92 -113  -91  -99 -119  -23  -37 -118 -104 -104  -70
    -105 -114 -115 -114 -109  -53  -64  -92 -110  -88 -112 -106 -106  -49  -77  -96  -95  -82 -115  -63 -109  -96
    -107  -91   32 -111 -100 -112 -117  -79  -99  -88 -104 -121 -112  -80  -86  -97 -100  -98 -119  -91  115  -98
    -104   57  -91  -98 -103 -113 -115 -114 -117 -108    2 -107  -82 -104 -106   43 -111  -73  -91  -99  -39 -117
    -111  -98 -107 -104  -83 -111  -79  -83  -45  -90  -90 -104  -97  -64 -125 -106 -115 -109  -77  -66 -116 -111
     -97 -110   -2  -16 -121 -115 -111  -98 -109  -94  -92 -120  -88  -70  -90 -122  -41  -96 -111  -94 -119  -92
     -92 -111  -80 -104 -116  -96 -109 -102 -100 -123 -114 -102  -98 -109  -94 -107 -123  -94  -86 -101  -87 -107
    -103 -126 -107 -105 -104 -104  -35 -107 -104 -123   -2  -93 -113  -99  -90 -117  -96  -82   16 -109 -101  -14
     -88  -95  -43 -114  -90 -105 -120  -96   70 -124  -96  -73  -88  -99 -107 -102  -88 -111  -87 -120 -107 -107
    -102   -7  -57 -109 -103 -103  -64  -97  -53  -93 -111 -102  -85 -104   79 -106 -121  -95 -115 -107 -101 -106
     -86 -113 -113 -100  -71 -104  -92  -98 -105 -101  -80  -94 -104 -101 -101  -79  -98  -95  -49 -100  -95 -105
     -90 -117  -91  -12 -108 -105  -12 -120  -96 -110 -118 -105   68 -112  -98 -111   32 -108    7 -105 -123 -109
    -106 -104 -107 -109  -99  -70  -74 -107 -112 -116 -102 -114 -112 -103  -91  -90 -120  -96 -104 -120 -111 -103
     -76  109 -104 -114 -104 -103  -98 -100  -77 -122 -105 -112 -104  -94 -105 -103  -98  -87 -107 -110  -88 -114
     -99 -116  -85  -88  -92 -119 -118 -115  -68 -117 -111  -91 -102  -92 -118 -120  -93  -99  -94  -97 -109  -83
    -106  -96  -88  -73   30  -98 -110 -101  -85 -116 -107  -93 -123 -112  -90 -112 -101 -105 -105 -106 -112  -53
    -110  -91  -37 -106  -43 -109 -107 -110  -86 -108 -111  -95  -51 -105  -74 -110 -107  -86  -98  -92 -107  -99
     -91 -104 -116  -96 -100 -112 -121 -104]]]]
