Op Type: CONV_2D
Output Tensor: efficientnetv2-b0/block4b_project_bn/FusedBatchNormV3;efficientnetv2-b0/block4c_project_conv/Conv2D;efficientnetv2-b0/block4b_project_conv/Conv2D
Output Scale: 0.05682048201560974
Output Zero Point: 6
Output Shape: [1, 14, 14, 96]

# --- Weights ---
Name: efficientnetv2-b0/block4b_project_conv/Conv2D
Shape: [96, 1, 1, 384]
Scale(s): [0.009722656570374966, 0.014341002330183983, 0.013072725385427475, 0.005800239741802216, 0.007240542210638523, 0.006860080640763044, 0.007648105267435312, 0.01197109930217266, 0.005112441722303629, 0.012525820173323154, 0.011380858719348907, 0.005219208542257547, 0.010020481422543526, 0.00824962928891182, 0.0064486730843782425, 0.021167675033211708, 0.010014030151069164, 0.012905736453831196, 0.004987502004951239, 0.007956089451909065, 0.014269703067839146, 0.008958294056355953, 0.009774158708751202, 0.004659597761929035, 0.008204907178878784, 0.006433823145925999, 0.005087913479655981, 0.009919453412294388, 0.010620675049722195, 0.011910645291209221, 0.018896598368883133, 0.005868882406502962, 0.0072699133306741714, 0.020258601754903793, 0.00929463841021061, 0.006462945602834225, 0.006125780753791332, 0.021525513380765915, 0.021016739308834076, 0.007012743502855301, 0.0058963848277926445, 0.004226952325552702, 0.008418599143624306, 0.00928281806409359, 0.006123444065451622, 0.005854375194758177, 0.009702533483505249, 0.024185786023736, 0.006894436199218035, 0.011152239516377449, 0.014948675408959389, 0.014824649319052696, 0.007541603874415159, 0.012093556113541126, 0.004278560169041157, 0.026677630841732025, 0.0060663423500955105, 0.010454456321895123, 0.029826562851667404, 0.006206043530255556, 0.011511942371726036, 0.004804287571460009, 0.010488270781934261, 0.002828925149515271, 0.017978888005018234, 0.007453459315001965, 0.006683001294732094, 0.011771303601562977, 0.012867046520113945, 0.003018495859578252, 0.006280333269387484, 0.007681732065975666, 0.013941220007836819, 0.0065498752519488335, 0.0077447956427931786, 0.0071653081104159355, 0.010397526435554028, 0.009710624814033508, 0.008247806690633297, 0.0035873104352504015, 0.01008812990039587, 0.02680525742471218, 0.0028966679237782955, 0.008622768335044384, 0.004320002626627684, 0.005581161007285118, 0.005585992708802223, 0.005877797957509756, 0.0067005036398768425, 0.008896224200725555, 0.006895148660987616, 0.014383847825229168, 0.005749257747083902, 0.01204978208988905, 0.009478352032601833, 0.005092404317110777]
Zero Point(s): [0, 0, 0, 0, 0, 0, 0, 0, 0, 0, 0, 0, 0, 0, 0, 0, 0, 0, 0, 0, 0, 0, 0, 0, 0, 0, 0, 0, 0, 0, 0, 0, 0, 0, 0, 0, 0, 0, 0, 0, 0, 0, 0, 0, 0, 0, 0, 0, 0, 0, 0, 0, 0, 0, 0, 0, 0, 0, 0, 0, 0, 0, 0, 0, 0, 0, 0, 0, 0, 0, 0, 0, 0, 0, 0, 0, 0, 0, 0, 0, 0, 0, 0, 0, 0, 0, 0, 0, 0, 0, 0, 0, 0, 0, 0, 0]
Axis: 0

# --- Bias ---
Name: efficientnetv2-b0/block4b_project_bn/FusedBatchNormV3
Shape: [96]
Scale(s): [0.00011179377906955779, 0.00016489678819198161, 0.00015031379007268697, 6.669275171589106e-05, 8.325374801643193e-05, 7.887909305281937e-05, 8.794001769274473e-05, 0.00013764698815066367, 5.878426236449741e-05, 0.00014402532542590052, 0.0001308602513745427, 6.00118946749717e-05, 0.0001152182521764189, 9.485650662099943e-05, 7.414861465804279e-05, 0.00024339175433851779, 0.0001151440737885423, 0.00014839370851404965, 5.734767182730138e-05, 9.148130629910156e-05, 0.0001640769769437611, 0.0001030049315886572, 0.00011238596925977618, 5.357733607525006e-05, 9.434227831661701e-05, 7.397786976071075e-05, 5.850222805747762e-05, 0.00011405660188756883, 0.00012211943976581097, 0.00013695187226403505, 0.00021727828425355256, 6.748202577000484e-05, 8.359146158909425e-05, 0.00023293898266274482, 0.0001068723140633665, 7.43127238820307e-05, 7.043591176625341e-05, 0.00024750627926550806, 0.00024165624927263707, 8.06344542070292e-05, 6.779825343983248e-05, 4.860266199102625e-05, 9.679936920292675e-05, 0.00010673639917513356, 7.040904165478423e-05, 6.731521716574207e-05, 0.00011156240361742675, 0.00027809481252916157, 7.927412661956623e-05, 0.00012823152064811438, 0.00017188397760037333, 0.0001704579044599086, 8.671543764648959e-05, 0.00013905503146816045, 4.91960636281874e-05, 0.00030674674781039357, 6.975247379159555e-05, 0.0001202082130475901, 0.00034295403747819364, 7.135879423003644e-05, 0.00013236748054623604, 5.524102016352117e-05, 0.00012059702567057684, 3.252776150475256e-05, 0.000206726195756346, 8.57019258546643e-05, 7.684298907406628e-05, 0.00013534969184547663, 0.00014794884191360325, 3.470749652478844e-05, 7.221299892989919e-05, 8.832666935632005e-05, 0.0001602999836904928, 7.531226583523676e-05, 8.905179129214957e-05, 8.238868758780882e-05, 0.00011955361696891487, 0.0001116554340114817, 9.483555186307058e-05, 4.124788392800838e-05, 0.0001159960957011208, 0.000308214221149683, 3.330668550916016e-05, 9.914696420310065e-05, 4.9672580644255504e-05, 6.417372787836939e-05, 6.422927981475368e-05, 6.758453673683107e-05, 7.704423478571698e-05, 0.00010229123290628195, 7.92823193478398e-05, 0.00016538944328203797, 6.610654963878915e-05, 0.0001385517098242417, 0.00010898469918174669, 5.855386552866548e-05]
Zero Point(s): [0, 0, 0, 0, 0, 0, 0, 0, 0, 0, 0, 0, 0, 0, 0, 0, 0, 0, 0, 0, 0, 0, 0, 0, 0, 0, 0, 0, 0, 0, 0, 0, 0, 0, 0, 0, 0, 0, 0, 0, 0, 0, 0, 0, 0, 0, 0, 0, 0, 0, 0, 0, 0, 0, 0, 0, 0, 0, 0, 0, 0, 0, 0, 0, 0, 0, 0, 0, 0, 0, 0, 0, 0, 0, 0, 0, 0, 0, 0, 0, 0, 0, 0, 0, 0, 0, 0, 0, 0, 0, 0, 0, 0, 0, 0, 0]

# --- Shapes summary ---
IFM0 Shape: [1, 14, 14, 384]
IFM1/Weights Shape: [96, 1, 1, 384]
Bias Shape: [96]
OFM Shape: [1, 14, 14, 96]
