Op Type: DEPTHWISE_CONV_2D
Output Tensor: efficientnetv2-b0/block4a_bn/FusedBatchNormV3;efficientnetv2-b0/block6h_project_conv/Conv2D;efficientnetv2-b0/block4a_dwconv2/depthwise
Output Scale: 0.1353135108947754
Output Zero Point: 28
Output Shape: [1, 14, 14, 192]

# --- Weights ---
Name: efficientnetv2-b0/block4a_bn/FusedBatchNormV3;efficientnetv2-b0/block4a_dwconv2/depthwise;efficientnetv2-b0/block6h_project_conv/Conv2D
Shape: [1, 3, 3, 192]
Scale(s): [0.0375458188354969, 0.037931766360998154, 0.2643910348415375, 0.1856740564107895, 0.029974671080708504, 0.011127389036118984, 0.003381280694156885, 0.07544536143541336, 0.02780659683048725, 0.007165173534303904, 0.014542811550199986, 0.1633015125989914, 0.12972241640090942, 0.29332682490348816, 0.009856415912508965, 0.004667083732783794, 0.011099359951913357, 0.0045311832800507545, 0.017576614394783974, 0.26025617122650146, 0.13648992776870728, 0.010749601759016514, 0.15532997250556946, 0.010449865832924843, 0.1091073676943779, 0.003758900100365281, 0.15431487560272217, 0.020572777837514877, 0.05934257432818413, 0.03447894752025604, 0.15425549447536469, 0.026589810848236084, 0.005520631093531847, 0.002970951609313488, 0.009924747049808502, 0.009044856764376163, 0.002602166263386607, 0.011910973116755486, 0.01428179256618023, 0.007491793483495712, 0.002226349664852023, 0.016383154317736626, 0.012897043488919735, 0.2243376225233078, 0.012798283249139786, 0.014495688490569592, 0.1627642959356308, 0.008133378811180592, 0.32392972707748413, 0.13019242882728577, 0.13159501552581787, 0.012533293105661869, 0.024562861770391464, 0.008319787681102753, 0.011621390469372272, 0.016207179054617882, 0.013688293285667896, 0.028200147673487663, 0.029071621596813202, 0.2343522310256958, 0.007692836690694094, 0.17759466171264648, 0.06317571550607681, 0.034870609641075134, 0.009116392582654953, 0.005470253527164459, 0.026245633140206337, 0.00836065411567688, 0.01399121806025505, 0.07879821956157684, 0.016439370810985565, 0.21332335472106934, 0.006822922267019749, 0.17899233102798462, 0.09017074108123779, 0.01656736619770527, 0.004809657111763954, 0.01191416010260582, 0.00819595716893673, 0.06610624492168427, 0.01026313379406929, 0.007917876355350018, 0.018633395433425903, 0.010461573489010334, 0.01897803321480751, 0.00940094143152237, 0.023434173315763474, 0.14762641489505768, 0.01705789379775524, 0.19969747960567474, 0.023305075243115425, 0.028259506449103355, 0.009952516295015812, 0.00444974796846509, 0.004733083304017782, 0.17659546434879303, 0.1917797029018402, 0.2736733853816986, 0.01767539046704769, 0.0703887939453125, 0.030779650434851646, 0.2291131168603897, 0.011704601347446442, 0.16556094586849213, 0.008159542456269264, 0.008665801025927067, 0.005218420177698135, 0.013755526393651962, 0.24691204726696014, 0.01892710290849209, 0.2412053942680359, 0.004199313465505838, 0.024137627333402634, 0.05117243900895119, 0.00715892668813467, 0.012899811379611492, 0.026660894975066185, 0.22694769501686096, 0.005299714393913746, 0.007164315786212683, 0.022848578169941902, 0.002281542168930173, 0.14557573199272156, 0.022581081837415695, 0.008446884341537952, 0.05839896574616432, 0.01520485058426857, 0.0110851489007473, 0.023785404860973358, 0.012308381497859955, 0.014637654647231102, 0.018242700025439262, 0.08256082236766815, 0.006090091075748205, 0.09329459816217422, 0.020938564091920853, 0.008860443718731403, 0.0801820382475853, 0.006839764304459095, 0.10180851817131042, 0.11314330250024796, 0.19512875378131866, 0.007999625988304615, 0.01023623812943697, 0.20747822523117065, 0.015469028614461422, 0.19415482878684998, 0.2071940153837204, 0.010271960869431496, 0.017646390944719315, 0.009782892651855946, 0.007206135895103216, 0.1912827044725418, 0.008455428294837475, 0.01650114730000496, 0.11101915687322617, 0.019105255603790283, 0.03772379085421562, 0.01930973492562771, 0.024673037230968475, 0.017953375354409218, 0.01838267222046852, 0.011272713541984558, 0.0349225215613842, 0.30627796053886414, 0.012261902913451195, 0.020578425377607346, 0.023879099637269974, 0.005917221773415804, 0.005100045818835497, 0.010300396010279655, 0.0036279154010117054, 0.015421192161738873, 0.008183911442756653, 0.01886516623198986, 0.153978630900383, 0.003911053761839867, 0.022178638726472855, 0.29864296317100525, 0.02968582883477211, 0.2757933735847473, 0.009342173114418983, 0.007310469634830952, 0.013029850088059902, 0.011735637672245502, 0.22999057173728943, 0.17210955917835236, 0.0024537171702831984, 0.0031427035573869944, 0.07048042863607407, 0.02132331021130085, 0.2951861321926117]
Zero Point(s): [0, 0, 0, 0, 0, 0, 0, 0, 0, 0, 0, 0, 0, 0, 0, 0, 0, 0, 0, 0, 0, 0, 0, 0, 0, 0, 0, 0, 0, 0, 0, 0, 0, 0, 0, 0, 0, 0, 0, 0, 0, 0, 0, 0, 0, 0, 0, 0, 0, 0, 0, 0, 0, 0, 0, 0, 0, 0, 0, 0, 0, 0, 0, 0, 0, 0, 0, 0, 0, 0, 0, 0, 0, 0, 0, 0, 0, 0, 0, 0, 0, 0, 0, 0, 0, 0, 0, 0, 0, 0, 0, 0, 0, 0, 0, 0, 0, 0, 0, 0, 0, 0, 0, 0, 0, 0, 0, 0, 0, 0, 0, 0, 0, 0, 0, 0, 0, 0, 0, 0, 0, 0, 0, 0, 0, 0, 0, 0, 0, 0, 0, 0, 0, 0, 0, 0, 0, 0, 0, 0, 0, 0, 0, 0, 0, 0, 0, 0, 0, 0, 0, 0, 0, 0, 0, 0, 0, 0, 0, 0, 0, 0, 0, 0, 0, 0, 0, 0, 0, 0, 0, 0, 0, 0, 0, 0, 0, 0, 0, 0, 0, 0, 0, 0, 0, 0, 0, 0, 0, 0, 0, 0]
Axis: 3

# --- Bias ---
Name: efficientnetv2-b0/block4a_bn/FusedBatchNormV3
Shape: [192]
Scale(s): [0.0012481436133384705, 0.001260973745957017, 0.00878920778632164, 0.006172402296215296, 0.0009964543860405684, 0.0003699101507663727, 0.00011240463209105656, 0.002508046105504036, 0.0009243806125596166, 0.00023819338821340352, 0.00048344978131353855, 0.005428666714578867, 0.004312389995902777, 0.009751126170158386, 0.00032765892683528364, 0.00015514885308220983, 0.00036897839163430035, 0.0001506310945842415, 0.0005843031103722751, 0.008651751093566418, 0.004537363536655903, 0.0003573512949515134, 0.005163667257875204, 0.00034738710382953286, 0.003627079539000988, 0.00012495792179834098, 0.005129922181367874, 0.0006839052075520158, 0.0019727377220988274, 0.001146191032603383, 0.005127948243170977, 0.0008839307702146471, 0.00018352351617068052, 9.876397962216288e-05, 0.0003299304808024317, 0.00030068011255934834, 8.650436939205974e-05, 0.00039595901034772396, 0.0004747726779896766, 0.0002490512852091342, 7.401101902360097e-05, 0.0005446287104859948, 0.0004287391493562609, 0.007457703351974487, 0.0004254560626577586, 0.00048188326763920486, 0.005410808138549328, 0.0002703796490095556, 0.010768464766442776, 0.004328014794737101, 0.004374640993773937, 0.0004166469443589449, 0.0008165484177879989, 0.0002765764656942338, 0.0003863323654513806, 0.0005387787241488695, 0.00045504284207709134, 0.0009374634828418493, 0.0009664340759627521, 0.007790620904415846, 0.0002557346015237272, 0.005903817247599363, 0.0021001638378947973, 0.001159211155027151, 0.00030305818654596806, 0.00018184880900662392, 0.0008724891813471913, 0.00027793500339612365, 0.0004651130293495953, 0.0026195060927420855, 0.0005464975256472826, 0.007091553881764412, 0.00022681585687678307, 0.005950279999524355, 0.0029975650832057, 0.0005507525056600571, 0.0001598884555278346, 0.00039606494829058647, 0.00027245996170677245, 0.002197583904489875, 0.00034117954783141613, 0.0002632156538311392, 0.000619433936662972, 0.00034777630935423076, 0.000630890775937587, 0.0003125174844171852, 0.0007790272356942296, 0.004907576367259026, 0.0005670592072419822, 0.006638585589826107, 0.0007747355848550797, 0.0009394367807544768, 0.00033085362520068884, 0.00014792391448281705, 0.00015734288899693638, 0.005870600696653128, 0.006375373341143131, 0.009097782894968987, 0.0005875867791473866, 0.0023399495985358953, 0.0010232144268229604, 0.0076164561323821545, 0.0003890985681209713, 0.005503777880221605, 0.00027124941698275506, 0.0002880790561903268, 0.0001734770485199988, 0.00045727789984084666, 0.008208150044083595, 0.000629197689704597, 0.008018442429602146, 0.000139598676469177, 0.000802412279881537, 0.0017011362360790372, 0.0002379857178311795, 0.0004288311756681651, 0.0008862938266247511, 0.007544470485299826, 0.00017617952835280448, 0.00023816488101147115, 0.0007595601491630077, 7.584578997921199e-05, 0.0048394049517810345, 0.0007506677065975964, 0.00028080158517695963, 0.0019413692643865943, 0.0005054580979049206, 0.00036850597825832665, 0.0007907032850198448, 0.00040917014121077955, 0.0004866026574745774, 0.0006064459448680282, 0.00274458690546453, 0.00020245419000275433, 0.003101412206888199, 0.0006960651371628046, 0.00029454962350428104, 0.0026655085384845734, 0.0002273757418151945, 0.003384442301467061, 0.0037612468004226685, 0.006486706901341677, 0.00026593328220769763, 0.0003402854490559548, 0.0068972427397966385, 0.0005142402369529009, 0.006454330403357744, 0.006887794937938452, 0.0003414729726500809, 0.0005866227438673377, 0.00032521478715352714, 0.0002395551127847284, 0.006358851678669453, 0.0002810856094583869, 0.0005485511501319706, 0.0036906334571540356, 0.0006351200863718987, 0.0012540599564090371, 0.0006419176352210343, 0.000820211018435657, 0.0005968278856016695, 0.0006110990652814507, 0.00037474121199920774, 0.0011609367793425918, 0.010181663557887077, 0.000407625047955662, 0.0006840929854661226, 0.0007938179769553244, 0.00019670746405608952, 0.0001695419050520286, 0.00034241826506331563, 0.00012060356675647199, 0.000512649945449084, 0.00027205952210351825, 0.0006271387101151049, 0.005118744447827339, 0.00013001599290873855, 0.0007372891996055841, 0.009927851147949696, 0.000986852333880961, 0.009168257936835289, 0.0003105638606939465, 0.00024302350357174873, 0.00043315408402122557, 0.00039013029891066253, 0.0076456256210803986, 0.005721474532037973, 8.156944386428222e-05, 0.00010447356180520728, 0.0023429959546774626, 0.0007088553393259645, 0.009812935255467892]
Zero Point(s): [0, 0, 0, 0, 0, 0, 0, 0, 0, 0, 0, 0, 0, 0, 0, 0, 0, 0, 0, 0, 0, 0, 0, 0, 0, 0, 0, 0, 0, 0, 0, 0, 0, 0, 0, 0, 0, 0, 0, 0, 0, 0, 0, 0, 0, 0, 0, 0, 0, 0, 0, 0, 0, 0, 0, 0, 0, 0, 0, 0, 0, 0, 0, 0, 0, 0, 0, 0, 0, 0, 0, 0, 0, 0, 0, 0, 0, 0, 0, 0, 0, 0, 0, 0, 0, 0, 0, 0, 0, 0, 0, 0, 0, 0, 0, 0, 0, 0, 0, 0, 0, 0, 0, 0, 0, 0, 0, 0, 0, 0, 0, 0, 0, 0, 0, 0, 0, 0, 0, 0, 0, 0, 0, 0, 0, 0, 0, 0, 0, 0, 0, 0, 0, 0, 0, 0, 0, 0, 0, 0, 0, 0, 0, 0, 0, 0, 0, 0, 0, 0, 0, 0, 0, 0, 0, 0, 0, 0, 0, 0, 0, 0, 0, 0, 0, 0, 0, 0, 0, 0, 0, 0, 0, 0, 0, 0, 0, 0, 0, 0, 0, 0, 0, 0, 0, 0, 0, 0, 0, 0, 0, 0]

# --- Shapes summary ---
IFM0 Shape: [1, 28, 28, 192]
IFM1/Weights Shape: [1, 3, 3, 192]
Bias Shape: [192]
OFM Shape: [1, 14, 14, 192]
