-19170
51454
26276
59955
15816
8791
-6615
-56311
11313
-4238
-323
12292
-2311
18514
-32692
667
13881
-29792
-29333
-20848
33713
2975
-36844
-9691
7721
14883
962
-45535
-4562
-63709
-14604
36767
-2175
-5710
-10000
35168
15361
-11608
14126
26067
53015
86158
-28874
45055
5578
-42470
29147
-15180
17020
23904
-39542
-64769
-101
-26630
884
-12900
33792
6483
-2376
27362
59606
-25585
-13512
-13992
7686
79754
16269
-25523
33254
3645
-18192
33731
-15561
17082
-15521
-34479
-12720
-14207
-17634
-15864
44504
-57258
-4103
5941
22953
-22468
80106
36332
-34746
5790
-4647
64148
-38153
-2724
-5543
667
24828
69730
-48299
-5064
-44142
35863
34501
11172
8926
20176
54308
-9238
-14942
-14751
9475
74778
1483
12650
19424
-27311
-14397
-35952
-32773
55104
-32192
28117
24309
18014
-5017
14388
20407
69803
-7436
6662
-18686
4011
-57635
34637
-42888
-60187
38820
-20956
-25001
-69711
12253
-26897
-20777
-13727
-5643
-17028
-7850
-32835
7739
114261
25285
-43589
46066
-4155
86727
7971
23555
-2085
-8699
-5793
-40798
-35701
-12586
6668
18402
-9601
41041
-2957
-65754
4345
7171
-24026
-32759
-43646
-2285
-23699
6907
-6247
2817
46226
-34588
-31540
-9344
307778
-41240
-54833
-4028
-23059
14688
-10131
9776
-4113
28228
-10026
-40776
-31504
18858
-7234
15171
7866
-10645
31570
-11787
-50839
-12943
-42578
-26978
14596
-8546
17025
5126
-4363
35310
-1317
-37709
-62048
56188
-50844
103429
39524
-2150
-12172
1637
50485
-13209
47409
-40809
-12365
-12830
-42773
4164
-23139
-13496
27782
24550
-6422
3677
28108
-70306
-22103
50601
-12261
-10678
-24517
11984
-4305
1579
57273
-34311
-24110
16678
-9188
52984
-20716
-18700
7590
-41945
-40724
-55988
-56035
-9725
-67833
24454
38163
-3351
7609
62611
-10765
22657
-21960
-62883
158
-45248
-19061
-6861
-20657
-46119
-22773
-28670
-10756
-46451
39019
987
26301
1232
5158
-49526
-59228
494
53757
48735
58061
-14637
-33474
-14173
-8905
68160
15810
-19392
-31414
22048
-2123
-47352
21067
30337
-49894
4966
13827
11819
-28306
-8150
-15041
22232
-12858
13190
15614
-13597
-56635
-56710
80798
-7034
-10774
18240
-35239
23038
49998
53071
-15290
71474
1134
44631
-1100
-47754
-8205
-14105
75701
-11317
5357
-39249
40328
-44262
-21540
24412
-693
5939
-44453
30176
29450
54875
-7984
-49426
-46542
11223
-25062
21577
28981
37450
-11698
22777
59059
-37979
33032
-17193
-42642
12387
-19468
46310
-15410
-8750
22
-25122
73209
-14289
-20455
-16632
43925
38670
-8747
-47173
4968
44131
-36379
21755
-39229
