Op Type: CONV_2D
Output Tensor: efficientnetv2-b0/block3b_expand_bn/FusedBatchNormV3;efficientnetv2-b0/block6h_project_conv/Conv2D;efficientnetv2-b0/block3b_expand_conv/Conv2D
Output Scale: 0.0414854995906353
Output Zero Point: 22
Output Shape: [1, 28, 28, 192]

# --- Weights ---
Name: efficientnetv2-b0/block3b_expand_conv/Conv2D
Shape: [192, 3, 3, 48]
Scale(s): [0.00046269511221908033, 0.00031941523775458336, 0.0003203995293006301, 0.0005054056528024375, 0.0003164622175972909, 0.0003761035914067179, 0.0002543564769439399, 0.0003032861859537661, 0.0002599775034468621, 0.00045598132419399917, 0.0004585421411320567, 0.00032003349042497575, 0.00047066473052836955, 0.0005432069883681834, 0.00033064422314055264, 0.0003065144701395184, 0.00035299084265716374, 0.0003451892698649317, 0.0001538620999781415, 0.00037039685412310064, 0.00033206032821908593, 0.000431458349339664, 0.00036222542985342443, 0.00017987062165047973, 0.00024700097856111825, 0.0002957934921141714, 0.0003261814417783171, 0.00030678484472446144, 0.00038589167525060475, 0.0005628605140373111, 0.00020901636162307113, 0.00047994457418099046, 0.00023390376009047031, 0.0002853609330486506, 0.00016808576765470207, 0.00023092365881893784, 0.00030153695843182504, 0.0004068907001055777, 0.00040584048838354647, 0.00034080055775120854, 0.0004049093695357442, 0.0003142945934087038, 0.00034642164246179163, 0.00029933868790976703, 0.00028066482627764344, 0.0007990042213350534, 0.0004169394669588655, 0.00022553563758265227, 0.00044420527410693467, 0.0002949322806671262, 0.00025752108194865286, 0.0004299422143958509, 0.0007274771342054009, 0.00021887336333747953, 0.0001275920803891495, 0.0004321228479966521, 0.0002900405088439584, 0.00025546064716763794, 0.00016555935144424438, 0.00027575515559874475, 0.00031220776145346463, 0.0005057069356553257, 0.00023706810316070914, 0.00025768979685381055, 0.0004333991673775017, 0.0002043365966528654, 0.00025625413400121033, 0.00030057362164370716, 0.00016796147974673659, 0.00026936022914014757, 0.00020949114696122706, 0.00023719147429801524, 0.00017814614693634212, 0.000295964622637257, 0.0001701888395473361, 0.0004114845651201904, 0.00019748436170630157, 0.00018346805882174522, 0.00022466658265329897, 0.00036338859354145825, 0.0002062195708276704, 0.0004545582924038172, 0.00035264165489934385, 0.00017145200399681926, 0.00021242529328446835, 0.00035062653478235006, 0.00036248183459974825, 0.0002993539965245873, 0.00028581052902154624, 0.0005076879169791937, 0.0004114805196877569, 0.00018991786055266857, 0.0004975610063411295, 0.00042191718239337206, 0.00023141343262977898, 0.000534155173227191, 0.00019927058019675314, 0.00018784834537655115, 0.0002792617888189852, 0.0002638643782120198, 0.00023379959748126566, 0.00021091150119900703, 0.00028223328990861773, 0.0002929192560259253, 0.00021001695131417364, 0.0003387660544831306, 0.0003770364564843476, 0.00023406239051837474, 0.0006730135064572096, 0.00026119689573533833, 0.00011409311991883442, 0.0007042733486741781, 0.0003143132198601961, 0.0002131013898178935, 0.0005620961310341954, 0.0002740283671300858, 0.0002143614401575178, 0.000298335071420297, 0.00029035794432274997, 0.0005719029577448964, 0.00023083382984623313, 0.00024285052495542914, 0.0003533903800416738, 0.0002591097727417946, 0.0003001664881594479, 0.00028688207385130227, 0.0003027784114237875, 0.0002185167686548084, 0.000309182854834944, 0.0003315803478471935, 0.00022170800366438925, 0.00016620958922430873, 0.0003801602579187602, 0.00022673797502648085, 0.0003135174629278481, 0.00021758190996479243, 0.00036245788214728236, 0.0005393895553424954, 0.0003407392359804362, 0.00036177231231704354, 0.00026643340243026614, 0.0002279539330629632, 0.00047618179814890027, 0.000274702615570277, 0.000612299598287791, 0.00021088903304189444, 0.00023773011344019324, 0.00023052687174640596, 0.0002697946911212057, 0.00020454498007893562, 0.0003574545553419739, 0.00020998121181037277, 0.000464621844002977, 0.0002626910572871566, 0.00028831406962126493, 0.0001939463400049135, 0.0002673132694326341, 0.00020656216656789184, 0.00027522811433300376, 0.0004729692591354251, 0.00011620049190241843, 0.0002758392656687647, 0.00031073857098817825, 0.0002261832996737212, 0.0004203718272037804, 0.00021321914391592145, 0.0003094343119300902, 0.0002141282893717289, 0.00039911482599563897, 0.0003110082179773599, 0.0001841219636844471, 0.0004455073503777385, 0.00028269263566471636, 0.0002557950501795858, 0.0002648172667250037, 0.00017809614655561745, 0.0004736309638246894, 0.0002984920865856111, 0.0003908318467438221, 0.0003816159733105451, 0.000394854141632095, 0.00020906772988382727, 0.00028637380455620587, 0.00025783359888009727, 0.00025869699311442673, 0.0003569379623513669, 0.00026540810358710587, 0.0004653967043850571, 0.00023204005265142769, 0.0002715503505896777, 0.00031451848917640746, 0.000372266978956759]
Zero Point(s): [0, 0, 0, 0, 0, 0, 0, 0, 0, 0, 0, 0, 0, 0, 0, 0, 0, 0, 0, 0, 0, 0, 0, 0, 0, 0, 0, 0, 0, 0, 0, 0, 0, 0, 0, 0, 0, 0, 0, 0, 0, 0, 0, 0, 0, 0, 0, 0, 0, 0, 0, 0, 0, 0, 0, 0, 0, 0, 0, 0, 0, 0, 0, 0, 0, 0, 0, 0, 0, 0, 0, 0, 0, 0, 0, 0, 0, 0, 0, 0, 0, 0, 0, 0, 0, 0, 0, 0, 0, 0, 0, 0, 0, 0, 0, 0, 0, 0, 0, 0, 0, 0, 0, 0, 0, 0, 0, 0, 0, 0, 0, 0, 0, 0, 0, 0, 0, 0, 0, 0, 0, 0, 0, 0, 0, 0, 0, 0, 0, 0, 0, 0, 0, 0, 0, 0, 0, 0, 0, 0, 0, 0, 0, 0, 0, 0, 0, 0, 0, 0, 0, 0, 0, 0, 0, 0, 0, 0, 0, 0, 0, 0, 0, 0, 0, 0, 0, 0, 0, 0, 0, 0, 0, 0, 0, 0, 0, 0, 0, 0, 0, 0, 0, 0, 0, 0, 0, 0, 0, 0, 0, 0]
Axis: 0

# --- Bias ---
Name: efficientnetv2-b0/block3b_expand_bn/FusedBatchNormV3
Shape: [192]
Scale(s): [6.189537816680968e-05, 4.272862497600727e-05, 4.286029434297234e-05, 6.760882388334721e-05, 4.2333595047239214e-05, 5.031190448789857e-05, 3.4025622881017625e-05, 4.057101978105493e-05, 3.477755672065541e-05, 6.099726306274533e-05, 6.133982969913632e-05, 4.281133078620769e-05, 6.296148058027029e-05, 7.26655634935014e-05, 4.423074278747663e-05, 4.100286969332956e-05, 4.722008088720031e-05, 4.617645390680991e-05, 2.058234895230271e-05, 4.954850737703964e-05, 4.44201759819407e-05, 5.771678843302652e-05, 4.8455403884872794e-05, 2.40615463553695e-05, 3.3041666029021144e-05, 3.956870932597667e-05, 4.363375046523288e-05, 4.1039038478629664e-05, 5.1621271268231794e-05, 7.52946434658952e-05, 2.7960411898675375e-05, 6.420286081265658e-05, 3.128963362541981e-05, 3.8173133361851797e-05, 2.248507007607259e-05, 3.08909839077387e-05, 4.033702134620398e-05, 5.443034024210647e-05, 5.428985241451301e-05, 4.558936780085787e-05, 5.41652952961158e-05, 4.204362994641997e-05, 4.634130891645327e-05, 4.0042956243269145e-05, 3.75449271814432e-05, 0.00010688391921576113, 5.577457704930566e-05, 3.0170218451530673e-05, 5.9421963669592515e-05, 3.9453505451092497e-05, 3.444895628490485e-05, 5.7513974752509966e-05, 9.731563477544114e-05, 2.9278997317305766e-05, 1.706817238300573e-05, 5.7805678807199e-05, 3.879912765114568e-05, 3.4173328458564356e-05, 2.214710730186198e-05, 3.688815559144132e-05, 4.1764469642657787e-05, 6.764912541257218e-05, 3.1712934287497774e-05, 3.447152630542405e-05, 5.797641642857343e-05, 2.7334393962519243e-05, 3.427947376621887e-05, 4.020815686089918e-05, 2.2468442693934776e-05, 3.603269578889012e-05, 2.8023925551678985e-05, 3.172943615936674e-05, 2.3830860300222412e-05, 3.95916031266097e-05, 2.27664004341932e-05, 5.50448676222004e-05, 2.6417759727337398e-05, 2.4542780010960996e-05, 3.0053965019760653e-05, 4.8611003876430914e-05, 2.7586282158154063e-05, 6.080690218368545e-05, 4.717336923931725e-05, 2.2935375454835594e-05, 2.8416430723154917e-05, 4.690380228566937e-05, 4.8489702749066055e-05, 4.004500442533754e-05, 3.823327642749064e-05, 6.791412306483835e-05, 5.504432556335814e-05, 2.54055794357555e-05, 6.655943434452638e-05, 5.6440454500261694e-05, 3.0956500268075615e-05, 7.145469135139138e-05, 2.665670581336599e-05, 2.5128736524493434e-05, 3.735724021680653e-05, 3.529750756570138e-05, 3.127570016658865e-05, 2.8213928089826368e-05, 3.775474397116341e-05, 3.918421862181276e-05, 2.8094262233935297e-05, 4.531721060629934e-05, 5.043669807491824e-05, 3.1310853955801576e-05, 9.002996375784278e-05, 3.494067641440779e-05, 1.526239611848723e-05, 9.421163849765435e-05, 4.204612196190283e-05, 2.850687269528862e-05, 7.519238715758547e-05, 3.665715848910622e-05, 2.86754311673576e-05, 3.990870027337223e-05, 3.8841590139782056e-05, 7.650426414329559e-05, 3.087896402576007e-05, 3.248645589337684e-05, 4.7273526433855295e-05, 3.4661479730857536e-05, 4.015369268017821e-05, 3.837661643046886e-05, 4.050309507874772e-05, 2.9231294320197776e-05, 4.135982453590259e-05, 4.435596929397434e-05, 2.965819112432655e-05, 2.223408955615014e-05, 5.085457087261602e-05, 3.0331057132571004e-05, 4.1939671064028516e-05, 2.9106236979714595e-05, 4.8486501327715814e-05, 7.215490040834993e-05, 4.558116779662669e-05, 4.839479151996784e-05, 3.56411692337133e-05, 3.049371844099369e-05, 6.369951006490737e-05, 3.674735489767045e-05, 8.190817607101053e-05, 2.8210921300342306e-05, 3.180148996762e-05, 3.0837902158964425e-05, 3.609081613831222e-05, 2.7362269975128584e-05, 4.78171969007235e-05, 2.8089481929782778e-05, 6.21531144133769e-05, 3.5140550608048216e-05, 3.856817784253508e-05, 2.5944475055439398e-05, 3.5758872400037944e-05, 2.76321115961764e-05, 3.681765156215988e-05, 6.326976290438324e-05, 1.5544303096248768e-05, 3.6899404221912846e-05, 4.156793511356227e-05, 3.0256856916821562e-05, 5.6233729992527515e-05, 2.8522625143523328e-05, 4.139346128795296e-05, 2.8644242775044404e-05, 5.339015115168877e-05, 4.1604005673434585e-05, 2.4630253392388113e-05, 5.959614281891845e-05, 3.7816189433215186e-05, 3.421806468395516e-05, 3.542497870512307e-05, 2.3824171876185574e-05, 6.33582822047174e-05, 3.992970596300438e-05, 5.228212467045523e-05, 5.104930460220203e-05, 5.282019264996052e-05, 2.796728404064197e-05, 3.830862624454312e-05, 3.449076393735595e-05, 3.460625885054469e-05, 4.7748093493282795e-05, 3.5504013794707134e-05, 6.225676770554855e-05, 3.1040322937769815e-05, 3.632567313616164e-05, 4.2073581425938755e-05, 4.979867662768811e-05]
Zero Point(s): [0, 0, 0, 0, 0, 0, 0, 0, 0, 0, 0, 0, 0, 0, 0, 0, 0, 0, 0, 0, 0, 0, 0, 0, 0, 0, 0, 0, 0, 0, 0, 0, 0, 0, 0, 0, 0, 0, 0, 0, 0, 0, 0, 0, 0, 0, 0, 0, 0, 0, 0, 0, 0, 0, 0, 0, 0, 0, 0, 0, 0, 0, 0, 0, 0, 0, 0, 0, 0, 0, 0, 0, 0, 0, 0, 0, 0, 0, 0, 0, 0, 0, 0, 0, 0, 0, 0, 0, 0, 0, 0, 0, 0, 0, 0, 0, 0, 0, 0, 0, 0, 0, 0, 0, 0, 0, 0, 0, 0, 0, 0, 0, 0, 0, 0, 0, 0, 0, 0, 0, 0, 0, 0, 0, 0, 0, 0, 0, 0, 0, 0, 0, 0, 0, 0, 0, 0, 0, 0, 0, 0, 0, 0, 0, 0, 0, 0, 0, 0, 0, 0, 0, 0, 0, 0, 0, 0, 0, 0, 0, 0, 0, 0, 0, 0, 0, 0, 0, 0, 0, 0, 0, 0, 0, 0, 0, 0, 0, 0, 0, 0, 0, 0, 0, 0, 0, 0, 0, 0, 0, 0, 0]

# --- Shapes summary ---
IFM0 Shape: [1, 28, 28, 48]
IFM1/Weights Shape: [192, 3, 3, 48]
Bias Shape: [192]
OFM Shape: [1, 28, 28, 192]
