Op Type: CONV_2D
Output Tensor: efficientnetv2-b0/block2b_expand_bn/FusedBatchNormV3;efficientnetv2-b0/block3a_expand_conv/Conv2D;efficientnetv2-b0/block2b_expand_conv/Conv2D
Output Scale: 0.0901767835021019
Output Zero Point: 14
Output Shape: [1, 56, 56, 128]

# --- Weights ---
Name: efficientnetv2-b0/block2b_expand_conv/Conv2D
Shape: [128, 3, 3, 32]
Scale(s): [0.0009319988312199712, 0.0010013682767748833, 0.001143765402957797, 0.0019735756795853376, 0.001100197434425354, 0.0007707508048042655, 0.0006616292521357536, 0.0007006480591371655, 0.0007304829196073115, 0.0004842524358537048, 0.0008168953354470432, 0.0013612833572551608, 0.0012460369616746902, 0.0017546688904985785, 0.0008007249562069774, 0.00153551425319165, 0.0008608520729467273, 0.0006553098210133612, 0.0006253671599552035, 0.0008293333230540156, 0.000522228074260056, 0.0008015216444619, 0.001114948419854045, 0.0011721367482095957, 0.0013295274693518877, 0.0009796814993023872, 0.0029047930147498846, 0.001183031126856804, 0.0015085183549672365, 0.0006740697426721454, 0.0008516439120285213, 0.0004839532484766096, 0.0011521331034600735, 0.001180405612103641, 0.0012776808580383658, 0.0012590246042236686, 0.0007916109752841294, 0.0006377370445989072, 0.0008090317132882774, 0.0012524790363386273, 0.0008191534434445202, 0.000618539925199002, 0.0018520631128922105, 0.0007551417220383883, 0.0007101402734406292, 0.0006822986179031432, 0.0009589301189407706, 0.0007299400749616325, 0.0007222418207675219, 0.0009556661243550479, 0.0010173694463446736, 0.0007576615898869932, 0.0007954949978739023, 0.0005179757135920227, 0.0008325972594320774, 0.0007551791495643556, 0.0010052244178950787, 0.0009671081206761301, 0.0006976997829042375, 0.001387259573675692, 0.001928095705807209, 0.0005942958523519337, 0.0009550424292683601, 0.004169867839664221, 0.000647803652100265, 0.0007631612243130803, 0.0009031924419105053, 0.0009603051003068686, 0.0009000460850074887, 0.0008513403008691967, 0.0012048707576468587, 0.0006850433419458568, 0.0009078672155737877, 0.0005624619661830366, 0.0007880213670432568, 0.0009029702050611377, 0.000631728966254741, 0.0010820426978170872, 0.0009155997540801764, 0.0009502124157734215, 0.0007659337716177106, 0.0013640105025842786, 0.0015627596294507384, 0.000580302148591727, 0.0018180574988946319, 0.0006505496567115188, 0.0008689790265634656, 0.0006213908200152218, 0.0008979145786724985, 0.001852135406807065, 0.0005288567626848817, 0.0005490563926286995, 0.0008805446559563279, 0.001402590423822403, 0.00045372830936685205, 0.0010455958545207977, 0.002038793172687292, 0.0007059047347865999, 0.00042649725219234824, 0.0009040659642778337, 0.0005528729525394738, 0.002375412732362747, 0.00024553295224905014, 0.0012398194521665573, 0.0011358840856701136, 0.001258642179891467, 0.0010126676643267274, 0.0010385852074250579, 0.0009311275207437575, 0.001315844594500959, 0.0009903657482936978, 0.0010145425330847502, 0.0009544201893731952, 0.001517526456154883, 0.0010458218166604638, 0.0009012292139232159, 0.0013876287266612053, 0.0018548979423940182, 0.0009661876247264445, 0.001046217163093388, 0.0011595039395615458, 0.001528086606413126, 0.0011205046903342009, 0.0015736935893073678, 0.0013629317982122302, 0.001329802442342043, 0.0009100490715354681, 0.0007450159173458815]
Zero Point(s): [0, 0, 0, 0, 0, 0, 0, 0, 0, 0, 0, 0, 0, 0, 0, 0, 0, 0, 0, 0, 0, 0, 0, 0, 0, 0, 0, 0, 0, 0, 0, 0, 0, 0, 0, 0, 0, 0, 0, 0, 0, 0, 0, 0, 0, 0, 0, 0, 0, 0, 0, 0, 0, 0, 0, 0, 0, 0, 0, 0, 0, 0, 0, 0, 0, 0, 0, 0, 0, 0, 0, 0, 0, 0, 0, 0, 0, 0, 0, 0, 0, 0, 0, 0, 0, 0, 0, 0, 0, 0, 0, 0, 0, 0, 0, 0, 0, 0, 0, 0, 0, 0, 0, 0, 0, 0, 0, 0, 0, 0, 0, 0, 0, 0, 0, 0, 0, 0, 0, 0, 0, 0, 0, 0, 0, 0, 0, 0]
Axis: 0

# --- Bias ---
Name: efficientnetv2-b0/block2b_expand_bn/FusedBatchNormV3
Shape: [128]
Scale(s): [9.787985618459061e-05, 0.0001051651343004778, 0.00012011989019811153, 0.0002072677598334849, 0.00011554431694094092, 8.094535587588325e-05, 6.948525697225705e-05, 7.358306902460754e-05, 7.671636558370665e-05, 5.085688826511614e-05, 8.579152199672535e-05, 0.0001429639378329739, 0.0001308606006205082, 0.0001842778583522886, 8.409328438574448e-05, 0.00016126192349474877, 9.040792065206915e-05, 6.88215804984793e-05, 6.567696254933253e-05, 8.709778194315732e-05, 5.4845142585691065e-05, 8.417695789830759e-05, 0.0001170934847323224, 0.00012309948215261102, 0.0001396288862451911, 0.00010288756311638281, 0.0003050655359402299, 0.00012424362648744136, 0.00015842677385080606, 7.079177157720551e-05, 8.944087312556803e-05, 5.082546704215929e-05, 0.00012099868035875261, 0.00012396789679769427, 0.00013418387970887125, 0.00013222458073869348, 8.313612488564104e-05, 6.697606295347214e-05, 8.496567170368508e-05, 0.00013153714826330543, 8.602867455920205e-05, 6.495995330624282e-05, 0.00019450634135864675, 7.93060680734925e-05, 7.457995525328442e-05, 7.165598071878776e-05, 0.0001007082246360369, 7.665935845579952e-05, 7.58508758735843e-05, 0.00010036543244495988, 0.00010684560402296484, 7.957070920383558e-05, 8.354402962140739e-05, 5.439855522126891e-05, 8.744055958231911e-05, 7.931000436656177e-05, 0.00010557011410128325, 0.00010156708594877273, 7.327343337237835e-05, 0.00014569199993275106, 0.00020249138469807804, 6.241380469873548e-05, 0.000100299934274517, 0.0004379255115054548, 6.803327414672822e-05, 8.014828927116469e-05, 9.485457121627405e-05, 0.00010085262329084799, 9.452413360122591e-05, 8.940898260334507e-05, 0.00012653725570999086, 7.194423960754648e-05, 9.53455237322487e-05, 5.907056402065791e-05, 8.275913569377735e-05, 9.483122994424775e-05, 6.634508463321254e-05, 0.0001136376813519746, 9.615760063752532e-05, 9.979267633752897e-05, 8.043946581892669e-05, 0.00014325034862849861, 0.00016412326658610255, 6.094416676205583e-05, 0.00019093501032330096, 6.832166400272399e-05, 9.126142686000094e-05, 6.525935896206647e-05, 9.430028148926795e-05, 0.00019451392290648073, 5.554129893425852e-05, 5.766269168816507e-05, 9.24760679481551e-05, 0.00014730206748936325, 4.7651199565734714e-05, 0.00010980998195009306, 0.00021411699708551168, 7.41351323085837e-05, 4.479135532164946e-05, 9.494630648987368e-05, 5.806351327919401e-05, 0.00024946927442215383, 2.5786224796320312e-05, 0.00013020762708038092, 0.00011929218453587964, 0.00013218441745266318, 0.00010635181388352066, 0.00010907371324719861, 9.778835374163464e-05, 0.0001381918991683051, 0.00010400963947176933, 0.0001065487158484757, 0.0001002345816232264, 0.00015937280841171741, 0.00010983371612383053, 9.464839240536094e-05, 0.00014573076623491943, 0.0001948040589923039, 0.00010147041757591069, 0.00010987523273797706, 0.00012177276948932558, 0.00016048185352701694, 0.0001176770165329799, 0.0001652715727686882, 0.00014313706196844578, 0.0001396577717969194, 9.557466546539217e-05, 7.82426432124339e-05]
Zero Point(s): [0, 0, 0, 0, 0, 0, 0, 0, 0, 0, 0, 0, 0, 0, 0, 0, 0, 0, 0, 0, 0, 0, 0, 0, 0, 0, 0, 0, 0, 0, 0, 0, 0, 0, 0, 0, 0, 0, 0, 0, 0, 0, 0, 0, 0, 0, 0, 0, 0, 0, 0, 0, 0, 0, 0, 0, 0, 0, 0, 0, 0, 0, 0, 0, 0, 0, 0, 0, 0, 0, 0, 0, 0, 0, 0, 0, 0, 0, 0, 0, 0, 0, 0, 0, 0, 0, 0, 0, 0, 0, 0, 0, 0, 0, 0, 0, 0, 0, 0, 0, 0, 0, 0, 0, 0, 0, 0, 0, 0, 0, 0, 0, 0, 0, 0, 0, 0, 0, 0, 0, 0, 0, 0, 0, 0, 0, 0, 0]

# --- Shapes summary ---
IFM0 Shape: [1, 56, 56, 32]
IFM1/Weights Shape: [128, 3, 3, 32]
Bias Shape: [128]
OFM Shape: [1, 56, 56, 128]
