-9957
15845
3435
17183
20168
-22320
-2154
-9713
11404
20335
-16163
-2658
-29214
1852
-14546
13134
10375
-20364
-15904
-12352
-26984
15148
19282
4728
-4129
-16811
-7179
5474
11285
-1964
-17789
5621
12216
113
-7222
10530
3001
1630
-7098
15640
-22004
3160
14694
3189
-29489
253
-10803
42
19035
-2547
2835
4262
12733
3758
11827
-8218
-22097
14602
-7076
-3563
4749
-21454
7912
-14126
17515
6358
3582
-5842
5172
-38106
-10522
20564
6950
-24475
22486
-5021
1415
-4053
-2318
-14879
11622
-13005
47478
-3531
3499
8940
10278
-5499
5517
23386
8745
25282
6201
2154
-915
-8668
