Op Type: CONV_2D
Output Tensor: efficientnetv2-b0/block2b_project_bn/FusedBatchNormV3;efficientnetv2-b0/block2b_project_conv/Conv2D
Output Scale: 0.11171690374612808
Output Zero Point: -15
Output Shape: [1, 56, 56, 32]

# --- Weights ---
Name: efficientnetv2-b0/block2b_project_conv/Conv2D
Shape: [32, 1, 1, 128]
Scale(s): [0.00871931854635477, 0.012138817459344864, 0.008358786813914776, 0.009687627665698528, 0.0043222857639193535, 0.007648823782801628, 0.008181942626833916, 0.014436177909374237, 0.004687634762376547, 0.019164856523275375, 0.01490201149135828, 0.007392261177301407, 0.023431479930877686, 0.011794625781476498, 0.004840894602239132, 0.004394472111016512, 0.011420118622481823, 0.007162966299802065, 0.032779958099126816, 0.010650950483977795, 0.0058764382265508175, 0.012283029966056347, 0.012265758588910103, 0.00431074621155858, 0.006438779644668102, 0.016430947929620743, 0.00918628927320242, 0.009645008482038975, 0.010717065073549747, 0.013579698279500008, 0.006110209506005049, 0.0250869020819664]
Zero Point(s): [0, 0, 0, 0, 0, 0, 0, 0, 0, 0, 0, 0, 0, 0, 0, 0, 0, 0, 0, 0, 0, 0, 0, 0, 0, 0, 0, 0, 0, 0, 0, 0]
Axis: 0

# --- Bias ---
Name: efficientnetv2-b0/block2b_project_bn/FusedBatchNormV3
Shape: [32]
Scale(s): [0.00035888879210688174, 0.0004996359930373728, 0.000344049243722111, 0.00039874459616839886, 0.00017790609854273498, 0.0003148270188830793, 0.0003367702884133905, 0.0005941957933828235, 0.00019294393132440746, 0.000788829114753753, 0.0006133696297183633, 0.0003042668686248362, 0.0009644441306591034, 0.0004854690341744572, 0.00019925212836824358, 0.0001808772940421477, 0.0004700542485807091, 0.00029482904938049614, 0.0013492292491719127, 0.00043839513091370463, 0.00024187529925256968, 0.0005055718356743455, 0.0005048609455116093, 0.0001774311240296811, 0.0002650213718879968, 0.0006763009005226195, 0.0003781093982979655, 0.00039699036278761923, 0.0004411164263729006, 0.000558942963834852, 0.0002514973748475313, 0.0010325816692784429]
Zero Point(s): [0, 0, 0, 0, 0, 0, 0, 0, 0, 0, 0, 0, 0, 0, 0, 0, 0, 0, 0, 0, 0, 0, 0, 0, 0, 0, 0, 0, 0, 0, 0, 0]

# --- Shapes summary ---
IFM0 Shape: [1, 56, 56, 128]
IFM1/Weights Shape: [32, 1, 1, 128]
Bias Shape: [32]
OFM Shape: [1, 56, 56, 32]
