Op Type: CONV_2D
Output Tensor: efficientnetv2-b0/block4a_expand_bn/FusedBatchNormV3;efficientnetv2-b0/block6h_project_conv/Conv2D;efficientnetv2-b0/block4a_expand_conv/Conv2D
Output Scale: 0.07837636768817902
Output Zero Point: 22
Output Shape: [1, 28, 28, 192]

# --- Weights ---
Name: efficientnetv2-b0/block4a_expand_conv/Conv2D
Shape: [192, 1, 1, 48]
Scale(s): [0.0010213047498837113, 0.00014004418335389346, 6.070899326005019e-05, 7.747446943540126e-05, 0.00022851610265206546, 0.0006453081732615829, 0.0006474576075561345, 0.00016917416360229254, 0.0001852522254921496, 0.00040448331856168807, 0.0003815675154328346, 0.00010337414278183132, 8.560073911212385e-05, 8.872880425769836e-05, 0.0002946711902040988, 0.000667609041556716, 0.0003200086357537657, 0.0006777630769647658, 0.000510357494931668, 8.654957491671667e-05, 8.591719233663753e-05, 0.0012898021377623081, 8.99322985787876e-05, 0.00038566123112104833, 8.022874681046233e-05, 0.0009578196913935244, 0.00013290219067130238, 0.00026884974795393646, 0.0005607119528576732, 0.00012071184028172866, 0.00011568207992240787, 0.00041377151501365006, 0.0008760307100601494, 0.0012152146082371473, 0.0003918023721780628, 0.0004480995121411979, 0.0007909263949841261, 0.0005063762655481696, 0.000557028572075069, 0.0005029966705478728, 0.0009405487217009068, 0.00033438255195505917, 0.00020075557404197752, 0.00011697643640218303, 0.0005652341060340405, 0.0003935812273994088, 8.929404430091381e-05, 0.0004033984150737524, 5.169992437004112e-05, 6.738511001458392e-05, 5.500574843608774e-05, 0.0006470225052908063, 0.0002828613214660436, 0.0007176499348133802, 0.0005757917533628643, 0.0003499105805531144, 0.00038122289697639644, 0.00020270535605959594, 0.000268320000031963, 9.095903078559786e-05, 0.00033800239907577634, 0.00011408832506276667, 0.0004048468836117536, 0.00024974264670163393, 0.000732374785002321, 0.0013929336564615369, 0.0004687221662607044, 0.0005117703112773597, 0.00039815588388592005, 8.051683835219592e-05, 0.0004105727421119809, 7.984846160979941e-05, 0.0006532241241075099, 0.0001136358332587406, 0.00029884392279200256, 0.0002398201759206131, 0.0014065606519579887, 0.0005965629243291914, 0.0004536380001809448, 0.00010730611393228173, 0.0003315430076327175, 0.0010952958837151527, 0.00031497885356657207, 0.0007434332510456443, 0.00031864907941780984, 0.000646453641820699, 0.0004727135819848627, 0.00010807012586155906, 0.0002597716811578721, 0.00010872670100070536, 0.00041070012957789004, 0.0003181510837748647, 0.0004088686255272478, 0.0010291199432685971, 0.0007137817447073758, 8.129511843435466e-05, 0.0001345420314464718, 6.399890116881579e-05, 0.0002603917382657528, 7.634706707904115e-05, 0.0003374069929122925, 7.515038305427879e-05, 0.0006173797301016748, 7.720811845501885e-05, 0.00064407306490466, 0.0006651687435805798, 0.0004217614477965981, 0.0003049603255931288, 6.048933937563561e-05, 0.00020830074208788574, 0.00010252754873363301, 0.0009674695902504027, 0.00028839538572356105, 0.00014533901412505656, 0.0007152789039537311, 0.00028271303744986653, 0.00019845318456646055, 9.37523363973014e-05, 0.000413694215239957, 0.00034294254146516323, 0.00027693092124536633, 0.0010948550188913941, 8.424440602539107e-05, 0.00029058093787170947, 0.0007658791728317738, 0.0001748193462844938, 0.00046348199248313904, 0.0006634946912527084, 0.0002809239667840302, 0.00046200526412576437, 0.0002369638968957588, 0.0004898816696368158, 8.69700379553251e-05, 0.000714021734893322, 0.00013328953355085105, 0.00014613487292081118, 0.0005557961412705481, 0.0003232220478821546, 0.0006376612582243979, 0.00037886013160459697, 5.2305575081845745e-05, 7.727458432782441e-05, 0.0008369573624804616, 0.0005948961479589343, 0.00014477004879154265, 0.0003388289478607476, 9.423118899576366e-05, 9.459980356041342e-05, 0.0007764055044390261, 0.00038992142071947455, 0.0006974426214583218, 0.0008657352300360799, 6.040598964318633e-05, 0.0003125689399894327, 0.000451460451586172, 8.610064105596393e-05, 0.00038544912240467966, 0.000250793294981122, 0.00024163299531210214, 0.0003559929318726063, 0.00017601074068807065, 0.0003586317761801183, 0.0006468852516263723, 0.00035800004843622446, 0.00010320609726477414, 0.0004074929456692189, 0.00041574359056539834, 0.00030100520234555006, 0.0012446597684174776, 0.0007442508358508348, 0.0010078689083456993, 0.0009409387712366879, 0.0003974356222897768, 0.0005304689984768629, 0.00015019215061329305, 0.00010386615758761764, 0.0008187375497072935, 0.0003470675728749484, 7.134305633371696e-05, 0.00033075149985961616, 6.892071542097256e-05, 0.0005663001793436706, 0.0003787819587159902, 0.0005342329968698323, 0.0004765171615872532, 9.078948642127216e-05, 4.44993820565287e-05, 0.0009505394846200943, 0.0011345595121383667, 0.0004033938457723707, 0.0001937124616233632, 5.620774027192965e-05]
Zero Point(s): [0, 0, 0, 0, 0, 0, 0, 0, 0, 0, 0, 0, 0, 0, 0, 0, 0, 0, 0, 0, 0, 0, 0, 0, 0, 0, 0, 0, 0, 0, 0, 0, 0, 0, 0, 0, 0, 0, 0, 0, 0, 0, 0, 0, 0, 0, 0, 0, 0, 0, 0, 0, 0, 0, 0, 0, 0, 0, 0, 0, 0, 0, 0, 0, 0, 0, 0, 0, 0, 0, 0, 0, 0, 0, 0, 0, 0, 0, 0, 0, 0, 0, 0, 0, 0, 0, 0, 0, 0, 0, 0, 0, 0, 0, 0, 0, 0, 0, 0, 0, 0, 0, 0, 0, 0, 0, 0, 0, 0, 0, 0, 0, 0, 0, 0, 0, 0, 0, 0, 0, 0, 0, 0, 0, 0, 0, 0, 0, 0, 0, 0, 0, 0, 0, 0, 0, 0, 0, 0, 0, 0, 0, 0, 0, 0, 0, 0, 0, 0, 0, 0, 0, 0, 0, 0, 0, 0, 0, 0, 0, 0, 0, 0, 0, 0, 0, 0, 0, 0, 0, 0, 0, 0, 0, 0, 0, 0, 0, 0, 0, 0, 0, 0, 0, 0, 0, 0, 0, 0, 0, 0, 0]
Axis: 0

# --- Bias ---
Name: efficientnetv2-b0/block4a_expand_bn/FusedBatchNormV3
Shape: [192]
Scale(s): [0.0001794680138118565, 2.4609160391264595e-05, 1.0668042705219705e-05, 1.3614143426821101e-05, 4.015582089778036e-05, 0.00011339629418216646, 0.00011377400369383395, 2.972800393763464e-05, 3.255330739193596e-05, 7.107752753654495e-05, 6.705066334689036e-05, 1.8165343135478906e-05, 1.5042125596664846e-05, 1.559180236654356e-05, 5.1780873036477715e-05, 0.00011731510312529281, 5.6233278883155435e-05, 0.00011909940803889185, 8.968218753580004e-05, 1.520885962236207e-05, 1.5097734831215348e-05, 0.0002266495139338076, 1.5803285350557417e-05, 6.777003000024706e-05, 1.4098136489337776e-05, 0.00016831215179990977, 2.335413773835171e-05, 4.724342215922661e-05, 9.853069059317932e-05, 2.1211997591308318e-05, 2.032814700214658e-05, 7.270969217643142e-05, 0.00015393983630929142, 0.00021354267664719373, 6.88491782057099e-05, 7.874194852774963e-05, 0.00013898494944442064, 8.898258965928108e-05, 9.788342867977917e-05, 8.83887114468962e-05, 0.0001652772189117968, 5.8759123930940405e-05, 3.527762237354182e-05, 2.055559707514476e-05, 9.932534157996997e-05, 6.916176789673045e-05, 1.5691130101913586e-05, 7.088688289513811e-05, 9.084930752578657e-06, 1.1841198102047201e-05, 9.665844117989764e-06, 0.00011369754793122411, 4.970559530192986e-05, 0.00012610849807970226, 0.00010118057252839208, 6.148777902126312e-05, 6.699010555166751e-05, 3.5620247217593715e-05, 4.715032991953194e-05, 1.5983707271516323e-05, 5.9395220887381583e-05, 2.004808629862964e-05, 7.11414177203551e-05, 4.388584056869149e-05, 0.00012869601778220385, 0.00024477223632857203, 8.236585563281551e-05, 8.99304577615112e-05, 6.99656447977759e-05, 1.4148761692922562e-05, 7.214758807094768e-05, 1.403131136612501e-05, 0.00011478731903480366, 1.996857281483244e-05, 5.2514125854941085e-05, 4.214222281007096e-05, 0.0002471668121870607, 0.00010483057121746242, 7.971519517013803e-05, 1.88562862604158e-05, 5.826014603371732e-05, 0.0001924700482049957, 5.534942465601489e-05, 0.0001306392514379695, 5.599437281489372e-05, 0.00011359758354956284, 8.306724339490756e-05, 1.8990542230312712e-05, 4.5648183004232123e-05, 1.9105918909190223e-05, 7.216997619252652e-05, 5.590686123468913e-05, 7.184813148342073e-05, 0.0001808413362596184, 0.00012542876356747001, 1.4285524230217561e-05, 2.3642298401682638e-05, 1.124615937442286e-05, 4.575714410748333e-05, 1.341603092441801e-05, 5.9290592616889626e-05, 1.3205744835431688e-05, 0.00010848859528778121, 1.3567339010478463e-05, 0.00011317925964249298, 0.00011688628001138568, 7.411371188936755e-05, 5.3588926675729454e-05, 1.0629443750076462e-05, 3.6603491025744006e-05, 1.801657708710991e-05, 0.00017000787192955613, 5.067806341685355e-05, 2.5539589842082933e-05, 0.00012569184764288366, 4.967953645973466e-05, 3.487303911242634e-05, 1.647455974307377e-05, 7.269610796356574e-05, 6.026332266628742e-05, 4.8663478082744405e-05, 0.00019239257380831987, 1.4803785234107636e-05, 5.1062117563560605e-05, 0.00013458354806061834, 3.071999890380539e-05, 8.144502498907968e-05, 0.00011659210576908663, 4.936515324516222e-05, 8.118552796076983e-05, 4.1640305425971746e-05, 8.608408825239167e-05, 1.52827451529447e-05, 0.00012547093501780182, 2.3422204321832396e-05, 2.5679441023385152e-05, 9.7666859801393e-05, 5.679795140167698e-05, 0.00011205254850210622, 6.657491030637175e-05, 9.191358003590722e-06, 1.3579018741438631e-05, 0.0001470737042836845, 0.00010453768481966108, 2.5439609089517035e-05, 5.954046355327591e-05, 1.65587061928818e-05, 1.6623480405542068e-05, 0.0001364332711091265, 6.85186532791704e-05, 0.00012255758338142186, 0.0001521306694485247, 1.061479724739911e-05, 5.492594209499657e-05, 7.933255255920812e-05, 1.5129970961424988e-05, 6.773276254534721e-05, 4.407046435517259e-05, 4.246077878633514e-05, 6.255659536691383e-05, 3.0929357308195904e-05, 6.302029942162335e-05, 0.00011367342813173309, 6.290929013630375e-05, 1.8135813661501743e-05, 7.16063950676471e-05, 7.305623148567975e-05, 5.2893912652507424e-05, 0.00021871690114494413, 0.00013078292249701917, 0.00017710700922179967, 0.00016534575843252242, 6.983907951507717e-05, 9.321626566816121e-05, 2.639240301505197e-05, 1.8251803339808248e-05, 0.00014387205010280013, 6.0988189943600446e-05, 1.2536705071397591e-05, 5.812105882796459e-05, 1.2111041542084422e-05, 9.951267566066235e-05, 6.656117329839617e-05, 9.387769387103617e-05, 8.373562013730407e-05, 1.5953914044075646e-05, 7.819620805094019e-06, 0.00016703283472452313, 0.0001993696205317974, 7.088608253980055e-05, 3.403997834539041e-05, 9.877063348540105e-06]
Zero Point(s): [0, 0, 0, 0, 0, 0, 0, 0, 0, 0, 0, 0, 0, 0, 0, 0, 0, 0, 0, 0, 0, 0, 0, 0, 0, 0, 0, 0, 0, 0, 0, 0, 0, 0, 0, 0, 0, 0, 0, 0, 0, 0, 0, 0, 0, 0, 0, 0, 0, 0, 0, 0, 0, 0, 0, 0, 0, 0, 0, 0, 0, 0, 0, 0, 0, 0, 0, 0, 0, 0, 0, 0, 0, 0, 0, 0, 0, 0, 0, 0, 0, 0, 0, 0, 0, 0, 0, 0, 0, 0, 0, 0, 0, 0, 0, 0, 0, 0, 0, 0, 0, 0, 0, 0, 0, 0, 0, 0, 0, 0, 0, 0, 0, 0, 0, 0, 0, 0, 0, 0, 0, 0, 0, 0, 0, 0, 0, 0, 0, 0, 0, 0, 0, 0, 0, 0, 0, 0, 0, 0, 0, 0, 0, 0, 0, 0, 0, 0, 0, 0, 0, 0, 0, 0, 0, 0, 0, 0, 0, 0, 0, 0, 0, 0, 0, 0, 0, 0, 0, 0, 0, 0, 0, 0, 0, 0, 0, 0, 0, 0, 0, 0, 0, 0, 0, 0, 0, 0, 0, 0, 0, 0]

# --- Shapes summary ---
IFM0 Shape: [1, 28, 28, 48]
IFM1/Weights Shape: [192, 1, 1, 48]
Bias Shape: [192]
OFM Shape: [1, 28, 28, 192]
