Op Type: CONV_2D
Output Tensor: efficientnetv2-b0/block3b_project_bn/FusedBatchNormV3;efficientnetv2-b0/block6h_se_reduce/Conv2D;efficientnetv2-b0/block3b_project_conv/Conv2D
Output Scale: 0.1030305027961731
Output Zero Point: 1
Output Shape: [1, 28, 28, 48]

# --- Weights ---
Name: efficientnetv2-b0/block3b_project_conv/Conv2D
Shape: [48, 1, 1, 192]
Scale(s): [0.01234462857246399, 0.009452208876609802, 0.04094909876585007, 0.026152679696679115, 0.015929317101836205, 0.008197169750928879, 0.007499914150685072, 0.014320292510092258, 0.011546917259693146, 0.009942153468728065, 0.008513156324625015, 0.031221672892570496, 0.015324922278523445, 0.026248008012771606, 0.019950298592448235, 0.016205403953790665, 0.021650923416018486, 0.008356917649507523, 0.04000823572278023, 0.01603046990931034, 0.006300799082964659, 0.019403239712119102, 0.03277751803398132, 0.023673199117183685, 0.011328032240271568, 0.015510397963225842, 0.03395127132534981, 0.027899647131562233, 0.013181931339204311, 0.03172941133379936, 0.026376374065876007, 0.017970122396945953, 0.02660241164267063, 0.030913716182112694, 0.01491072028875351, 0.011267920956015587, 0.0232588779181242, 0.017548872157931328, 0.02314085327088833, 0.019884036853909492, 0.010247115045785904, 0.01995396614074707, 0.012480851262807846, 0.026577932760119438, 0.005376230925321579, 0.009958253242075443, 0.009402620606124401, 0.021664734929800034]
Zero Point(s): [0, 0, 0, 0, 0, 0, 0, 0, 0, 0, 0, 0, 0, 0, 0, 0, 0, 0, 0, 0, 0, 0, 0, 0, 0, 0, 0, 0, 0, 0, 0, 0, 0, 0, 0, 0, 0, 0, 0, 0, 0, 0, 0, 0, 0, 0, 0, 0]
Axis: 0

# --- Bias ---
Name: efficientnetv2-b0/block3b_project_bn/FusedBatchNormV3
Shape: [48]
Scale(s): [0.00022172986064106226, 0.00016977723862510175, 0.0007355132838711143, 0.0004697452241089195, 0.00028611678862944245, 0.00014723467756994069, 0.00013471081911120564, 0.00025721604470163584, 0.0002074016520055011, 0.00017857745115179569, 0.00015291031741071492, 0.0005607926868833601, 0.0002752608561422676, 0.00047145746066235006, 0.00035834021400660276, 0.00029107576119713485, 0.00038888625567778945, 0.00015010400966275483, 0.0007186137954704463, 0.00028793365345336497, 0.00011317273310851306, 0.0003485141496639699, 0.0005887382430955768, 0.00042520964052528143, 0.00020347011741250753, 0.0002785922843031585, 0.0006098207668401301, 0.0005011236062273383, 0.0002367692068219185, 0.0005699124885722995, 0.0004737631243187934, 0.00032277300488203764, 0.0004778231377713382, 0.0005552612710744143, 0.00026782110217027366, 0.00020239042351022363, 0.00041776776197366416, 0.0003152066492475569, 0.0004156478389631957, 0.00035715007106773555, 0.0001840550685301423, 0.0003584061050787568, 0.00022417664877139032, 0.00047738346620462835, 9.656596375862136e-05, 0.0001788666268112138, 0.0001688865595497191, 0.00038913433672860265]
Zero Point(s): [0, 0, 0, 0, 0, 0, 0, 0, 0, 0, 0, 0, 0, 0, 0, 0, 0, 0, 0, 0, 0, 0, 0, 0, 0, 0, 0, 0, 0, 0, 0, 0, 0, 0, 0, 0, 0, 0, 0, 0, 0, 0, 0, 0, 0, 0, 0, 0]

# --- Shapes summary ---
IFM0 Shape: [1, 28, 28, 192]
IFM1/Weights Shape: [48, 1, 1, 192]
Bias Shape: [48]
OFM Shape: [1, 28, 28, 48]
