-96
126
112
106
126
121
127
119
126
125
125
124
116
110
124
119
119
127
116
102
121
120
116
127
113
124
120
127
125
127
101
127
118
125
123
125
-106
125
121
127
121
127
127
110
120
112
105
122
124
108
125
123
102
122
125
122
95
101
99
111
124
123
121
126
127
123
107
127
123
120
126
106
121
101
126
124
-117
125
127
126
126
-32
121
125
127
120
124
106
124
123
124
113
127
74
126
103
120
114
124
121
105
107
87
123
115
126
121
126
96
127
108
127
122
125
126
127
125
116
127
125
120
126
115
127
119
123
127
110
110
126
127
114
114
127
117
127
124
127
126
127
106
114
96
125
116
124
106
101
105
127
116
126
125
125
127
119
125
118
119
121
123
101
124
81
116
125
102
127
-128
126
123
123
124
126
126
121
126
117
110
113
105
126
126
-96
107
109
122
127
127
126
127
117
