11092
4383
13895
264127
33399
10175
49552
60186
11686
46167
45750
24227
47856
75952
55017
11143
142663
18473
34408
27332
12294
-6401
14106
98570
26385
33760
96294
143655
29103
13569
171368
98037
64082
18365
11213
55766
23583
39597
49363
50623
49493
83641
31489
62038
62520
824
19697
54893
23748
11130
28206
45411
34141
46493
136479
6041
141714
22167
17161
89959
42125
56970
3705
-50610
44938
137432
-27903
61823
39980
40473
37584
10090
50872
61367
45728
31098
28860
17490
913
68003
23273
66402
116044
4096
41049
147885
-8117
5974
57040
5566
40556
12777
25658
-28890
43161
51660
55649
61905
42631
24251
119641
-29667
21624
-54811
80908
122311
22336
61421
36421
215655
78283
30465
37348
122361
57641
93523
7648
117184
6054
61774
36436
76987
49141
52968
20575
6572
33383
134749
9272
-16791
72644
104058
69637
86890
26438
61311
-5897
126833
73098
95670
61994
33792
-10254
42735
16675
49432
-25196
42843
19438
38648
101224
77203
-1196
47845
18468
109733
70942
189626
19347
-10760
98611
41570
23780
45677
32695
20048
21379
27521
60404
-65078
41419
52535
-19967
-5453
112409
52976
116162
17935
39274
76810
20976
43181
66874
-114131
111946
-28314
43936
52730
37421
4572
37524
56771
27789
-55808
86235
65966
66563
10114
26848
-12606
-31361
10352
83122
33429
21546
67511
106201
118818
20611
126792
75558
54828
21147
55589
31299
86249
102469
76916
164332
4283
-17511
22468
38696
98188
19988
63477
28556
81847
-23051
9260
68872
62322
157663
63437
14584
13399
29022
51696
131260
80
65038
72061
-37882
82957
44395
64403
-1456
91921
-5300
110027
96972
115850
26490
-2365
14843
24186
29147
87192
42275
47507
58368
21392
65292
19627
-568
20055
41201
-30997
28694
16333
66260
-11293
18046
5671
28667
-54126
52676
20987
49968
-17213
20422
-2152
-43668
71706
34233
-13481
23865
29887
83756
445
4901
57389
60156
99712
37540
34419
2454
57422
-85391
45119
49781
-26704
24229
14513
118514
-13024
4480
40299
82345
68039
37892
88786
-7133
140332
-25827
1416
-16517
38619
146782
95746
72050
63327
72135
77327
28042
73990
89867
28752
24848
48453
48587
-43395
28074
14420
25092
-20683
69611
9942
45838
49868
3787
7731
24166
85731
28754
32313
15062
11163
579
-11966
12479
182325
78572
-1715
21078
4491
14626
79584
52254
92613
13469
16617
8190
30672
26204
9093
-26060
24463
52704
-14117
23948
73624
240195
-2409
74471
24157
41937
-6777
9330
10041
18452
64908
30023
23046
38486
91251
-18385
90559
53282
128639
17212
5355
46203
39926
-1689
-76926
-81107
121901
15677
-16574
10695
38281
14058
70290
40043
50197
64081
3402
41775
20128
-63581
142262
5892
3056
86152
78457
-55030
65100
64619
13461
57470
-37816
30201
48368
84737
109156
54604
54672
77866
33675
16036
-22708
25362
45215
-61268
34982
11464
13221
-9183
3209
63328
180731
34211
23669
5937
-105564
105294
86662
21502
7383
112893
13856
82897
23985
-943
112730
10341
144091
19408
12770
44669
-31422
38296
44923
-20414
59109
68744
4855
-24299
31898
26193
134794
107408
34056
32201
37163
48622
64203
95778
50055
53222
43815
-83137
39613
61871
15556
-6070
10529
84077
66057
29445
17437
-13503
36782
157445
6623
4305
-22764
14814
42925
33685
11302
744
60855
92586
68164
22464
248380
53032
-11116
111113
94259
48455
53650
30004
96202
59323
8786
39756
30287
-24381
-15848
19760
23626
31799
8421
6647
12963
46141
2092
18703
52480
7455
60091
91363
42007
33253
20490
-47503
68259
-5063
108149
7253
95302
16460
-16935
40159
27225
16071
25832
48541
96003
1372
33271
74989
63543
56578
6057
8017
47248
-91471
40705
59533
-15740
81913
-12471
52852
20176
20104
113307
25788
114736
589
23371
-2381
33621
