-5
82
87
53
-5
80
25
72
82
101
-39
-97
53
-25
-68
5
48
59
-120
-94
96
100
-110
-55
-85
-70
103
80
-114
-117
-122
-95
-23
8
85
-77
85
-5
124
53
98
65
75
74
77
-118
44
94
-57
37
20
-72
-8
37
20
-67
57
23
-8
63
23
-20
-55
-13
-100
-80
13
-89
-86
15
-51
-115
-104
111
99
-87
89
-67
-111
85
65
-68
72
37
-72
-20
80
-119
82
63
80
51
96
-30
15
-46
67
57
-111
70
-79
-5
-51
79
90
53
25
83
-75
-61
-70
-74
-99
35
-108
13
-35
10
-67
51
105
77
42
5
0
-121
107
13
-63
-111
89
-48
98
-125
-3
-10
30
-44
-28
-68
89
101
89
63
72
-83
-15
-106
90
-98
-44
3
68
77
72
20
-25
42
77
-87
-8
98
85
104
65
91
-95
15
-8
-79
39
79
-15
-70
-68
-101
-39
-97
-3
94
-46
44
-97
87
61
-51
-61
-32
112
-100
-77
80
75
-95
-123
-98
70
59
82
-57
-48
-83
-112
-95
-32
59
-106
23
-68
15
32
61
106
55
-23
80
89
-108
65
15
-104
91
70
77
55
25
-94
-90
28
-37
90
-32
72
-65
44
51
-89
-18
-86
97
3
70
-117
-35
-18
85
-68
68
5
-99
0
-124
85
85
-97
23
-48
-8
-93
-57
57
-86
59
-75
-39
-74
-80
61
86
98
-79
0
-117
65
-10
-94
-79
96
0
-67
63
42
90
67
-72
-23
-10
-86
-93
35
48
74
-77
-28
-82
-103
-48
25
-102
13
95
-70
8
70
94
-70
-59
63
-111
0
-15
104
101
13
74
-35
10
-112
86
94
102
-39
95
-79
63
-109
25
82
0
30
-122
85
-59
-119
-48
68
-115
68
-89
35
-46
32
-102
72
-39
77
59
63
65
85
-111
-114
10
-95
-15
8
3
104
-106
-89
99
75
-8
28
98
89
63
83
-80
-90
96
79
13
51
-8
67
-90
-117
37
48
-25
-80
61
-44
