Op Type: CONV_2D
Output Tensor: efficientnetv2-b0/block4a_project_bn/FusedBatchNormV3;efficientnetv2-b0/block4c_project_conv/Conv2D;efficientnetv2-b0/block4a_project_conv/Conv2D
Output Scale: 0.10399353504180908
Output Zero Point: -20
Output Shape: [1, 14, 14, 96]

# --- Weights ---
Name: efficientnetv2-b0/block4a_project_conv/Conv2D
Shape: [96, 1, 1, 192]
Scale(s): [0.007159472443163395, 0.009444358758628368, 0.009332097135484219, 0.00702274264767766, 0.00741905253380537, 0.00695662060752511, 0.008724396117031574, 0.005067519377917051, 0.006701982580125332, 0.00876273401081562, 0.006486875936388969, 0.0061992378905415535, 0.008015940897166729, 0.007683147210627794, 0.006528427824378014, 0.009062166325747967, 0.006954120472073555, 0.007838508114218712, 0.007546944078058004, 0.00585539173334837, 0.0105508454144001, 0.007794128730893135, 0.005176753271371126, 0.007387996185570955, 0.0059845102950930595, 0.009119641035795212, 0.0072257728315889835, 0.005617972929030657, 0.006579630076885223, 0.007067650090903044, 0.0042203194461762905, 0.0065507725812494755, 0.008107786066830158, 0.004799098242074251, 0.006589849013835192, 0.008269891142845154, 0.005466009024530649, 0.0047279535792768, 0.004034246783703566, 0.007110974285751581, 0.007035053335130215, 0.005419641267508268, 0.006702789105474949, 0.00766430888324976, 0.006088429130613804, 0.007647959981113672, 0.009324293583631516, 0.007684867829084396, 0.005683937110006809, 0.004080223385244608, 0.00787502620369196, 0.006171554792672396, 0.006544703152030706, 0.006922902539372444, 0.00806527491658926, 0.006311409641057253, 0.005206174682825804, 0.006163458339869976, 0.008137514814734459, 0.006051905453205109, 0.006515155546367168, 0.007441283669322729, 0.006489181891083717, 0.006786693818867207, 0.006539922673255205, 0.0067903934977948666, 0.007260971236974001, 0.007600049022585154, 0.005435157101601362, 0.006647705100476742, 0.0072332145646214485, 0.007119388319551945, 0.009141046553850174, 0.005667606368660927, 0.008656051941215992, 0.0081829484552145, 0.007295688614249229, 0.0043055047281086445, 0.005283510312438011, 0.008319135755300522, 0.007917030714452267, 0.005224751774221659, 0.006952791474759579, 0.005962674971669912, 0.008338769897818565, 0.00816830713301897, 0.006600086577236652, 0.006545639596879482, 0.013946094550192356, 0.006410778034478426, 0.006662661675363779, 0.004293616395443678, 0.007292388938367367, 0.005603738594800234, 0.006250164937227964, 0.0063523193821311]
Zero Point(s): [0, 0, 0, 0, 0, 0, 0, 0, 0, 0, 0, 0, 0, 0, 0, 0, 0, 0, 0, 0, 0, 0, 0, 0, 0, 0, 0, 0, 0, 0, 0, 0, 0, 0, 0, 0, 0, 0, 0, 0, 0, 0, 0, 0, 0, 0, 0, 0, 0, 0, 0, 0, 0, 0, 0, 0, 0, 0, 0, 0, 0, 0, 0, 0, 0, 0, 0, 0, 0, 0, 0, 0, 0, 0, 0, 0, 0, 0, 0, 0, 0, 0, 0, 0, 0, 0, 0, 0, 0, 0, 0, 0, 0, 0, 0, 0]
Axis: 0

# --- Bias ---
Name: efficientnetv2-b0/block4a_project_bn/FusedBatchNormV3
Shape: [96]
Scale(s): [0.0003833699447568506, 0.0005057192756794393, 0.0004997079959139228, 0.0003760484396480024, 0.0003972697304561734, 0.000372507784049958, 0.00046716726501472294, 0.0002713516296353191, 0.00035887263948097825, 0.00046922016190364957, 0.0003473542456049472, 0.0003319520328659564, 0.000429231469752267, 0.0004114112816751003, 0.00034957926254719496, 0.0004852539277635515, 0.000372373906429857, 0.0004197304369881749, 0.0004041179781779647, 0.00031354001839645207, 0.0005649685626849532, 0.00041735402191989124, 0.0002772008010651916, 0.0003956067666877061, 0.00032045398256741464, 0.0004883315414190292, 0.0003869201464112848, 0.0003008269122801721, 0.00035232098889537156, 0.00037845311453565955, 0.00022598642681259662, 0.00035077575012110174, 0.00043414952233433723, 0.00025697844102978706, 0.0003528681700117886, 0.000442829797975719, 0.0002926896559074521, 0.000253168836934492, 0.0002160227595595643, 0.00038077300996519625, 0.0003767076414078474, 0.00029020680813118815, 0.0003589158004615456, 0.00041040254291146994, 0.00032601854763925076, 0.0004095270996913314, 0.000499290123116225, 0.00041150342440232635, 0.0003043590986635536, 0.00021848466712981462, 0.00042168586514890194, 0.0003304696874693036, 0.0003504507476463914, 0.0003707022697199136, 0.0004318731662351638, 0.0003379585104994476, 0.00027877624961547554, 0.00033003612770698965, 0.0004357414145488292, 0.0003240627993363887, 0.0003488685470074415, 0.0003984601644333452, 0.00034747773315757513, 0.0003634086751844734, 0.0003501947794575244, 0.0003636067849583924, 0.0003888049104716629, 0.0004069615970365703, 0.00029103763517923653, 0.000355966214556247, 0.0003873186360578984, 0.0003812235372606665, 0.0004894777666777372, 0.0003034846449736506, 0.0004635076329577714, 0.0004381742619443685, 0.0003906639467459172, 0.0002305478701600805, 0.0002829173463396728, 0.0004454666923265904, 0.0004239350964780897, 0.00027977098943665624, 0.0003723027475643903, 0.00031928473617881536, 0.0004465180682018399, 0.00043739023385569453, 0.00035341636976227164, 0.00035050089354626834, 0.0007467747782357037, 0.0003432794183026999, 0.0003567670937627554, 0.00022991128207650036, 0.00039048725739121437, 0.0003000647120643407, 0.0003346790326759219, 0.0003401491267140955]
Zero Point(s): [0, 0, 0, 0, 0, 0, 0, 0, 0, 0, 0, 0, 0, 0, 0, 0, 0, 0, 0, 0, 0, 0, 0, 0, 0, 0, 0, 0, 0, 0, 0, 0, 0, 0, 0, 0, 0, 0, 0, 0, 0, 0, 0, 0, 0, 0, 0, 0, 0, 0, 0, 0, 0, 0, 0, 0, 0, 0, 0, 0, 0, 0, 0, 0, 0, 0, 0, 0, 0, 0, 0, 0, 0, 0, 0, 0, 0, 0, 0, 0, 0, 0, 0, 0, 0, 0, 0, 0, 0, 0, 0, 0, 0, 0, 0, 0]

# --- Shapes summary ---
IFM0 Shape: [1, 14, 14, 192]
IFM1/Weights Shape: [96, 1, 1, 192]
Bias Shape: [96]
OFM Shape: [1, 14, 14, 96]
