Op Type: CONV_2D
Output Tensor: efficientnetv2-b0/block4a_se_expand/BiasAdd;efficientnetv2-b0/block6h_project_conv/Conv2D;efficientnetv2-b0/block4a_se_expand/Conv2D;efficientnetv2-b0/block4a_se_expand/BiasAdd/ReadVariableOp
Output Scale: 0.057508669793605804
Output Zero Point: -7
Output Shape: [1, 1, 1, 192]

# --- Weights ---
Name: efficientnetv2-b0/block4a_se_expand/Conv2D
Shape: [192, 1, 1, 12]
Scale(s): [0.001986344112083316, 0.0009695063927210867, 0.0007648034952580929, 0.0005183257744647563, 0.001402116846293211, 0.000432663771789521, 0.0010152111062780023, 0.0003774235083255917, 0.003975737374275923, 0.0007034951122477651, 0.0009350342443212867, 0.000889368006028235, 0.0003728021983988583, 0.0004266161995474249, 0.0005195049452595413, 0.005264779087156057, 0.00038670943467877805, 0.0013720326824113727, 0.001985034206882119, 0.0008989053894765675, 0.0007480132044292986, 0.0041159214451909065, 0.000743769749533385, 0.0015008613700047135, 0.0005303568323142827, 0.0005848694709129632, 0.0006241672672331333, 0.0018139912281185389, 0.000988901243545115, 0.0011735380394384265, 0.0005136988474987447, 0.0015893137315288186, 0.0007456044550053775, 8.358871127711609e-05, 0.0008923065615817904, 0.0011225978378206491, 0.0026410480495542288, 0.0011303803185001016, 0.0005732462159357965, 0.001202319748699665, 0.005285239778459072, 0.0011300715850666165, 0.0013001697370782495, 0.0006959358579479158, 0.0013452881248667836, 0.00022878281015437096, 0.0003846211184281856, 0.0006397672696039081, 0.0012055743718519807, 0.000470594794023782, 0.0010081544751301408, 0.0008396085468120873, 0.0028993706218898296, 0.0006114542484283447, 0.0010987883433699608, 0.004125535953789949, 0.0005896115908399224, 0.00044304566108621657, 0.0006775922956876457, 0.0005589337670244277, 0.0007700310088694096, 0.0008041179389692843, 0.00033132793032564223, 0.000585957255680114, 0.0012753299670293927, 0.0005205720663070679, 0.00044603063724935055, 0.0011614087270572782, 0.0014830518048256636, 0.000657528406009078, 0.0044567943550646305, 0.00040226048440672457, 0.0007159017841331661, 0.0005180318257771432, 0.001258157310076058, 0.0033107006456702948, 0.004754526540637016, 0.0012135774595662951, 0.001547579886391759, 0.0008876543724909425, 0.0009163750801235437, 0.002916349098086357, 0.0007935421308502555, 0.0008423877297900617, 0.00543137826025486, 0.0036487628240138292, 0.00029051958699710667, 0.0007023877114988863, 0.0007775331614539027, 0.0008359986823052168, 0.0008009913726709783, 0.000763390155043453, 0.0017811092548072338, 0.0038808879908174276, 0.0007131478632800281, 0.0007481143693439662, 0.0005002643447369337, 0.001004424411803484, 0.0009315002826042473, 0.0006356036174111068, 0.0004157020302955061, 0.0008041385444812477, 0.003085641423240304, 0.0009611746645532548, 0.00023913747281767428, 0.001156426384113729, 0.00023413643066305667, 0.0012908021453768015, 0.0006650205468758941, 0.0013648229651153088, 0.0007588463486172259, 0.0053465599194169044, 0.0019661658443510532, 0.0009128934470936656, 0.0011174051323905587, 0.0016493948642164469, 0.0009664118988439441, 0.0003766862500924617, 0.002007343340665102, 0.0007630550535395741, 0.0005275647272355855, 0.0004669683112297207, 0.0005807443521916866, 0.0013332990929484367, 0.00022987712873145938, 0.0006855936371721327, 0.0016825812635943294, 0.000320804218063131, 0.0004491958243306726, 0.0013015468139201403, 0.0013190059689804912, 0.002014826750382781, 0.00027652335120365024, 0.0012167026288807392, 0.0005318820476531982, 0.0012129400856792927, 0.000694292364642024, 0.0008264395291917026, 0.0004546928685158491, 0.0014258454320952296, 0.00039960467256605625, 0.00040138766053132713, 0.0005794332828372717, 0.0011668212246149778, 0.00015574846474919468, 0.004238427616655827, 0.0007991911843419075, 0.00018458253180142492, 0.0025585652329027653, 0.001526990788988769, 0.00012360539403744042, 0.0013727245386689901, 0.001003091223537922, 0.00046477612340822816, 0.0016567938728258014, 0.0006773839122615755, 0.0008630520896986127, 0.0006448826170526445, 0.0006049425574019551, 0.0030870724003762007, 0.0009335206123068929, 0.0004748737846966833, 0.0010160208912566304, 0.0006780506810173392, 0.0002505579905118793, 0.001009336905553937, 0.00010212903725914657, 0.0015072376700118184, 0.006151101086288691, 0.003816702403128147, 0.0006223500822670758, 0.0010879159672185779, 0.0009386090678162873, 0.0010417111916467547, 0.0011887867003679276, 0.0010253468062728643, 0.0008321208297275007, 0.0016212227055802941, 0.000625422690063715, 0.0010678061516955495, 0.0009963460033759475, 0.0004628690076060593, 0.0007632313063368201, 0.0020135946106165648, 0.00035310033126734197, 0.0009081829339265823, 0.0007974948966875672, 0.005617951974272728, 0.0007095254259184003, 0.0008943548891693354, 0.0016587660647928715, 0.0011248075170442462]
Zero Point(s): [0, 0, 0, 0, 0, 0, 0, 0, 0, 0, 0, 0, 0, 0, 0, 0, 0, 0, 0, 0, 0, 0, 0, 0, 0, 0, 0, 0, 0, 0, 0, 0, 0, 0, 0, 0, 0, 0, 0, 0, 0, 0, 0, 0, 0, 0, 0, 0, 0, 0, 0, 0, 0, 0, 0, 0, 0, 0, 0, 0, 0, 0, 0, 0, 0, 0, 0, 0, 0, 0, 0, 0, 0, 0, 0, 0, 0, 0, 0, 0, 0, 0, 0, 0, 0, 0, 0, 0, 0, 0, 0, 0, 0, 0, 0, 0, 0, 0, 0, 0, 0, 0, 0, 0, 0, 0, 0, 0, 0, 0, 0, 0, 0, 0, 0, 0, 0, 0, 0, 0, 0, 0, 0, 0, 0, 0, 0, 0, 0, 0, 0, 0, 0, 0, 0, 0, 0, 0, 0, 0, 0, 0, 0, 0, 0, 0, 0, 0, 0, 0, 0, 0, 0, 0, 0, 0, 0, 0, 0, 0, 0, 0, 0, 0, 0, 0, 0, 0, 0, 0, 0, 0, 0, 0, 0, 0, 0, 0, 0, 0, 0, 0, 0, 0, 0, 0, 0, 0, 0, 0, 0, 0]
Axis: 0

# --- Bias ---
Name: efficientnetv2-b0/block4a_se_expand/BiasAdd/ReadVariableOp
Shape: [192]
Scale(s): [9.805625450098887e-05, 4.785986675415188e-05, 3.775466757360846e-05, 2.5587249183445238e-05, 6.921576277818531e-05, 2.1358528101700358e-05, 5.0116086640628055e-05, 1.8631582861416973e-05, 0.00019626301946118474, 3.4728167520370334e-05, 4.615814032149501e-05, 4.390381945995614e-05, 1.8403450667392462e-05, 2.10599901038222e-05, 2.5645460482337512e-05, 0.00025989682762883604, 1.908998456201516e-05, 6.77306525176391e-05, 9.799158578971401e-05, 4.437463576323353e-05, 3.6925812310073525e-05, 0.0002031832409556955, 3.671633385238238e-05, 7.409030513372272e-05, 2.618116559460759e-05, 2.8872191251139157e-05, 3.0812134355073795e-05, 8.95480188773945e-05, 4.881729546468705e-05, 5.7931927585741505e-05, 2.5358840503031388e-05, 7.845677464501932e-05, 3.680690497276373e-05, 4.126372459722916e-06, 4.4048880226910114e-05, 5.5417254770873114e-05, 0.0001303758326685056, 5.580143624683842e-05, 2.8298407414695248e-05, 5.9352740208851174e-05, 0.0002609068469610065, 5.5786196753615513e-05, 6.41831211396493e-05, 3.435500548221171e-05, 6.641040090471506e-05, 1.1293906936771236e-05, 1.89868933375692e-05, 3.158223262289539e-05, 5.951340790488757e-05, 2.3231001250678673e-05, 4.9767735617933795e-05, 4.144743434153497e-05, 0.00014312798157334328, 3.0184553907020018e-05, 5.424189293989912e-05, 0.00020365786622278392, 2.9106287911417894e-05, 2.187103200412821e-05, 3.3449472539359704e-05, 2.759187191259116e-05, 3.801272760028951e-05, 3.96954346797429e-05, 1.635606531635858e-05, 2.8925891456310637e-05, 6.295690400293097e-05, 2.56981384154642e-05, 2.2018386516720057e-05, 5.7333159929839894e-05, 7.32111293473281e-05, 3.245901461923495e-05, 0.0002200104936491698, 1.9857665392919444e-05, 3.534062852850184e-05, 2.5572739104973152e-05, 6.210917490534484e-05, 0.00016343336028512567, 0.00023470810265280306, 5.990848148940131e-05, 7.639657269464806e-05, 4.3819225538754836e-05, 4.523702955339104e-05, 0.00014396612823475152, 3.9173355617094785e-05, 4.1584629798308015e-05, 0.0002681210171431303, 0.0001801218604668975, 1.4341554560814984e-05, 3.4673503250814974e-05, 3.838307020487264e-05, 4.126923158764839e-05, 3.954108979087323e-05, 3.768489841604605e-05, 8.792479638941586e-05, 0.00019158076611347497, 3.520467726048082e-05, 3.693080725497566e-05, 2.4695644242456183e-05, 4.958359932061285e-05, 4.598368832375854e-05, 3.137669409625232e-05, 2.0521209080470726e-05, 3.969644967583008e-05, 0.00015232327859848738, 4.744856778415851e-05, 1.1805066606029868e-05, 5.7087207096628845e-05, 1.1558188816707116e-05, 6.372069037752226e-05, 3.282886609667912e-05, 6.73747417749837e-05, 3.74605915567372e-05, 0.0002639339363668114, 9.70601467997767e-05, 4.50651568826288e-05, 5.516091550816782e-05, 8.142268779920414e-05, 4.770710438606329e-05, 1.8595188521430828e-05, 9.909288201015443e-05, 3.766835652641021e-05, 2.6043331672553904e-05, 2.3051978132571094e-05, 2.8668555387412198e-05, 6.581855996046215e-05, 1.1347928193572443e-05, 3.384445881238207e-05, 8.306094241561368e-05, 1.583656012371648e-05, 2.2174635887495242e-05, 6.425110768759623e-05, 6.511298124678433e-05, 9.946230420609936e-05, 1.3650627806782722e-05, 6.006275361869484e-05, 2.6256457203999162e-05, 5.9877016610698774e-05, 3.427387491683476e-05, 4.079734208062291e-05, 2.2446000002673827e-05, 7.038712647045031e-05, 1.9726559912669472e-05, 1.981457717192825e-05, 2.8603833925444633e-05, 5.7600351283326745e-05, 7.68855261412682e-06, 0.00020923078409396112, 3.94522248825524e-05, 9.11195184016833e-06, 0.00012630406126845628, 7.538018689956516e-05, 6.101803592173383e-06, 6.776480586268008e-05, 4.951778828399256e-05, 2.294376099598594e-05, 8.178794087143615e-05, 3.343918433529325e-05, 4.260472996975295e-05, 3.183475200785324e-05, 2.9863103918614797e-05, 0.00015239391359500587, 4.6083419874776155e-05, 2.344223321415484e-05, 5.0156064389739186e-05, 3.3472100767539814e-05, 1.2368842362775467e-05, 4.982610698789358e-05, 5.041619260737207e-06, 7.440507033606991e-05, 0.00030365027487277985, 0.00018841223209165037, 3.072242907364853e-05, 5.370517828851007e-05, 4.633461503544822e-05, 5.142427107784897e-05, 5.868467997061089e-05, 5.061643969384022e-05, 4.1077801142819226e-05, 8.003196853678674e-05, 3.087411096203141e-05, 5.27124539075885e-05, 4.918480772175826e-05, 2.2849615561426617e-05, 3.767705857171677e-05, 9.940147720044479e-05, 1.7430864318157546e-05, 4.48326209152583e-05, 3.936848588637076e-05, 0.00027733127353712916, 3.5025856050197035e-05, 4.414999784785323e-05, 8.188530046027154e-05, 5.552633592742495e-05]
Zero Point(s): [0, 0, 0, 0, 0, 0, 0, 0, 0, 0, 0, 0, 0, 0, 0, 0, 0, 0, 0, 0, 0, 0, 0, 0, 0, 0, 0, 0, 0, 0, 0, 0, 0, 0, 0, 0, 0, 0, 0, 0, 0, 0, 0, 0, 0, 0, 0, 0, 0, 0, 0, 0, 0, 0, 0, 0, 0, 0, 0, 0, 0, 0, 0, 0, 0, 0, 0, 0, 0, 0, 0, 0, 0, 0, 0, 0, 0, 0, 0, 0, 0, 0, 0, 0, 0, 0, 0, 0, 0, 0, 0, 0, 0, 0, 0, 0, 0, 0, 0, 0, 0, 0, 0, 0, 0, 0, 0, 0, 0, 0, 0, 0, 0, 0, 0, 0, 0, 0, 0, 0, 0, 0, 0, 0, 0, 0, 0, 0, 0, 0, 0, 0, 0, 0, 0, 0, 0, 0, 0, 0, 0, 0, 0, 0, 0, 0, 0, 0, 0, 0, 0, 0, 0, 0, 0, 0, 0, 0, 0, 0, 0, 0, 0, 0, 0, 0, 0, 0, 0, 0, 0, 0, 0, 0, 0, 0, 0, 0, 0, 0, 0, 0, 0, 0, 0, 0, 0, 0, 0, 0, 0, 0]

# --- Shapes summary ---
IFM0 Shape: [1, 1, 1, 12]
IFM1/Weights Shape: [192, 1, 1, 12]
Bias Shape: [192]
OFM Shape: [1, 1, 1, 192]
