Op Type: CONV_2D
Output Tensor: efficientnetv2-b0/block3a_expand_bn/FusedBatchNormV3;efficientnetv2-b0/block3a_expand_conv/Conv2D
Output Scale: 0.06282898038625717
Output Zero Point: -40
Output Shape: [1, 28, 28, 128]

# --- Weights ---
Name: efficientnetv2-b0/block3a_expand_conv/Conv2D
Shape: [128, 3, 3, 32]
Scale(s): [0.0003807735920418054, 0.00045328313717618585, 0.000535139231942594, 0.0010133169125765562, 0.0009448212804272771, 0.0005012872279621661, 0.00020827408297918737, 0.00039695031591691077, 0.00045457540545612574, 0.00016320255235768855, 0.00017918860248755664, 0.0003070179664064199, 0.0003979589091613889, 0.0005946832243353128, 0.00024646450765430927, 0.00033177435398101807, 0.00016015602159313858, 0.0009069702355191112, 0.00031575551838614047, 0.0004636562953237444, 0.0004603978886734694, 0.00029715546406805515, 0.0008719019242562354, 0.0003840627905447036, 0.00048803631216287613, 0.0001973356556845829, 0.00022557142074219882, 0.00027485020109452307, 0.00019891210831701756, 0.0003257045755162835, 0.0005549310008063912, 0.001256075338460505, 0.00026508382870815694, 0.0004210102488286793, 0.00023976221564225852, 0.0005145677132532, 0.000496727239806205, 0.00022692032507620752, 0.0004545321862678975, 0.00044138834346085787, 0.0006303817499428988, 0.0002520326233934611, 0.0003840985882561654, 0.00026131165213882923, 0.00024297708296217024, 0.00023685474297963083, 0.00025071491836570203, 0.00031436432618647814, 0.00022668835299555212, 0.0002988294290844351, 0.000317709258524701, 0.0007335131522268057, 0.00024629387189634144, 0.0003494217526167631, 0.0009484916809014976, 0.0002930833143182099, 0.0005862322286702693, 0.0002885645371861756, 0.0006573601858690381, 0.00041185610461980104, 0.0007484641973860562, 0.0004088944988325238, 0.00023260338639374822, 0.0003102022164966911, 0.00023436392075382173, 0.0004341946914792061, 0.00034451353712938726, 0.0003093060222454369, 0.0004139833035878837, 0.00024107476929202676, 0.0004128066066186875, 0.0003607101389206946, 0.00020009382569696754, 0.0006926240166649222, 0.00022821442689746618, 0.00023919885279610753, 0.0001932989398483187, 0.00048738456098362803, 0.00044350040843710303, 0.0003082439361605793, 0.0007269305642694235, 0.00023653027892578393, 0.00024051277432590723, 0.0004562420363072306, 0.00039073204970918596, 0.0004018672334495932, 0.0005006553838029504, 0.00040258749504573643, 0.0003128382668364793, 0.0002895812795031816, 0.00032400910276919603, 0.0002759004128165543, 0.0005562096484936774, 0.00028049451066181064, 0.0002830881567206234, 0.00028215450583957136, 0.0004244335286784917, 0.0002449468884151429, 0.0004283589369151741, 0.0003168047114741057, 0.00019849772797897458, 0.0005988625343888998, 0.0003415217506699264, 0.0002524830342736095, 0.0003083640185650438, 0.00019136241462547332, 0.00031299045076593757, 0.0003255181363783777, 0.0002575304242782295, 0.00022948197147343308, 0.00025780839496292174, 0.0012762598926201463, 0.00041179312393069267, 0.00025893066776916385, 0.0008767832187004387, 0.00047018457553349435, 0.0010766697814688087, 0.00031079648761078715, 0.000821405032183975, 0.00044202982098795474, 0.00019828745280392468, 0.00023291059187613428, 0.00025300521519966424, 0.0005053808563388884, 0.0008904458954930305, 0.0005164181930013001, 0.0003027582715731114, 0.00020413710444699973]
Zero Point(s): [0, 0, 0, 0, 0, 0, 0, 0, 0, 0, 0, 0, 0, 0, 0, 0, 0, 0, 0, 0, 0, 0, 0, 0, 0, 0, 0, 0, 0, 0, 0, 0, 0, 0, 0, 0, 0, 0, 0, 0, 0, 0, 0, 0, 0, 0, 0, 0, 0, 0, 0, 0, 0, 0, 0, 0, 0, 0, 0, 0, 0, 0, 0, 0, 0, 0, 0, 0, 0, 0, 0, 0, 0, 0, 0, 0, 0, 0, 0, 0, 0, 0, 0, 0, 0, 0, 0, 0, 0, 0, 0, 0, 0, 0, 0, 0, 0, 0, 0, 0, 0, 0, 0, 0, 0, 0, 0, 0, 0, 0, 0, 0, 0, 0, 0, 0, 0, 0, 0, 0, 0, 0, 0, 0, 0, 0, 0, 0]
Axis: 0

# --- Bias ---
Name: efficientnetv2-b0/block3a_expand_bn/FusedBatchNormV3
Shape: [128]
Scale(s): [5.5483400501543656e-05, 6.604893860640004e-05, 7.797637954354286e-05, 0.00014765275409445167, 0.0001376720902044326, 7.304372411454096e-05, 3.0348099244292825e-05, 5.7840548834064975e-05, 6.62372331134975e-05, 2.378062163188588e-05, 2.610998672025744e-05, 4.4736298150382936e-05, 5.7987515901913866e-05, 8.665266796015203e-05, 3.591291533666663e-05, 4.8343608796130866e-05, 2.3336704543908127e-05, 0.00013215673970989883, 4.6009467041585594e-05, 6.756043148925528e-05, 6.708564615109935e-05, 4.329920921009034e-05, 0.00012704684922937304, 5.596267874352634e-05, 7.111290324246511e-05, 2.875423524528742e-05, 3.286853461759165e-05, 4.0049060771707445e-05, 2.8983944503124803e-05, 4.745916885440238e-05, 8.08602781035006e-05, 0.0001830256514949724, 3.862597804982215e-05, 6.134637806098908e-05, 3.493630720186047e-05, 7.497885235352442e-05, 7.237927638925612e-05, 3.30650873365812e-05, 6.623093941016123e-05, 6.431571819121018e-05, 9.185438830172643e-05, 3.672425737022422e-05, 5.596789560513571e-05, 3.8076326745795086e-05, 3.5404755180934444e-05, 3.451265365583822e-05, 3.6532252124743536e-05, 4.580675522447564e-05, 3.3031283237505704e-05, 4.3543128413148224e-05, 4.629415343515575e-05, 0.000106881903775502, 3.588804975152016e-05, 5.091505227028392e-05, 0.00013820691674482077, 4.270584759069607e-05, 8.542125578969717e-05, 4.204740616842173e-05, 9.578547178534791e-05, 6.001250585541129e-05, 0.00010906044917646796, 5.9580965171335265e-05, 3.3893178624566644e-05, 4.5200282329460606e-05, 3.4149710700148717e-05, 6.326751463348046e-05, 5.019986565457657e-05, 4.506969708018005e-05, 6.032246528775431e-05, 3.51275630237069e-05, 6.015100734657608e-05, 5.2559909818228334e-05, 2.9156135497032665e-05, 0.00010092384763993323, 3.325365105411038e-05, 3.4854219848057255e-05, 2.816603591782041e-05, 7.101793016772717e-05, 6.46234693704173e-05, 4.491493746172637e-05, 0.00010592273611109704, 3.446537448326126e-05, 3.5045672120759264e-05, 6.64800827507861e-05, 5.6934470194391906e-05, 5.8557005104376e-05, 7.295165414689109e-05, 5.866195715498179e-05, 4.558438740787096e-05, 4.219555921736173e-05, 4.721211735159159e-05, 4.020208871224895e-05, 8.1046593550127e-05, 4.087150591658428e-05, 4.124943006900139e-05, 4.11133878515102e-05, 6.184519588714465e-05, 3.569177715689875e-05, 6.241717346711084e-05, 4.6162349462974817e-05, 2.89235631498741e-05, 8.726164378458634e-05, 4.976392665412277e-05, 3.678988650790416e-05, 4.493243613978848e-05, 2.7883859729627147e-05, 4.5606564526678994e-05, 4.743200042867102e-05, 3.7525354855461046e-05, 3.3438351238146424e-05, 3.7565860111499205e-05, 0.00018596678273752332, 6.0003330872859806e-05, 3.772938725887798e-05, 0.00012775811774190515, 6.8511682911776e-05, 0.00015688405255787075, 4.528687713900581e-05, 0.00011968882608925924, 6.44091924186796e-05, 2.8892924092360772e-05, 3.39379403158091e-05, 3.686597483465448e-05, 7.364021439570934e-05, 0.00012974893616046757, 7.524849206674844e-05, 4.411560803418979e-05, 2.9745289793936536e-05]
Zero Point(s): [0, 0, 0, 0, 0, 0, 0, 0, 0, 0, 0, 0, 0, 0, 0, 0, 0, 0, 0, 0, 0, 0, 0, 0, 0, 0, 0, 0, 0, 0, 0, 0, 0, 0, 0, 0, 0, 0, 0, 0, 0, 0, 0, 0, 0, 0, 0, 0, 0, 0, 0, 0, 0, 0, 0, 0, 0, 0, 0, 0, 0, 0, 0, 0, 0, 0, 0, 0, 0, 0, 0, 0, 0, 0, 0, 0, 0, 0, 0, 0, 0, 0, 0, 0, 0, 0, 0, 0, 0, 0, 0, 0, 0, 0, 0, 0, 0, 0, 0, 0, 0, 0, 0, 0, 0, 0, 0, 0, 0, 0, 0, 0, 0, 0, 0, 0, 0, 0, 0, 0, 0, 0, 0, 0, 0, 0, 0, 0]

# --- Shapes summary ---
IFM0 Shape: [1, 56, 56, 32]
IFM1/Weights Shape: [128, 3, 3, 32]
Bias Shape: [128]
OFM Shape: [1, 28, 28, 128]
