-3941
-2715
13281
5098
9092
-24492
-2150
-24241
12534
-8474
3560
-15695
-12802
7476
-11692
7344
11132
-22979
-1497
-14903
-17483
-15423
31773
4355
6364
-9337
-31
-1644
-17231
19919
6548
-7915
1317
-20287
11035
11522
10286
13680
9900
4112
-13181
-5338
-9414
12540
-13459
7167
-482
-7168
18775
-7656
-12758
5306
-5927
18621
13626
-7666
-16305
7274
-24857
-4126
-1085
-10699
-3004
-7464
6780
26198
2294
279
-10485
-14785
2797
25619
5995
-3239
8362
-5886
10810
-10245
-11056
2219
27787
-29494
27730
-2738
-4390
7041
-499
-8475
225
16842
6077
10209
-3525
5636
15993
-5531
