Op Type: CONV_2D
Output Tensor: efficientnetv2-b0/block2a_expand_bn/FusedBatchNormV3;efficientnetv2-b0/block2a_expand_conv/Conv2D
Output Scale: 0.130977600812912
Output Zero Point: -10
Output Shape: [1, 56, 56, 64]

# --- Weights ---
Name: efficientnetv2-b0/block2a_expand_conv/Conv2D
Shape: [64, 3, 3, 16]
Scale(s): [0.0014619415160268545, 0.003050605533644557, 0.0048521519638597965, 0.003131525358185172, 0.0021555910352617502, 0.001347109442576766, 0.00206668465398252, 0.0025495104491710663, 0.002946724183857441, 0.0028649719897657633, 0.002596900099888444, 0.0013620179379358888, 0.0012405499583110213, 0.003894971450790763, 0.0026996261440217495, 0.0023015737533569336, 0.0038294964469969273, 0.004090084694325924, 0.001643233117647469, 0.003121019573882222, 0.0021343764383345842, 0.002312194090336561, 0.003032964887097478, 0.0028268161695450544, 0.0011601814767345786, 0.003189521376043558, 0.0027527553029358387, 0.0021843600552529097, 0.003340307855978608, 0.0013484933879226446, 0.002146446378901601, 0.0021623617503792048, 0.0014319696929305792, 0.002040555002167821, 0.0013551869196817279, 0.0025372703094035387, 0.0018982175970450044, 0.001540364813990891, 0.0017185708275064826, 0.0018409035401418805, 0.0019456616137176752, 0.0058811018243432045, 0.004365910775959492, 0.002264305716380477, 0.0025824655313044786, 0.0011909634340554476, 0.0029443236999213696, 0.004321014042943716, 0.002552154241129756, 0.0035559863317757845, 0.002087750006467104, 0.002564223250374198, 0.0022282127756625414, 0.0014475948410108685, 0.0019821699243038893, 0.0015386518789455295, 0.004989737644791603, 0.001571076107211411, 0.003494455013424158, 0.002560507273301482, 0.0035295793786644936, 0.0013975849142298102, 0.0017057729419320822, 0.0021352877374738455]
Zero Point(s): [0, 0, 0, 0, 0, 0, 0, 0, 0, 0, 0, 0, 0, 0, 0, 0, 0, 0, 0, 0, 0, 0, 0, 0, 0, 0, 0, 0, 0, 0, 0, 0, 0, 0, 0, 0, 0, 0, 0, 0, 0, 0, 0, 0, 0, 0, 0, 0, 0, 0, 0, 0, 0, 0, 0, 0, 0, 0, 0, 0, 0, 0, 0, 0]
Axis: 0

# --- Bias ---
Name: efficientnetv2-b0/block2a_expand_bn/FusedBatchNormV3
Shape: [64]
Scale(s): [0.00021274809841997921, 0.0004439374024514109, 0.0007061062497086823, 0.0004557131906040013, 0.00031369097996503115, 0.0001960372319445014, 0.00030075295944698155, 0.0003710158634930849, 0.00042882011621259153, 0.0004169231979176402, 0.00037791221984662116, 0.00019820677698589861, 0.00018053023086395115, 0.0005668132216669619, 0.0003928613441530615, 0.00033493502996861935, 0.0005572849768213928, 0.0005952069186605513, 0.00023913042969070375, 0.00045418436639010906, 0.00031060376204550266, 0.00033648055978119373, 0.0004413702408783138, 0.0004113705945201218, 0.0001688346528680995, 0.00046415303950197995, 0.0004005929222330451, 0.00031787759508006275, 0.00048609613440930843, 0.000196238630451262, 0.000312360207317397, 0.00031467629014514387, 0.00020838646742049605, 0.0002969504566863179, 0.00019721270655281842, 0.00036923462175764143, 0.0002762368822004646, 0.00022416059800889343, 0.00025009390083141625, 0.00026789630646817386, 0.0002831411547958851, 0.0008558435365557671, 0.0006353463395498693, 0.0003295116184744984, 0.00037581162177957594, 0.0001733141834847629, 0.0004284708120394498, 0.0006288127624429762, 0.00037140058702789247, 0.0005174826364964247, 0.0003038184659089893, 0.000373156915884465, 0.0003242592210881412, 0.00021066030603833497, 0.0002884540008381009, 0.0002239113237010315, 0.0007261283462867141, 0.00022862984042149037, 0.0005085283191874623, 0.00037261616671457887, 0.0005136397667229176, 0.00020338264585006982, 0.0002482315176166594, 0.00031073635909706354]
Zero Point(s): [0, 0, 0, 0, 0, 0, 0, 0, 0, 0, 0, 0, 0, 0, 0, 0, 0, 0, 0, 0, 0, 0, 0, 0, 0, 0, 0, 0, 0, 0, 0, 0, 0, 0, 0, 0, 0, 0, 0, 0, 0, 0, 0, 0, 0, 0, 0, 0, 0, 0, 0, 0, 0, 0, 0, 0, 0, 0, 0, 0, 0, 0, 0, 0]

# --- Shapes summary ---
IFM0 Shape: [1, 112, 112, 16]
IFM1/Weights Shape: [64, 3, 3, 16]
Bias Shape: [64]
OFM Shape: [1, 56, 56, 64]
