Op Type: CONV_2D
Output Tensor: efficientnetv2-b0/stem_bn/FusedBatchNormV3;efficientnetv2-b0/block2b_project_conv/Conv2D;efficientnetv2-b0/stem_conv/Conv2D
Output Scale: 0.3273392617702484
Output Zero Point: 37
Output Shape: [1, 112, 112, 32]

# --- Weights ---
Name: efficientnetv2-b0/stem_conv/Conv2D
Shape: [32, 3, 3, 3]
Scale(s): [0.056188516318798065, 0.022853629663586617, 0.035092830657958984, 0.02886543795466423, 0.034951888024806976, 0.049767300486564636, 0.0034254996571689844, 0.007333424873650074, 0.025258002802729607, 0.029991598799824715, 0.0086028091609478, 0.04524575173854828, 0.02554435469210148, 0.016780512407422066, 0.013639627024531364, 0.010387836955487728, 0.013898588716983795, 0.032270245254039764, 0.010344828478991985, 0.01048828661441803, 0.03134801611304283, 0.025592155754566193, 0.008462229743599892, 0.024897485971450806, 0.06175066530704498, 0.024704473093152046, 0.073551706969738, 0.034186139702796936, 0.04091257229447365, 0.02818269096314907, 0.020487569272518158, 0.05090176314115524]
Zero Point(s): [0, 0, 0, 0, 0, 0, 0, 0, 0, 0, 0, 0, 0, 0, 0, 0, 0, 0, 0, 0, 0, 0, 0, 0, 0, 0, 0, 0, 0, 0, 0, 0]
Axis: 0

# --- Bias ---
Name: efficientnetv2-b0/stem_bn/FusedBatchNormV3
Shape: [32]
Scale(s): [0.0004666740423999727, 0.00018981094763148576, 0.0002914637152571231, 0.00023974206123966724, 0.00029029310098849237, 0.0004133426118642092, 2.8450507670640945e-05, 6.090780152590014e-05, 0.0002097804972436279, 0.00024909540661610663, 7.145068229874596e-05, 0.0003757888625841588, 0.00021215878950897604, 0.0001393706479575485, 0.00011328400432830676, 8.627623901702464e-05, 0.00011543480650288984, 0.00026802069623954594, 8.591903315391392e-05, 8.711052942089736e-05, 0.0002603611210361123, 0.00021255579486023635, 7.028310210444033e-05, 0.000206786222406663, 0.0005128704942762852, 0.00020518313976936042, 0.0006108841043896973, 0.00028393318643793464, 0.00033979961881414056, 0.0002340715000173077, 0.00017015961930155754, 0.00042276488966308534]
Zero Point(s): [0, 0, 0, 0, 0, 0, 0, 0, 0, 0, 0, 0, 0, 0, 0, 0, 0, 0, 0, 0, 0, 0, 0, 0, 0, 0, 0, 0, 0, 0, 0, 0]

# --- Shapes summary ---
IFM0 Shape: [1, 224, 224, 3]
IFM1/Weights Shape: [32, 3, 3, 3]
Bias Shape: [32]
OFM Shape: [1, 112, 112, 32]
