-465
24897
3075
-136
3394
16200
80843
5207
17063
153623
90915
1099
12937
10330
78458
-22378
57865
368
-3996
-16246
38634
155454
16175
-10051
11537
47984
72860
23362
42692
30578
48830
25598
19271
28862
21056
40992
12139
36524
1993
18149
4753
59354
1860
43903
118325
46915
56192
132848
77378
33030
120016
11414
34832
26350
15967
77164
56573
100660
-2524
25824
3041
12274
30646
30267
63922
3725
45702
36717
1947
254482
55394
13410
-34422
18350
-29981
57482
74607
4494
27001
109349
-5054
41444
62767
10283
36621
20498
39445
2228
33581
36298
22161
102146
24291
40699
1056
82035
22455
-24978
19735
8016
153152
7416
47815
88886
21859
75033
60090
30812
50832
21101
11503
12480
80993
48801
19850
7036
14798
40460
7427
-49
44882
58502
119965
3405
4596
23877
34289
-550
