Op Type: CONV_2D
Output Tensor: efficientnetv2-b0/block3a_project_bn/FusedBatchNormV3;efficientnetv2-b0/block6h_se_reduce/Conv2D;efficientnetv2-b0/block3a_project_conv/Conv2D
Output Scale: 0.1337714046239853
Output Zero Point: -24
Output Shape: [1, 28, 28, 48]

# --- Weights ---
Name: efficientnetv2-b0/block3a_project_conv/Conv2D
Shape: [48, 1, 1, 128]
Scale(s): [0.010738383047282696, 0.007596517913043499, 0.01322054024785757, 0.009595859795808792, 0.009573332034051418, 0.009589144960045815, 0.006716454401612282, 0.013606104999780655, 0.0098971426486969, 0.009786003269255161, 0.00864080898463726, 0.007352351676672697, 0.0067879934795200825, 0.010292750783264637, 0.009233868680894375, 0.006954499986022711, 0.010638763196766376, 0.007503985892981291, 0.012073999270796776, 0.00895495805889368, 0.008898847736418247, 0.008154358714818954, 0.011117545887827873, 0.013259407132863998, 0.011301559396088123, 0.008788595907390118, 0.012777243740856647, 0.010465129278600216, 0.010130414739251137, 0.014350411482155323, 0.009654873982071877, 0.007967703975737095, 0.007507816422730684, 0.009171458892524242, 0.008115911856293678, 0.009794816374778748, 0.007496605161577463, 0.008372364565730095, 0.00905538722872734, 0.00806798692792654, 0.0075101591646671295, 0.010753707028925419, 0.006451415363699198, 0.007353789173066616, 0.006287131458520889, 0.01063934713602066, 0.006063666194677353, 0.009207777678966522]
Zero Point(s): [0, 0, 0, 0, 0, 0, 0, 0, 0, 0, 0, 0, 0, 0, 0, 0, 0, 0, 0, 0, 0, 0, 0, 0, 0, 0, 0, 0, 0, 0, 0, 0, 0, 0, 0, 0, 0, 0, 0, 0, 0, 0, 0, 0, 0, 0, 0, 0]
Axis: 0

# --- Bias ---
Name: efficientnetv2-b0/block3a_project_bn/FusedBatchNormV3
Shape: [48]
Scale(s): [0.0004543470568023622, 0.0003214129828847945, 0.0005593685200437903, 0.000406006263801828, 0.00040505308425053954, 0.0004057221522089094, 0.0002841769892256707, 0.0005756819737143815, 0.00041875371243804693, 0.00041405134834349155, 0.0003655975160654634, 0.00031108217081055045, 0.0002872038458008319, 0.0004354921111371368, 0.0003906901984009892, 0.0002942488354165107, 0.00045013209455646574, 0.00031749787740409374, 0.0005108577315695584, 0.00037888935185037553, 0.00037651529419235885, 0.000345015519997105, 0.00047038967022672296, 0.0005610130028799176, 0.00047817538143135607, 0.00037185047403909266, 0.0005406123818829656, 0.0004427855310495943, 0.0004286235780455172, 0.0006071740062907338, 0.0004085031687282026, 0.00033711805008351803, 0.0003176599566359073, 0.0003880496078636497, 0.0003433888196013868, 0.0004144242266193032, 0.000317185593303293, 0.000354239484295249, 0.00038313856930471957, 0.00034136109752580523, 0.00031775908428244293, 0.0004549954319372773, 0.0002729630214162171, 0.00031114296871237457, 0.00026601209538057446, 0.0004501568037085235, 0.0002565571339800954, 0.00038958629011176527]
Zero Point(s): [0, 0, 0, 0, 0, 0, 0, 0, 0, 0, 0, 0, 0, 0, 0, 0, 0, 0, 0, 0, 0, 0, 0, 0, 0, 0, 0, 0, 0, 0, 0, 0, 0, 0, 0, 0, 0, 0, 0, 0, 0, 0, 0, 0, 0, 0, 0, 0]

# --- Shapes summary ---
IFM0 Shape: [1, 28, 28, 128]
IFM1/Weights Shape: [48, 1, 1, 128]
Bias Shape: [48]
OFM Shape: [1, 28, 28, 48]
