Op Type: CONV_2D
Output Tensor: efficientnetv2-b0/block5b_se_reduce/BiasAdd;efficientnetv2-b0/block6a_se_reduce/Conv2D;efficientnetv2-b0/block5b_se_reduce/Conv2D;efficientnetv2-b0/block5b_se_reduce/BiasAdd/ReadVariableOp
Output Scale: 0.021397721022367477
Output Zero Point: -95
Output Shape: [1, 1, 1, 28]

# --- Weights ---
Name: efficientnetv2-b0/block5b_se_reduce/Conv2D
Shape: [28, 1, 1, 672]
Scale(s): [0.0027774462942034006, 0.003191216615960002, 0.003131680889055133, 0.0030778651125729084, 0.005334365647286177, 0.004626143258064985, 0.0029228029306977987, 0.003314679954200983, 0.003001211443915963, 0.003626627381891012, 0.005753231234848499, 0.004118996672332287, 0.0029934931080788374, 0.004345925524830818, 0.0032638483680784702, 0.0031444437336176634, 0.0051714954897761345, 0.0030394403729587793, 0.0058202920481562614, 0.00513445446267724, 0.004456758964806795, 0.0036832101177424192, 0.002788713201880455, 0.007330524269491434, 0.0037002372555434704, 0.0030016652308404446, 0.005311150103807449, 0.005132818594574928]
Zero Point(s): [0, 0, 0, 0, 0, 0, 0, 0, 0, 0, 0, 0, 0, 0, 0, 0, 0, 0, 0, 0, 0, 0, 0, 0, 0, 0, 0, 0]
Axis: 0

# --- Bias ---
Name: efficientnetv2-b0/block5b_se_reduce/BiasAdd/ReadVariableOp
Shape: [28]
Scale(s): [2.6158730179304257e-05, 3.0055729439482093e-05, 2.9495005946955644e-05, 2.8988155463594012e-05, 5.024048004997894e-05, 4.35702531831339e-05, 2.752773798420094e-05, 3.1218540243571624e-05, 2.8266209483263083e-05, 3.4156542824348435e-05, 5.4185467888601124e-05, 3.8793808926129714e-05, 2.819351720972918e-05, 4.0931085095508024e-05, 3.0739793146494776e-05, 2.9615210223710164e-05, 4.8706522647989914e-05, 2.862626024580095e-05, 5.481706466525793e-05, 4.835766230826266e-05, 4.197494490654208e-05, 3.468945578788407e-05, 2.626484456413891e-05, 6.904083420522511e-05, 3.484982153167948e-05, 2.8270484108361416e-05, 5.0021830247715116e-05, 4.834225546801463e-05]
Zero Point(s): [0, 0, 0, 0, 0, 0, 0, 0, 0, 0, 0, 0, 0, 0, 0, 0, 0, 0, 0, 0, 0, 0, 0, 0, 0, 0, 0, 0]

# --- Shapes summary ---
IFM0 Shape: [1, 1, 1, 672]
IFM1/Weights Shape: [28, 1, 1, 672]
Bias Shape: [28]
OFM Shape: [1, 1, 1, 28]
