Op Type: CONV_2D
Output Tensor: efficientnetv2-b0/block6a_project_bn/FusedBatchNormV3;efficientnetv2-b0/block6h_project_conv/Conv2D;efficientnetv2-b0/block6a_project_conv/Conv2D
Output Scale: 0.10101620852947235
Output Zero Point: -18
Output Shape: [1, 7, 7, 192]

# --- Weights ---
Name: efficientnetv2-b0/block6a_project_conv/Conv2D
Shape: [192, 1, 1, 672]
Scale(s): [0.003984161652624607, 0.0037159337662160397, 0.004029740113765001, 0.0038369973190128803, 0.004044949542731047, 0.004002616740763187, 0.004002625588327646, 0.0038245159666985273, 0.003680707421153784, 0.005545604508370161, 0.003260763129219413, 0.0033248586114495993, 0.0042913006618618965, 0.003367488505318761, 0.003644457785412669, 0.003633936634287238, 0.003484848653897643, 0.003696983912959695, 0.0037642770912498236, 0.004101895727217197, 0.004273782484233379, 0.0039762225933372974, 0.0038381912745535374, 0.003795926459133625, 0.004536063876003027, 0.004689278546720743, 0.0034208549186587334, 0.0037903457414358854, 0.004357097204774618, 0.003978654742240906, 0.004447816871106625, 0.0036097834818065166, 0.004202093463391066, 0.004051359370350838, 0.0041772108525037766, 0.0031978890765458345, 0.003115832107141614, 0.003795636584982276, 0.0034203799441456795, 0.0040449947118759155, 0.0029978291131556034, 0.003668862394988537, 0.004855959210544825, 0.004093111492693424, 0.0043302313424646854, 0.0030882381834089756, 0.004357051104307175, 0.004417692311108112, 0.0038073942996561527, 0.0034949139226228, 0.0036974376998841763, 0.0034275632351636887, 0.0034862987231463194, 0.0037193053867667913, 0.0034392380621284246, 0.0037927606608718634, 0.0036560199223458767, 0.003597207833081484, 0.003611986292526126, 0.0036807290744036436, 0.005500595085322857, 0.0038695100229233503, 0.0031983049120754004, 0.005626155994832516, 0.00400279788300395, 0.0036770824808627367, 0.003767922054976225, 0.003957854118198156, 0.004683596082031727, 0.003292863955721259, 0.007166395429521799, 0.004698218312114477, 0.003802642924711108, 0.0038716939743608236, 0.0032755739521235228, 0.003809241345152259, 0.0036507700569927692, 0.004387298133224249, 0.004866593051701784, 0.003104979172348976, 0.0032898499630391598, 0.003940040711313486, 0.005494328681379557, 0.003432710189372301, 0.0034186411648988724, 0.00337406387552619, 0.0032821663189679384, 0.0033110128715634346, 0.004203991498798132, 0.003824943909421563, 0.004004578106105328, 0.003405551193282008, 0.003722831839695573, 0.0035918629728257656, 0.005344248842447996, 0.0034217836800962687, 0.00393310422077775, 0.004233859945088625, 0.0034830172080546618, 0.005747855640947819, 0.00400630384683609, 0.0036852166522294283, 0.004302198067307472, 0.0038683549501001835, 0.0037556258030235767, 0.003230603877454996, 0.003425909671932459, 0.0036557780113071203, 0.004043553955852985, 0.003873807843774557, 0.00434485450387001, 0.004218896850943565, 0.0035581369884312153, 0.0037022314500063658, 0.0034539883490651846, 0.004007719457149506, 0.0048503088764846325, 0.0032748570665717125, 0.004027290735393763, 0.0038889991119503975, 0.0035008240956813097, 0.003281008917838335, 0.0038955332711338997, 0.003538812743499875, 0.004013790283352137, 0.003805526066571474, 0.003270801855251193, 0.003786241402849555, 0.0034154595341533422, 0.0031075882725417614, 0.005473246332257986, 0.0044848499819636345, 0.004622704815119505, 0.00375125533901155, 0.004085133783519268, 0.004108761437237263, 0.0040740338154137135, 0.003802891355007887, 0.0038116194773465395, 0.003729266347363591, 0.0036623638588935137, 0.0033028055913746357, 0.0037286351434886456, 0.003576414193958044, 0.003784028347581625, 0.003920868970453739, 0.004207891877740622, 0.0041327099315822124, 0.0034114609006792307, 0.004022604785859585, 0.0038901627995073795, 0.0034203350078314543, 0.003929604310542345, 0.0033765642438083887, 0.003254355862736702, 0.0033364661503583193, 0.003451681463047862, 0.002948588924482465, 0.0037461582105606794, 0.0033500762656331062, 0.00316153047606349, 0.0035996821243315935, 0.003948162775486708, 0.0034197561908513308, 0.0033568136859685183, 0.003507759654894471, 0.0036539097782224417, 0.0032482801470905542, 0.00370556628331542, 0.0038252738304436207, 0.0034088310785591602, 0.003404197981581092, 0.004422866739332676, 0.003231119830161333, 0.0031780297867953777, 0.004459934309124947, 0.0031866966746747494, 0.0038766462821513414, 0.003864654339849949, 0.00489440793171525, 0.004253658931702375, 0.003369811689481139, 0.003733950201421976, 0.004354807548224926, 0.003673394676297903, 0.004163716919720173, 0.003447527764365077, 0.00389300798997283, 0.005449105054140091, 0.006531971972435713, 0.003671505954116583, 0.0032818587496876717]
Zero Point(s): [0, 0, 0, 0, 0, 0, 0, 0, 0, 0, 0, 0, 0, 0, 0, 0, 0, 0, 0, 0, 0, 0, 0, 0, 0, 0, 0, 0, 0, 0, 0, 0, 0, 0, 0, 0, 0, 0, 0, 0, 0, 0, 0, 0, 0, 0, 0, 0, 0, 0, 0, 0, 0, 0, 0, 0, 0, 0, 0, 0, 0, 0, 0, 0, 0, 0, 0, 0, 0, 0, 0, 0, 0, 0, 0, 0, 0, 0, 0, 0, 0, 0, 0, 0, 0, 0, 0, 0, 0, 0, 0, 0, 0, 0, 0, 0, 0, 0, 0, 0, 0, 0, 0, 0, 0, 0, 0, 0, 0, 0, 0, 0, 0, 0, 0, 0, 0, 0, 0, 0, 0, 0, 0, 0, 0, 0, 0, 0, 0, 0, 0, 0, 0, 0, 0, 0, 0, 0, 0, 0, 0, 0, 0, 0, 0, 0, 0, 0, 0, 0, 0, 0, 0, 0, 0, 0, 0, 0, 0, 0, 0, 0, 0, 0, 0, 0, 0, 0, 0, 0, 0, 0, 0, 0, 0, 0, 0, 0, 0, 0, 0, 0, 0, 0, 0, 0, 0, 0, 0, 0, 0, 0]
Axis: 0

# --- Bias ---
Name: efficientnetv2-b0/block6a_project_bn/FusedBatchNormV3
Shape: [192]
Scale(s): [0.00020563464204315096, 0.0001917905901791528, 0.0002079870755551383, 0.00019803903705906123, 0.00020877207862213254, 0.00020658715220633894, 0.00020658761786762625, 0.00019739483832381666, 0.00018997244478669018, 0.00028622543322853744, 0.00016829784726724029, 0.00017160600691568106, 0.00022148700372781605, 0.00017380627105012536, 0.00018810149049386382, 0.00018755845667328686, 0.0001798635785235092, 0.0001908125268528238, 0.0001942857343237847, 0.00021171124535612762, 0.00022058284957893193, 0.00020522487466223538, 0.00019810066442005336, 0.0001959192450158298, 0.00023411998699884862, 0.00024202784697990865, 0.00017656067211646587, 0.0001956312044057995, 0.0002248829696327448, 0.0002053504140349105, 0.00022956528118811548, 0.00018631185230333358, 0.00021688276319764555, 0.00020910291641484946, 0.00021559848391916603, 0.0001650527265155688, 0.00016081752255558968, 0.00019590428564697504, 0.00017653615213930607, 0.0002087744214804843, 0.00015472703671548516, 0.00018936108972411603, 0.00025063075008802116, 0.00021125786588527262, 0.00022349634673446417, 0.00015939331206027418, 0.00022488058311864734, 0.0002280104672536254, 0.00019651114416774362, 0.0001803830818971619, 0.00019083594088442624, 0.0001769069058354944, 0.0001799384190235287, 0.0001919646019814536, 0.00017750948609318584, 0.0001957558561116457, 0.00018869824998546392, 0.0001856627786764875, 0.0001864255464170128, 0.00018997356528416276, 0.00028390236548148096, 0.0001997171202674508, 0.00016507419059053063, 0.0002903829445131123, 0.00020659650908783078, 0.00018978535081259906, 0.00019447386148385704, 0.0002042768319370225, 0.00024173456768039614, 0.00016995467012748122, 0.00036987935891374946, 0.0002424892591079697, 0.00019626590074039996, 0.00019982983940280974, 0.00016906228847801685, 0.00019660647376440465, 0.00018842729332391173, 0.00022644172713626176, 0.00025117959012277424, 0.00016025737568270415, 0.00016979911015368998, 0.00020335742738097906, 0.0002835789346136153, 0.00017717255104798824, 0.00017644641047809273, 0.00017414565081708133, 0.0001694025268079713, 0.00017089139146264642, 0.0002169807266909629, 0.00019741692813113332, 0.0002066883898805827, 0.00017577079415787011, 0.00019214661733713, 0.00018538691801950336, 0.00027583286282606423, 0.0001766086061252281, 0.00020299940661061555, 0.00021852232748642564, 0.00017976904928218573, 0.00029666422051377594, 0.00020677746215369552, 0.00019020517356693745, 0.00022204946435522288, 0.0001996575010707602, 0.00019383920880500227, 0.0001667412434471771, 0.00017682155885268003, 0.00018868576444219798, 0.00020870004664175212, 0.00019993894966319203, 0.00022425108181778342, 0.00021775002824142575, 0.0001836462179198861, 0.00019108336709905416, 0.00017827078409027308, 0.00020685052732005715, 0.00025033910060301423, 0.00016902528295759112, 0.00020786066306754947, 0.00020072300685569644, 0.00018068811914417893, 0.00016934279119595885, 0.00020106026204302907, 0.00018264882965013385, 0.00020716385915875435, 0.00019641470862552524, 0.00016881598276086152, 0.00019541937217582017, 0.00017628220666665584, 0.00016039203910622746, 0.0002824908006004989, 0.00023147667525336146, 0.00023859177599661052, 0.00019361363956704736, 0.00021084611944388598, 0.0002120656135957688, 0.00021027321054134518, 0.00019627872097771615, 0.00019672921916935593, 0.0001924787211464718, 0.0001890256826300174, 0.00017046778521034867, 0.00019244613940827549, 0.00018458956037648022, 0.00019530515419319272, 0.00020236791169736534, 0.0002171820233343169, 0.00021330166782718152, 0.0001760758168529719, 0.00020761879568453878, 0.00020078307716175914, 0.00017653383838478476, 0.00020281877368688583, 0.0001742746972013265, 0.00016796715499367565, 0.00017220510926563293, 0.00017815172031987458, 0.00015218558837659657, 0.0001933505554916337, 0.00017290757386945188, 0.0001631761551834643, 0.00018579048628453165, 0.00020377662440296263, 0.00017650396330282092, 0.00017325530643574893, 0.00018104608170688152, 0.00018858934345189482, 0.00016765356122050434, 0.00019125548715237528, 0.0001974339538719505, 0.00017594009113963693, 0.00017570095951668918, 0.0002282775385538116, 0.00016676787345204502, 0.00016402773326262832, 0.00023019070795271546, 0.00016447505913674831, 0.000200085443793796, 0.00019946650718338788, 0.00025261519476771355, 0.00021954420662950724, 0.0001739261788316071, 0.00019272047211416066, 0.00022476479352917522, 0.00018959501176141202, 0.0002149020292563364, 0.00017793734150473028, 0.0002009299205383286, 0.00028124480741098523, 0.00033713484299369156, 0.0001894975284812972, 0.00016938666522037238]
Zero Point(s): [0, 0, 0, 0, 0, 0, 0, 0, 0, 0, 0, 0, 0, 0, 0, 0, 0, 0, 0, 0, 0, 0, 0, 0, 0, 0, 0, 0, 0, 0, 0, 0, 0, 0, 0, 0, 0, 0, 0, 0, 0, 0, 0, 0, 0, 0, 0, 0, 0, 0, 0, 0, 0, 0, 0, 0, 0, 0, 0, 0, 0, 0, 0, 0, 0, 0, 0, 0, 0, 0, 0, 0, 0, 0, 0, 0, 0, 0, 0, 0, 0, 0, 0, 0, 0, 0, 0, 0, 0, 0, 0, 0, 0, 0, 0, 0, 0, 0, 0, 0, 0, 0, 0, 0, 0, 0, 0, 0, 0, 0, 0, 0, 0, 0, 0, 0, 0, 0, 0, 0, 0, 0, 0, 0, 0, 0, 0, 0, 0, 0, 0, 0, 0, 0, 0, 0, 0, 0, 0, 0, 0, 0, 0, 0, 0, 0, 0, 0, 0, 0, 0, 0, 0, 0, 0, 0, 0, 0, 0, 0, 0, 0, 0, 0, 0, 0, 0, 0, 0, 0, 0, 0, 0, 0, 0, 0, 0, 0, 0, 0, 0, 0, 0, 0, 0, 0, 0, 0, 0, 0, 0, 0]

# --- Shapes summary ---
IFM0 Shape: [1, 7, 7, 672]
IFM1/Weights Shape: [192, 1, 1, 672]
Bias Shape: [192]
OFM Shape: [1, 7, 7, 192]
