-47038
-24536
-50554
-24818
-33073
-11623
-47111
-50230
6634
-38621
-16970
-2582
-22837
-29077
-33225
-69325
9241
23611
5617
-40076
-6423
-6194
-26757
-588
-15390
-74039
-2811
-1566
5475
-26622
-80585
-11029
-34068
-9044
-34023
-35428
-7680
-50249
-9697
-26619
-6274
-6734
-10251
-45228
-437
24871
14923
-16608
-16861
-1983
65021
327
19490
-7186
5620
-47781
-58320
-10074
2970
-23727
-9733
-18195
-28949
-2258
1902
-4105
-14958
-26335
39981
3230
-13718
-21138
29207
5403
2648
-2475
2009
1464
-36504
-27811
-52986
56505
-14315
-21073
-19021
11434
-496
-10308
-36023
3520
9605
-38378
9104
-24825
49
-8741
25920
-70160
-20831
-24070
2074
-12425
17607
-36270
-11669
-38790
-16883
-35216
-12510
-60451
-15092
6574
-45549
-86239
-3670
8734
-3654
-43160
-70264
4716
-30378
160
-9628
-31015
2873
5885
15784
-35153
94788
-87151
17463
-30337
56379
-16534
-21514
729
-86018
-23512
3701
-30160
-16219
28789
4644
-31776
-64924
12031
5077
-10031
-5729
-24142
-37137
-9250
-22374
52
-4138
-45760
-16271
-6516
-33891
32588
-26593
-5691
-21179
-19868
7561
-20497
-26038
-21810
-106305
-24829
-34640
-30420
-39311
-12604
2319
-13371
-13377
-21040
1611
-13960
-28346
1856
-47538
159
54
-8642
5717
-27587
-9996
-11674
-16534
-31096
-40903
30698
-38626
6396
-38352
-8543
-69195
-39994
1519
-12699
-5676
2137
-10634
3855
-33223
5119
-8241
-12979
-22630
24255
-20445
-31147
-12132
21877
-22541
6709
68476
31049
-44009
-54957
4228
-23414
-16274
-22242
20385
-41570
20794
-471
-21381
4681
-29524
8064
-12612
75403
-4189
23497
-76975
-10649
-8771
-14203
-31991
-28310
-32835
-29521
8873
-26769
-37138
-99731
-23468
4455
-61436
-25324
-24617
-36157
-22534
-1065
-4760
-22539
-75649
2272
-544
-8833
18416
-2926
-43670
-39415
14235
-120449
-211
2357
6740
-21236
-24560
-73685
-7992
11386
-17374
-59248
-45230
-27672
-3806
-32952
42503
-43439
-46068
-41141
-25879
6784
-25999
-26534
-24305
-68116
13267
45636
-8907
-58215
-48651
-59098
-12979
-27164
-13230
-38990
-38289
-35334
-26859
-22247
25574
-10843
-24451
-20869
-3797
-22053
10455
-15511
-15298
-24326
-20953
-25922
-1182
4029
8186
-38976
-67720
12516
15484
-23765
-13008
-53688
-13421
-9336
-40455
-55635
-18141
-31411
-509
-36936
-12230
-30133
30807
22295
5437
-16342
-62297
-9910
-27939
-7521
-57034
-30241
-29338
-59996
11634
-26574
8780
-11414
16593
-25708
18972
21240
14025
-25819
11744
41007
10640
-28598
1171
-9782
14774
-7494
-35783
-43171
-10179
-71150
37842
-55620
25854
-44010
-3137
-24206
-21165
-21531
-69977
-28895
420
-14455
921
-29027
-17312
-42172
-28256
-7084
-14765
6063
-11081
-20890
-130338
-19271
-11725
-29337
-16441
14518
-27079
-6297
4469
-17953
-5315
1221
27439
-32043
-69200
-19051
-24763
26464
33463
-27837
-8980
-92394
-9831
-19047
-42102
-3994
-6174
-14032
17417
57182
-8719
-3787
10573
-16658
-87164
-17013
9390
-53989
6766
-24014
12786
4113
-16311
-2372
-116
-10288
-22543
-24537
-38262
-30537
3311
27488
21222
27241
8360
-23721
-13079
3487
-36526
-36122
-10723
-84035
-30
-16925
-15425
-18753
-35887
-21382
44972
-28495
-4814
-7221
-69661
14105
-37282
28527
-21978
11930
23585
30659
-64316
-45594
17692
-14347
-17258
-4691
17320
-64295
-53235
17128
37660
29223
-15690
22813
-18656
-30906
-1992
3354
-31367
15289
8854
-31827
-3671
-25254
1050
-36358
-33675
-54814
-37845
-10637
-50318
30627
-32245
-61479
938
-15226
-8685
-25125
-33151
-50670
-13899
-8096
-4421
4374
64809
3267
-11611
-47997
-17856
-36710
-22932
3379
-81135
1470
1718
-20
18103
-34782
9467
-7510
-31589
2457
-23906
4661
-28159
-64501
-7733
-8459
-3334
-28767
21037
-28695
-11232
-52937
9702
-29308
-46175
-29512
-7921
11129
-39062
-34969
-12051
-35708
-6710
-26914
-6446
-47271
-12429
-30328
-47545
-48526
-87179
-41476
-23650
-35829
-16334
-34210
5290
-104530
-13218
4906
-39504
17087
76
-32894
-41740
-15883
-45819
18437
-33150
-4495
-14914
5774
-11527
-17141
-6064
-55481
-14555
-43180
14096
-16943
-18714
-42899
-7614
19574
-33216
-34775
-5145
1581
-19577
15993
3737
-59544
-8439
24021
-75417
-11816
-26575
-20434
3369
15546
-44632
10377
22961
-38521
181
2701
-16666
-34642
-21476
38600
-30979
-30971
-57394
-5309
-91025
-13059
-8282
-18202
41088
-47524
-18763
11388
-7931
-27916
23474
-28783
-13072
-93282
13036
-20043
-91067
-9360
32636
-10537
-9768
-56144
-10846
-9899
-20887
-31963
-12576
-39504
-31957
1428
-58649
14099
12614
-21193
-19052
24363
-25010
-62396
-47579
-35821
