865
-10966
4563
-3978
9700
2941
5983
-1033
9708
-5659
2511
-1952
-3968
-1234
1631
-994
-6881
-4139
2972
-4641
-5499
6592
7612
1565
-467
542
988
-1574
-3178
-136
-956
-2951
6318
3103
4237
2568
2738
-173
1391
7855
5737
9605
-1314
-8084
-4864
-1687
293
9173
688
-5314
2373
-7557
-2306
661
3430
-4273
1934
-5059
-511
3464
11110
-1206
9750
5983
-101
2091
-2361
-9030
10104
-427
-4206
-4916
-253
1021
11752
1614
-3196
-6519
1356
475
6356
-971
1875
-3475
231
-14674
-1156
-551
-3126
7813
3494
4120
1631
-5928
9762
5575
3293
2032
2209
-3653
8029
2756
-6555
2888
5262
2683
-5626
-3674
973
-4077
-4443
-1857
