41220
26345
46082
14810
-1673
-8944
-5802
-16840
9191
-6010
-15280
36326
-18967
34295
53716
-31543
22367
-62415
27347
4436
-30123
-81357
20260
-4120
15493
25848
-8853
4171
2070
16608
17850
-63182
17429
-50612
-23235
1647
-22673
12573
-20611
-9653
-46060
-9335
6182
57163
40111
-2460
-9788
37604
48387
-23449
2975
-38923
-75382
22846
-18033
26550
1842
-1856
-17790
-10890
10631
-10324
-29323
-7336
39343
37324
22363
-15134
-20357
72423
-19579
24915
52350
13097
-12865
28
-20786
-7321
-8873
5231
-19043
56707
13295
45168
-11873
-75796
-42515
-12719
37523
21505
16859
-10160
25581
24878
-38330
-25502
-10750
6686
-19616
5539
-1134
43645
-28324
-35991
-66764
41961
45408
-19151
-25304
26369
-36663
-6921
29061
19091
6017
31500
-13537
-699
-35096
-13455
-1305
47468
41218
40382
-16160
37032
-55274
24028
42348
-49798
-24471
37363
9494
15563
-17111
-53874
-9533
7744
-75656
-52773
42992
27222
-44710
26579
-7389
-13508
10960
78382
-22155
12485
2667
73533
4584
65306
34947
-28227
-19537
30127
65535
38508
-16435
-31011
-37
662
-37370
9748
35609
16744
-2606
39228
-62330
-35099
-2505
14863
48282
22279
86856
1826
-295
-7711
-28738
-2680
-26331
-2197
-5616
17077
12821
4824
-20938
-18534
35379
-42435
