-16755
-4654
3691
-27489
-933
627
11550
-15132
-18089
1922
3574
4489
-24665
-9257
55110
24440
8945
-16347
7916
-16778
51682
-22070
14393
-11687
21467
57561
-18887
35743
-2154
6032
9835
14899
4084
9317
-10028
-1827
17949
23127
-2371
3090
16622
7439
17779
-3632
-4032
-46145
11953
-3558
32138
8573
-22607
-7684
132
-3622
-38239
-9580
3447
4178
3340
13463
-10729
7384
38094
6694
38907
18274
-128
-7019
4978
-15237
-14364
12307
-4286
8464
-9823
52827
2010
-8379
9405
14226
7037
14211
-15451
29988
-14585
14567
-24414
-8176
-16053
33
15916
22341
443
-21071
-24492
13402
-13799
12672
-9849
7454
10832
-424
20832
-49994
17687
-5632
26412
21393
-14738
-9719
4116
24990
17538
5135
4540
-27501
-6785
-5356
7084
-47197
-5513
-5772
19183
41155
-3459
1605
-8417
7697
1211
30279
26744
5069
17
-17127
10965
-8976
-20169
-8085
47029
11449
14905
12181
-14101
3600
382
1546
3401
10954
-8766
-22485
1572
17680
-13530
-5083
-321
-3650
10599
-2430
-26209
-26625
22434
-23567
31046
20483
-2689
26690
10927
-7518
18813
4908
22184
-11625
-8413
31293
55260
7606
16606
-32699
4300
7320
389
8280
-7037
11140
7776
-21101
-6150
-954
-28102
8767
-4899
28454
-11598
-15440
-6066
-3421
-10983
-27952
42790
-8751
-13619
-31701
-11217
1987
6382
2930
-2330
-17116
6822
16373
-1940
-20716
-15341
-4266
35893
6830
-1154
-7330
25384
-15350
-34268
-21309
5874
7208
11438
-17324
-39780
1656
-42386
4057
-1993
-6060
12769
13101
11626
40329
2058
5120
-41050
-7622
30914
9342
14739
552
15232
4197
-418
-25504
7880
-38834
9157
1273
-19730
44854
-7019
-3549
9585
16945
-7103
101
-7260
-13786
-18578
10578
-87
59541
-64936
4128
2162
3960
18972
-2471
-8702
13426
-11745
-460
-26165
31873
-38071
-10034
7720
2897
8021
29177
7863
-16835
8403
-9372
13335
-5162
-8260
-3509
-10845
-14257
-24434
-11954
22135
-2154
-16078
1179
17498
2336
759
23247
-12667
10657
-22929
53660
-13110
-10311
-35621
-5117
-15134
3432
-38600
-21309
6611
-18399
932
46829
-384
-8151
-1273
13640
-6086
-1412
-7569
6050
14605
-11471
-12445
-3381
14763
1740
-22
-11696
37960
-6808
2800
-43264
-6915
5801
5288
-2964
-37944
-164
44261
3096
-1223
44453
5820
28768
7406
-7916
-16524
-16877
-2791
-31760
8589
-20508
8017
-10625
-4407
5803
9995
9586
4777
-1156
4094
38338
18372
5706
3086
4410
19682
26607
-11159
884
-23788
7161
-17660
-3385
38489
3963
14748
-15751
-4524
-4426
-26266
13256
-34565
-25126
-12337
-343
18833
-12462
26947
-38945
-7680
22042
39555
3635
10030
12874
-2482
14975
-33851
31319
8878
-27296
-12196
41440
-15773
-59906
-20661
1905
20955
16640
1926
64168
-6284
-60
-15947
-77
20528
2977
-4346
-5970
-29216
31236
-14652
-19722
5731
-1117
3787
25251
-12724
2418
-21995
-11700
19830
32279
-20871
15732
2347
-6783
2032
18246
10102
-31076
3586
26781
-8748
2625
-12856
-25318
-23701
-26488
8189
-348
-11106
16858
20990
-16271
432
8310
-4746
-1178
11212
-2093
11359
38671
23128
-14171
2365
9935
-3992
295
-13537
4700
-19273
31740
4149
-44539
-20842
1511
-22376
-13990
-30754
16486
1210
-20551
4947
-2507
24028
16841
-25120
-5443
9675
4119
-1376
-8532
-1588
14449
16479
15232
-3263
-33874
-24606
2932
4681
34702
-36385
-14490
-4474
17766
-4714
17577
-8397
-31796
6668
49976
-7721
12222
37769
-3061
-7942
-8685
-10012
18697
-4349
8093
-12248
18612
-16103
-10513
-13497
-8763
39229
1209
-335
52500
-3350
-11842
-31953
-11603
56914
-2448
6031
15900
4698
17938
-1299
13093
-2914
-14802
21083
4414
-1157
2108
11621
-24538
-22086
20368
5647
534
19367
-10402
-13988
-670
-1980
-13051
6555
13305
-2136
-4398
3448
15067
5671
1092
377
-15381
27918
18259
-4349
-24086
-7765
19034
-29980
-3691
-49679
-21226
8564
-8735
3795
-7952
10518
87
1356
-4082
31423
-650
1658
37954
-35650
8336
3159
-6707
-28728
-15217
-35641
11758
-8789
-1298
6139
-29013
-6924
-27578
17347
-28805
-1869
2910
-25076
-29215
-20129
7854
4246
-4372
-30102
-12233
-27698
-23843
-3259
-24773
-7508
47451
-5274
336
5285
-29007
-177
6441
-24023
7418
-9359
-3092
-15629
-2590
16748
-13667
-19179
-12747
-53861
-14015
-12958
-2295
952
-20175
-32260
-2349
77062
-7641
-47449
-15543
-18041
38299
-14855
-29488
2094
-8694
9262
-14694
