Op Type: CONV_2D
Output Tensor: efficientnetv2-b0/block5d_se_reduce/BiasAdd;efficientnetv2-b0/block6a_se_reduce/Conv2D;efficientnetv2-b0/block5d_se_reduce/Conv2D;efficientnetv2-b0/block5d_se_reduce/BiasAdd/ReadVariableOp
Output Scale: 0.01911678910255432
Output Zero Point: -109
Output Shape: [1, 1, 1, 28]

# --- Weights ---
Name: efficientnetv2-b0/block5d_se_reduce/Conv2D
Shape: [28, 1, 1, 672]
Scale(s): [0.0039140633307397366, 0.002526859287172556, 0.003632110310718417, 0.005454402882605791, 0.003859245916828513, 0.007696753367781639, 0.0030501713044941425, 0.004485397599637508, 0.0028964343946427107, 0.004506515339016914, 0.0029217025730758905, 0.0032602990977466106, 0.004206215497106314, 0.005423772148787975, 0.00391471479088068, 0.007035145070403814, 0.004924435168504715, 0.002744431374594569, 0.003334663575515151, 0.0030281171202659607, 0.005681859329342842, 0.003190227784216404, 0.006873459555208683, 0.003838318632915616, 0.003351625520735979, 0.00443684309720993, 0.007214682642370462, 0.005773372948169708]
Zero Point(s): [0, 0, 0, 0, 0, 0, 0, 0, 0, 0, 0, 0, 0, 0, 0, 0, 0, 0, 0, 0, 0, 0, 0, 0, 0, 0, 0, 0]
Axis: 0

# --- Bias ---
Name: efficientnetv2-b0/block5d_se_reduce/BiasAdd/ReadVariableOp
Shape: [28]
Scale(s): [4.925643224851228e-05, 3.179919804097153e-05, 4.570820237859152e-05, 6.864079477963969e-05, 4.8566584155196324e-05, 9.685959958005697e-05, 3.838480552076362e-05, 5.644637349178083e-05, 3.6450106563279405e-05, 5.671212784363888e-05, 3.676809137687087e-05, 4.102915045223199e-05, 5.2933013648726046e-05, 6.825532182119787e-05, 4.926462861476466e-05, 8.853360486682504e-05, 6.197143375175074e-05, 3.4537228202680126e-05, 4.1964991396525875e-05, 3.8107264117570594e-05, 7.150321471272036e-05, 4.014734076918103e-05, 8.649887604406103e-05, 4.830322359339334e-05, 4.2178446165053174e-05, 5.5835342209320515e-05, 9.07929934328422e-05, 7.265486783580855e-05]
Zero Point(s): [0, 0, 0, 0, 0, 0, 0, 0, 0, 0, 0, 0, 0, 0, 0, 0, 0, 0, 0, 0, 0, 0, 0, 0, 0, 0, 0, 0]

# --- Shapes summary ---
IFM0 Shape: [1, 1, 1, 672]
IFM1/Weights Shape: [28, 1, 1, 672]
Bias Shape: [28]
OFM Shape: [1, 1, 1, 28]
