7149
-142
-2836
-9541
5898
-9469
2061
825
-977
-6211
-6749
14387
-7371
-8139
-728
-1453
1202
7491
-2412
2386
-13714
5909
3521
-7120
-5440
260
3796
-323
-1419
1437
5845
9358
5385
6658
11996
183
-11021
1881
-2131
-185
8691
10917
-5714
-8661
-7725
1312
-1867
-2384
-16088
5212
-55
-4971
-4442
-1406
410
2159
-3177
-3481
4709
4220
3833
3249
-3754
12038
8126
4976
7684
-4440
-9933
-1067
-3303
-7142
4522
-202
-8483
22538
9448
-827
-13388
8493
-3652
-10885
-1292
8522
-6656
-10914
-5766
-3949
10762
5656
-4551
-2331
8098
-10131
1237
2407
-192
-7998
-9016
-7585
6530
6666
-4571
4753
-7575
1988
-6941
-10263
-208
-3202
-3578
-4963
