Op Type: CONV_2D
Output Tensor: efficientnetv2-b0/block5c_se_reduce/BiasAdd;efficientnetv2-b0/block6a_se_reduce/Conv2D;efficientnetv2-b0/block5c_se_reduce/Conv2D;efficientnetv2-b0/block5c_se_reduce/BiasAdd/ReadVariableOp
Output Scale: 0.0256465096026659
Output Zero Point: -69
Output Shape: [1, 1, 1, 28]

# --- Weights ---
Name: efficientnetv2-b0/block5c_se_reduce/Conv2D
Shape: [28, 1, 1, 672]
Scale(s): [0.0035618357360363007, 0.0028997622430324554, 0.005478823557496071, 0.0038549413438886404, 0.002892259508371353, 0.003807521192356944, 0.003149066586047411, 0.006400781683623791, 0.0044898646883666515, 0.005205673165619373, 0.00427659647539258, 0.005223395768553019, 0.004715765826404095, 0.0031947290990501642, 0.003506059991195798, 0.002686130814254284, 0.0035193348303437233, 0.0038050219882279634, 0.0036084679886698723, 0.0044460901990532875, 0.00498384702950716, 0.0039606476202607155, 0.0037680959794670343, 0.003617948852479458, 0.004063591361045837, 0.003502512350678444, 0.0034311600029468536, 0.0030166455544531345]
Zero Point(s): [0, 0, 0, 0, 0, 0, 0, 0, 0, 0, 0, 0, 0, 0, 0, 0, 0, 0, 0, 0, 0, 0, 0, 0, 0, 0, 0, 0]
Axis: 0

# --- Bias ---
Name: efficientnetv2-b0/block5c_se_reduce/BiasAdd/ReadVariableOp
Shape: [28]
Scale(s): [5.30252764292527e-05, 4.3168944102944806e-05, 8.156359399436042e-05, 5.738875915994868e-05, 4.3057250877609476e-05, 5.668280937243253e-05, 4.6880355512257665e-05, 9.52888440224342e-05, 6.684090476483107e-05, 7.749718497507274e-05, 6.366596790030599e-05, 7.776102575007826e-05, 7.020390330580994e-05, 4.75601373182144e-05, 5.219493687036447e-05, 3.998860120191239e-05, 5.2392562793102115e-05, 5.66456037631724e-05, 5.3719493735115975e-05, 6.618922634515911e-05, 7.419484609272331e-05, 5.896241418668069e-05, 5.6095883337548e-05, 5.386063639889471e-05, 6.049494550097734e-05, 5.214212433202192e-05, 5.107989636599086e-05, 4.490899300435558e-05]
Zero Point(s): [0, 0, 0, 0, 0, 0, 0, 0, 0, 0, 0, 0, 0, 0, 0, 0, 0, 0, 0, 0, 0, 0, 0, 0, 0, 0, 0, 0]

# --- Shapes summary ---
IFM0 Shape: [1, 1, 1, 672]
IFM1/Weights Shape: [28, 1, 1, 672]
Bias Shape: [28]
OFM Shape: [1, 1, 1, 28]
