10736
-18885
-1998
-21321
-4816
31395
9356
-23798
-48169
-347
1193
-10652
-36400
8089
-37128
17558
15736
-30362
-17239
17331
26764
95593
18234
8824
-22057
-96
3206
-462
-5592
-21561
18420
1063
-39798
-52547
-15203
51568
33380
31174
2622
66772
-20184
3669
4700
-30522
10506
692
-6681
-16077
-33952
-26835
-40188
-45495
2141
-31485
342
-44746
-35708
-4655
-25504
-28536
-44597
-49140
19035
19003
926
6329
-6500
-42631
-7271
-13835
-34234
-14145
-988
7478
-12489
-2062
-39557
-11603
-12322
-13948
970
-6156
16501
-23356
-29143
-5939
18558
-5076
-38655
-3768
-2225
-2187
-26008
-36745
-739
2608
-14225
21469
-47102
23873
-19488
22184
24789
-21954
-41352
143341
31703
4255
56746
-9690
-40463
-5473
-4293
-12180
-12987
-4277
604
30003
15216
-11102
-11382
91877
-50435
-25461
-5302
-50979
7899
-12479
-33939
15993
11592
-4283
15028
-12358
13637
-3654
15237
-13454
22113
-44960
-47442
-26002
-32562
-26969
35721
-30638
23237
-53881
-51856
-36273
-2532
-31995
-18426
17016
-5122
2254
173363
-51390
-21169
12043
-33856
-51725
-5858
-26284
-14484
27367
-35730
-21888
-9013
-6444
5404
-25402
13523
-3874
-28609
-17690
41929
-18737
-20493
41915
17241
16198
6220
67737
-22855
-23947
6532
2581
-47265
-40179
9161
-9069
-48535
-33937
-26039
28289
13732
-14465
-26615
-20521
-2597
-1374
-43348
21023
1024
-6619
-7113
13903
11468
-9489
-26489
-28491
-36235
-30503
-8132
41155
27778
-12073
-29298
-5907
-22454
-41620
14640
-21706
5788
31504
-910
-28120
-32017
9152
-48157
17327
-7662
4234
14608
-31194
-20324
-45525
-9128
-7461
-11969
-20169
38542
-13023
-11003
17832
-10089
-47803
-9413
-10115
-12202
-29827
-7387
-30635
-6364
3369
-33275
21897
-25249
-12710
18457
-10640
20333
23664
-12434
-38411
-27598
-18915
-14433
-3311
-22016
-3967
5325
54990
-48498
5842
39902
45247
-38181
-43809
-12391
-33338
-38879
-2460
-26075
-40743
23981
-1935
-4531
-8029
-7646
-6945
789
-1646
-3474
-41733
109593
-42712
-21315
-34891
8712
-12055
236
28103
4237
1758
-21623
-6414
-7973
2850
-4629
-29185
-14707
3075
-12393
3745
-13657
-56953
-38475
-3812
-4750
-15925
26157
-22648
-24081
-16008
13096
-13219
-33677
27081
37710
-69784
215
-33505
-62211
-7523
-32826
-39332
-27267
-28394
-2800
23252
14000
-18392
11117
-9318
9213
-31691
23784
55541
-30885
-9086
-979
-18975
7073
-51164
-6496
-12456
-44862
-26815
-19538
-40296
-9200
-5391
-10015
18749
-24835
53202
15572
-15796
-44598
-15327
-15620
25972
-9
-6093
3413
-47169
-21110
-8163
-47145
-2860
-577
-15166
9556
-9079
11931
-11169
105503
-35448
-3457
-1978
-21881
-6415
-24209
-40463
12787
-33034
-6457
-4809
-49492
100624
55207
-18932
-10216
-9121
-683
-3097
-8701
17946
17203
-29697
109785
-27167
3069
-15183
-22767
5055
-22892
-6961
247
-16025
-15822
83362
-37931
-24267
-15687
36585
-23346
3748
-36228
-6370
-24264
-6504
-38802
9091
15369
-17728
-1294
-33438
-14849
-32040
17825
-14414
-38614
-5287
3198
8302
14274
-51966
4013
1311
-18204
-6247
43102
-8489
-561
1173
17997
-35419
-4096
-39596
11341
-7406
-19240
-10925
-17211
-55452
23268
-24766
-45966
-35115
17964
-56089
11992
-44200
-12236
75516
-2244
-17482
-1389
2772
-2548
-30836
-7732
135219
-4325
-50796
33591
-23613
-40560
-45352
47349
35685
22964
-15158
-51150
21509
-13938
-19488
-5988
-30111
-24521
95460
-26722
-27018
-5412
-51396
-5021
-17428
13018
-16850
17066
1270
-31776
47214
-37552
-44414
23601
-15558
-48563
-8128
-4056
-20539
5198
8232
13339
-33854
5502
-10291
18095
-19144
1355
-23841
-2814
-4961
-188
-40397
-13459
-314
-5086
-2112
11554
-41341
40859
-9826
-5071
41298
2678
-18221
-46369
-11292
4377
76071
16051
29338
-24977
1661
-54818
26793
-4686
-2522
-26079
10802
-23353
-274
-52770
18254
-5764
-24299
-52027
-47355
-186
-38832
-42069
-5469
33787
-54222
4179
26612
-2731
-15012
429
-2211
-2946
3843
-17344
-1636
46000
6004
-7425
18012
-7699
43086
1157
-43841
2305
33493
-51817
-9770
-26349
-14591
-4669
2701
-46880
6321
-3364
-15204
-11097
-30412
-129
-19153
-6018
4434
2016
-41309
26334
-8520
12488
4155
-9565
-3599
-18077
-27476
-23244
673
-64501
-18039
-31580
-19579
-23095
-36218
-1283
25210
-9791
7549
-47646
-20109
104060
-14227
-34248
24224
-18394
-11572
-26467
36539
-40614
-3476
5362
-34950
-3116
-60341
-4575
9789
-8329
8992
-17273
15250
-38396
-17358
2150
10290
-38195
-20253
-18532
28549
41518
23322
-47302
76452
19122
4087
140
18528
26236
-14277
3778
-5996
-33181
-33958
43539
-55541
-33984
-4799
25282
-15530
-496
-39606
-13509
1406
37465
-9574
-5093
-22901
1450
-6133
-5555
-7322
32221
41235
7375
28721
-11769
17707
-1103
-32809
-25322
-33665
-14572
24840
-19871
84987
13670
-5077
13084
8894
-5869
-27407
-5917
-15938
11996
-5234
20131
-16770
-34870
-26181
-8603
-10967
20464
-22492
-27166
-19849
-40293
14225
-27161
-43019
-38440
-17961
-8070
-7169
8035
-6643
-7566
-1381
-27439
-8569
24919
-2281
56053
-15142
3000
-20963
-29556
-15370
29919
-23168
13427
-45303
-3285
15842
88775
-21544
10972
-41929
18141
-11590
13596
-20053
10165
-26679
-48938
8456
-14314
-8758
-37092
-8470
-6808
-58749
-28528
37388
21754
-19134
2324
-14143
20388
-22632
-20278
-11355
263
-149
-25862
-12960
7806
-26229
376
-17852
-25249
35306
-67521
-450
-1500
18987
-34549
-24963
1355
57324
-32646
-21328
-5877
7750
6416
-7912
-39769
-52400
-11786
-29633
-171
-35185
-13458
-7937
3955
-23782
-5094
20170
1321
-57005
-1850
-659
-11722
60540
12613
-53912
4139
-103543
-46795
995
-1282
-50129
-4196
-42954
-39721
10864
4540
-13345
-47661
-23014
-21149
-4773
-17798
-36630
-6315
-4207
23476
-30869
-6878
19114
-1835
-7297
-30584
-56323
53379
-14693
-598
1166
-35222
120342
-3032
-43621
14161
-18988
-2109
9182
-4556
63963
-3177
30971
-36693
-12315
-18844
-1013
-12332
-5151
-62094
-16500
-17243
-22683
8170
-24132
-30102
-6202
-6949
13716
42013
-6025
-12992
-177
12580
3105
-46505
-25692
-54408
-8190
67138
-6163
-45758
82728
-53138
-33817
-7854
10790
12767
-40164
6734
15029
-14161
8880
-49480
-28780
2588
11237
-16465
-10014
14304
-2671
-12007
22530
5416
-13660
-5855
-46734
33521
-2548
-39694
-12500
-52590
61439
-26345
-18416
23596
-26722
25967
-10423
-14262
4160
13539
1028
933
-7067
-14971
-36197
44499
-3005
-23984
6862
-4281
-14165
-2839
47054
-23658
-509
-13304
17010
20695
-14659
-469
-21702
-59203
-50005
-19440
14567
1144
-12003
-53100
-39876
-20578
-29002
-38661
37707
6258
-5952
-9429
50511
-4970
-4826
1430
-13007
-17850
-26682
51312
18086
-30718
-3870
-10385
41643
22381
11812
223309
1433
7805
-26724
-9180
25826
21243
-9821
39584
-34268
-29761
31504
-26797
31742
24762
-46785
65420
-4999
-8575
76333
16916
-10405
-1750
-29736
5624
-479
-4495
7455
-20650
64043
-24675
-43927
51837
20861
10163
73460
16295
-41908
-20045
-32064
5931
-17127
-25354
-37808
-7487
-24616
111316
-13742
17172
-39858
5185
1523
-49515
-17060
-51255
-34334
-1449
-14109
-8950
-36395
-18400
25443
-44342
-40131
-14614
-63049
-34868
-27916
-9069
935
-13257
-24628
-6850
-8370
-17048
8203
-4829
-11249
81507
-19849
68931
-44513
-2931
-11044
-4343
20780
25383
-36025
1190
-6020
-1495
1877
-21381
-2544
-826
-36150
-14351
-6873
-15989
3338
11552
-18836
353
3455
10761
15334
-37430
7621
-17513
-58180
-5586
13843
31869
-34018
54762
-119
5351
-17678
9259
-15008
7225
2234
-6433
-11198
-23199
13688
754
-11985
-7574
5469
458
-27752
28007
-11966
16831
-37138
-35860
-24988
-102
-23871
-9946
-28092
2331
14100
-36185
-1430
-29290
-27450
-36655
73689
22061
-23716
-4378
-38157
3456
-5024
