7699
-43640
-15237
-6898
223
5676
-2495
4797
-646
162
-1631
-4180
-2268
-2918
1803
-27
3064
-2247
-21868
-167
2356
-9675
-1033
32149
2441
5602
-672
3514
-3560
-889
-1229
6219
1616
7822
428
-767
4489
-17173
-6046
444
-1479
714
483
-639
532
-13683
-4247
1023
3550
-825
21720
-1542
-5959
763
6516
90340
-2215
-1012
2705
3780
-467
-2273
-3242
-1014
-1064
121
-926
3105
-766
-2219
-794
1564
-9686
-6242
-353
-7434
-7656
-2561
-306
-34878
-3767
2394
252
-5324
1822
-648
1220
-1250
-176
-1662
-3701
14609
8740
-6786
421
-2826
-493
-566
-969
1339
-2251
-1178
156
1209
1867
-2319
-1062
10861
-3111
-1853
-639
11449
-3515
4762
-1903
-1489
-2929
19409
279
3871
-3222
5426
-1385
1681
-3464
5743
-424
-511
-4885
5683
1401
-1816
5611
-2745
4052
-455
772
-453
-1636
3998
-610
-70
812
-2030
-1085
6289
-654
-18644
-2707
-4300
-745
-227
-1317
261
-372
-862
4517
-12349
-2822
-12439
-4489
-5237
2536
-926
-2220
-2711
1329
1178
-3965
660
-13068
84
6837
-18006
798
-542
3940
-1710
1949
24
-928
1941
299
-19447
-1334
-4002
-699
454
445
-88
-16936
-1293
-2065
-441
4173
-1212
-1559
1945
-1045
-1972
3026
-5914
-14172
200
-13644
2752
-4832
4236
-1867
-16502
-2807
2104
-3720
-649
6443
-966
-2168
-8462
20432
-1668
-6089
11829
6092
-2841
-754
3398
-4746
-175
1084
-1327
1348
612
-2192
-1720
2682
-2782
-565
-4967
3480
-1666
-13079
-2628
-348
-542
-416
-1491
675
1915
-8737
1965
-940
-2696
-1130
-18184
-1435
8318
-1285
-5123
-1169
-1449
-2494
-849
-785
-12619
-31654
10635
1766
-1378
-3605
7701
-443
-728
-4600
-26152
-2944
-880
1637
4182
820
-360
387
2160
-513
-459
2359
-1044
-3880
-2030
-1195
-5379
-649
-1147
-1051
16336
-832
1432
11108
2852
2208
571
-1115
-10480
-1097
-4158
646
3074
-458
-44251
1463
3175
644
-2431
2586
3273
4023
234
1920
1900
-655
3311
-2898
22408
-3505
-826
-2285
-1390
-4222
-495
985
-927
-716
-381
-667
1630
632
-356
3818
-809
-21523
-372
-2924
2091
-467
18767
5524
-618
3763
-2462
-1886
-2819
307
-1933
-5
-2906
-3647
-6403
-1557
-1913
-5090
-4349
3450
440
654
-18944
-20818
-519
-368
381
-3763
2422
3570
-7755
-14
-2277
5761
1868
-633
12326
-344
-1390
-476
-4732
6339
-813
-1662
-18372
-2733
7455
-812
-1031
55
2816
-629
1883
-4411
-610
5402
3765
205
-4307
5164
1962
-724
-4775
-671
1618
6357
-991
-296
331
-3213
-6616
-544
3796
-6124
-165
1164
2600
-1747
-1979
-2196
-2290
-8665
6799
-10115
-1381
-3425
12621
-5052
420
4836
-5498
880
-942
1489
-464
-881
2339
-9168
956
-361
2817
-5849
2156
4766
-6780
17069
-1429
-2513
-1510
-545
2599
-1430
-3718
-5703
-4024
3567
-3652
-34
-345
-956
-1506
-3251
278
-3600
58
-410
-1029
-1276
-1069
-1927
2891
-18254
-564
-758
4869
-4589
-551
-688
805
-1512
-4617
-2130
2243
-711
-752
-1081
-2741
-1878
-29565
-2779
-43
-896
-14952
-3977
-1465
-222
-1293
-681
3038
4397
-6801
-1781
464
2098
8278
117
-11811
-7566
-1000
-10892
-3552
2766
-388
10079
-3883
-553
-3520
-3308
-29680
5407
-1823
-4322
-3228
-743
-1144
1702
-650
891
-1812
-4778
1553
-628
-3258
230
-943
158
-6274
1687
-773
-1217
2861
-1014
-1316
3395
-1991
-884
1365
-2150
4180
-804
-720
619
-875
-2585
-2337
8254
-1770
-7452
326
-353
2100
206
-1699
-966
-711
-908
-3201
5968
23934
-852
1583
-607
-1903
-688
291
-2743
-1841
7399
8807
-812
1927
-2828
-1482
-2780
8
-1550
-261
-25332
-1000
1008
4719
-2499
-1586
-332
-344
808
1662
-955
-388
435
-614
-3854
2684
-3242
-1445
-1091
-1119
1181
-615
1236
4463
-775
-16
6706
5182
750
505
2519
-3900
-917
-1243
-2266
-1178
-1590
-1433
4960
-958
-1167
-2720
-458
-7957
5049
-2461
660
-921
-1256
-1864
-2045
-1008
-1169
-4187
79
-384
-1156
-2044
-304
-1309
-5312
-4914
-626
-2363
1873
-372
-1018
-23427
-492
-4300
-846
145
11305
-603
3276
1769
-3515
-5424
-895
468
-244
-2557
5225
-1273
