Op Type: CONV_2D
Output Tensor: efficientnetv2-b0/block5d_project_bn/FusedBatchNormV3;efficientnetv2-b0/block5e_project_conv/Conv2D;efficientnetv2-b0/block5d_project_conv/Conv2D
Output Scale: 0.060081399977207184
Output Zero Point: 24
Output Shape: [1, 14, 14, 112]

# --- Weights ---
Name: efficientnetv2-b0/block5d_project_conv/Conv2D
Shape: [112, 1, 1, 672]
Scale(s): [0.015943322330713272, 0.010855820961296558, 0.012168724089860916, 0.030238064005970955, 0.023436246439814568, 0.008952653966844082, 0.0103678023442626, 0.009470457211136818, 0.01766207255423069, 0.016222471371293068, 0.011693560518324375, 0.009319450706243515, 0.0080274548381567, 0.01690858043730259, 0.008992701768875122, 0.0109718581661582, 0.007752265781164169, 0.012175515294075012, 0.006899250205606222, 0.014670242555439472, 0.009345801547169685, 0.019217994064092636, 0.013885274529457092, 0.0091105867177248, 0.007774761877954006, 0.010997486300766468, 0.00793997012078762, 0.009874464944005013, 0.009855051524937153, 0.011067378334701061, 0.013939455151557922, 0.011380268260836601, 0.01052477303892374, 0.009098266251385212, 0.018024541437625885, 0.011291350238025188, 0.010569627396762371, 0.011514450423419476, 0.011024028062820435, 0.012947785668075085, 0.009625760838389397, 0.013742968440055847, 0.01833939179778099, 0.017487581819295883, 0.015924695879220963, 0.013670122250914574, 0.013750698417425156, 0.011080983094871044, 0.008452953770756721, 0.01883155107498169, 0.009169736877083778, 0.015288729220628738, 0.010546389035880566, 0.01789786107838154, 0.010467836633324623, 0.012617873027920723, 0.021128933876752853, 0.008878889493644238, 0.009725768119096756, 0.012337127700448036, 0.017646152526140213, 0.014339836314320564, 0.009596176445484161, 0.01568547822535038, 0.02045172080397606, 0.020375240594148636, 0.009077993221580982, 0.014929400756955147, 0.011247540824115276, 0.017296580597758293, 0.0116335554048419, 0.014714673161506653, 0.011672585271298885, 0.0070354267954826355, 0.017977535724639893, 0.012882041744887829, 0.006186157930642366, 0.013455830514431, 0.007435903884470463, 0.010746687650680542, 0.012736758217215538, 0.013928255997598171, 0.013520196080207825, 0.009297190234065056, 0.01086204033344984, 0.009148419834673405, 0.008132967166602612, 0.01630750671029091, 0.016909711062908173, 0.013136744499206543, 0.050646815448999405, 0.013725762255489826, 0.007630107458680868, 0.009378605522215366, 0.013058805838227272, 0.009569005109369755, 0.012655939906835556, 0.008965211920440197, 0.011604305356740952, 0.009981373324990273, 0.017469145357608795, 0.0183064304292202, 0.012992450036108494, 0.01819053664803505, 0.007742016576230526, 0.013892518356442451, 0.01347215287387371, 0.013103406876325607, 0.00707818940281868, 0.021608427166938782, 0.010786795988678932, 0.013185407966375351]
Zero Point(s): [0, 0, 0, 0, 0, 0, 0, 0, 0, 0, 0, 0, 0, 0, 0, 0, 0, 0, 0, 0, 0, 0, 0, 0, 0, 0, 0, 0, 0, 0, 0, 0, 0, 0, 0, 0, 0, 0, 0, 0, 0, 0, 0, 0, 0, 0, 0, 0, 0, 0, 0, 0, 0, 0, 0, 0, 0, 0, 0, 0, 0, 0, 0, 0, 0, 0, 0, 0, 0, 0, 0, 0, 0, 0, 0, 0, 0, 0, 0, 0, 0, 0, 0, 0, 0, 0, 0, 0, 0, 0, 0, 0, 0, 0, 0, 0, 0, 0, 0, 0, 0, 0, 0, 0, 0, 0, 0, 0, 0, 0, 0, 0]
Axis: 0

# --- Bias ---
Name: efficientnetv2-b0/block5d_project_bn/FusedBatchNormV3
Shape: [112]
Scale(s): [0.0001945970579981804, 0.00013250128540676087, 0.00014852599997539073, 0.0003690722805913538, 0.0002860523236449808, 0.00010927208495559171, 0.00012654474994633347, 0.00011559216363821179, 0.00021557534637395293, 0.00019800422887783498, 0.00014272636326495558, 0.00011374903988325968, 9.797952225198969e-05, 0.00020637856505345553, 0.00010976089106407017, 0.00013391759421210736, 9.462068555876613e-05, 0.0001486088876845315, 8.420916128670797e-05, 0.00017905840650200844, 0.00011407066631363705, 0.00023456623603124171, 0.00016947744006756693, 0.0001111997407861054, 9.489526564721018e-05, 0.0001342303876299411, 9.691171726444736e-05, 0.00012052329839207232, 0.00012028634955640882, 0.00013508346455637366, 0.00017013875185512006, 0.00013890245463699102, 0.00012846066965721548, 0.00011104936129413545, 0.00021999947784934193, 0.00013781717279925942, 0.0001290081418119371, 0.00014054022904019803, 0.00013455435691867024, 0.0001580348762217909, 0.00011748772521968931, 0.00016774052346590906, 0.00022384240583050996, 0.0002134456008207053, 0.00019436971342656761, 0.00016685138689354062, 0.00016783486353233457, 0.00013524951646104455, 0.00010317296982975677, 0.00022984948009252548, 0.00011192170495633036, 0.00018660738714970648, 0.00012872449588030577, 0.00021845327864866704, 0.0001277657283935696, 0.00015400811389554292, 0.000257890293141827, 0.00010837175068445504, 0.00011870836897287518, 0.00015058145800139755, 0.00021538103464990854, 0.0001750256196828559, 0.00011712663399521261, 0.00019144992984365672, 0.0002496245433576405, 0.00024869106709957123, 0.0001108019205275923, 0.000182221585419029, 0.00013728244812227786, 0.00021111432579346, 0.00014199396537151188, 0.00017960071272682399, 0.00014247035142034292, 8.58712664921768e-05, 0.00021942575403954834, 0.00015723243996035308, 7.550547161372378e-05, 0.0001642358402023092, 9.075931302504614e-05, 0.00013116926129441708, 0.00015545917267445475, 0.00017000205116346478, 0.00016502145444974303, 0.00011347734107403085, 0.00013257720274850726, 0.00011166151671204716, 9.926735947374254e-05, 0.000199042129679583, 0.00020639236026909202, 0.00016034122381825, 0.0006181723438203335, 0.00016753051022533327, 9.312967449659482e-05, 0.00011447106226114556, 0.0001593899360159412, 0.00011679499584715813, 0.00015447274199686944, 0.0001094253602786921, 0.00014163696323521435, 0.00012182817590655759, 0.00021322057000361383, 0.0002234400890301913, 0.00015858003462199122, 0.00022202554100658745, 9.449559001950547e-05, 0.0001695658575044945, 0.00016443507047370076, 0.0001599343231646344, 8.639321458758786e-05, 0.00026374278240837157, 0.00013165880227461457, 0.00016093518934212625]
Zero Point(s): [0, 0, 0, 0, 0, 0, 0, 0, 0, 0, 0, 0, 0, 0, 0, 0, 0, 0, 0, 0, 0, 0, 0, 0, 0, 0, 0, 0, 0, 0, 0, 0, 0, 0, 0, 0, 0, 0, 0, 0, 0, 0, 0, 0, 0, 0, 0, 0, 0, 0, 0, 0, 0, 0, 0, 0, 0, 0, 0, 0, 0, 0, 0, 0, 0, 0, 0, 0, 0, 0, 0, 0, 0, 0, 0, 0, 0, 0, 0, 0, 0, 0, 0, 0, 0, 0, 0, 0, 0, 0, 0, 0, 0, 0, 0, 0, 0, 0, 0, 0, 0, 0, 0, 0, 0, 0, 0, 0, 0, 0, 0, 0]

# --- Shapes summary ---
IFM0 Shape: [1, 14, 14, 672]
IFM1/Weights Shape: [112, 1, 1, 672]
Bias Shape: [112]
OFM Shape: [1, 14, 14, 112]
