-733
-3797
5704
-110
8049
-4919
6982
1190
1071
207
5010
26
-49
6271
792
133
-7365
2161
-2425
-9624
-3608
562
-4522
720
2871
-6316
2003
1331
1775
791
2641
587
2591
2661
-12683
-1000
-323
4312
-3585
-4066
479
-651
-5665
-2910
3926
-6782
4621
-2610
949
-3165
385
-6890
-3453
4375
-299
-15
-3955
-1017
-1821
-1295
-1780
9077
816
10000
-2328
-3
144
5040
2562
-9604
1779
-12329
6560
-3756
4096
-4791
-8296
342
-4714
628
-5140
-4842
-6067
-4549
-3177
-7960
-1407
-3789
-65
5495
4690
7189
-664
-10572
-3765
-7218
4750
4126
-8305
-1320
4319
-307
-3001
4734
-4679
-2736
2017
-770
-3894
-3142
4256
-1213
