Op Type: CONV_2D
Output Tensor: efficientnetv2-b0/block5e_project_bn/FusedBatchNormV3;efficientnetv2-b0/block5e_project_conv/Conv2D
Output Scale: 0.06329189240932465
Output Zero Point: 32
Output Shape: [1, 14, 14, 112]

# --- Weights ---
Name: efficientnetv2-b0/block5e_project_conv/Conv2D
Shape: [112, 1, 1, 672]
Scale(s): [0.013091810047626495, 0.008770900778472424, 0.008890989236533642, 0.017911667004227638, 0.015180612914264202, 0.0048972382210195065, 0.004056830890476704, 0.0053350599482655525, 0.015895137563347816, 0.013829673640429974, 0.004512612707912922, 0.006443386431783438, 0.004430445842444897, 0.013679062016308308, 0.005313723813742399, 0.005492375232279301, 0.006130820605903864, 0.010104244574904442, 0.007501373998820782, 0.010710304602980614, 0.010707384906709194, 0.013801476918160915, 0.010190442204475403, 0.006874102167785168, 0.005208727438002825, 0.005882859230041504, 0.004545809701085091, 0.010871789418160915, 0.005933509208261967, 0.010826032608747482, 0.01271284930408001, 0.00798550620675087, 0.00807738397270441, 0.007350921630859375, 0.012133389711380005, 0.011104924604296684, 0.008195347152650356, 0.007074103225022554, 0.007608051877468824, 0.00997374951839447, 0.011457542888820171, 0.010304145514965057, 0.011343109421432018, 0.010767306201159954, 0.009377389214932919, 0.012854144908487797, 0.00829907227307558, 0.007026845123618841, 0.00640727486461401, 0.017079638317227364, 0.006688508205115795, 0.01157117635011673, 0.006636280566453934, 0.012366161681711674, 0.008419152349233627, 0.006736577954143286, 0.00409747613593936, 0.007089246995747089, 0.005655533634126186, 0.011277728714048862, 0.014264390803873539, 0.010979486629366875, 0.0061270128935575485, 0.01164287980645895, 0.015157702378928661, 0.013781175017356873, 0.006856725085526705, 0.011517945677042007, 0.009100794792175293, 0.010653187520802021, 0.009688707999885082, 0.014840591698884964, 0.010488143190741539, 0.0074492935091257095, 0.012272118590772152, 0.011115211062133312, 0.005459796637296677, 0.007738908287137747, 0.007136011030524969, 0.004436023999005556, 0.008783167228102684, 0.011566825211048126, 0.007926421239972115, 0.007746255956590176, 0.004109927918761969, 0.006462882738560438, 0.00821742694824934, 0.010228252038359642, 0.014284745790064335, 0.010593578219413757, 0.024951638653874397, 0.008095044642686844, 0.0058434512466192245, 0.008646314963698387, 0.008486810140311718, 0.006242827046662569, 0.009536254219710827, 0.006144278682768345, 0.008162777870893478, 0.007515962701290846, 0.01681407541036606, 0.013103967532515526, 0.008736572228372097, 0.013814618811011314, 0.006904193200170994, 0.010085093788802624, 0.011779370717704296, 0.008958645164966583, 0.004299997817724943, 0.021195143461227417, 0.006918502505868673, 0.00992374587804079]
Zero Point(s): [0, 0, 0, 0, 0, 0, 0, 0, 0, 0, 0, 0, 0, 0, 0, 0, 0, 0, 0, 0, 0, 0, 0, 0, 0, 0, 0, 0, 0, 0, 0, 0, 0, 0, 0, 0, 0, 0, 0, 0, 0, 0, 0, 0, 0, 0, 0, 0, 0, 0, 0, 0, 0, 0, 0, 0, 0, 0, 0, 0, 0, 0, 0, 0, 0, 0, 0, 0, 0, 0, 0, 0, 0, 0, 0, 0, 0, 0, 0, 0, 0, 0, 0, 0, 0, 0, 0, 0, 0, 0, 0, 0, 0, 0, 0, 0, 0, 0, 0, 0, 0, 0, 0, 0, 0, 0, 0, 0, 0, 0, 0, 0]
Axis: 0

# --- Bias ---
Name: efficientnetv2-b0/block5e_project_bn/FusedBatchNormV3
Shape: [112]
Scale(s): [0.00034751417115330696, 0.00023281824542209506, 0.00023600591521244496, 0.0004754543479066342, 0.0004029601695947349, 0.00012999422324355692, 0.00010768611537059769, 0.00014161593571770936, 0.0004219267866574228, 0.00036710029235109687, 0.00011978457041550428, 0.0001710357901174575, 0.0001176035002572462, 0.0003631024155765772, 0.00014104957517702132, 0.00014579176786355674, 0.00016273891378659755, 0.000268211035290733, 0.0001991194294532761, 0.00028429855592548847, 0.0002842210524249822, 0.00036635182914324105, 0.00027049912023358047, 0.00018246888066641986, 0.00013826251961290836, 0.00015615693700965494, 0.00012066576164215803, 0.0002885850553866476, 0.00015750140300951898, 0.0002873704652301967, 0.0003374548687133938, 0.00021197042951826006, 0.0002144092577509582, 0.00019512575818225741, 0.0003220734652131796, 0.00029477349016815424, 0.00021754052431788296, 0.0001877777831396088, 0.0002019511302933097, 0.000264747126493603, 0.0003041335439775139, 0.0002735173038672656, 0.0003010959771927446, 0.00028581160586327314, 0.0002489171165507287, 0.0003412054793443531, 0.00022029384854249656, 0.00018652334983926266, 0.00017007722635753453, 0.00045336864423006773, 0.0001775424025254324, 0.0003071498649660498, 0.0001761560415616259, 0.00032825226662680507, 0.00022348130005411804, 0.00017881837266031653, 0.00010876502346945927, 0.0001881797652458772, 0.00015012270887382329, 0.0002993604866787791, 0.0003786396118812263, 0.0002914438082370907, 0.00016263785073533654, 0.00030905319727025926, 0.000402352015953511, 0.00036581294261850417, 0.0001820076140575111, 0.00030573687399737537, 0.00024157507868949324, 0.0002827824209816754, 0.0002571808872744441, 0.0003939345187973231, 0.0002784013922791928, 0.00019773698295466602, 0.00032575594377703965, 0.0002950465423054993, 0.00014492699119728059, 0.00020542462880257517, 0.00018942108727060258, 0.00011775156599469483, 0.00023314384452532977, 0.000307034351862967, 0.00021040205319877714, 0.00020561966812238097, 0.00010909554839599878, 0.00017155329987872392, 0.00021812661725562066, 0.00027150276582688093, 0.00037917992449365556, 0.0002812001039274037, 0.0006623261142522097, 0.00021487804770004004, 0.0001551108725834638, 0.00022951119171921164, 0.00022527722467202693, 0.00016571205924265087, 0.00025313408696092665, 0.00016309614875353873, 0.00021667599503416568, 0.00019950667046941817, 0.0004463194345589727, 0.0003478368744254112, 0.00023190701904240996, 0.0003667006967589259, 0.0001832676207413897, 0.00026770270778797567, 0.00031267624581232667, 0.0002378018107265234, 0.00011414083564886823, 0.0005626122583635151, 0.00018364745483268052, 0.0002634198172017932]
Zero Point(s): [0, 0, 0, 0, 0, 0, 0, 0, 0, 0, 0, 0, 0, 0, 0, 0, 0, 0, 0, 0, 0, 0, 0, 0, 0, 0, 0, 0, 0, 0, 0, 0, 0, 0, 0, 0, 0, 0, 0, 0, 0, 0, 0, 0, 0, 0, 0, 0, 0, 0, 0, 0, 0, 0, 0, 0, 0, 0, 0, 0, 0, 0, 0, 0, 0, 0, 0, 0, 0, 0, 0, 0, 0, 0, 0, 0, 0, 0, 0, 0, 0, 0, 0, 0, 0, 0, 0, 0, 0, 0, 0, 0, 0, 0, 0, 0, 0, 0, 0, 0, 0, 0, 0, 0, 0, 0, 0, 0, 0, 0, 0, 0]

# --- Shapes summary ---
IFM0 Shape: [1, 14, 14, 672]
IFM1/Weights Shape: [112, 1, 1, 672]
Bias Shape: [112]
OFM Shape: [1, 14, 14, 112]
