Op Type: CONV_2D
Output Tensor: efficientnetv2-b0/block5c_project_bn/FusedBatchNormV3;efficientnetv2-b0/block5e_project_conv/Conv2D;efficientnetv2-b0/block5c_project_conv/Conv2D
Output Scale: 0.06115655601024628
Output Zero Point: -4
Output Shape: [1, 14, 14, 112]

# --- Weights ---
Name: efficientnetv2-b0/block5c_project_conv/Conv2D
Shape: [112, 1, 1, 672]
Scale(s): [0.013572190888226032, 0.006638184189796448, 0.00944210309535265, 0.016832489520311356, 0.02080123871564865, 0.006833450403064489, 0.0059120627120137215, 0.006808340083807707, 0.010823308490216732, 0.01621273159980774, 0.005923259072005749, 0.00982187781482935, 0.004871409852057695, 0.013979019597172737, 0.0068128700368106365, 0.005448044743388891, 0.007308190688490868, 0.009480388835072517, 0.0072343493811786175, 0.008691874332726002, 0.008233846165239811, 0.01423763670027256, 0.009762950241565704, 0.007475911173969507, 0.005130099598318338, 0.007796640042215586, 0.004792346153408289, 0.01114830281585455, 0.0078355697914958, 0.009543304331600666, 0.010235968977212906, 0.007410490419715643, 0.007947337813675404, 0.009030557237565517, 0.012705153785645962, 0.010382991284132004, 0.009234664030373096, 0.007543642073869705, 0.009436571039259434, 0.010256962850689888, 0.010105260647833347, 0.009883655235171318, 0.011546957306563854, 0.011866213753819466, 0.010984598658978939, 0.011646643280982971, 0.008927111513912678, 0.00985169131308794, 0.006947604939341545, 0.011906671337783337, 0.006079180631786585, 0.010793235152959824, 0.008163823746144772, 0.01355497632175684, 0.008018807508051395, 0.005002586171030998, 0.008176320232450962, 0.008103443309664726, 0.006286021322011948, 0.012955588288605213, 0.011235645972192287, 0.011883322149515152, 0.0077624754048883915, 0.013279533013701439, 0.015965647995471954, 0.019557882100343704, 0.009287205524742603, 0.010396902449429035, 0.008871510624885559, 0.01068481057882309, 0.00943297054618597, 0.011030498892068863, 0.01099691167473793, 0.006203559692949057, 0.012515242211520672, 0.011926822364330292, 0.004795931279659271, 0.007888346910476685, 0.004877062980085611, 0.0058213090524077415, 0.008418222889304161, 0.01053728349506855, 0.009765193797647953, 0.008478065952658653, 0.006793693173676729, 0.005993387196213007, 0.007465561851859093, 0.010717760771512985, 0.020186960697174072, 0.01107385940849781, 0.044988397508859634, 0.010802815668284893, 0.00605038134381175, 0.010034899227321148, 0.007723130285739899, 0.006513889413326979, 0.011195971630513668, 0.004822966642677784, 0.008947000838816166, 0.007281383965164423, 0.013876586221158504, 0.015979785472154617, 0.007776567712426186, 0.015887267887592316, 0.00706719234585762, 0.011251975782215595, 0.01407701801508665, 0.00959751009941101, 0.005992320366203785, 0.01575879007577896, 0.008938559330999851, 0.012195869348943233]
Zero Point(s): [0, 0, 0, 0, 0, 0, 0, 0, 0, 0, 0, 0, 0, 0, 0, 0, 0, 0, 0, 0, 0, 0, 0, 0, 0, 0, 0, 0, 0, 0, 0, 0, 0, 0, 0, 0, 0, 0, 0, 0, 0, 0, 0, 0, 0, 0, 0, 0, 0, 0, 0, 0, 0, 0, 0, 0, 0, 0, 0, 0, 0, 0, 0, 0, 0, 0, 0, 0, 0, 0, 0, 0, 0, 0, 0, 0, 0, 0, 0, 0, 0, 0, 0, 0, 0, 0, 0, 0, 0, 0, 0, 0, 0, 0, 0, 0, 0, 0, 0, 0, 0, 0, 0, 0, 0, 0, 0, 0, 0, 0, 0, 0]
Axis: 0

# --- Bias ---
Name: efficientnetv2-b0/block5c_project_bn/FusedBatchNormV3
Shape: [112]
Scale(s): [0.00026884456747211516, 0.00013149238657206297, 0.0001870337873697281, 0.00033342617098242044, 0.00041204108856618404, 0.00013536031474359334, 0.00011710902617778629, 0.00013486291572917253, 0.00021439338161144406, 0.00032114970963448286, 0.00011733080464182422, 0.00019455654546618462, 9.649526327848434e-05, 0.000276903243502602, 0.00013495265739038587, 0.0001079175272025168, 0.00014476421347353607, 0.00018779217498376966, 0.00014330152771435678, 0.00017217289132531732, 0.00016310004866681993, 0.00028202604153193533, 0.0001933892781380564, 0.0001480865030316636, 0.00010161951649934053, 0.00015443965094164014, 9.492912795394659e-05, 0.0002208310179412365, 0.00015521078603342175, 0.00018903843010775745, 0.00020275906717870384, 0.00014679061132483184, 0.00015742474352009594, 0.00017888168804347515, 0.0002516698732506484, 0.00020567135652527213, 0.00018292473396286368, 0.00014942814595997334, 0.00018692419689614326, 0.0002031749318121001, 0.0002001699322136119, 0.00019578025967348367, 0.00022872776025906205, 0.00023505174613092095, 0.00021758828370366246, 0.00023070239694789052, 0.0001768325746525079, 0.00019514710584189743, 0.0001376215514028445, 0.00023585314920637757, 0.00012041937588946894, 0.0002137976698577404, 0.0001617130037629977, 0.00026850358699448407, 0.00015884045569691807, 9.909366781357676e-05, 0.00016196054639294744, 0.00016051695274654776, 0.00012451657676137984, 0.00025663062115199864, 0.00022256115335039794, 0.00023539064568467438, 0.0001537628995720297, 0.00026304746279492974, 0.0003162553475704044, 0.0003874120593536645, 0.0001839655014919117, 0.00020594691159203649, 0.00017573121294844896, 0.0002116499381372705, 0.00018685287795960903, 0.00021849750191904604, 0.0002178321883548051, 0.0001228831388289109, 0.0002479080285411328, 0.0002362523227930069, 9.500014857621863e-05, 0.00015625622472725809, 9.660724026616663e-05, 0.00011531133350217715, 0.00016675227379892021, 0.00020872765162494034, 0.00019343371968716383, 0.00016793767281342298, 0.00013457279419526458, 0.00011871993774548173, 0.00014788149564992636, 0.00021230263519100845, 0.0003998731554020196, 0.00021935641416348517, 0.0008911521290428936, 0.00021398744138423353, 0.00011984890443272889, 0.00019877617887686938, 0.00015298352809622884, 0.0001290303043788299, 0.00022177526261657476, 9.553567360853776e-05, 0.0001772265532054007, 0.00014423319953493774, 0.0002748741826508194, 0.0003165353846270591, 0.00015404204896185547, 0.00031470274552702904, 0.00013999039947520941, 0.0002228846278740093, 0.00027884443989023566, 0.00019011215772479773, 0.00011869880836457014, 0.0003121577901765704, 0.00017705935169942677, 0.0002415817289147526]
Zero Point(s): [0, 0, 0, 0, 0, 0, 0, 0, 0, 0, 0, 0, 0, 0, 0, 0, 0, 0, 0, 0, 0, 0, 0, 0, 0, 0, 0, 0, 0, 0, 0, 0, 0, 0, 0, 0, 0, 0, 0, 0, 0, 0, 0, 0, 0, 0, 0, 0, 0, 0, 0, 0, 0, 0, 0, 0, 0, 0, 0, 0, 0, 0, 0, 0, 0, 0, 0, 0, 0, 0, 0, 0, 0, 0, 0, 0, 0, 0, 0, 0, 0, 0, 0, 0, 0, 0, 0, 0, 0, 0, 0, 0, 0, 0, 0, 0, 0, 0, 0, 0, 0, 0, 0, 0, 0, 0, 0, 0, 0, 0, 0, 0]

# --- Shapes summary ---
IFM0 Shape: [1, 14, 14, 672]
IFM1/Weights Shape: [112, 1, 1, 672]
Bias Shape: [112]
OFM Shape: [1, 14, 14, 112]
