Op Type: CONV_2D
Output Tensor: efficientnetv2-b0/block5b_project_bn/FusedBatchNormV3;efficientnetv2-b0/block5e_project_conv/Conv2D;efficientnetv2-b0/block5b_project_conv/Conv2D
Output Scale: 0.06963078677654266
Output Zero Point: -13
Output Shape: [1, 14, 14, 112]

# --- Weights ---
Name: efficientnetv2-b0/block5b_project_conv/Conv2D
Shape: [112, 1, 1, 672]
Scale(s): [0.011937645263969898, 0.009591498412191868, 0.007810171693563461, 0.012166813015937805, 0.010917546227574348, 0.006153309252113104, 0.004816691391170025, 0.005999501328915358, 0.00954984687268734, 0.011847973801195621, 0.008945249021053314, 0.010635404847562313, 0.007603938225656748, 0.010525574907660484, 0.0051810247823596, 0.007734780665487051, 0.00670350668951869, 0.009923385456204414, 0.004729602951556444, 0.008382832631468773, 0.008920780383050442, 0.017094114795327187, 0.009212897159159184, 0.008155274204909801, 0.0065386020578444, 0.006493943743407726, 0.006597896106541157, 0.008758267387747765, 0.008163862861692905, 0.010451193898916245, 0.010305495001375675, 0.010347628965973854, 0.008864469826221466, 0.007172088138759136, 0.008431678637862206, 0.009024235419929028, 0.012631261721253395, 0.006283959373831749, 0.008025268092751503, 0.00849250890314579, 0.010180765762925148, 0.008478296920657158, 0.010316225700080395, 0.00892250332981348, 0.010442601516842842, 0.008323103189468384, 0.007899126037955284, 0.006236299406737089, 0.008019726723432541, 0.012606300413608551, 0.00651013758033514, 0.010417154990136623, 0.0057530635967850685, 0.010811707936227322, 0.008228152059018612, 0.00631793774664402, 0.004957481287419796, 0.007839900441467762, 0.00852963700890541, 0.010498167015612125, 0.010453488677740097, 0.010227054357528687, 0.006351933814585209, 0.009204993024468422, 0.01146676391363144, 0.013767391443252563, 0.0055330186150968075, 0.007536904886364937, 0.009359009563922882, 0.008155271410942078, 0.007166152819991112, 0.010384881868958473, 0.010504517704248428, 0.008869344368577003, 0.009766981936991215, 0.009629799984395504, 0.006807001307606697, 0.010254127904772758, 0.0059790476225316525, 0.005439329892396927, 0.007624131627380848, 0.012415087781846523, 0.006930123083293438, 0.0068980795331299305, 0.005220802966505289, 0.007278493605554104, 0.006053822580724955, 0.008573595434427261, 0.01316109113395214, 0.008384895510971546, 0.030553419142961502, 0.008038681000471115, 0.005513909738510847, 0.007534503936767578, 0.0068565490655601025, 0.006077611818909645, 0.009798567742109299, 0.0062580532394349575, 0.007120020221918821, 0.007883952930569649, 0.010189363732933998, 0.010583167895674706, 0.009936765767633915, 0.012414299882948399, 0.009265279397368431, 0.010273554362356663, 0.008468152955174446, 0.009409058839082718, 0.0075176008976995945, 0.01112376805394888, 0.006764731835573912, 0.010412205941975117]
Zero Point(s): [0, 0, 0, 0, 0, 0, 0, 0, 0, 0, 0, 0, 0, 0, 0, 0, 0, 0, 0, 0, 0, 0, 0, 0, 0, 0, 0, 0, 0, 0, 0, 0, 0, 0, 0, 0, 0, 0, 0, 0, 0, 0, 0, 0, 0, 0, 0, 0, 0, 0, 0, 0, 0, 0, 0, 0, 0, 0, 0, 0, 0, 0, 0, 0, 0, 0, 0, 0, 0, 0, 0, 0, 0, 0, 0, 0, 0, 0, 0, 0, 0, 0, 0, 0, 0, 0, 0, 0, 0, 0, 0, 0, 0, 0, 0, 0, 0, 0, 0, 0, 0, 0, 0, 0, 0, 0, 0, 0, 0, 0, 0, 0]
Axis: 0

# --- Bias ---
Name: efficientnetv2-b0/block5b_project_bn/FusedBatchNormV3
Shape: [112]
Scale(s): [0.0002708082611206919, 0.00021758535876870155, 0.00017717554874252528, 0.0002760069619398564, 0.0002476670779287815, 0.00013958924682810903, 0.00010926776303676888, 0.0001361000759061426, 0.00021664048836100847, 0.00026877401978708804, 0.0002029250463237986, 0.00024126662174239755, 0.0001724970934446901, 0.0002387751010246575, 0.00011753274884540588, 0.00017546529124956578, 0.00015207059914246202, 0.00022511430142913014, 0.00010729213681770489, 0.00019016649457626045, 0.00020236996351741254, 0.00038778394809924066, 0.0002089967019855976, 0.00018500428996048868, 0.0001483297091908753, 0.00014731661940459162, 0.00014967480092309415, 0.00019868332310579717, 0.00018519912555348128, 0.00023708774824626744, 0.00023378254263661802, 0.00023473835608456284, 0.00020109255274292082, 0.00016270048217847943, 0.0001912745792651549, 0.0002047168673016131, 0.0002865431015379727, 0.0001425530790584162, 0.0001820550678530708, 0.00019265453738626093, 0.00023095302458386868, 0.00019233212515246123, 0.00023402596707455814, 0.00020240904996171594, 0.0002368928398936987, 0.00018881152209360152, 0.0001791935064829886, 0.000141471900860779, 0.00018192935385741293, 0.0002859768574126065, 0.00014768398250453174, 0.0002363155799685046, 0.00013050957932136953, 0.00024526609922759235, 0.00018665753304958344, 0.00014332387945614755, 0.00011246161011513323, 0.00017784995725378394, 0.00019349678768776357, 0.00023815335589461029, 0.00023713981499895453, 0.00023200309078674763, 0.0001440950873075053, 0.00020881739328615367, 0.00026012619491666555, 0.00031231646426022053, 0.0001255178067367524, 0.000170976432855241, 0.00021231129358056933, 0.00018500421720091254, 0.00016256583330687135, 0.00023558344400953501, 0.00023829741985537112, 0.00020120313274674118, 0.00022156625345814973, 0.0002184542390750721, 0.00015441840514540672, 0.00023261726892087609, 0.0001356360735371709, 0.00012339245586190373, 0.0001729551877360791, 0.0002816391352098435, 0.00015721144154667854, 0.00015648452972527593, 0.00011843512766063213, 0.00016511431022081524, 0.00013733236119151115, 0.0001944940013345331, 0.0002985624014399946, 0.00019021329353563488, 0.0006931113894097507, 0.00018235933384858072, 0.00012508431973401457, 0.00017092196503654122, 0.000155542409629561, 0.00013787203351967037, 0.0002222827752120793, 0.00014196538541000336, 0.0001615193032193929, 0.0001788492954801768, 0.0002311480784555897, 0.00024008161562960595, 0.00022541783982887864, 0.0002816212654579431, 0.00021018501138314605, 0.00023305795912165195, 0.00019210201571695507, 0.0002134466776624322, 0.00017053852207027376, 0.00025234525674022734, 0.0001534595066914335, 0.00023620329739060253]
Zero Point(s): [0, 0, 0, 0, 0, 0, 0, 0, 0, 0, 0, 0, 0, 0, 0, 0, 0, 0, 0, 0, 0, 0, 0, 0, 0, 0, 0, 0, 0, 0, 0, 0, 0, 0, 0, 0, 0, 0, 0, 0, 0, 0, 0, 0, 0, 0, 0, 0, 0, 0, 0, 0, 0, 0, 0, 0, 0, 0, 0, 0, 0, 0, 0, 0, 0, 0, 0, 0, 0, 0, 0, 0, 0, 0, 0, 0, 0, 0, 0, 0, 0, 0, 0, 0, 0, 0, 0, 0, 0, 0, 0, 0, 0, 0, 0, 0, 0, 0, 0, 0, 0, 0, 0, 0, 0, 0, 0, 0, 0, 0, 0, 0]

# --- Shapes summary ---
IFM0 Shape: [1, 14, 14, 672]
IFM1/Weights Shape: [112, 1, 1, 672]
Bias Shape: [112]
OFM Shape: [1, 14, 14, 112]
