Op Type: CONV_2D
Output Tensor: efficientnetv2-b0/block6c_se_reduce/BiasAdd;efficientnetv2-b0/block6h_se_reduce/Conv2D;efficientnetv2-b0/block6c_se_reduce/Conv2D;efficientnetv2-b0/block6c_se_reduce/BiasAdd/ReadVariableOp
Output Scale: 0.023895854130387306
Output Zero Point: -51
Output Shape: [1, 1, 1, 48]

# --- Weights ---
Name: efficientnetv2-b0/block6c_se_reduce/Conv2D
Shape: [48, 1, 1, 1152]
Scale(s): [0.0033545640762895346, 0.0038303672336041927, 0.003197834827005863, 0.003229101188480854, 0.004459299612790346, 0.004146065097302198, 0.003931652754545212, 0.003082198090851307, 0.0037716012448072433, 0.0029011445585638285, 0.002062820130959153, 0.00247256550937891, 0.003707096679136157, 0.003932140301913023, 0.0029353683348745108, 0.0038573453202843666, 0.006243381183594465, 0.0019574991893023252, 0.002448488026857376, 0.00237795477733016, 0.002297901315614581, 0.002242861781269312, 0.0029831044375896454, 0.003832555143162608, 0.003651671577244997, 0.0053779869340360165, 0.0038705181796103716, 0.0033079246059060097, 0.004544069524854422, 0.0038857944309711456, 0.0023324014618992805, 0.0051370649598538876, 0.0036279300693422556, 0.002175108762457967, 0.0023100441321730614, 0.003279683645814657, 0.0038760770112276077, 0.0037112415302544832, 0.0030173971317708492, 0.004746825899928808, 0.002747690537944436, 0.0035245721228420734, 0.0024771103635430336, 0.003991396632045507, 0.0030899399425834417, 0.0036216476000845432, 0.0029912146274000406, 0.002647827845066786]
Zero Point(s): [0, 0, 0, 0, 0, 0, 0, 0, 0, 0, 0, 0, 0, 0, 0, 0, 0, 0, 0, 0, 0, 0, 0, 0, 0, 0, 0, 0, 0, 0, 0, 0, 0, 0, 0, 0, 0, 0, 0, 0, 0, 0, 0, 0, 0, 0, 0, 0]
Axis: 0

# --- Bias ---
Name: efficientnetv2-b0/block6c_se_reduce/BiasAdd/ReadVariableOp
Shape: [48]
Scale(s): [4.242745490046218e-05, 4.844526119995862e-05, 4.044519300805405e-05, 4.084064130438492e-05, 5.6399800087092444e-05, 5.2438110287766904e-05, 4.97262881253846e-05, 3.8982656406005844e-05, 4.770200757775456e-05, 3.669275247375481e-05, 2.6089890525327064e-05, 3.127221862087026e-05, 4.688617627834901e-05, 4.973245449946262e-05, 3.712560283020139e-05, 4.878647450823337e-05, 7.896429451648146e-05, 2.4757824576226994e-05, 3.0967694328865036e-05, 3.0075612812652253e-05, 2.906312329287175e-05, 2.836699968611356e-05, 3.7729354517068714e-05, 4.847293530474417e-05, 4.618517777998932e-05, 6.801906420150772e-05, 4.895307938568294e-05, 4.1837574826786295e-05, 5.747194154537283e-05, 4.9146288802148774e-05, 2.9499469746951945e-05, 6.497195863630623e-05, 4.5884902647230774e-05, 2.751008105406072e-05, 2.9216700568213128e-05, 4.1480390791548416e-05, 4.9023386964108795e-05, 4.6938599552959204e-05, 3.8163077988428995e-05, 6.003633825457655e-05, 3.475191260804422e-05, 4.45776640844997e-05, 3.132970232400112e-05, 5.0481910875532776e-05, 3.9080576243577525e-05, 4.580544191412628e-05, 3.7831927329534665e-05, 3.348888276377693e-05]
Zero Point(s): [0, 0, 0, 0, 0, 0, 0, 0, 0, 0, 0, 0, 0, 0, 0, 0, 0, 0, 0, 0, 0, 0, 0, 0, 0, 0, 0, 0, 0, 0, 0, 0, 0, 0, 0, 0, 0, 0, 0, 0, 0, 0, 0, 0, 0, 0, 0, 0]

# --- Shapes summary ---
IFM0 Shape: [1, 1, 1, 1152]
IFM1/Weights Shape: [48, 1, 1, 1152]
Bias Shape: [48]
OFM Shape: [1, 1, 1, 48]
