600
-9401
-8027
-13593
-45357
-18019
-15912
-15750
-12863
-23829
-3945
2435
-37642
-16712
-6653
-12683
-17291
-13454
-23025
-2511
-12249
-22830
-9176
-7578
-3674
-21237
1582
-13867
-25307
-16866
-8488
7993
-2667
-5930
-14927
7418
-40436
5203
-841
-19777
-12395
-816
1923
-13297
-8352
-5683
-16872
-16046
-4866
-11176
10340
-19729
-24485
-17607
-895
-6461
1662
-19015
-9953
-3006
-15245
-10543
-14981
-19639
-19320
-134
-21974
-8556
-7063
-4533
-30752
-16712
3624
146
-20989
-9479
-32612
-41385
-8941
-19437
-43051
-14862
-2684
-9185
-11645
105
-5777
-13741
-7466
-8715
-9646
-7302
-5748
-29374
-19551
-25750
-7407
-13802
-7625
-18084
-27187
-21605
-18082
-27026
-15561
-15655
-6487
1364
-9603
-12210
-17022
-13542
-12071
-18991
-3449
-6040
-7894
4999
-7629
-27321
-14401
-8384
-14131
-15529
-14036
3558
-25364
-15851
-29596
-14409
-10401
-20471
-21756
-24907
-10743
319
-1913
1902
-10243
-34011
-21497
-10353
-11316
-21447
-23116
-8026
14182
-14940
-18326
-4555
-10651
-1735
-10136
-22420
-20676
-818
-27956
-6752
-2092
-17977
-5460
-11596
-9426
-14580
7237
-11321
7626
2024
-19858
-4319
-6273
-4171
-7009
-8807
-10066
-14940
-4266
-12134
-14785
7678
-29566
-30077
-11130
-24659
-13029
-14956
-12540
-10270
-12431
-15132
-15413
225
-2209
-11270
-13053
-40379
-2657
-37934
-14227
-4031
-22430
-7942
-5732
-3965
-15832
-9803
-12415
-2393
-12470
-41963
-10291
-11790
-26764
-9297
-16151
-32314
-12087
-16456
-16350
-13133
931
-16593
-2771
42479
3709
-9181
-5312
-7116
-9853
-19217
-2098
-19309
-5461
-9506
-28075
-12352
-10670
-11382
-11811
-12815
-5912
-12691
-7077
-19044
7174
-16456
-18988
10788
-7489
-17810
-17379
2244
5426
-13979
-15053
-13591
-9112
-12606
-144
-9087
-7497
-22304
-1865
-13668
-8594
-27468
-28791
1555
-8110
-5242
-32996
-11133
10908
-15810
-9515
-11411
157
-21135
-25401
-12691
2327
-14347
-126
-11791
-29310
-2938
-9788
6475
-9740
-27628
-7550
-734
-6046
-17612
4451
-18242
-11190
-30355
-15804
-14952
1342
-30930
-16537
-22469
-6416
-17821
-13707
-14798
-17671
-6046
-28489
-7143
-8951
-6536
1340
-13773
-13770
-8793
-17480
-14727
1829
-2567
-21300
9945
-5535
-4444
4324
-3796
-15474
-14612
-14222
-16825
-7068
-5983
-9186
-13221
-2275
3788
-19207
-13419
13110
-23435
-3767
-13954
-18297
-17308
-28201
-6780
468
-9101
-568
-2710
3783
-10720
2425
-9623
17408
596
-7956
-18500
-15170
-2114
-27928
-13414
-16909
-20886
15593
-2019
-8010
-10267
-6772
-4285
-9346
-35114
-14516
-30382
10700
-2258
-14780
-10464
-20341
-3575
-6547
-20648
-13809
-14726
-10480
-26653
-7180
-922
-9580
-3150
-13093
-12361
-19741
-13694
-3645
-2845
-18474
-8305
-9777
-360
-15586
-15333
-4945
-8972
-10560
-14572
-10250
-28750
-18158
-13775
-41087
-9211
-4782
-25956
-8429
-9935
-19102
-28058
-11927
-14352
-26713
-17002
-7135
-5647
-10289
-15258
-42138
1281
-24721
-6190
8639
-13209
-6370
-17046
-7573
3550
-4770
-7440
5036
370
8708
-12329
-8201
-6616
7147
-5160
14056
-13315
-19323
-23012
-4762
-21995
-14128
-9034
671
-40683
-9183
-17443
-26734
-32139
-17429
-16635
-23180
11694
-23826
231
3538
-9102
-11037
-32293
96911
-3909
-20027
-16900
-9446
-10173
-990
-3260
-14825
-22334
-2209
-10178
-11851
-14128
-15083
-2353
-8066
-7272
-22371
-8382
-12230
-22444
-41501
-377
-26387
-11396
17501
-10142
-10823
-18147
-31102
-7736
-14049
1531
-12031
-7919
6497
-6461
-14221
-6502
1996
-8923
1515
-15684
-13991
-16541
-29123
6730
13090
-16244
-3987
-16678
-8084
-2065
-11975
-15420
762
-24474
-29291
-4060
-9061
-15435
-13651
-23626
-2696
-8139
-2010
-10119
-10914
-1790
-15181
-21494
-12525
-15152
-7061
-33979
-11164
10521
5512
-13824
-11892
16798
-55699
-7266
-18413
-16577
-11638
-24000
1605
-17140
-13260
-4426
-12206
-13109
-2851
-49537
-4284
-26742
-20379
-18430
-11592
-3440
-13809
2593
-20509
-15533
-10917
-16899
-12474
-19465
-23148
-10917
596
12512
-26607
4220
21611
-14732
444
-21450
-29823
-8719
-9122
-11724
-9178
409
6007
-2969
-20092
-17117
-47349
-9052
-12737
1625
-16211
-12261
7365
-10476
-16805
-19298
-573
-16944
-6568
-19162
-7466
-12983
-13433
-4632
-6705
-9010
-5532
-18323
-19536
-23394
-2874
-10294
-976
-39862
-17689
-41064
-4043
-7529
-8447
-12067
-14110
19731
-10090
-2046
-13475
-13123
-22909
-12369
-6084
72
-17502
-11971
-10718
-7923
-5091
-23039
-10040
-6359
-21591
-25218
-773
3534
-14825
-30576
-36607
-13085
-12940
-15885
-21660
-11167
4733
-11505
-33933
-15077
9189
-21038
-7983
-6976
-5994
-12670
-21112
-12995
-20134
-16853
3063
9030
-13024
-21421
-13979
25232
-3895
-22791
-23726
1848
-9944
-21435
400
-20121
-9636
-17051
-13461
-16868
-9501
-1120
1459
-5822
-11119
-9013
-3195
-18206
-28
-13385
-22133
-36172
-20345
-4168
-806
-8992
-25843
-7005
-597
-41794
-16140
-24114
-2045
-14366
-5456
-10912
-13866
-2816
-11158
-7384
-5374
-9135
-9187
-3345
-16957
-4380
-6256
-2122
-626
-10153
-8610
-18636
-3560
-11683
-18620
-8016
6907
-11567
-13699
-20427
-9335
-20362
-2471
-10257
-13260
-20547
1341
7214
-4852
5877
-2985
-9491
-16906
-7633
-18989
-35912
-7229
-10560
-6823
-7353
-10519
3830
-28608
-18831
-17009
-8434
-5226
-17335
-12537
-23736
-5157
-39806
-8828
-15391
-5736
-16012
-3903
-5620
-18261
-6515
-10596
-17131
-5903
-9838
-15440
15557
-7930
-15675
-15709
-17202
5233
-29827
-7221
-15599
-9995
-23893
-15211
-16278
-25859
-1294
-19506
-12568
-7871
14244
-20789
2640
-5793
-23362
-15724
-7498
-2362
-22986
34797
-13982
4132
-13515
3587
-46389
-5829
-5758
-7451
-12152
-18726
-17012
-7124
-20378
-16575
-18011
-5072
-7089
-18238
-15890
-8098
5320
-8073
544
-3325
14362
-17340
-31659
3417
-22936
-11355
557
-15181
-18460
-2073
-25964
-3791
-14642
5215
-23378
4541
-27864
-17044
5605
5853
-7156
-17508
-23612
-12659
-6809
-19278
519
-10185
4429
26985
-15920
-14840
-14203
-12725
-327
-18904
-7632
-9771
-3370
-25356
-5896
-10969
-24768
-15670
-13388
-6825
-3512
-44124
-3202
-46105
-4502
-24997
-2176
-2800
-13602
-9064
-10838
-8207
-14703
-168
-17394
-5573
292
-20838
-21031
-8820
-10678
-17063
-26340
-13364
-12000
11208
-19426
-5203
-19317
-12647
-17707
-31271
-17791
-23884
-10943
9321
-11406
-5092
-10406
-13246
-14934
-18816
-130
-10916
-5571
-26202
-1344
-17729
-12305
-15055
-4534
-13387
-20419
-5103
-13857
-48098
-18579
-16243
-13860
-8180
-20963
-13179
1030
-4547
-3906
-21419
-11497
-6066
-28875
-28070
-10682
-11390
-8275
-17900
11573
-11607
-17438
-11611
-11221
-15203
367
-21389
-12527
-12577
-18551
5659
-9471
-2240
-27797
-8033
-3679
-38865
-13626
-22819
-16605
-9808
-11818
-24224
-4191
982
3510
-9524
7440
-15111
3605
-6381
-1950
-6484
-18055
-14555
-11962
-14278
-12360
173
-8509
-14052
-9976
-5430
-36577
-8775
-14531
1473
-15673
361
-14521
-15416
-21471
-6906
-37145
1355
-18372
-23592
-9560
-20123
-12527
-34662
7148
-5892
-5061
-11627
-11382
-8305
-10096
-16082
-20397
3063
596
-41195
-14880
1288
-8888
-7051
-31109
-9965
-15305
-10398
-3302
-12944
-9807
-9372
-12039
12298
-14618
-10024
-11182
37740
-9702
-13211
1849
-18584
-5348
-14873
-6582
-4908
-1124
-5361
6600
-5514
-6471
-9500
-20016
-18933
-32093
2175
-11457
-22355
-20019
-10613
-29882
-7180
-13969
-16639
5979
-4285
-15505
-22517
-13982
-8613
-10195
-25524
-15401
-6829
-11189
-6242
-28130
-41119
-10721
-19687
-8169
-7398
-4293
-4613
-23378
-15671
-10737
-20562
-46398
-3130
-7406
-12997
-20341
2074
-12061
2041
-13124
-5177
-24523
-12177
-2451
-8000
-15292
-6823
-20784
-16461
-18380
-33732
-11409
-20334
-18276
-7467
-18926
-11148
-6297
-23694
-15091
-27200
11048
-14399
-101
-4008
-7965
-5384
4753
-9627
-15256
-5196
-10646
-16725
-10698
-8789
-609
