-97
8
-115
-103
-110
-31
-84
-86
-19
-67
-81
-43
-85
-67
-86
101
-75
-117
-50
-84
-58
-99
-6
-120
21
-124
42
-10
-25
-75
-91
-42
-98
-105
-108
-115
-83
-101
-108
-73
-102
-60
-91
-118
-69
-52
-14
-98
-89
-112
47
10
-60
-73
-92
-33
-117
-115
-116
-91
-78
-34
-23
-38
-83
-116
-83
4
-67
-103
-47
-75
-99
-80
-73
-116
-113
-123
-87
-97
-86
-43
-45
-88
-71
-97
-123
-27
-110
-60
25
-101
-55
-16
-77
-63
-86
-79
-103
-52
-8
19
-81
-96
-18
-60
-10
-58
-85
-89
-91
-90
-116
-45
-114
-31
-84
-105
-74
-87
-49
-52
-74
-70
-122
-110
-77
-34
-79
-96
-4
-77
-45
-66
-104
-61
27
-34
-109
-75
-102
-61
-84
-74
-74
-63
-63
-57
-107
-67
-103
-100
-58
-64
33
-73
-81
-77
-33
-118
-55
-79
-49
-119
-95
-42
-38
-10
-58
-114
-124
-36
-95
75
2
-115
-47
-96
-23
-107
-96
-25
-117
-4
-70
-104
-114
-110
-21
-100
-74
25
-87
-99
-57
-116
-85
-74
-14
-73
-124
-69
-23
-109
-110
-114
-88
-79
-118
-108
-87
-4
-19
-45
-85
-50
-109
-116
-96
-61
-78
-103
-77
-67
-33
77
-69
-100
-38
-83
-63
-78
-84
-111
-85
-77
-105
-42
-92
-120
-52
23
-81
-116
-79
-87
-124
-53
-49
-87
-99
-92
-12
-120
-94
16
-116
-70
-105
-89
-105
-92
-85
-77
-83
-104
-109
-66
100
-84
-79
-90
-79
-98
-53
-50
-75
-52
-118
-108
-88
-103
4
-85
-100
-42
-113
-113
-84
-85
-90
-6
-115
-97
-88
-36
-111
-78
-94
-91
-98
-99
-97
-110
-49
-91
-70
-109
8
-100
-113
-93
-115
-112
-108
-67
-36
-61
-96
-105
-75
-116
-113
-110
-90
-124
-97
-81
78
-112
-110
-114
-83
-111
-78
-103
-31
-38
-122
-78
-113
-115
-66
-34
-83
-105
-108
-85
-113
-4
-92
-120
40
-98
-91
-67
-111
6
-2
-61
-99
-98
-112
-63
-86
-73
21
-40
-97
-75
-84
-33
-84
-78
-89
27
-75
-91
-111
-50
-74
-115
-36
-64
-121
-86
-40
-110
-116
-52
-92
-111
-79
-74
-86
-107
-96
-71
-102
8
14
-107
-101
-53
-45
-97
-110
-23
-71
-50
21
-97
-92
-107
-52
2
-101
-53
-119
-60
-108
-87
-53
-87
-114
-78
-87
-86
-19
-38
-88
-111
0
-75
-107
-55
-36
-89
-99
-23
-105
-83
-102
-8
-98
-57
-61
-45
-116
-91
-99
-109
-125
-105
-80
-124
19
-108
-114
-63
-87
-75
-16
-103
-19
-92
-81
-83
-63
-43
-90
-75
-98
-107
-64
-88
-116
-100
-93
-86
-111
-96
-86
-108
-121
-71
-64
-90
-109
-21
-77
-74
-101
-107
-112
-21
-91
-49
-90
0
-60
-18
-18
-102
-57
-90
-101
-63
-94
-87
-92
27
-58
-33
-75
6
-115
-91
-126
-42
-95
-99
-87
38
-31
-64
-94
-116
-103
-94
-83
-110
-117
-14
-77
-93
-100
-105
-33
-96
-97
8
-103
-119
-104
-90
-79
-108
-40
-34
-12
-109
-63
-115
-116
-92
-97
-99
-21
-108
-94
-50
-96
-80
-97
-111
-83
-83
-87
-96
-110
-100
10
-43
31
-14
-101
-47
-50
-107
-99
-105
-34
-110
19
-34
-40
29
-89
-60
-95
-23
-112
-123
-92
-23
-92
-36
-57
-111
-81
-119
-47
-117
-84
-109
-79
-75
-81
-90
-16
-63
-79
-55
-107
-114
-115
-95
-90
-80
-114
-112
-123
-93
-100
-101
-66
-120
-97
-115
-43
14
-49
-105
-108
-58
-69
-27
-69
-42
-125
-84
-80
-102
-42
-103
-116
-110
-107
-61
-77
-79
-67
-75
-74
-71
-118
-50
-79
-42
-61
-116
-69
-99
-79
-114
-125
-36
-120
-74
-80
-75
-84
-55
-29
-79
-109
-47
-97
40
-107
-47
-105
-63
-64
-114
57
-64
-23
-101
-69
-52
-111
-36
-116
-86
-97
-94
-66
-101
-61
-91
-85
-88
-69
-81
-103
-100
-110
-83
-57
-118
-108
-97
-112
-95
-109
-34
-67
-116
-103
-108
-91
-31
-109
-33
-102
-63
-78
-81
-103
-74
-19
-112
-92
-109
-87
-98
-78
-84
74
-18
-103
14
-117
-106
-118
-105
-114
-96
-98
-67
-91
-73
-119
-84
-108
-91
-110
-109
-52
-108
-105
-99
-111
-100
-81
-40
61
-4
-101
-106
-47
-74
-105
-106
-71
-103
-93
-84
-81
-60
-88
-83
-123
-108
-34
-66
-95
-104
-69
-114
-103
-70
-85
2
-117
-49
-53
-83
-110
-47
-71
38
-90
-77
-78
-71
23
-91
-38
-73
-49
-71
-117
-109
-83
-89
-98
-112
-112
-19
-112
-94
-63
-100
-118
-69
-104
-92
-85
-96
-114
-109
-75
-69
-25
-78
-49
-63
-114
-19
-117
-111
-33
-105
-104
-97
-12
-47
-124
-119
-70
-108
-31
-86
-34
-99
-64
-110
-67
-89
-19
-115
-106
-42
-125
-93
-98
-98
-98
-95
-77
-96
-114
-119
-86
-85
-27
-97
-23
-96
-106
-112
-81
-14
-86
-104
-91
0
-122
21
4
-14
-101
-104
19
-110
-92
-90
-53
-118
8
-118
31
-74
-58
18
58
-104
-78
-36
-92
-107
-85
-19
16
-67
-63
-109
-81
-97
-73
-109
-27
-102
-64
-101
-80
-50
-4
-105
-93
6
-92
-27
-105
-18
-105
-69
-78
-126
-103
-88
42
-50
-79
-79
-64
-69
-98
-63
-43
-100
-111
-124
-83
-45
-104
-29
-66
-78
-115
-33
-112
-110
-118
-40
-96
-34
-107
-94
-71
14
-110
-79
-74
-64
-73
-45
-116
-95
-73
-120
-112
-107
-122
-64
-53
-105
14
-85
-73
-101
-101
-116
-101
-6
-111
-47
-112
-95
-101
-69
-112
-90
-103
-38
18
-21
-110
-71
-78
-89
-122
-97
-16
34
-63
-60
-113
-84
-90
-96
-77
-84
-88
-118
-105
-89
-66
-78
-89
-42
-101
-79
-101
95
-88
-90
-38
-115
-87
-90
-75
-45
-122
-75
-90
-63
-86
-111
-64
-91
-67
-27
-107
-80
-27
-95
-99
-43
-103
-84
-116
-113
-58
-121
-127
-55
78
-101
-114
-99
-90
-103
-60
-103
-113
-91
-100
-96
-91
-84
-18
-92
2
66
-117
-111
-88
-74
-84
-66
-88
-114
-92
-85
-57
-92
-63
33
-85
-85
-104
-116
-12
-101
-53
-110
42
-53
-47
-112
-96
-91
-45
-57
-60
-115
-84
-84
-52
-71
-71
-94
-88
-93
16
-90
55
-92
-27
45
-100
-124
-118
-61
-85
-83
-66
-34
-113
-69
-105
-106
-55
-87
-98
-99
-53
-105
