-1280
321
680
-10070
-4152
-9743
4514
-6316
2699
4815
3984
-7231
-8412
10064
1884
-4898
5331
2443
11240
-5661
11630
-3706
3315
4452
3798
3995
17141
-5230
-708
-4084
-891
-6188
1650
-6509
9159
986
-7222
-1742
1088
5298
18747
18330
1509
-13361
-5738
9172
-816
-4417
-3481
11371
2764
-13135
-6998
299
-6345
4926
3076
3935
7718
-11136
9406
419
1937
13857
-8637
3236
3420
-3434
-745
5258
6996
15965
-9705
-10538
-9111
-9565
-17513
-9184
-2489
4566
-10798
351
-2297
4042
5054
1047
-733
-7050
1370
-14252
-3997
-1858
316
-10094
16384
900
-3445
-4160
-3680
-1078
-6682
2288
-3573
-2762
3294
-1521
-297
-1701
-4048
5721
11488
-2149
2521
11535
-12874
3896
1474
-7951
3301
-5386
8645
4417
-5464
4507
967
15839
-11548
-3984
7822
-4283
-2930
-15617
-4224
1776
14799
-4243
-544
-3787
-2244
-746
7686
8500
-2182
5951
-989
8866
1991
5559
9689
4206
4836
-663
-2026
-8462
-7707
-4560
-11087
-7077
-10040
-2156
-2757
-4927
-1553
6331
-1186
1419
-12166
7950
-2261
-547
89
1300
9170
-6675
9444
-1791
889
-7979
899
-12280
2722
-3180
3713
-8238
2344
1242
808
-15529
7817
17818
-2860
-2113
