15380
-6441
2571
-8323
-1803
-19735
-5733
-2755
-1467
7443
-5644
2016
749
24633
-10148
-5109
385
11631
8897
3105
-7563
6803
4567
14334
-3867
12661
15483
-351
996
-9667
4221
-16203
3885
-14764
-12005
-1636
50
1982
-7279
-4166
9399
4919
13290
-6746
2701
782
-360
-9832
1954
17879
-3553
-19549
-887
1646
-3538
2156
7135
-2315
10580
-12846
789
-10694
1148
21021
-10861
-10289
1619
-11755
-8018
7246
26774
12868
-17219
2026
1068
-1220
-5542
-16555
4322
1173
-10527
3315
1495
530
3388
-5808
-3729
-15915
-5537
-588
-1395
2239
-8641
1166
16002
-11734
3369
-6813
11583
-1331
-9391
10126
-9035
3056
-7594
8123
-15330
-7694
-3196
3808
13191
111
-525
4585
-3654
-4981
6620
-14096
4307
-5658
7057
-4100
-10037
1685
12231
24333
-22235
-281
3384
9580
1048
-28148
-13174
13000
15970
-1825
-2965
-2248
-4335
-3608
3775
8243
1340
9207
-1368
-7571
-15675
-1250
5755
3727
-8411
-13211
5540
-5502
-7360
594
-19970
-2612
-18652
-9257
-19214
-19393
2497
2901
8980
-8702
-91
12128
3726
-7773
3096
-811
7175
-5119
12863
-9464
-2547
-2193
-8881
-37426
10684
-4625
-2744
-9120
3247
5732
7441
-10382
2444
4926
11937
-656
