Op Type: CONV_2D
Output Tensor: efficientnetv2-b0/block6b_project_bn/FusedBatchNormV3;efficientnetv2-b0/block6h_project_conv/Conv2D;efficientnetv2-b0/block6b_project_conv/Conv2D
Output Scale: 0.02596181631088257
Output Zero Point: 3
Output Shape: [1, 7, 7, 192]

# --- Weights ---
Name: efficientnetv2-b0/block6b_project_conv/Conv2D
Shape: [192, 1, 1, 1152]
Scale(s): [0.006826762575656176, 0.004974729847162962, 0.0051122019067406654, 0.00581068079918623, 0.005838368088006973, 0.005242286249995232, 0.004991753026843071, 0.005464853718876839, 0.005861656740307808, 0.004708733409643173, 0.0058599552139639854, 0.005774219054728746, 0.005778862163424492, 0.007461645174771547, 0.0045765056274831295, 0.007047825492918491, 0.006991083268076181, 0.005616667680442333, 0.007750730030238628, 0.005558345466852188, 0.005424683913588524, 0.00681668147444725, 0.005820852238684893, 0.006343962624669075, 0.0071556721813976765, 0.0039625936187803745, 0.006610741373151541, 0.005759828258305788, 0.004754622466862202, 0.003931537736207247, 0.0045095751993358135, 0.005923022050410509, 0.0057461136020720005, 0.004787367768585682, 0.00535512575879693, 0.004893110133707523, 0.007972375489771366, 0.005023291800171137, 0.008406356908380985, 0.005195757374167442, 0.006162820849567652, 0.0053602647967636585, 0.005892939865589142, 0.010314563289284706, 0.0050656856037676334, 0.006719519849866629, 0.004798563662916422, 0.004753077402710915, 0.004830960649996996, 0.006570566911250353, 0.005143199115991592, 0.006512746214866638, 0.005324903875589371, 0.005306178703904152, 0.007386964280158281, 0.005280807614326477, 0.0071924286894500256, 0.005612979643046856, 0.005633761640638113, 0.005725368391722441, 0.005241068545728922, 0.005635674577206373, 0.006202383898198605, 0.011774078942835331, 0.006896033883094788, 0.005019659176468849, 0.004043834749609232, 0.005984279327094555, 0.007328929379582405, 0.006644745822995901, 0.009032226167619228, 0.0036696377210319042, 0.006651108153164387, 0.0067950147204101086, 0.00872484315186739, 0.00469089625403285, 0.006851814221590757, 0.0057761454954743385, 0.005924654193222523, 0.005262797232717276, 0.010333986021578312, 0.006436130031943321, 0.004063480533659458, 0.005450400058180094, 0.005552639253437519, 0.005635307170450687, 0.006310060620307922, 0.004997160751372576, 0.005150862969458103, 0.007884540595114231, 0.005986860021948814, 0.005143175832927227, 0.00598490284755826, 0.005546984262764454, 0.00875822827219963, 0.005714350380003452, 0.006022137124091387, 0.006887415889650583, 0.006536704953759909, 0.0046460265293717384, 0.005323950666934252, 0.006742699537426233, 0.005906521342694759, 0.0045351008884608746, 0.00622065644711256, 0.006779347080737352, 0.005479914601892233, 0.007859284058213234, 0.006043905857950449, 0.006240032147616148, 0.006408778019249439, 0.006270648445934057, 0.005861373618245125, 0.006285758223384619, 0.007390282116830349, 0.005073196720331907, 0.005815243348479271, 0.004152556415647268, 0.004674898460507393, 0.00567534239962697, 0.0054292697459459305, 0.010083204135298729, 0.00494814570993185, 0.0053461347706615925, 0.00479053845629096, 0.004728864412754774, 0.008926362730562687, 0.005212851334363222, 0.007971473038196564, 0.005783714819699526, 0.005704131443053484, 0.007428098935633898, 0.005228162277489901, 0.005537212360650301, 0.0052884602919220924, 0.005899434443563223, 0.007276575081050396, 0.005310648120939732, 0.006130377296358347, 0.005877700634300709, 0.00595969008281827, 0.004219661932438612, 0.005479054991155863, 0.006416412070393562, 0.004808046389371157, 0.006048521492630243, 0.00538479583337903, 0.006496571935713291, 0.005191614385694265, 0.006292234640568495, 0.007169818971306086, 0.0048857321962714195, 0.005364275071769953, 0.006081739906221628, 0.005347381811589003, 0.006258566863834858, 0.006272494327276945, 0.00407845014706254, 0.006097175180912018, 0.005234634969383478, 0.008386429399251938, 0.005543188191950321, 0.005260176956653595, 0.005704124923795462, 0.005119106732308865, 0.006567758042365313, 0.0065428726375103, 0.0052101188339293, 0.005714397877454758, 0.0059784757904708385, 0.006127232685685158, 0.004992256406694651, 0.0071597774513065815, 0.0049921562895178795, 0.004182114731520414, 0.004963690880686045, 0.0068658203817903996, 0.007179721258580685, 0.005730876699090004, 0.007265450898557901, 0.005559435114264488, 0.004709194414317608, 0.005804453976452351, 0.005051149055361748, 0.005541426595300436, 0.005729190073907375, 0.0074621629901230335, 0.008138250559568405, 0.006510746665298939, 0.00836419127881527, 0.0065460954792797565, 0.007242570631206036]
Zero Point(s): [0, 0, 0, 0, 0, 0, 0, 0, 0, 0, 0, 0, 0, 0, 0, 0, 0, 0, 0, 0, 0, 0, 0, 0, 0, 0, 0, 0, 0, 0, 0, 0, 0, 0, 0, 0, 0, 0, 0, 0, 0, 0, 0, 0, 0, 0, 0, 0, 0, 0, 0, 0, 0, 0, 0, 0, 0, 0, 0, 0, 0, 0, 0, 0, 0, 0, 0, 0, 0, 0, 0, 0, 0, 0, 0, 0, 0, 0, 0, 0, 0, 0, 0, 0, 0, 0, 0, 0, 0, 0, 0, 0, 0, 0, 0, 0, 0, 0, 0, 0, 0, 0, 0, 0, 0, 0, 0, 0, 0, 0, 0, 0, 0, 0, 0, 0, 0, 0, 0, 0, 0, 0, 0, 0, 0, 0, 0, 0, 0, 0, 0, 0, 0, 0, 0, 0, 0, 0, 0, 0, 0, 0, 0, 0, 0, 0, 0, 0, 0, 0, 0, 0, 0, 0, 0, 0, 0, 0, 0, 0, 0, 0, 0, 0, 0, 0, 0, 0, 0, 0, 0, 0, 0, 0, 0, 0, 0, 0, 0, 0, 0, 0, 0, 0, 0, 0, 0, 0, 0, 0, 0, 0]
Axis: 0

# --- Bias ---
Name: efficientnetv2-b0/block6b_project_bn/FusedBatchNormV3
Shape: [192]
Scale(s): [6.600673805223778e-05, 4.809976599062793e-05, 4.94289597554598e-05, 5.61824235774111e-05, 5.645012788590975e-05, 5.0686721806414425e-05, 4.826435906579718e-05, 5.2838684496236965e-05, 5.667530058417469e-05, 4.5527893234975636e-05, 5.6658849644009024e-05, 5.582988160313107e-05, 5.587477426161058e-05, 7.214530342025682e-05, 4.424940561875701e-05, 6.814415246481076e-05, 6.759552343282849e-05, 5.430654709925875e-05, 7.494041346944869e-05, 5.374263855628669e-05, 5.245029024081305e-05, 6.590926204808056e-05, 5.628076905850321e-05, 6.133862916612998e-05, 6.918690633028746e-05, 3.831360299955122e-05, 6.391806527972221e-05, 5.5690739827696234e-05, 4.5971588406246156e-05, 3.801332786679268e-05, 4.360226739663631e-05, 5.726863309973851e-05, 5.555813550017774e-05, 4.628819442586973e-05, 5.1777744374703616e-05, 4.731059743789956e-05, 7.708345947321504e-05, 4.856930172536522e-05, 8.127954788506031e-05, 5.023684207117185e-05, 5.958720430498943e-05, 5.1827431889250875e-05, 5.697777305613272e-05, 9.972965199267492e-05, 4.897920007351786e-05, 6.496982678072527e-05, 4.6396446123253554e-05, 4.595664722728543e-05, 4.670968701248057e-05, 6.35296237305738e-05, 4.972866372554563e-05, 6.29705682513304e-05, 5.1485534640960395e-05, 5.130448334966786e-05, 7.142322283471003e-05, 5.105917443870567e-05, 6.954229320399463e-05, 5.427088763099164e-05, 5.4471824114443734e-05, 5.535755553864874e-05, 5.067494566901587e-05, 5.449031959869899e-05, 5.996973050059751e-05, 0.00011384144454495981, 6.667650450253859e-05, 4.853418067796156e-05, 3.909910810762085e-05, 5.786091787740588e-05, 7.086209370754659e-05, 6.424685125239193e-05, 8.733096183277667e-05, 3.5481065424392e-05, 6.430836219806224e-05, 6.5699772676453e-05, 8.435893687419593e-05, 4.5355431211646646e-05, 6.624895468121395e-05, 5.584850805462338e-05, 5.7284411013824865e-05, 5.088503530714661e-05, 9.991744445869699e-05, 6.222978117875755e-05, 3.928906153305434e-05, 5.2698935178341344e-05, 5.368746860767715e-05, 5.448676893138327e-05, 6.101083636167459e-05, 4.83166440972127e-05, 4.980276571586728e-05, 7.623420242452994e-05, 5.7885870774043724e-05, 4.972843817085959e-05, 5.786694600828923e-05, 5.363278978620656e-05, 8.468172745779157e-05, 5.525102460524067e-05, 5.822695675306022e-05, 6.659318023594096e-05, 6.320222018985078e-05, 4.492159132496454e-05, 5.147631964064203e-05, 6.519394810311496e-05, 5.71090895391535e-05, 4.3849071516888216e-05, 6.014640530338511e-05, 6.55482872389257e-05, 5.298430551192723e-05, 7.59899994591251e-05, 5.843743565492332e-05, 6.0333746660035104e-05, 6.196532194735482e-05, 6.0629768995568156e-05, 5.667256482411176e-05, 6.0775862948503345e-05, 7.145530253183097e-05, 4.905182504444383e-05, 5.6226537708425894e-05, 4.0150320273824036e-05, 4.520075162872672e-05, 5.4873860790394247e-05, 5.249462992651388e-05, 9.749268065206707e-05, 4.784272823599167e-05, 5.169081123312935e-05, 4.6318851673277095e-05, 4.5722536015091464e-05, 8.630738739157096e-05, 5.0402119086356834e-05, 7.707473560003564e-05, 5.592169691226445e-05, 5.515221710084006e-05, 7.182094850577414e-05, 5.055015935795382e-05, 5.353830783860758e-05, 5.1133167289663106e-05, 5.704056820832193e-05, 7.035589078441262e-05, 5.1347698899917305e-05, 5.927351230639033e-05, 5.683042763848789e-05, 5.7623168686404824e-05, 4.0799150156090036e-05, 5.297599273035303e-05, 6.20391292613931e-05, 4.6488134103128687e-05, 5.8482062740949914e-05, 5.206462083151564e-05, 6.281417881837115e-05, 5.019678428652696e-05, 6.0838483477709815e-05, 6.932368705747649e-05, 4.7239263949450105e-05, 5.1866209105355665e-05, 5.880324533791281e-05, 5.170287113287486e-05, 6.051295349607244e-05, 6.064761691959575e-05, 3.943379851989448e-05, 5.8952486142516136e-05, 5.061273986939341e-05, 8.108687325147912e-05, 5.359608621802181e-05, 5.085970042273402e-05, 5.515215525520034e-05, 4.949572030454874e-05, 6.350246985675767e-05, 6.326185393845662e-05, 5.0375700084259734e-05, 5.5251482990570366e-05, 5.78048056922853e-05, 5.924310607952066e-05, 4.826922668144107e-05, 6.922659667907283e-05, 4.826825897907838e-05, 4.043611261295155e-05, 4.7993031330406666e-05, 6.638438208028674e-05, 6.941943138372153e-05, 5.5410811910405755e-05, 7.024833757895976e-05, 5.375317414291203e-05, 4.553234975901432e-05, 5.612221866613254e-05, 4.883865040028468e-05, 5.357905320124701e-05, 5.539450648939237e-05, 7.215030927909538e-05, 7.868727698223665e-05, 6.295123603194952e-05, 8.087185415206477e-05, 6.329301686491817e-05, 7.002711208770052e-05]
Zero Point(s): [0, 0, 0, 0, 0, 0, 0, 0, 0, 0, 0, 0, 0, 0, 0, 0, 0, 0, 0, 0, 0, 0, 0, 0, 0, 0, 0, 0, 0, 0, 0, 0, 0, 0, 0, 0, 0, 0, 0, 0, 0, 0, 0, 0, 0, 0, 0, 0, 0, 0, 0, 0, 0, 0, 0, 0, 0, 0, 0, 0, 0, 0, 0, 0, 0, 0, 0, 0, 0, 0, 0, 0, 0, 0, 0, 0, 0, 0, 0, 0, 0, 0, 0, 0, 0, 0, 0, 0, 0, 0, 0, 0, 0, 0, 0, 0, 0, 0, 0, 0, 0, 0, 0, 0, 0, 0, 0, 0, 0, 0, 0, 0, 0, 0, 0, 0, 0, 0, 0, 0, 0, 0, 0, 0, 0, 0, 0, 0, 0, 0, 0, 0, 0, 0, 0, 0, 0, 0, 0, 0, 0, 0, 0, 0, 0, 0, 0, 0, 0, 0, 0, 0, 0, 0, 0, 0, 0, 0, 0, 0, 0, 0, 0, 0, 0, 0, 0, 0, 0, 0, 0, 0, 0, 0, 0, 0, 0, 0, 0, 0, 0, 0, 0, 0, 0, 0, 0, 0, 0, 0, 0, 0]

# --- Shapes summary ---
IFM0 Shape: [1, 7, 7, 1152]
IFM1/Weights Shape: [192, 1, 1, 1152]
Bias Shape: [192]
OFM Shape: [1, 7, 7, 192]
