Op Type: CONV_2D
Output Tensor: efficientnetv2-b0/block6c_project_bn/FusedBatchNormV3;efficientnetv2-b0/block6h_project_conv/Conv2D;efficientnetv2-b0/block6c_project_conv/Conv2D
Output Scale: 0.024812689051032066
Output Zero Point: -8
Output Shape: [1, 7, 7, 192]

# --- Weights ---
Name: efficientnetv2-b0/block6c_project_conv/Conv2D
Shape: [192, 1, 1, 1152]
Scale(s): [0.007191717159003019, 0.004251434467732906, 0.00504301255568862, 0.00517384335398674, 0.005150048062205315, 0.005355869885534048, 0.005504489876329899, 0.00440515112131834, 0.005758991464972496, 0.0037503032945096493, 0.0050673410296440125, 0.004024954978376627, 0.004037212114781141, 0.006349974311888218, 0.004242305178195238, 0.005264196544885635, 0.0075243497267365456, 0.006351873278617859, 0.0054259407334029675, 0.004953228868544102, 0.004610546864569187, 0.0062445527873933315, 0.003305432852357626, 0.006441773381084204, 0.006640251260250807, 0.003711011493578553, 0.006712615489959717, 0.004902701824903488, 0.004110371693968773, 0.004663132596760988, 0.004745401442050934, 0.004792733117938042, 0.005200095474720001, 0.005823319777846336, 0.005086080636829138, 0.004309182055294514, 0.006274559069424868, 0.0045666880905628204, 0.008132739923894405, 0.006999101024121046, 0.00473259761929512, 0.004644264467060566, 0.006480057258158922, 0.008908162824809551, 0.004443742800503969, 0.005345374811440706, 0.004255963023751974, 0.004985913634300232, 0.0038715528789907694, 0.005246088840067387, 0.005465457681566477, 0.006160970311611891, 0.004929340444505215, 0.007841368205845356, 0.006303342059254646, 0.005496029742062092, 0.005988908000290394, 0.005300857592374086, 0.004309912212193012, 0.0055137742310762405, 0.005391507409512997, 0.0047885701060295105, 0.00588814215734601, 0.012299275025725365, 0.005603299476206303, 0.004419100005179644, 0.004257577005773783, 0.0054115066304802895, 0.008263152092695236, 0.006387790199369192, 0.010406041517853737, 0.004124950617551804, 0.0055731963366270065, 0.005463908426463604, 0.009066237136721611, 0.004653921350836754, 0.004731642082333565, 0.005824845749884844, 0.006746516562998295, 0.004945788532495499, 0.006864631548523903, 0.00655053835362196, 0.0042879171669483185, 0.004462381359189749, 0.004696981515735388, 0.0067551471292972565, 0.005720524583011866, 0.005140065215528011, 0.004863718058913946, 0.007531790528446436, 0.005028082523494959, 0.0050430987030267715, 0.0035998020321130753, 0.005534146912395954, 0.007735555060207844, 0.006317012943327427, 0.0047867437824606895, 0.005074238404631615, 0.006813939195126295, 0.005269205663353205, 0.005633179098367691, 0.004504405427724123, 0.007419992703944445, 0.004437164403498173, 0.004782321397215128, 0.005737266968935728, 0.004112788010388613, 0.006028987001627684, 0.006507189478725195, 0.005596708972007036, 0.006602236535400152, 0.00545108038932085, 0.006753938738256693, 0.006827422417700291, 0.006974812597036362, 0.004852578975260258, 0.004965339787304401, 0.0038476758636534214, 0.004185464233160019, 0.0050056688487529755, 0.005965511780232191, 0.008905536495149136, 0.0045240167528390884, 0.004834810271859169, 0.005900511983782053, 0.004054457414895296, 0.008764123544096947, 0.004705952014774084, 0.007118282839655876, 0.0039012404158711433, 0.006628144532442093, 0.007184300106018782, 0.006091529969125986, 0.006611699238419533, 0.005397473927587271, 0.004616592079401016, 0.006899516098201275, 0.0052733710035681725, 0.005501247011125088, 0.005227471701800823, 0.006930022034794092, 0.004159414209425449, 0.004690270870923996, 0.005845516454428434, 0.005950211547315121, 0.005914937239140272, 0.006565422751009464, 0.0046462202444672585, 0.005235420074313879, 0.005107711534947157, 0.008300365880131721, 0.004088186658918858, 0.005477013532072306, 0.005205872934311628, 0.006060724146664143, 0.00384721951559186, 0.005260675214231014, 0.004292784724384546, 0.005584417376667261, 0.005617788061499596, 0.006819171365350485, 0.004250308498740196, 0.0038060364313423634, 0.004369102884083986, 0.004689328838139772, 0.005811432376503944, 0.00470344303175807, 0.004176879767328501, 0.005581313744187355, 0.0067377700470387936, 0.004156297538429499, 0.0047348011285066605, 0.005776214879006147, 0.004574443679302931, 0.004069827031344175, 0.004809389356523752, 0.004347941838204861, 0.006466131191700697, 0.004198294598609209, 0.007339753210544586, 0.003844770137220621, 0.004197349306195974, 0.005092912819236517, 0.005049237050116062, 0.00555398128926754, 0.005508119706064463, 0.006120165344327688, 0.006625382229685783, 0.005813855677843094, 0.006577515508979559, 0.005043506156653166, 0.004913981072604656]
Zero Point(s): [0, 0, 0, 0, 0, 0, 0, 0, 0, 0, 0, 0, 0, 0, 0, 0, 0, 0, 0, 0, 0, 0, 0, 0, 0, 0, 0, 0, 0, 0, 0, 0, 0, 0, 0, 0, 0, 0, 0, 0, 0, 0, 0, 0, 0, 0, 0, 0, 0, 0, 0, 0, 0, 0, 0, 0, 0, 0, 0, 0, 0, 0, 0, 0, 0, 0, 0, 0, 0, 0, 0, 0, 0, 0, 0, 0, 0, 0, 0, 0, 0, 0, 0, 0, 0, 0, 0, 0, 0, 0, 0, 0, 0, 0, 0, 0, 0, 0, 0, 0, 0, 0, 0, 0, 0, 0, 0, 0, 0, 0, 0, 0, 0, 0, 0, 0, 0, 0, 0, 0, 0, 0, 0, 0, 0, 0, 0, 0, 0, 0, 0, 0, 0, 0, 0, 0, 0, 0, 0, 0, 0, 0, 0, 0, 0, 0, 0, 0, 0, 0, 0, 0, 0, 0, 0, 0, 0, 0, 0, 0, 0, 0, 0, 0, 0, 0, 0, 0, 0, 0, 0, 0, 0, 0, 0, 0, 0, 0, 0, 0, 0, 0, 0, 0, 0, 0, 0, 0, 0, 0, 0, 0]
Axis: 0

# --- Bias ---
Name: efficientnetv2-b0/block6c_project_bn/FusedBatchNormV3
Shape: [192]
Scale(s): [7.411212573060766e-05, 4.381190592539497e-05, 5.196928032091819e-05, 5.3317518904805183e-05, 5.3072304581291974e-05, 5.519334081327543e-05, 5.6724897149251774e-05, 4.5395987399388105e-05, 5.934758883086033e-05, 3.864764585159719e-05, 5.221999163040891e-05, 4.147798608755693e-05, 4.160430034971796e-05, 6.543778727063909e-05, 4.3717827793443576e-05, 5.4248626838671044e-05, 7.753996760584414e-05, 6.545735959662125e-05, 5.591543231275864e-05, 5.1044040446868166e-05, 4.75126325909514e-05, 6.435139948735014e-05, 3.4063163184328005e-05, 6.63838000036776e-05, 6.842915172455832e-05, 3.8242735172389075e-05, 6.917487917235121e-05, 5.052334745414555e-05, 4.2358224163763225e-05, 4.8054538638098165e-05, 4.8902336857281625e-05, 4.939009886584245e-05, 5.358805356081575e-05, 6.001050496706739e-05, 5.241310645942576e-05, 4.440700649865903e-05, 6.466062040999532e-05, 4.706065737991594e-05, 8.38095584185794e-05, 7.212717173388228e-05, 4.8770391003927216e-05, 4.7860099584795535e-05, 6.677832425339147e-05, 9.180044435197487e-05, 4.579368032864295e-05, 5.508518370334059e-05, 4.385857391753234e-05, 5.138086271472275e-05, 3.989714605268091e-05, 5.406202399171889e-05, 5.632266402244568e-05, 6.349006434902549e-05, 5.0797865696949884e-05, 8.080690895440057e-05, 6.495723209809512e-05, 5.663771662511863e-05, 6.171692803036422e-05, 5.462642729980871e-05, 4.4414529838832095e-05, 5.6820575991878286e-05, 5.556059113587253e-05, 4.934719981974922e-05, 6.067851427360438e-05, 0.00012674655590672046, 5.7743152865441516e-05, 4.553973485599272e-05, 4.387520675663836e-05, 5.576668627327308e-05, 8.515347872162238e-05, 6.582748756045476e-05, 0.00010723639570642263, 4.250846177455969e-05, 5.7432931498624384e-05, 5.630669693346135e-05, 9.342943667434156e-05, 4.795961649506353e-05, 4.876054299529642e-05, 6.002623194945045e-05, 6.952424155315384e-05, 5.09673664055299e-05, 7.074143650243059e-05, 6.750463944626972e-05, 4.4187865569256246e-05, 4.598575469572097e-05, 4.840335896005854e-05, 6.9613175583072e-05, 5.895118010812439e-05, 5.296942617860623e-05, 5.012161273043603e-05, 7.761664892314002e-05, 5.1815422921208665e-05, 5.197016798774712e-05, 3.7096699088579044e-05, 5.703052011085674e-05, 7.971648301463574e-05, 6.509811646537855e-05, 4.932837691740133e-05, 5.229107046034187e-05, 7.021904457360506e-05, 5.430024611996487e-05, 5.805106775369495e-05, 4.6418823330895975e-05, 7.646455196663737e-05, 4.57258902315516e-05, 4.928280395688489e-05, 5.912371489102952e-05, 4.238312612869777e-05, 6.212994776433334e-05, 6.705792475258932e-05, 5.767523543909192e-05, 6.803740689065307e-05, 5.617450369754806e-05, 6.960072641959414e-05, 7.035799353616312e-05, 7.187687879195437e-05, 5.000682358513586e-05, 5.1168844947824255e-05, 3.965109135606326e-05, 4.3132069549756125e-05, 5.1584444008767605e-05, 6.147582462290302e-05, 9.177338506560773e-05, 4.6620920329587534e-05, 4.9823713197838515e-05, 6.080598905100487e-05, 4.178201561444439e-05, 9.031609079102054e-05, 4.849580363952555e-05, 7.335536793107167e-05, 4.020308188046329e-05, 6.830439087934792e-05, 7.403568451991305e-05, 6.277446664171293e-05, 6.813491927459836e-05, 5.5622076615691185e-05, 4.7574929340044037e-05, 7.110092701623216e-05, 5.434317063190974e-05, 5.669147867592983e-05, 5.387016790336929e-05, 7.141529931686819e-05, 4.286361581762321e-05, 4.8334204620914534e-05, 6.023924652254209e-05, 6.131815462140366e-05, 6.095464414102025e-05, 6.765803118469194e-05, 4.788025398738682e-05, 5.395208063418977e-05, 5.263601633487269e-05, 8.553697261959314e-05, 4.212960266158916e-05, 5.644174962071702e-05, 5.364758908399381e-05, 6.24570093350485e-05, 3.964638744946569e-05, 5.4212338000070304e-05, 4.4238029659027234e-05, 5.75485682929866e-05, 5.789245915366337e-05, 7.027295941952616e-05, 4.3800300773000345e-05, 3.922198811778799e-05, 4.502450246945955e-05, 4.832449849345721e-05, 5.988800330669619e-05, 4.846994488616474e-05, 4.3043604819104075e-05, 5.751658318331465e-05, 6.943410699022934e-05, 4.283149974071421e-05, 4.879309926764108e-05, 5.952508217887953e-05, 4.7140580136328936e-05, 4.194040229776874e-05, 4.956174598191865e-05, 4.480643474380486e-05, 6.663481326540932e-05, 4.3264288251521066e-05, 7.563766121165827e-05, 3.962114715250209e-05, 4.3254545744275674e-05, 5.248351226327941e-05, 5.203342516324483e-05, 5.723491631215438e-05, 5.67623064853251e-05, 6.306955765467137e-05, 6.827592733316123e-05, 5.9912978031206876e-05, 6.778264651075006e-05, 5.19743662152905e-05, 5.063958451501094e-05]
Zero Point(s): [0, 0, 0, 0, 0, 0, 0, 0, 0, 0, 0, 0, 0, 0, 0, 0, 0, 0, 0, 0, 0, 0, 0, 0, 0, 0, 0, 0, 0, 0, 0, 0, 0, 0, 0, 0, 0, 0, 0, 0, 0, 0, 0, 0, 0, 0, 0, 0, 0, 0, 0, 0, 0, 0, 0, 0, 0, 0, 0, 0, 0, 0, 0, 0, 0, 0, 0, 0, 0, 0, 0, 0, 0, 0, 0, 0, 0, 0, 0, 0, 0, 0, 0, 0, 0, 0, 0, 0, 0, 0, 0, 0, 0, 0, 0, 0, 0, 0, 0, 0, 0, 0, 0, 0, 0, 0, 0, 0, 0, 0, 0, 0, 0, 0, 0, 0, 0, 0, 0, 0, 0, 0, 0, 0, 0, 0, 0, 0, 0, 0, 0, 0, 0, 0, 0, 0, 0, 0, 0, 0, 0, 0, 0, 0, 0, 0, 0, 0, 0, 0, 0, 0, 0, 0, 0, 0, 0, 0, 0, 0, 0, 0, 0, 0, 0, 0, 0, 0, 0, 0, 0, 0, 0, 0, 0, 0, 0, 0, 0, 0, 0, 0, 0, 0, 0, 0, 0, 0, 0, 0, 0, 0]

# --- Shapes summary ---
IFM0 Shape: [1, 7, 7, 1152]
IFM1/Weights Shape: [192, 1, 1, 1152]
Bias Shape: [192]
OFM Shape: [1, 7, 7, 192]
