-52969
-8467
-33259
16040
23964
-20989
-41751
-47544
22260
-25065
-16706
-21414
3146
-10349
-35635
281042
-49555
-45648
-37713
-2804
-37859
-30482
-55681
-10719
-49591
-29982
17386
-37965
-30528
-12741
-26413
-51442
-37473
-45242
-26556
38447
-21965
-50385
-37986
-5586
-35342
-57563
-49920
-25976
-32121
-24242
14446
13407
-35414
-25276
-27272
38891
-52822
-58345
-16977
-17003
-50965
-32502
-25610
-46176
-41139
35145
-56485
-37234
-43880
-51900
-23787
-8644
-21924
-27481
-39950
-23389
-32094
-39247
-21033
-33331
-33952
-41723
-51618
-36720
-62408
-43184
-37102
43874
-53529
-31598
-929
-38722
-24192
-36826
26491
-41576
-2835
-38790
-36685
-31606
-10898
-38905
-6781
-21502
-19189
-1948
-44003
-17221
-1392
-17500
-5100
-28612
-52794
-24151
-17911
-19123
-40435
-621
-34918
-30585
-34511
-13091
-38482
-38488
-36740
1169
-47075
-44513
-20352
17801
-30003
-59778
-47655
-18205
-28035
-48587
-57574
-29098
-44974
-65292
35849
-11578
-37336
2110
-30861
-57539
-38175
-42257
-26597
2742
15142
24144
14051
-37455
-36550
-33201
-33075
-43275
4575
-26352
-4038
-24104
-26979
-22113
-64177
-3559
-54734
-33357
-26758
-28923
-51386
-4491
-45916
-37840
-21723
-3071
-22889
-48864
9574
-46718
-28056
-24460
63821
-39400
-28884
-42870
-14440
-50730
-24776
-56472
-34577
-25469
-44917
-25798
37714
-32159
-41761
-38943
-50625
-30642
-14355
-43017
23064
-49406
-37439
-28818
-17825
21748
-13750
-41304
-57246
-51537
45488
-46082
-35318
-62262
-54030
1882
-16742
55760
9026
-41948
-29065
-6291
-32095
-42048
-37995
-8117
-45153
1757
-5030
-23697
-27090
-9126
-22887
-21670
-37520
-29024
-25484
-52881
-34359
-1
-29404
-25169
-11594
-28581
-34962
-24790
-7222
9865
-29897
-17862
88539
18909
-25385
-45594
-4191
10344
-41820
16398
-42340
-23817
-33209
-38058
-40009
-43282
-31683
-55814
13933
-41322
-39474
-43646
6800
-45225
-12010
25229
-27283
-35831
-26970
-33176
-6728
-28225
-34496
-21489
-39794
-58002
-9206
-31596
-47210
-24509
-25514
-19938
27622
26117
-32865
-18826
-39778
-55601
-33174
-26581
-3191
-11094
28213
-33980
-34734
-36221
-36902
-24681
-18746
-33375
-41165
12251
11715
-49253
11432
-51765
-38784
-43049
3576
-26892
33855
-31690
-51628
-24013
-55315
-47359
-51729
-10218
-42835
-31545
-16229
-33262
9994
-36770
-6670
-49782
-42345
-37897
-26647
-18046
-49727
-10007
-34714
-5455
-13155
-28330
-24916
-5109
-50350
-41003
-60433
-28227
-17379
35990
-31429
-43542
-54714
-74756
-37166
-13577
-41435
-9687
-66818
-12656
-51798
3206
-36739
-41420
52073
-33756
55263
-27605
5534
-29992
-22573
-43128
-22345
-41424
-41305
-3732
-80949
-28878
-35817
-49718
-37891
-30617
-33674
-27933
-49979
-38868
77500
-29585
-8282
-18917
-40630
-22625
-21452
-26687
-28142
-20919
-6879
-15130
-38401
19218
-23825
-41690
-33026
-44289
-4691
-21385
21182
3887
-21018
-19790
-12424
-38231
-5374
-26187
-43888
86544
-39373
-42546
-26509
-12644
-42345
-48107
-50164
-31906
-30238
-17350
-44533
-58152
10052
12492
-36704
-32780
31501
-24453
-39077
31367
-5373
-44423
-41593
-2387
-25081
29223
-8
16569
-25326
-51081
-29277
11299
-17163
-41008
-13012
-18618
-34958
-31124
-47067
-34864
14802
-64880
-24196
-17686
-19902
-37406
-14277
-36059
-3041
-1501
-34944
-47979
-22063
-37804
-46893
-16055
-21990
-38356
3445
-29467
-48709
-31375
-20451
-14446
-26545
-31033
-32734
-34509
-45255
-52350
-19764
-38340
-22573
-12735
62639
-24383
-7119
-51733
39506
-13553
10100
-46699
-42917
-44680
-50053
-40143
11388
-30436
-3738
-36275
-40963
-27439
-46832
-45531
-41897
22943
-41722
-56476
-24427
-16893
-32202
-41412
-38529
-28132
-31065
-33158
-33010
19733
-28755
-23390
-51167
-10854
-49392
-32705
-45792
-5957
-31132
11483
-36774
28472
5534
7518
512
-31271
-21018
-34293
-26380
-17552
-30212
-57845
-43375
-37798
-39944
-41297
26730
9835
-32379
-25321
-14484
-10302
-47849
-46512
28749
-37075
-42391
-4075
-44406
-15032
-25265
-27938
-8822
-36506
-12124
-44556
-18335
-43434
-22648
-9303
7261
-10285
-60761
-12511
-33995
-35006
-29309
4177
-47561
-38958
-35471
-33379
-29874
-37432
-31603
-15958
-50976
9232
-42145
-21182
-34055
12281
-38706
3790
-33879
-33035
-54181
-42550
-1116
6472
-7754
32452
-27434
-32146
-46278
-36313
2544
-51446
-32228
-23364
-33808
-23864
-33872
-13105
-35232
-47539
-57363
-30241
-41368
-43337
-40231
-55462
-21601
-32715
-13249
-21876
116466
651
-31219
-38745
-14468
-40218
-49111
-27013
-2528
-27512
-25803
-28785
-33683
-26175
11476
-26789
-46981
-5779
-38168
-2678
-24474
-37679
-27500
19815
-41878
-38792
63102
-35173
-15371
73015
-63384
-34757
-41198
-28217
-34696
3605
-25284
24999
-36741
-12551
-35060
-56468
-24111
-43673
-42806
5755
-42238
20709
-26482
61150
-27403
-48478
-22009
-12644
-47815
-38835
11850
-34652
-46980
-40442
-40887
1497
49899
13034
-26950
42740
-20435
-31028
-39355
-25918
-47337
-28861
-5330
-55133
113706
-20135
-28353
-48870
55439
-49115
-29996
-22328
-34107
-31616
12262
19737
-60116
-60483
-32219
-28401
7598
-29865
-43518
-4989
-48699
1974
-41593
-47572
71928
-37845
-47124
-30761
-1365
-3593
-14814
-45536
-29044
-26833
-46795
-5362
-18584
-26987
-25705
11210
-40248
-21547
-23560
-32414
-6976
-40181
-3632
-14201
-28252
-25993
-12504
3439
-44807
-12544
-40334
21482
-36125
-48362
-28299
-14028
-53383
-22424
-54988
-35493
-5169
-14883
-27236
-37253
-51900
-6124
-43393
-5036
-56853
-24094
-54504
-38530
-8195
-28106
-23188
-55393
-35195
-42578
-45016
47973
-3132
-57531
-11615
-30336
-40161
-23142
-28567
13808
-49220
-22708
-38786
-29510
-49375
-19475
-21224
-15083
-53008
-68117
-37942
-41559
-33957
-13651
-28672
-38974
15313
-35921
-25337
-47009
-54495
10196
-22439
-40156
-17492
4265
-36673
-28573
-14971
-12651
-35622
-49176
-28619
47436
-15753
-20023
-48504
-20692
-36002
-25033
-44606
-35577
12017
50650
-1574
-1491
-36890
-37935
-31507
-12038
-14105
-42925
5460
-42201
-46505
-32954
-1943
-49012
6925
-32602
-30758
-58233
-37042
-22441
-38238
-29417
-68628
43801
-43968
-27638
-15801
11471
-73131
-34963
-32197
-44151
-40830
-26643
-43967
17761
-26089
-15103
6257
-16230
-27563
-45948
-38589
-58000
-40930
-40360
-1876
-32495
-50727
-38768
-19744
-38011
-16762
-9532
-52435
-22673
-13402
-55134
-14337
-20906
-41664
41369
-47568
-44810
-35313
-45328
-55657
8474
3964
-24232
-35510
2986
-36115
27163
-21257
-45954
2746
-24999
-16533
-39344
-28545
-40314
19419
-53915
-51011
-44940
-15824
-21229
-45941
-11635
-4880
-35621
-40505
413
-36405
-49997
-5896
-59306
-7470
-32448
-24331
-25487
-48538
14849
7733
-30603
-24313
-22509
-53595
-34482
-51278
-47595
-29242
37725
-64539
-28907
-40266
-45779
-48469
-26281
-39989
238
-22378
-32154
-21389
-30998
-3461
-23478
-40470
76762
-4217
-10538
-5272
-34868
-8684
-26737
-26185
-28663
-39057
-26334
-51012
2264
25020
-32911
-47994
-36306
-26755
-11506
-40129
-4908
-5857
-47755
-3349
-15608
-32819
-26240
-39173
-30593
-48913
-27319
-37609
-33910
-22188
-50057
-37269
13776
-43731
-19209
-24883
1759
1919
-43285
-16828
-18004
-17847
-14961
-8073
27076
-20837
-51831
-37972
-38385
1193
-39594
-23234
-6915
-24897
-25004
-35066
-43418
-33874
-35802
-37474
18234
-49226
-39672
-44922
-56424
-16729
-29748
-41295
8228
-20793
-28877
-47564
-28211
-38184
15823
-33767
-653
-18821
48233
-30671
-42697
-44551
-25179
-46917
-34013
56298
-36732
27080
-35591
-50618
-39660
-28301
-41561
-42750
-34461
-7919
-32937
307
-31441
-8089
17124
-14941
-29688
-46866
-35211
-17757
-23349
-43061
-13370
-47053
-25039
-25672
-39510
-574
29639
-47448
-51530
-34441
-67449
-40442
-33907
49737
834
-32908
-6168
-42371
-48115
-31763
-32157
-29728
-36543
-51376
-45444
-13255
-35862
13233
-35207
160857
4714
9568
-18402
-36423
-42340
-40221
-25969
-49893
-41111
-19933
-15005
-11487
-59054
23800
50252
-3922
-29749
-25846
-58078
-2324
-29372
-33628
-30909
-16071
-51813
-52485
-26370
-27664
-37804
-31143
-31708
-33278
-38989
-29369
-52708
-47991
-28694
-28661
-40968
-26401
-39761
