Op Type: CONV_2D
Output Tensor: efficientnetv2-b0/block6d_project_bn/FusedBatchNormV3;efficientnetv2-b0/block6h_project_conv/Conv2D;efficientnetv2-b0/block6d_project_conv/Conv2D
Output Scale: 0.027221329510211945
Output Zero Point: -25
Output Shape: [1, 7, 7, 192]

# --- Weights ---
Name: efficientnetv2-b0/block6d_project_conv/Conv2D
Shape: [192, 1, 1, 1152]
Scale(s): [0.0066231717355549335, 0.0039284429512917995, 0.005521209444850683, 0.005814002826809883, 0.004511277657002211, 0.0047375173307955265, 0.003717940766364336, 0.004582558758556843, 0.005046073812991381, 0.004578105174005032, 0.0053856270387768745, 0.004747479222714901, 0.004441073630005121, 0.007437700871378183, 0.00480402959510684, 0.006262855138629675, 0.006434171460568905, 0.005550689529627562, 0.007641328498721123, 0.0063085355795919895, 0.004624602850526571, 0.006150179076939821, 0.0038597912061959505, 0.007277118973433971, 0.0064917393028736115, 0.0038066559936851263, 0.004846037365496159, 0.007057574111968279, 0.003587396815419197, 0.00460364855825901, 0.004142472520470619, 0.005226285196840763, 0.004702190402895212, 0.004860797431319952, 0.005421674810349941, 0.004583002533763647, 0.005982427857816219, 0.0033595378044992685, 0.006087830755859613, 0.005541480612009764, 0.0046381824649870396, 0.0036025866866111755, 0.004600297659635544, 0.010372568853199482, 0.004821966867893934, 0.0052037229761481285, 0.004315539728850126, 0.0050927274860441685, 0.004581267014145851, 0.006478262133896351, 0.00659067090600729, 0.005564975552260876, 0.00433699507266283, 0.005488417576998472, 0.006494008470326662, 0.005619895178824663, 0.005321123171597719, 0.005695826839655638, 0.004817631095647812, 0.005594531539827585, 0.0037064889911562204, 0.00540302786976099, 0.006678656674921513, 0.011394210159778595, 0.005604596342891455, 0.004940747749060392, 0.003579014679417014, 0.0054440852254629135, 0.006991023197770119, 0.00621957378461957, 0.00840327050536871, 0.0037251177709549665, 0.004897852428257465, 0.005068568047136068, 0.012198453769087791, 0.004597889259457588, 0.005483051761984825, 0.0058632222935557365, 0.0065582990646362305, 0.00544017506763339, 0.00604096706956625, 0.007904860191047192, 0.005194638390094042, 0.006362401880323887, 0.005475427955389023, 0.005683595780283213, 0.005847287829965353, 0.005214581731706858, 0.005195060279220343, 0.009127235971391201, 0.005171127151697874, 0.004833890125155449, 0.004546011332422495, 0.004831330385059118, 0.0061473846435546875, 0.005717282183468342, 0.004785314202308655, 0.00638253428041935, 0.005470587406307459, 0.0032350136898458004, 0.005004230886697769, 0.005261135287582874, 0.005735176615417004, 0.005242343991994858, 0.005065071862190962, 0.005290259141474962, 0.003985464107245207, 0.005381107795983553, 0.0054863374680280685, 0.005674378480762243, 0.006091022863984108, 0.004481425508856773, 0.005095156840980053, 0.005780229810625315, 0.006126266438513994, 0.004939064383506775, 0.005092472303658724, 0.003374791704118252, 0.004055378958582878, 0.004776234272867441, 0.0042587933130562305, 0.008363388478755951, 0.004111389629542828, 0.005116669926792383, 0.005901651456952095, 0.004297817591577768, 0.006789511535316706, 0.004983917810022831, 0.008942512795329094, 0.0038297194987535477, 0.004858049564063549, 0.0064113144762814045, 0.005011772271245718, 0.005673160310834646, 0.005447084084153175, 0.004948626738041639, 0.00602528965100646, 0.005373936612159014, 0.005088706500828266, 0.005084547214210033, 0.00574392918497324, 0.0037504283245652914, 0.005225568078458309, 0.005034549627453089, 0.004648011177778244, 0.005571740213781595, 0.004928742069751024, 0.0053590936586260796, 0.005598339252173901, 0.006668328307569027, 0.009394332766532898, 0.004954418633133173, 0.004514759406447411, 0.0057766130194067955, 0.005994938779622316, 0.004039963241666555, 0.006242634262889624, 0.0038306601345539093, 0.006387627217918634, 0.006029567681252956, 0.007516395766288042, 0.00490263756364584, 0.005033921450376511, 0.00464691361412406, 0.004534787032753229, 0.005362645722925663, 0.004749672953039408, 0.003794501069933176, 0.005631609819829464, 0.0054885572753846645, 0.004303955938667059, 0.004616552498191595, 0.005719814915210009, 0.004277224186807871, 0.004218817222863436, 0.006263212766498327, 0.005849799141287804, 0.004978802055120468, 0.003911956679075956, 0.006365273613482714, 0.0035318341106176376, 0.004748644307255745, 0.006170396227389574, 0.0056692371144890785, 0.0038639523554593325, 0.004781454335898161, 0.005449693650007248, 0.006967141758650541, 0.004787602461874485, 0.005896524526178837, 0.005294919479638338, 0.0058372956700623035]
Zero Point(s): [0, 0, 0, 0, 0, 0, 0, 0, 0, 0, 0, 0, 0, 0, 0, 0, 0, 0, 0, 0, 0, 0, 0, 0, 0, 0, 0, 0, 0, 0, 0, 0, 0, 0, 0, 0, 0, 0, 0, 0, 0, 0, 0, 0, 0, 0, 0, 0, 0, 0, 0, 0, 0, 0, 0, 0, 0, 0, 0, 0, 0, 0, 0, 0, 0, 0, 0, 0, 0, 0, 0, 0, 0, 0, 0, 0, 0, 0, 0, 0, 0, 0, 0, 0, 0, 0, 0, 0, 0, 0, 0, 0, 0, 0, 0, 0, 0, 0, 0, 0, 0, 0, 0, 0, 0, 0, 0, 0, 0, 0, 0, 0, 0, 0, 0, 0, 0, 0, 0, 0, 0, 0, 0, 0, 0, 0, 0, 0, 0, 0, 0, 0, 0, 0, 0, 0, 0, 0, 0, 0, 0, 0, 0, 0, 0, 0, 0, 0, 0, 0, 0, 0, 0, 0, 0, 0, 0, 0, 0, 0, 0, 0, 0, 0, 0, 0, 0, 0, 0, 0, 0, 0, 0, 0, 0, 0, 0, 0, 0, 0, 0, 0, 0, 0, 0, 0, 0, 0, 0, 0, 0, 0]
Axis: 0

# --- Bias ---
Name: efficientnetv2-b0/block6d_project_bn/FusedBatchNormV3
Shape: [192]
Scale(s): [0.00010380212188465521, 6.156879680929706e-05, 8.653154509374872e-05, 9.112036786973476e-05, 7.070331776048988e-05, 7.424907380482182e-05, 5.826968845212832e-05, 7.182047556852922e-05, 7.908494444563985e-05, 7.175067730713636e-05, 8.440661622444168e-05, 7.440520130330697e-05, 6.960304017411545e-05, 0.00011656789138214663, 7.529149297624826e-05, 9.815503290155903e-05, 0.00010084000678034499, 8.699356840224937e-05, 0.00011975925735896453, 9.887096530292183e-05, 7.247941539390013e-05, 9.638911433285102e-05, 6.049285002518445e-05, 0.00011405115947127342, 0.00010174224007641897, 5.9660083934431896e-05, 7.594985800096765e-05, 0.00011061032273573801, 5.622372918878682e-05, 7.215100777102634e-05, 6.492318789241835e-05, 8.190931839635596e-05, 7.369540981017053e-05, 7.6181189797353e-05, 8.497157978126779e-05, 7.182743138400838e-05, 9.376001980854198e-05, 5.26525909663178e-05, 9.541195322526619e-05, 8.684924250701442e-05, 7.269223715411499e-05, 5.646179124596529e-05, 7.209848990896717e-05, 0.00016256481467280537, 7.557261415058747e-05, 8.155571413226426e-05, 6.763559940736741e-05, 7.981612725416198e-05, 7.180022657848895e-05, 0.00010153101902687922, 0.00010329275391995907, 8.721747144591063e-05, 6.79718577885069e-05, 8.601760782767087e-05, 0.0001017778049572371, 8.80782026797533e-05, 8.339567284565419e-05, 8.926824375521392e-05, 7.550466398242861e-05, 8.768068801146e-05, 5.809020876768045e-05, 8.46793336677365e-05, 0.00010467171523487195, 0.00017857656348496675, 8.78384307725355e-05, 7.74342188378796e-05, 5.609235813608393e-05, 8.532280480721965e-05, 0.00010956729965982959, 9.747670264914632e-05, 0.00013170084275770932, 5.838217111886479e-05, 7.676193490624428e-05, 7.943748641991988e-05, 0.00019118112686555833, 7.206074224086478e-05, 8.593351230956614e-05, 9.189176489599049e-05, 0.00010278540139552206, 8.5261526692193e-05, 9.467748168390244e-05, 0.0001238894765265286, 8.14133309177123e-05, 9.971518738893792e-05, 8.581402653362602e-05, 8.907655137591064e-05, 9.164202492684126e-05, 8.172589878086001e-05, 8.14199447631836e-05, 0.0001430472475476563, 8.104485459625721e-05, 7.575948256999254e-05, 7.124768308131024e-05, 7.571936293970793e-05, 9.634532034397125e-05, 8.96045021363534e-05, 7.499817002099007e-05, 0.0001000307165668346, 8.573816739954054e-05, 5.070097904535942e-05, 7.84291623858735e-05, 8.245550998253748e-05, 8.98849539225921e-05, 8.216100104618818e-05, 7.938269118312746e-05, 8.291195990750566e-05, 6.246246630325913e-05, 8.433579205302522e-05, 8.598501153755933e-05, 8.893209451343864e-05, 9.546198270982131e-05, 7.023545185802504e-05, 7.9854202340357e-05, 9.059105650521815e-05, 9.601433703210205e-05, 7.740783621557057e-05, 7.98121327534318e-05, 5.2891660743625835e-05, 6.355821096803993e-05, 7.485586684197187e-05, 6.674623728031293e-05, 0.00013107579434290528, 6.443604070227593e-05, 8.019137021619827e-05, 9.249404683941975e-05, 6.735784700140357e-05, 0.00010640909749781713, 7.81108028604649e-05, 0.00014015215856488794, 6.0021546232746914e-05, 7.613812340423465e-05, 0.00010048177500721067, 7.854735304135829e-05, 8.891300240065902e-05, 8.536980749340728e-05, 7.75576991145499e-05, 9.443177259527147e-05, 8.422340033575892e-05, 7.975311018526554e-05, 7.968792488100007e-05, 9.002213482744992e-05, 5.8778849052032456e-05, 8.189808431779966e-05, 7.890433334978297e-05, 7.284628372872248e-05, 8.73234894243069e-05, 7.72460552980192e-05, 8.399077341891825e-05, 8.774036541581154e-05, 0.0001045098397298716, 0.00014723333879373968, 7.764847396174446e-05, 7.075788016663864e-05, 9.053436951944605e-05, 9.395609959028661e-05, 6.331660551950336e-05, 9.783812129171565e-05, 6.003629096085206e-05, 0.00010011053382186219, 9.449882054468617e-05, 0.00011780123895732686, 7.683692820137367e-05, 7.889448897913098e-05, 7.282907608896494e-05, 7.107176497811452e-05, 8.404644177062437e-05, 7.443958020303398e-05, 5.9469584812177345e-05, 8.8261796918232e-05, 8.601979789091274e-05, 6.74540497129783e-05, 7.235324301291257e-05, 8.964419976109639e-05, 6.703509279759601e-05, 6.61197118461132e-05, 9.816064266487956e-05, 9.168138785753399e-05, 7.80306218075566e-05, 6.131041300250217e-05, 9.976019646273926e-05, 5.53529171156697e-05, 7.442346395691857e-05, 9.670596773503348e-05, 8.885151328286156e-05, 6.055806443328038e-05, 7.493767770938575e-05, 8.54107056511566e-05, 0.00010919301712419838, 7.503403321607038e-05, 9.241369116352871e-05, 8.298499597003683e-05, 9.148542449111119e-05]
Zero Point(s): [0, 0, 0, 0, 0, 0, 0, 0, 0, 0, 0, 0, 0, 0, 0, 0, 0, 0, 0, 0, 0, 0, 0, 0, 0, 0, 0, 0, 0, 0, 0, 0, 0, 0, 0, 0, 0, 0, 0, 0, 0, 0, 0, 0, 0, 0, 0, 0, 0, 0, 0, 0, 0, 0, 0, 0, 0, 0, 0, 0, 0, 0, 0, 0, 0, 0, 0, 0, 0, 0, 0, 0, 0, 0, 0, 0, 0, 0, 0, 0, 0, 0, 0, 0, 0, 0, 0, 0, 0, 0, 0, 0, 0, 0, 0, 0, 0, 0, 0, 0, 0, 0, 0, 0, 0, 0, 0, 0, 0, 0, 0, 0, 0, 0, 0, 0, 0, 0, 0, 0, 0, 0, 0, 0, 0, 0, 0, 0, 0, 0, 0, 0, 0, 0, 0, 0, 0, 0, 0, 0, 0, 0, 0, 0, 0, 0, 0, 0, 0, 0, 0, 0, 0, 0, 0, 0, 0, 0, 0, 0, 0, 0, 0, 0, 0, 0, 0, 0, 0, 0, 0, 0, 0, 0, 0, 0, 0, 0, 0, 0, 0, 0, 0, 0, 0, 0, 0, 0, 0, 0, 0, 0]

# --- Shapes summary ---
IFM0 Shape: [1, 7, 7, 1152]
IFM1/Weights Shape: [192, 1, 1, 1152]
Bias Shape: [192]
OFM Shape: [1, 7, 7, 192]
