-35
-111
41
-103
-69
-79
-94
-91
-100
-92
-80
-96
-33
-98
-98
-115
-105
29
17
-63
-111
-95
-27
-92
-96
-72
-116
-53
-97
-92
-116
-109
-91
-80
58
-79
-86
-82
-110
-120
-114
-104
-71
-71
-108
-100
-85
23
-95
-41
-75
-33
-97
-112
-120
-21
-13
-118
-90
-108
-68
-69
-123
-82
50
-120
-88
-109
-71
-84
-52
-102
-82
-98
-10
-68
-57
-112
-110
-75
-93
-111
-57
-123
-95
-83
-15
-121
31
-99
-85
-103
-101
-21
-46
-58
-109
-94
-57
-46
-124
-112
-63
53
-35
60
-39
-57
-25
-115
-71
-37
-71
-95
-104
-46
-94
-78
-78
-92
35
-116
-118
-77
-77
-27
48
-98
-112
-102
-69
-103
-102
-58
-52
-98
-105
-41
-115
-85
-72
-94
-53
-122
-93
-109
-105
17
2
-35
-68
-78
-60
-66
-110
-72
-90
-99
-29
-50
-119
37
-33
17
-69
-121
-125
-93
-105
-109
-122
-108
-85
-107
-111
-97
-74
-100
-94
-122
-74
-55
-100
-113
-121
-111
13
-126
-93
-100
-107
-110
-46
-89
-68
8
-100
-75
-17
-120
-55
-72
-25
-48
-98
-98
-99
-82
-39
-80
-98
-91
-53
-29
-83
-111
-85
4
6
-79
-119
-110
-39
-55
-63
-63
-83
-104
-65
-105
-80
-57
-39
-15
6
-10
-101
-108
-113
-82
-109
-41
-75
-55
19
-111
-91
-110
-98
-112
-107
-66
-107
-86
50
-55
-121
-37
-96
-46
-113
-75
-111
-90
-105
-98
-33
-104
-63
-102
-115
-15
-92
-97
-84
-110
-53
-118
-75
-102
-105
-96
-109
-25
-112
-96
-88
-110
-8
-111
-39
-27
-94
-77
-123
-116
-96
-13
-68
-101
-13
-21
-86
-117
-23
-74
-109
6
-68
-93
48
-35
-39
-72
-63
-110
-48
-99
-63
-21
-98
-46
-80
-77
-17
42
-66
-72
-82
29
33
-113
-46
-97
-107
-103
-98
-117
17
-80
-4
-104
-110
-13
-92
-102
-89
-77
-69
-107
-25
-78
-94
15
-99
-112
-120
-121
-109
-79
-44
-112
-109
-33
-42
-66
-86
-65
-21
-96
-95
-123
-115
-21
-86
-85
-110
-39
-85
-108
-13
-39
-69
-29
-116
-27
-95
-85
-83
15
-82
-77
-37
-77
-115
-83
42
-84
-84
-83
-82
-104
-99
-31
-74
-99
-25
-92
-102
-107
15
-75
-106
-93
-27
-60
-99
-68
-109
-10
6
25
4
-88
-41
-98
-41
-42
-25
-92
-104
-102
-79
-111
-83
-27
-84
-122
-71
-72
-75
-113
-105
-106
-66
72
-66
-21
-122
-35
-55
-118
-2
-111
-77
-96
-44
6
-84
-27
-33
-68
-120
-108
-117
-58
-68
-83
-106
-113
-114
-115
21
-115
-108
-35
-113
-88
-27
-60
-109
-83
37
-71
-98
-92
-42
39
-119
-98
-107
-82
-39
-19
-107
-58
-66
-86
-39
-72
-90
-83
-37
-119
-35
48
-35
-77
-46
117
-77
-107
25
-109
-103
-65
-97
-44
-88
-107
-109
-98
-112
6
-68
-92
-121
6
-48
-69
-114
13
-115
-62
-52
62
-35
-94
-122
-117
-33
-119
-53
-53
-92
-48
4
39
-52
-41
-96
-119
-124
-68
-106
-68
-88
-103
-25
-58
-99
-83
-117
-39
-71
-124
-117
-57
-62
-97
-90
-72
-117
-85
-68
-53
65
-50
-60
-46
-89
-65
-98
-95
-15
-66
55
-121
-114
-85
-80
-39
19
-63
-100
-74
33
-91
-105
-89
-103
-105
-101
-98
-55
-117
-60
-88
39
-119
-95
-86
-96
-98
-52
-74
-82
-57
-82
-62
-27
-99
-50
-102
-6
-110
-100
50
-89
-69
-52
-65
-33
-77
-33
-123
-113
29
-4
-44
-102
-91
-94
-55
-95
-110
-23
-124
-35
-90
-104
-2
-41
-2
-120
-37
-97
-90
-93
-62
-71
-75
-13
-99
-37
-68
-110
-98
-97
-101
-91
-25
52
-84
-66
-88
-52
-116
-115
-95
-69
-95
-112
-79
-83
-94
-58
-78
-6
-79
17
-37
-57
-58
-31
-102
-115
-8
-95
-48
-60
-91
-75
-118
-65
-118
-84
33
-123
-98
-57
-98
-25
-111
-66
42
-91
-53
-118
-52
-112
-4
-58
-88
-119
-120
-13
-65
-93
-94
-58
-121
-110
0
-83
-21
-17
-86
-74
-2
-97
-66
-60
-120
13
-33
-110
-123
-110
39
-66
-35
-55
-105
-100
-86
-77
-96
-66
-98
41
-105
-113
-31
-25
-109
21
-83
-42
-4
-72
-52
-85
-93
-84
-106
-77
-78
8
6
-116
-103
-4
-95
-66
10
-93
-37
-74
-91
-116
-15
4
-121
-101
-33
-114
0
-98
-29
-115
-83
29
-80
-58
74
-52
-100
-50
-53
-108
-74
31
-119
-102
-19
-88
-86
-79
-122
-92
-113
27
-91
-112
-82
-69
-107
-44
-69
-84
-110
-84
-60
-124
-79
-80
58
-58
-107
-66
-96
-101
-80
-46
-19
-114
17
-93
4
-91
65
-100
-100
-37
-91
-85
-10
-110
-10
-19
-86
-97
-68
-72
-85
-72
15
50
-92
17
-95
41
-102
-105
-52
-35
-93
-120
-82
-105
-75
-124
-102
-108
-37
-119
13
-85
-80
8
-21
-105
-82
-109
-96
42
-78
-96
37
-98
-118
-109
-27
-102
-98
65
-111
-23
-6
-15
-33
-74
-60
-90
-122
-99
-93
-104
0
-42
-66
-82
8
-42
-80
-109
-108
-27
-82
-66
-112
-94
-82
-25
-83
-112
-106
-112
-113
-95
-122
-33
-111
-94
-33
31
13
-88
-115
-71
-42
8
-79
-99
-77
-82
19
-112
-105
-123
-111
-121
-41
-68
-113
-39
-19
-50
-102
-21
-74
-33
-123
-50
-96
48
19
-93
-119
33
-79
33
-117
-92
-53
-84
-110
-60
-4
-33
-33
-91
-95
-84
-107
-120
-110
-41
-27
0
4
-90
-99
-58
-92
-31
-62
-79
-4
-68
-96
-48
-58
-89
-89
-107
-69
-2
-19
-120
-57
-79
-74
0
-57
-110
-101
-90
-65
-84
-62
23
-77
-19
-80
-104
-121
0
-57
-44
-106
-102
-95
-120
-94
-119
-116
-100
-25
-91
-83
-60
-107
-41
-65
-41
10
-35
-84
-105
-118
-35
-122
-69
-46
-75
-66
-97
-113
-86
-75
-88
-98
-105
-75
2
-53
-58
-97
-123
-97
-94
-79
-35
-65
-72
-82
-110
-41
-101
-53
-17
-85
-39
-77
0
-82
-58
-74
-106
-44
-42
-93
66
-62
-57
-90
-66
-80
-92
-96
42
-82
-46
-13
-107
-92
-77
19
-60
-50
-114
-50
-115
-84
-60
-10
-52
-85
-116
-91
-82
-118
-74
-80
-68
2
-2
-102
-72
-118
-98
-23
-25
-82
-121
-84
-106
-93
-41
-118
