Op Type: CONV_2D
Output Tensor: efficientnetv2-b0/block6e_project_bn/FusedBatchNormV3;efficientnetv2-b0/block6h_project_conv/Conv2D;efficientnetv2-b0/block6e_project_conv/Conv2D
Output Scale: 0.024669019505381584
Output Zero Point: 18
Output Shape: [1, 7, 7, 192]

# --- Weights ---
Name: efficientnetv2-b0/block6e_project_conv/Conv2D
Shape: [192, 1, 1, 1152]
Scale(s): [0.005551042966544628, 0.0039763967506587505, 0.004922547843307257, 0.005757522769272327, 0.004157392308115959, 0.00455788429826498, 0.003481433726847172, 0.00461312010884285, 0.003999769221991301, 0.0035164712462574244, 0.004204172641038895, 0.004296958912163973, 0.003878731047734618, 0.006585085764527321, 0.004291621968150139, 0.004546424839645624, 0.004991760477423668, 0.005625495687127113, 0.007076299283653498, 0.00443867314606905, 0.004159389995038509, 0.00550870131701231, 0.0032254985999315977, 0.004918590188026428, 0.006103777326643467, 0.004396881442517042, 0.005256324540823698, 0.00813987199217081, 0.003745874622836709, 0.003414447885006666, 0.004269608296453953, 0.004808113910257816, 0.004827680066227913, 0.004286868032068014, 0.004644833970814943, 0.00368735333904624, 0.004459102172404528, 0.0032060432713478804, 0.005262001883238554, 0.005518931429833174, 0.004287614952772856, 0.005167884286493063, 0.004501036833971739, 0.006570880301296711, 0.004035334102809429, 0.004667036700993776, 0.0049096038565039635, 0.003454711986705661, 0.003491013776510954, 0.00541995232924819, 0.004912054631859064, 0.00406363932415843, 0.004985051229596138, 0.0052076359279453754, 0.0060714250430464745, 0.004320628475397825, 0.004759639035910368, 0.004674067720770836, 0.004488660488277674, 0.005977801512926817, 0.004857582505792379, 0.004126354120671749, 0.005132956430315971, 0.013128291815519333, 0.005238302983343601, 0.0038187322206795216, 0.003878419054672122, 0.004602785222232342, 0.005399817600846291, 0.00591580243781209, 0.012261777184903622, 0.004572846461087465, 0.004841107875108719, 0.005038998555392027, 0.012440203689038754, 0.004364469088613987, 0.004913022741675377, 0.005013851914554834, 0.005867329891771078, 0.004959609359502792, 0.007070162799209356, 0.005468418821692467, 0.0040341392159461975, 0.0049867345951497555, 0.00559815252199769, 0.0041940100491046906, 0.004924750421196222, 0.0045735216699540615, 0.00520562008023262, 0.006721749901771545, 0.004740243777632713, 0.0050546033307909966, 0.003879895433783531, 0.005690904334187508, 0.005729929078370333, 0.006342712324112654, 0.0038349826354533434, 0.006512555293738842, 0.0051336935721337795, 0.003985314164310694, 0.004992373287677765, 0.0046655600890517235, 0.004566720686852932, 0.004370803013443947, 0.004992224741727114, 0.005235091783106327, 0.005212889518588781, 0.005614177323877811, 0.004838024266064167, 0.004680562298744917, 0.004890116397291422, 0.004500606097280979, 0.004790845327079296, 0.004722306504845619, 0.007575450465083122, 0.003726667957380414, 0.004794465843588114, 0.0027436644304543734, 0.003553991438820958, 0.0052539287135005, 0.003979694098234177, 0.007201463915407658, 0.003933654632419348, 0.004077109973877668, 0.0048604863695800304, 0.0036555363330990076, 0.00899883545935154, 0.004781453870236874, 0.005316947586834431, 0.0030580454040318727, 0.004925593268126249, 0.006195446476340294, 0.004780921153724194, 0.004310675896704197, 0.004895658232271671, 0.00449980515986681, 0.0049791098572313786, 0.004692494869232178, 0.004456866532564163, 0.004307275637984276, 0.0053787752985954285, 0.0035068411380052567, 0.005436670500785112, 0.0047614686191082, 0.004777543246746063, 0.004984131082892418, 0.009123780764639378, 0.004153114277869463, 0.0039337086491286755, 0.006029493175446987, 0.008065341971814632, 0.004397530574351549, 0.00485213752835989, 0.006047475151717663, 0.006613586097955704, 0.0037563121877610683, 0.0051913694478571415, 0.003130378434434533, 0.005249592941254377, 0.004956052638590336, 0.005658093374222517, 0.004230914171785116, 0.004261478316038847, 0.004335545934736729, 0.00418707774952054, 0.004899263847619295, 0.003858876181766391, 0.0037874544505029917, 0.005379193928092718, 0.004069037269800901, 0.0039023631252348423, 0.00464934716001153, 0.00476234033703804, 0.004203495103865862, 0.003477928228676319, 0.004512954968959093, 0.005976182874292135, 0.006368190515786409, 0.0033742529340088367, 0.006451372988522053, 0.003390009980648756, 0.004598896484822035, 0.004475251771509647, 0.004877810832113028, 0.003456369275227189, 0.004293340723961592, 0.005206080619245768, 0.005782547406852245, 0.004865397233515978, 0.004912305157631636, 0.004871378652751446, 0.004484933335334063]
Zero Point(s): [0, 0, 0, 0, 0, 0, 0, 0, 0, 0, 0, 0, 0, 0, 0, 0, 0, 0, 0, 0, 0, 0, 0, 0, 0, 0, 0, 0, 0, 0, 0, 0, 0, 0, 0, 0, 0, 0, 0, 0, 0, 0, 0, 0, 0, 0, 0, 0, 0, 0, 0, 0, 0, 0, 0, 0, 0, 0, 0, 0, 0, 0, 0, 0, 0, 0, 0, 0, 0, 0, 0, 0, 0, 0, 0, 0, 0, 0, 0, 0, 0, 0, 0, 0, 0, 0, 0, 0, 0, 0, 0, 0, 0, 0, 0, 0, 0, 0, 0, 0, 0, 0, 0, 0, 0, 0, 0, 0, 0, 0, 0, 0, 0, 0, 0, 0, 0, 0, 0, 0, 0, 0, 0, 0, 0, 0, 0, 0, 0, 0, 0, 0, 0, 0, 0, 0, 0, 0, 0, 0, 0, 0, 0, 0, 0, 0, 0, 0, 0, 0, 0, 0, 0, 0, 0, 0, 0, 0, 0, 0, 0, 0, 0, 0, 0, 0, 0, 0, 0, 0, 0, 0, 0, 0, 0, 0, 0, 0, 0, 0, 0, 0, 0, 0, 0, 0, 0, 0, 0, 0, 0, 0]
Axis: 0

# --- Bias ---
Name: efficientnetv2-b0/block6e_project_bn/FusedBatchNormV3
Shape: [192]
Scale(s): [8.555745444027707e-05, 6.12876465311274e-05, 7.587054278701544e-05, 8.873989281710237e-05, 6.407730688806623e-05, 7.025003287708387e-05, 5.365885226638056e-05, 7.110137812560424e-05, 6.164788646856323e-05, 5.419888111646287e-05, 6.479832518380135e-05, 6.622842920478433e-05, 5.978234185022302e-05, 0.00010149501031264663, 6.614617450395599e-05, 7.007340900599957e-05, 7.693730731261894e-05, 8.670498209539801e-05, 0.0001090660152840428, 6.841264985268936e-05, 6.410809874068946e-05, 8.49048446980305e-05, 4.9714159104041755e-05, 7.580954115837812e-05, 9.407666948391125e-05, 6.776852387702093e-05, 8.10149940662086e-05, 0.00012545871140901, 5.773464363301173e-05, 5.2626408432843164e-05, 6.580687477253377e-05, 7.410679245367646e-05, 7.440835906891152e-05, 6.607289833482355e-05, 7.159017695812508e-05, 5.6832661357475445e-05, 6.872751691844314e-05, 4.941429870086722e-05, 8.110250200843439e-05, 8.506252197548747e-05, 6.608440889976919e-05, 7.965187978697941e-05, 6.937385478522629e-05, 0.00010127606219612062, 6.219604256330058e-05, 7.193238707259297e-05, 7.567103602923453e-05, 5.3246993047650903e-05, 5.3806506912223995e-05, 8.353697194252163e-05, 7.570881280116737e-05, 6.263230898184702e-05, 7.683390140300617e-05, 8.026456634979695e-05, 9.357802628073841e-05, 6.659324571955949e-05, 7.335965347010642e-05, 7.204075518529862e-05, 6.918310100445524e-05, 9.213502198690549e-05, 7.486924005206674e-05, 6.359891995089129e-05, 7.911353895906359e-05, 0.00020234452676959336, 8.073723438428715e-05, 5.885758582735434e-05, 5.9777532442240044e-05, 7.094208558555692e-05, 8.322663779836148e-05, 9.117944136960432e-05, 0.0001889890554593876, 7.048064435366541e-05, 7.461532368324697e-05, 7.766538328723982e-05, 0.00019173912005499005, 6.726895662723109e-05, 7.572373579023406e-05, 7.727780030108988e-05, 9.043233876582235e-05, 7.644177094334736e-05, 0.00010897143511101604, 8.428397995885462e-05, 6.217762711457908e-05, 7.685984746785834e-05, 8.628354407846928e-05, 6.464169564424083e-05, 7.590449240524322e-05, 7.04910489730537e-05, 8.023349801078439e-05, 0.00010360139276599512, 7.306071347557008e-05, 7.790589734213427e-05, 5.98002879996784e-05, 8.771311695454642e-05, 8.831459854263812e-05, 9.775933722266927e-05, 5.910805339226499e-05, 0.00010037710308097303, 7.912490400485694e-05, 6.142508937045932e-05, 7.694675150560215e-05, 7.190962787717581e-05, 7.038623152766377e-05, 6.736657815054059e-05, 7.69444668549113e-05, 8.068773604463786e-05, 8.03455404820852e-05, 8.653053373564035e-05, 7.456778985215351e-05, 7.214085053419694e-05, 7.537068449892104e-05, 6.936721183592454e-05, 7.384063064819202e-05, 7.278424891410396e-05, 0.00011675935820676386, 5.743861402152106e-05, 7.389642996713519e-05, 4.228771649650298e-05, 5.477717422763817e-05, 8.097806858131662e-05, 6.133846909506246e-05, 0.0001109951626858674, 6.0628870414802805e-05, 6.283992843236774e-05, 7.49140017433092e-05, 5.63422727282159e-05, 0.00013869779650121927, 7.369588274741545e-05, 8.194937254302204e-05, 4.71332277811598e-05, 7.591747998958454e-05, 9.548955131322145e-05, 7.368766819126904e-05, 6.643984670517966e-05, 7.545609696535394e-05, 6.935487181181088e-05, 7.674232620047405e-05, 7.232477219076827e-05, 6.869306525913998e-05, 6.63874379824847e-05, 8.290231198770925e-05, 5.405045521911234e-05, 8.379464270547032e-05, 7.3387855081819e-05, 7.363560871453956e-05, 7.681972056161612e-05, 0.00014062356785871089, 6.40113721601665e-05, 6.062970351194963e-05, 9.293173934565857e-05, 0.00012430999777279794, 6.777852831874043e-05, 7.478531915694475e-05, 9.320888784714043e-05, 0.00010193428170168772, 5.7895515055861324e-05, 8.001385140232742e-05, 4.824808638659306e-05, 8.091124618658796e-05, 7.638694660272449e-05, 8.72074015205726e-05, 6.521049363072962e-05, 6.568156823050231e-05, 6.682316598016769e-05, 6.453484820667654e-05, 7.551167072961107e-05, 5.947631871094927e-05, 5.83755063416902e-05, 8.290876576211303e-05, 6.271550228120759e-05, 6.014657992636785e-05, 7.165974238887429e-05, 7.340128649957478e-05, 6.4787884184625e-05, 5.360482100513764e-05, 6.955754361115396e-05, 9.211007272824645e-05, 9.815203520702198e-05, 5.20068897458259e-05, 9.94341098703444e-05, 5.224975029705092e-05, 7.08821535226889e-05, 6.897643470438197e-05, 7.51810148358345e-05, 5.32725389348343e-05, 6.617265898967162e-05, 8.024059206945822e-05, 8.912559860618785e-05, 7.498968625441194e-05, 7.57126763346605e-05, 7.508187991334125e-05, 6.912565004313365e-05]
Zero Point(s): [0, 0, 0, 0, 0, 0, 0, 0, 0, 0, 0, 0, 0, 0, 0, 0, 0, 0, 0, 0, 0, 0, 0, 0, 0, 0, 0, 0, 0, 0, 0, 0, 0, 0, 0, 0, 0, 0, 0, 0, 0, 0, 0, 0, 0, 0, 0, 0, 0, 0, 0, 0, 0, 0, 0, 0, 0, 0, 0, 0, 0, 0, 0, 0, 0, 0, 0, 0, 0, 0, 0, 0, 0, 0, 0, 0, 0, 0, 0, 0, 0, 0, 0, 0, 0, 0, 0, 0, 0, 0, 0, 0, 0, 0, 0, 0, 0, 0, 0, 0, 0, 0, 0, 0, 0, 0, 0, 0, 0, 0, 0, 0, 0, 0, 0, 0, 0, 0, 0, 0, 0, 0, 0, 0, 0, 0, 0, 0, 0, 0, 0, 0, 0, 0, 0, 0, 0, 0, 0, 0, 0, 0, 0, 0, 0, 0, 0, 0, 0, 0, 0, 0, 0, 0, 0, 0, 0, 0, 0, 0, 0, 0, 0, 0, 0, 0, 0, 0, 0, 0, 0, 0, 0, 0, 0, 0, 0, 0, 0, 0, 0, 0, 0, 0, 0, 0, 0, 0, 0, 0, 0, 0]

# --- Shapes summary ---
IFM0 Shape: [1, 7, 7, 1152]
IFM1/Weights Shape: [192, 1, 1, 1152]
Bias Shape: [192]
OFM Shape: [1, 7, 7, 192]
