Op Type: CONV_2D
Output Tensor: efficientnetv2-b0/block6d_se_reduce/BiasAdd;efficientnetv2-b0/block6h_se_reduce/Conv2D;efficientnetv2-b0/block6d_se_reduce/Conv2D;efficientnetv2-b0/block6d_se_reduce/BiasAdd/ReadVariableOp
Output Scale: 0.027261199429631233
Output Zero Point: -54
Output Shape: [1, 1, 1, 48]

# --- Weights ---
Name: efficientnetv2-b0/block6d_se_reduce/Conv2D
Shape: [48, 1, 1, 1152]
Scale(s): [0.0045795198529958725, 0.0032649890054017305, 0.003936138469725847, 0.0022736017126590014, 0.003196989418938756, 0.0025302644353359938, 0.00440961541607976, 0.002904878230765462, 0.0020544843282550573, 0.0032661431469023228, 0.0019916053861379623, 0.0027465769089758396, 0.003985266201198101, 0.0024376411456614733, 0.002746103098616004, 0.004236435052007437, 0.0025997809134423733, 0.004074343480169773, 0.00297367456369102, 0.004717420320957899, 0.0019396129064261913, 0.002924826228991151, 0.0033545158803462982, 0.0038973065093159676, 0.0030173207633197308, 0.0036250136326998472, 0.004295981954783201, 0.0031565793324261904, 0.004574292339384556, 0.0021819809917360544, 0.0020042925607413054, 0.002745258156210184, 0.0022956293541938066, 0.00281771132722497, 0.0018186453962698579, 0.0028247288428246975, 0.003201800398528576, 0.002792570274323225, 0.0034875129349529743, 0.0023446776904165745, 0.003079518908634782, 0.0025523037184029818, 0.0028412032406777143, 0.0028427131474018097, 0.003142968285828829, 0.0022329548373818398, 0.0037638465873897076, 0.004343877080827951]
Zero Point(s): [0, 0, 0, 0, 0, 0, 0, 0, 0, 0, 0, 0, 0, 0, 0, 0, 0, 0, 0, 0, 0, 0, 0, 0, 0, 0, 0, 0, 0, 0, 0, 0, 0, 0, 0, 0, 0, 0, 0, 0, 0, 0, 0, 0, 0, 0, 0, 0]
Axis: 0

# --- Bias ---
Name: efficientnetv2-b0/block6d_se_reduce/BiasAdd/ReadVariableOp
Shape: [48]
Scale(s): [9.902514284476638e-05, 7.060041389195248e-05, 8.511300256941468e-05, 4.9163176299771294e-05, 6.913003016961738e-05, 5.47131166968029e-05, 9.53512208070606e-05, 6.281356763793156e-05, 4.442509452928789e-05, 7.062537042656913e-05, 4.3065432691946626e-05, 5.9390542446635664e-05, 8.61753142089583e-05, 5.2710278396261856e-05, 5.938029789831489e-05, 9.160646004602313e-05, 5.6216304074041545e-05, 8.810147119220346e-05, 6.430118810385466e-05, 0.00010200703400187194, 4.194117718725465e-05, 6.32449155091308e-05, 7.253629883052781e-05, 8.427332068094984e-05, 6.524496711790562e-05, 7.838539750082418e-05, 9.289407171308994e-05, 6.825622403994203e-05, 9.891210356727242e-05, 4.718201671494171e-05, 4.333977631176822e-05, 5.936202796874568e-05, 4.96394895890262e-05, 6.092871626606211e-05, 3.932543768314645e-05, 6.108046363806352e-05, 6.923406181158498e-05, 6.038507854100317e-05, 7.541215745732188e-05, 5.070008410257287e-05, 6.658990605501458e-05, 5.518968100659549e-05, 6.143669452285394e-05, 6.146934174466878e-05, 6.796190427849069e-05, 4.828424789593555e-05, 8.138745033647865e-05, 9.39297242439352e-05]
Zero Point(s): [0, 0, 0, 0, 0, 0, 0, 0, 0, 0, 0, 0, 0, 0, 0, 0, 0, 0, 0, 0, 0, 0, 0, 0, 0, 0, 0, 0, 0, 0, 0, 0, 0, 0, 0, 0, 0, 0, 0, 0, 0, 0, 0, 0, 0, 0, 0, 0]

# --- Shapes summary ---
IFM0 Shape: [1, 1, 1, 1152]
IFM1/Weights Shape: [48, 1, 1, 1152]
Bias Shape: [48]
OFM Shape: [1, 1, 1, 48]
