Op Type: CONV_2D
Output Tensor: efficientnetv2-b0/block6f_se_reduce/BiasAdd;efficientnetv2-b0/block6h_se_reduce/Conv2D;efficientnetv2-b0/block6f_se_reduce/Conv2D;efficientnetv2-b0/block6f_se_reduce/BiasAdd/ReadVariableOp
Output Scale: 0.028416091576218605
Output Zero Point: -73
Output Shape: [1, 1, 1, 48]

# --- Weights ---
Name: efficientnetv2-b0/block6f_se_reduce/Conv2D
Shape: [48, 1, 1, 1152]
Scale(s): [0.0032464228570461273, 0.0017629144713282585, 0.002799208741635084, 0.0037400524597615004, 0.0033916460815817118, 0.0024236547760665417, 0.0018784677376970649, 0.002192053245380521, 0.0024896252434700727, 0.0042350743897259235, 0.002583154244348407, 0.002752173226326704, 0.0028795506805181503, 0.0024105836637318134, 0.002446849597617984, 0.0035533327609300613, 0.003732966957613826, 0.0017996105598285794, 0.0019500799244269729, 0.0026190741918981075, 0.0025415150448679924, 0.004176193382591009, 0.002267206786200404, 0.0021289391443133354, 0.0033943827729672194, 0.002166108228266239, 0.002749543869867921, 0.00204789568670094, 0.0033078514970839024, 0.0019722271244972944, 0.002807440934702754, 0.0033322619274258614, 0.0025984887033700943, 0.0036720421630889177, 0.0021520426962524652, 0.0020621372386813164, 0.0035385882947593927, 0.002046169713139534, 0.0034991835709661245, 0.002555408049374819, 0.0021373098716139793, 0.0029883719980716705, 0.00392042426392436, 0.0034020072780549526, 0.0030370899476110935, 0.002915974473580718, 0.0032999825198203325, 0.0029473055619746447]
Zero Point(s): [0, 0, 0, 0, 0, 0, 0, 0, 0, 0, 0, 0, 0, 0, 0, 0, 0, 0, 0, 0, 0, 0, 0, 0, 0, 0, 0, 0, 0, 0, 0, 0, 0, 0, 0, 0, 0, 0, 0, 0, 0, 0, 0, 0, 0, 0, 0, 0]
Axis: 0

# --- Bias ---
Name: efficientnetv2-b0/block6f_se_reduce/BiasAdd/ReadVariableOp
Shape: [48]
Scale(s): [4.120965604670346e-05, 2.2378200810635462e-05, 3.553277929313481e-05, 4.747572529595345e-05, 4.3053099943790585e-05, 3.0765550036448985e-05, 2.384501749475021e-05, 2.7825630240840837e-05, 3.160296910209581e-05, 5.37594678462483e-05, 3.279021257185377e-05, 3.4935717849293724e-05, 3.6552632082020864e-05, 3.059962546103634e-05, 3.105998257524334e-05, 4.51055311714299e-05, 4.7385783545905724e-05, 2.28440148930531e-05, 2.4754053811193444e-05, 3.324617864564061e-05, 3.226165063097142e-05, 5.30120414623525e-05, 2.87796192424139e-05, 2.702446909097489e-05, 4.3087839003419504e-05, 2.749628765741363e-05, 3.4902343031717464e-05, 2.599571416794788e-05, 4.19894240621943e-05, 2.5035187718458474e-05, 3.563728023436852e-05, 4.229928526910953e-05, 3.298486626590602e-05, 4.6612411097157747e-05, 2.731774111452978e-05, 2.6176494429819286e-05, 4.491836443776265e-05, 2.597380444058217e-05, 4.441816781763919e-05, 3.24380089296028e-05, 2.713072535698302e-05, 3.793399446294643e-05, 4.976534182787873e-05, 4.318462379160337e-05, 3.855241448036395e-05, 3.7014990084571764e-05, 4.1889536078087986e-05, 3.7412701203720644e-05]
Zero Point(s): [0, 0, 0, 0, 0, 0, 0, 0, 0, 0, 0, 0, 0, 0, 0, 0, 0, 0, 0, 0, 0, 0, 0, 0, 0, 0, 0, 0, 0, 0, 0, 0, 0, 0, 0, 0, 0, 0, 0, 0, 0, 0, 0, 0, 0, 0, 0, 0]

# --- Shapes summary ---
IFM0 Shape: [1, 1, 1, 1152]
IFM1/Weights Shape: [48, 1, 1, 1152]
Bias Shape: [48]
OFM Shape: [1, 1, 1, 48]
