Op Type: CONV_2D
Output Tensor: efficientnetv2-b0/block6b_se_reduce/BiasAdd;efficientnetv2-b0/block6h_se_reduce/Conv2D;efficientnetv2-b0/block6b_se_reduce/Conv2D;efficientnetv2-b0/block6b_se_reduce/BiasAdd/ReadVariableOp
Output Scale: 0.031798165291547775
Output Zero Point: -48
Output Shape: [1, 1, 1, 48]

# --- Weights ---
Name: efficientnetv2-b0/block6b_se_reduce/Conv2D
Shape: [48, 1, 1, 1152]
Scale(s): [0.002046494046226144, 0.0046814377419650555, 0.002131445799022913, 0.0024015961680561304, 0.0033748424611985683, 0.003947199787944555, 0.002531996928155422, 0.002513354644179344, 0.002961512189358473, 0.003426291048526764, 0.002567747374996543, 0.0027994762640446424, 0.002340266015380621, 0.0030186213552951813, 0.0036116649862378836, 0.003761044703423977, 0.0027019043918699026, 0.002928911941125989, 0.003366910619661212, 0.0040641543455421925, 0.002409697510302067, 0.003981873858720064, 0.004590312018990517, 0.002970891771838069, 0.004578704014420509, 0.001919513219036162, 0.0040002609603106976, 0.0024607267696410418, 0.0030215447768568993, 0.003735485253855586, 0.002664559753611684, 0.0017310443799942732, 0.0018947175703942776, 0.0022369669750332832, 0.002932740142568946, 0.002758958376944065, 0.003856152528896928, 0.002230842364951968, 0.003378962865099311, 0.005057865288108587, 0.003336381632834673, 0.004261776804924011, 0.002892375225201249, 0.002550360979512334, 0.00215499522164464, 0.0037945134099572897, 0.002744371071457863, 0.003748119343072176]
Zero Point(s): [0, 0, 0, 0, 0, 0, 0, 0, 0, 0, 0, 0, 0, 0, 0, 0, 0, 0, 0, 0, 0, 0, 0, 0, 0, 0, 0, 0, 0, 0, 0, 0, 0, 0, 0, 0, 0, 0, 0, 0, 0, 0, 0, 0, 0, 0, 0, 0]
Axis: 0

# --- Bias ---
Name: efficientnetv2-b0/block6b_se_reduce/BiasAdd/ReadVariableOp
Shape: [48]
Scale(s): [5.5372976930812e-05, 0.00012666791735682636, 5.767155744251795e-05, 6.498114817077294e-05, 9.131473780144006e-05, 0.00010680128616513684, 6.850946374470368e-05, 6.80050507071428e-05, 8.01310598035343e-05, 9.27068103919737e-05, 6.947678048163652e-05, 7.574677874799818e-05, 6.33217059657909e-05, 8.16762913018465e-05, 9.772255725692958e-05, 0.00010176440264331177, 7.310672663152218e-05, 7.924898091005161e-05, 9.11001261556521e-05, 0.00010996578203048557, 6.520034366985783e-05, 0.00010773947724374011, 0.00012420228449627757, 8.038485248107463e-05, 0.0001238881959579885, 5.193719334783964e-05, 0.00010823698539752513, 6.658107304247096e-05, 8.17553955130279e-05, 0.00010107282287208363, 7.209627801785246e-05, 4.683770384872332e-05, 5.1266288210172206e-05, 6.052669414202683e-05, 7.935256144264713e-05, 7.465046655852348e-05, 0.00010433777788421139, 6.0360976931406185e-05, 9.142622729996219e-05, 0.0001368530938634649, 9.027408668771386e-05, 0.0001153129487647675, 7.82603892730549e-05, 6.900634616613388e-05, 5.830874579260126e-05, 0.00010266997560393065, 7.425576768582687e-05, 0.00010141466918867081]
Zero Point(s): [0, 0, 0, 0, 0, 0, 0, 0, 0, 0, 0, 0, 0, 0, 0, 0, 0, 0, 0, 0, 0, 0, 0, 0, 0, 0, 0, 0, 0, 0, 0, 0, 0, 0, 0, 0, 0, 0, 0, 0, 0, 0, 0, 0, 0, 0, 0, 0]

# --- Shapes summary ---
IFM0 Shape: [1, 1, 1, 1152]
IFM1/Weights Shape: [48, 1, 1, 1152]
Bias Shape: [48]
OFM Shape: [1, 1, 1, 48]
