-14450
-43277
-49442
-3800
-3192
-60201
-35161
-26426
-30489
-53088
-37548
-11708
7410
-48122
-46386
-14459
-45001
-1703
-50179
-40204
-57275
-42970
11285
4017
-57274
-17044
-36076
-54783
-49878
527
49855
-33013
-37192
-47710
13130
-12660
-7553
-29740
-7050
-34982
-29368
-25967
-46026
-51461
64540
-42585
-48535
6727
-53039
6767
2176
-58599
-16775
-32412
-32797
-11299
14871
-34167
-948
-32353
-36430
-17930
-40073
-25475
-18587
-8897
-12157
-34785
-30366
-31081
-4374
-37426
-3485
-13530
-38502
-15150
-42112
-39672
-26911
-45358
-45828
-26766
-39635
-23967
-45795
-7436
-48409
-28921
-16681
-36689
20346
-33568
-28378
34440
3425
-34054
4473
-38237
21076
-42135
-36651
-17825
-48577
-10327
-31458
-7598
-5265
-23439
-1090
-60718
-8951
-42990
-18172
-35538
-38509
-15868
-18356
-19479
-2386
-32584
44292
-47687
-23379
-69228
-15139
6064
-29235
23604
-43734
-36778
-58441
16407
-51770
-12600
-22756
-12984
-22456
-5414
-27568
-54872
-44926
-34879
51976
-22465
-15415
-37384
-38230
38638
32585
44681
-24893
-46336
-38727
-43073
18148
4941
-40131
-25240
-47350
-34235
-35396
7666
-47920
-2803
-23127
-22482
-51868
-46452
-36782
-59785
-28219
-46053
-27297
9266
-2668
-47466
-28356
-52560
28818
-19799
-1032
-38140
-34487
-33849
-43385
-28199
-2623
-18465
-17289
7502
39258
-32878
-18699
-20201
-26794
4990
-36267
-44576
-18832
-53542
-19100
-58623
14114
-22317
-4221
-34699
-44685
-40042
-25423
-29722
-34938
-54366
-33459
2143
-54664
11329
-10801
-44896
-9589
-61748
-37318
-17858
-28729
-20272
3397
18711
-23277
39715
-36768
-51073
-12973
-44493
68538
-52827
-4814
16586
-27469
-26061
-38334
102615
-65797
-33766
-13567
-64195
16984
-130
-38526
-37623
-37010
1774
-49178
-6824
-39834
-42842
-178
12182
2057
-56197
-17006
-49173
-26000
-18317
-39023
-28400
-48238
-27664
-12643
-44345
-64674
-42932
-43035
-25523
-39868
-6129
-10458
-9519
38475
-42900
-13125
43798
-10924
-46745
-41973
64059
-28661
-51403
-24950
-39557
65426
-18534
-11699
-11640
-31733
29826
-44834
-26254
1943
8687
-8274
-37147
-5914
-5175
22877
-23633
13925
-38237
-11466
14190
-37579
-28360
8361
25763
-18729
-4214
-44966
-26281
684
-21964
-2569
2608
-54578
-24545
-14566
-39371
834
3053
-49071
-58134
-47396
-2784
-14127
-66081
-7763
-2416
-46504
-45949
-28023
-20017
-33548
-36011
-33788
-40748
-63845
-8438
-35895
-29185
-29340
-20988
-64085
-43303
3545
-35944
-68037
-30111
-81560
-33669
-50435
-28219
-33857
-50551
-40662
-20094
7418
7745
-6631
-16383
-14233
-15847
44795
-33139
-31405
-27502
-25889
-9932
-20889
3027
-32491
-37481
-78649
-42146
-11769
-60815
-29166
-21641
-41761
13078
-18678
-4617
-50916
16610
-31218
-31143
-1646
-39929
-45642
43049
-142
-30287
1150
-1529
-40110
-47087
-58282
-13572
-42564
-8819
-11189
-38132
-46217
-2068
-20972
-40140
-34324
-16322
-6273
-8888
-32902
-28435
-47738
-6308
46064
17821
34000
-38275
-16661
-51794
42546
-37750
-33453
-39748
-27288
-36937
-19784
2495
-5724
-5317
-38769
-45033
-13368
-7402
2843
-37942
-14350
-21903
-24761
39860
22756
-22770
-39008
-16415
-35387
22478
24891
-6549
26900
-49761
-14407
5821
-37162
-13679
-5952
-48851
-51890
-34386
1038
-20769
-23706
-11658
-57133
-41475
-46550
-10647
12375
-10192
-34026
-329
-11618
-4393
-27496
-34687
58151
-29424
11833
-9727
-31934
-24565
-15150
35819
-10987
31625
-35416
-35682
42806
8153
7525
-67048
-934
-25896
-50621
-9331
-31470
-30953
-12127
-50145
-5679
-1323
127673
27675
-28736
-3389
-40834
-7868
3484
-4164
-25125
-48111
-30687
-15289
-20921
86527
-12546
-27977
-12677
7056
-41890
-29444
-51108
-26657
-26988
14665
-25921
12760
-42527
-61395
9664
87961
-15302
-27183
-22996
-14458
3534
-58238
1911
-35224
-25996
-48461
-12468
-14027
-27708
-27292
-5261
-18640
-39023
4164
-17857
-32645
-51177
-38094
20166
-80338
-29754
-40957
-3141
-50563
-38668
-35824
-29268
-32566
-29631
-50546
-19184
-3380
-3923
-29768
-5001
-29273
8911
-47221
-14397
-47492
-47570
-33917
-11026
-34413
-24051
40861
53481
-37897
-33393
-47200
-12021
-8965
-17504
-32588
-33506
-3734
9724
-11187
-19736
-38467
20628
-38791
-21164
-22891
-6844
-62184
-6586
-38280
38065
-48609
-40316
-15178
-19759
-42609
5680
-6666
-56189
12369
-37374
-32568
-37281
-53735
-45332
-19617
-48108
-57291
-49647
-15225
-44687
-24552
-68144
-17831
-708
32233
3501
19086
-5997
13088
-35876
35066
-32430
-9763
-46473
-43561
-37756
-54016
-15691
-44810
-10512
-41721
-19705
14577
126287
-4565
-31319
7261
-21670
-38898
-35240
-225
-35014
-46094
-17734
-33001
-35966
11420
-32481
-3150
-32930
-37332
-43776
65911
-22776
-58068
-7822
-51902
-14753
-17301
-39043
-2578
-1017
-25925
-33069
-37843
-38470
-37044
-39405
-20765
106881
-34521
-5139
-31021
9676
-22687
11093
-58729
-13518
14339
-42102
40225
-41076
35076
-45629
-28167
-12827
-15177
-20546
16133
-33292
-40203
-10534
-37133
-30548
4165
-26743
136072
-19709
-7441
-57205
-16863
-41104
-39940
-30389
-26928
-34102
-20144
-46040
-12582
-6753
-36542
-20279
-38651
-28798
-4361
11921
-50861
-21089
-42874
-22481
2292
-43628
-15112
19415
23234
-15202
-20737
16546
-37067
-39970
-14588
-22510
-51735
-22826
-17797
-46857
-21223
-25211
-35703
-31231
-32546
8197
-31054
-13560
-10291
-11394
-32773
-33834
-36631
-60897
-17013
652
8897
-23853
-35962
-38634
-49419
-3372
-45514
3618
-8978
-21415
-50487
-17183
-23194
-17630
-1909
-47670
-26461
-54181
-20584
-49495
-40256
-5864
-35788
-37956
-38973
-39529
-6903
-57820
-22570
-31757
-38627
5565
5700
-2448
-11051
-11700
-17694
-35346
-30111
-63334
-13010
-3005
-33777
-10236
-17285
-33922
-39087
141
-30731
-26026
-56417
3494
-37107
-55952
710
-4945
-39616
-60075
-27627
-22620
-26259
-10766
-45227
-42642
-29977
-14649
-50623
-19311
-30474
-9064
-20088
-38602
-12870
-14252
-8268
-37672
2865
-55050
-3376
-53803
35673
-29420
-31768
34046
-13757
-47775
28834
-15937
49673
-44621
-20422
2347
-34770
-31339
-24707
-14929
8480
-3433
-45160
-3701
-24419
-14611
-24292
-32264
-46746
-27499
-18362
-32806
13860
17108
17497
-37219
-3217
-68502
-4405
2487
864
-65085
11973
-31497
12325
-46579
-36846
-28767
-41924
100826
-9415
-31897
-5837
-8602
-41810
-37610
1268
-39131
-34706
13684
-8877
3194
1168
-700
-24875
-49229
-378
-50538
-25973
-3620
-15249
-1447
-15447
-14170
-36648
-20733
-9764
-8110
7822
-10937
-43987
-47649
84283
-37324
64087
-48620
-51595
2020
-48299
-22323
-59734
-41058
20870
-38181
-22336
-12096
-56494
-34985
-14650
-14115
-6872
-29042
-23410
-24824
-41571
-14653
-23437
-19342
-73615
4725
8140
-47415
-16724
-50622
-47066
-57313
109036
-51833
-40183
-13135
-5171
-7836
-30374
-8660
-32315
-34446
-39497
-8211
1655
4744
-5082
-30325
-14795
4630
-43090
18447
-32861
-38314
47010
-5678
-27659
-41424
1469
-10795
7421
33631
-29454
-15283
-45071
17888
-47305
-25551
34898
-20212
40931
-23051
-3109
-21492
-25374
-42407
-1193
53119
-351
-43483
-3776
-38359
-16542
-42229
-19636
-42475
-37112
1287
-27386
-19247
-52734
28358
-48235
-17047
-41546
-8281
-54637
-23728
-33138
-28527
-48167
-20600
-40649
-495
-52737
-42125
-51663
7539
-27329
-31196
-27273
-20601
-50180
-29838
-19496
-19951
-43137
-33578
32783
-54098
-15486
-17732
-47839
-3635
-9447
-28728
8162
-34010
-26075
-44735
-50962
-12338
-15498
1025
-11491
-22068
-23043
-46379
-35075
82050
-30935
-43113
-59898
-50247
-21971
-28305
-33859
-60398
-59765
-39855
49487
-54105
-20826
-23937
-33077
9614
-61650
-32412
-18998
-45864
-12805
23507
-39900
-44487
-24247
-48626
-46341
-14189
-23105
-49490
21443
-38329
-7862
-34355
-22505
-12473
-43356
-56500
-21447
21138
-3426
2601
-29456
23119
4601
-45895
-47833
18150
29095
-25439
-38425
2664
-11231
-15335
79018
-42249
-42697
-29407
28561
5657
4090
-31018
10957
-19128
-58664
-36476
-1834
-16811
-44831
-54504
-38640
-15415
-7755
33156
-30735
-56356
-48722
-44098
-20629
-53894
-53776
