-8398
3800
-5050
-10753
-5879
-13646
-8489
-3768
-13124
-11548
-9352
-324
1606
-4486
-16354
39829
-7833
-12964
-16171
474
-2507
-5687
114
-12119
5851
-20499
-123
-13943
90
-7523
-16752
-296
-12882
-10237
-8895
-8741
-10154
-21471
-14882
8972
-17125
-12298
-15060
-6235
-10441
-9497
6297
-10041
-19112
-11460
6231
1598
-10481
-10016
-4958
-4577
-10072
-15210
-16346
-5050
-4088
-13131
-9488
-5112
-1025
-15194
-9893
-37066
-12575
-5645
-5248
-11011
-13741
-2441
-7896
1811
-13207
-20033
-15085
-15568
-6245
-6112
-15325
-15454
-9527
-4228
-6916
-7252
-14427
-2509
272
-10577
-5238
-12664
-15449
-1142
-7688
-16025
-21713
-1824
-9933
8770
-7762
-1089
-10734
2609
-4933
-12092
-6604
-6924
-19938
-12651
-14317
-5289
-11649
-5046
1811
-12822
-3866
-17609
-10745
-7103
-4211
-8418
-24059
869
-26707
-22515
-8270
-471
-4586
-13358
4092
-1964
-10037
2010
1358
11732
-11888
-27341
-7013
-13257
-15091
-4135
-11405
-4943
-5758
-12929
-19975
-6751
-2815
-12529
-8853
-13869
12189
-26914
-8912
1052
-31979
-8750
-2329
-15076
-9686
-23245
-19013
-6000
-16300
5535
-16750
-23584
-17449
-2599
-9580
-5588
-3791
-13209
-14803
-6725
-2901
-10844
-9045
-1011
-3927
-15859
-9412
-11725
-8562
-16793
-13668
-7867
-595
-2571
-2900
-13826
-9376
-7950
-10769
-11350
-1909
-27124
-3230
-7357
-12233
-5079
-10203
-2970
-18181
-6379
-11436
2031
-15697
3129
-8901
-20696
-5233
-13652
-16150
-26379
-4832
-3029
-20604
3145
5090
-1285
-8528
3138
481
-5888
-11056
-4081
-6543
-5030
-6270
-3253
-13698
-17135
-6517
-5754
-7842
-12339
-4745
-4492
-369
-10860
3960
-15844
-14917
-13403
3839
-10100
-6768
-14253
13374
-24601
-2529
34174
-11959
7064
416
-17014
-9143
-15868
-6375
-6085
11680
-12089
-7174
6833
11368
-16941
-41275
-4295
-18660
-2022
-3234
-7139
-14052
-15217
-8086
-8575
-5074
-7561
11784
-2004
-21861
2211
-21499
-13136
3815
-17041
-7224
615
-5474
-14826
-15075
-2761
-3045
-26797
-3248
-11729
-12113
-17382
-9940
-22063
-5351
-7310
-20334
-43507
-2244
-6301
-18773
-9566
-12228
-7384
-7264
-16190
-17315
-2469
-1437
-10573
-3115
-11450
-4120
-25013
-8421
-19036
-2020
-24094
11805
-7489
-13352
-17019
-21364
-7437
-15435
-16748
-7829
-285
-15855
1855
-7324
-6876
-7678
2869
-6374
-7705
-16101
-1926
-18987
-2832
-10974
-11204
6474
-18326
-12624
-10453
-10245
-6024
-1902
-19583
-13831
-19623
-14638
-4203
-15604
-3120
-12465
-646
-12904
-10736
-3477
-14733
-17286
-11172
4436
-632
-16185
-10238
-15155
-9140
2147
-16993
-14093
-3047
-22396
-7735
-14570
-15676
-4943
-4859
9420
-13627
-7933
-13280
923
-23251
-7497
-3111
-24334
18834
-4150
-13756
-16163
-1686
-11137
-2428
-11320
-33806
-5922
-4444
3762
-13649
-102
-8688
2575
-4104
-9362
-7056
-14706
-8883
-13607
-17300
-5328
-2754
-20715
-5998
-9377
-19466
-13787
-1631
-5750
-18105
880
-4020
-12047
-7525
-14147
-3453
-4772
-18209
-15558
793
-613
-172
-4796
-11367
-4151
-23878
-36278
453
-12031
-10583
-14152
-1651
-8647
-16601
-347
-16356
-8925
2724
2358
-8531
4580
-5819
-1365
-7246
-22100
-14268
-635
-2036
-14141
-23448
-13676
-11740
-8687
-7197
-19841
-27970
-10229
-12569
-17134
-6682
-13731
-14782
-15394
-7215
-18178
-14119
-1790
-27927
-7396
-76
-4020
-1297
-7673
-11621
-2166
-4162
-5214
5351
-18517
-17966
4794
-5494
691
-18651
-11447
-8421
-8744
1509
5037
39
-17467
-10884
-19047
903
-19096
-4869
-9171
-2442
-10964
-12672
-18404
3078
-16539
-10906
-26394
-4072
5375
-22837
-2206
-10993
-6432
-6074
-7732
-4480
-37742
-8220
252
-16014
-8441
-4868
-12966
-13232
-8299
-7323
-5411
-22516
-6949
-23638
7647
-9617
-9931
-7510
-14903
-4077
-13409
-11526
-14892
-4617
-9034
3212
-9405
-5918
-10902
-12697
-4104
-50070
-8017
-11985
-10097
-6228
-11839
5228
20639
5259
-22351
-8351
-14538
-9305
-11550
-9014
-13470
-9259
23474
-1512
1585
21129
-9990
-8353
-13591
-10156
-10804
-24726
-14743
5572
-7900
-3020
-14268
-6833
-6910
-10266
-8026
-23079
-12793
-4160
-19027
-6735
-12924
-23701
-1142
-3374
-3596
-3839
-12751
-9859
-14674
-2832
-5373
-1446
-11552
-1243
-10279
-13667
-8682
-11358
-7338
-10244
-11749
-4954
-2689
5998
-8727
-9886
-9023
-10433
-29997
-7448
-7869
-9258
-25093
-32282
-15694
-8069
-17533
-5927
-18060
-42076
-6638
-8801
-2225
-17035
-12440
-13743
-13064
-4509
-9470
-856
-46417
-226
-14208
-23092
-2935
-9934
-20418
-12976
-13743
-488
-18539
-13150
-5660
-18434
-4251
444
-4332
-850
-14943
-10221
-13945
9792
-20282
-3894
-7831
-7475
-9202
-12234
7650
-7067
-16062
-11904
-3519
-7964
-10668
-6875
-23327
-3816
-8698
-9693
-21544
-11545
-15943
-1567
-6469
-6629
-11911
-4895
-15417
-16179
-13686
-12034
-17687
-25730
-11699
-15550
-13613
-21433
-16295
-6235
-6085
-12262
-5965
-11350
-14073
-9407
-3242
-10959
-9923
-5914
-20511
-7923
-5996
-11421
-4815
-13280
-22917
-10437
-3642
-24262
-1479
-4112
-1812
-4976
-9607
-13763
-7300
-15366
-10006
-13489
-19393
-10223
-12513
-11624
-16487
-13534
-19929
-1113
-14265
342
-15905
-17004
-9163
-21114
-13276
-11517
-4187
-16131
-6739
-7823
11202
15448
-8874
-6559
10724
-1374
-9713
-17106
-7560
-24436
-1755
-14916
-1921
-14973
-20341
-7044
-15980
-13214
12423
-15581
2872
-5358
-4107
-19052
-6860
-8526
-3111
-7061
-7498
-26754
-2010
-15321
-13242
-5882
-9739
2872
-7570
-38747
-2646
-13222
-17785
-8405
-915
-14245
683
-4130
-13171
-14577
-7099
-8575
-1566
-8074
-15693
-3864
-21992
-7794
801
-6377
-8814
-5882
-695
-5134
-15629
-3999
-15554
-20552
-7330
-2124
-669
-12688
459
-6047
-4843
4126
-10616
-19963
-13130
-8925
-23234
-20523
6678
-7804
-19855
-13882
-15040
-11239
5299
-9833
-14993
-20730
-4311
-26967
-3664
-14156
-7549
-12312
-14056
-2945
-5956
-8208
-16138
-810
-14556
-15471
-4176
-13555
-10860
-14846
-1957
-16970
2026
11604
-24293
-8399
-13884
-10860
-6758
-8077
-7964
-12668
-10033
-13077
-26923
3635
-7237
-3751
-6175
-12077
-9811
-5741
-5787
-8075
-15735
-24752
2310
-10438
-14846
-25509
-23673
16730
3491
-12724
-10701
-7456
-10642
-812
-21699
-20645
4919
-7768
-1562
-13966
-3836
-26455
-9633
-5037
-1558
-14486
-9104
-13149
-10796
-9625
-19446
-519
-10371
-3190
-9383
1835
-10458
3488
-14578
-17105
-2413
-28881
-12358
-25956
4177
-5489
-6634
-3608
-4463
-7011
-12027
-10190
5340
-5347
-18098
-11570
-8074
-4704
-20475
-3325
-11351
2880
-8985
909
-13442
-12185
-10427
-9395
-15785
-17361
-6482
-18232
-1395
-6804
-12500
-6236
-13889
10713
-11472
-1086
-10443
-5623
-4423
-15952
-8810
-8844
-6820
3783
3369
4090
7429
-5812
-13458
-15225
-20660
-11701
-16976
-23914
-1399
-13896
-9972
-6266
-14840
-1246
-163
-14025
-7001
-4202
-3534
-12249
-6777
-20527
-1144
-11247
-16625
-11079
2141
18192
-8277
-10407
-7699
-13027
-3976
-21391
131
-12768
-2385
-3642
-11402
-8402
-7694
1768
-11190
-1754
-18941
-13957
-8949
13786
-12131
-14634
4763
-4883
-14967
-11813
-7995
-413
-17171
-10039
-21624
4798
-385
-14126
-7505
-7888
-5593
-16636
-12726
-8930
-15279
-26723
-27580
-7178
-9779
-5999
-20854
-13631
-5982
-14458
-22698
-10802
-1147
-4218
-7301
-6512
-26921
-6796
2468
-20667
-8302
-12828
-15181
-15133
-9374
-12359
-10736
-7316
1704
-8989
-9517
-3648
-20141
-12246
-3239
-3916
-11210
-30648
-5225
-40013
-7822
-2478
-982
-732
-12760
-14233
-8594
-14328
1801
-13686
-4362
-5820
-15473
-5651
-11527
-16081
-14229
-7844
10912
-3250
-9596
-7195
-9277
-15589
-9796
-104
-1678
-20273
-8914
-9468
-3297
-8284
11302
-6788
-11219
6685
-11900
-11351
-9843
-2463
-15197
-8198
-15440
2645
-15031
-16849
-15596
-15018
2934
5041
-13238
-21495
-6154
-12590
