-105
-109
-37
-59
-80
-112
-97
-5
-111
-83
-45
-83
-99
-101
-104
-102
-107
-123
-88
-94
-115
-99
-114
-104
-102
-107
-95
-103
-74
-92
-107
-121
122
35
-87
-113
-114
-117
-93
-98
-107
-104
-32
-113
-100
-109
-114
-91
-90
-116
-92
-109
-110
-97
-114
-94
-97
-103
-95
-104
-98
-104
-93
-118
-110
-111
-117
-76
-99
-116
-121
-111
-105
-115
-116
-109
-107
-118
-100
-115
-98
-16
-103
-70
-115
-100
-98
-107
-92
-87
-112
-86
-109
-19
-104
-53
-102
-105
-101
-102
-92
-77
-110
-114
-103
-120
-107
-86
-102
-96
-113
-104
-103
-59
-105
-121
-102
-118
-107
-119
-74
-106
-114
-95
-94
-120
-97
-113
-107
-99
-104
-104
-96
-93
-71
-21
-106
-103
-85
-105
-110
-96
-102
-95
-121
-106
-110
-41
-107
-104
-55
-108
-98
39
-118
-101
-108
76
-41
-112
-122
-110
-120
-91
-109
-119
-112
-117
-107
-109
-85
-108
-95
-124
-112
-104
-111
-88
-109
-79
-127
-117
-99
-112
-120
-92
-93
87
-117
-83
-124
-103
-97
-99
-108
-115
-100
-107
-110
-105
-94
-55
-118
-90
-114
-107
-109
-107
-109
-99
-115
-98
-110
-119
-110
-104
-100
-93
-114
-116
-93
-110
-111
-92
-107
-95
-110
-96
-117
-113
-94
-74
-112
-77
-120
-113
-118
-104
-110
-100
-106
-28
-55
-99
-23
-109
-97
-102
-103
-73
-114
-109
-96
-112
-107
-103
-111
-104
-109
-115
-111
-102
-107
-101
-59
-115
-91
-118
-73
-109
-104
-95
-12
-77
-66
-95
95
-96
-104
-111
-118
-98
-7
-96
-119
-108
51
-100
-66
-111
-77
-63
-115
-109
-105
-103
-110
-95
-116
-90
-102
-106
-112
-110
-107
-117
-74
-94
-79
-118
-61
-110
-125
-105
-55
-105
-107
-107
-99
-90
-104
-70
-79
-92
-118
-109
76
-117
-104
-111
-95
-103
-113
-94
-114
-80
-117
-111
-108
-86
-122
-111
-108
-61
-73
-61
-114
-119
-99
-100
-109
-100
-111
21
-39
-96
-94
-103
-119
-111
-103
-107
-114
-97
-53
-104
-108
-112
-113
32
-107
-122
-114
90
-113
-111
-122
-114
-116
-113
-112
-100
-12
-112
-115
-117
-113
-109
-83
-111
-114
-112
-107
-104
-109
-110
-41
-106
-90
-112
-124
-98
-103
-96
-71
-104
-113
-114
-37
-110
-119
-88
-92
-109
-94
-95
-83
-109
-71
-100
-120
-80
-76
-104
-106
-19
53
-103
-123
-111
-41
-113
-94
-116
-121
-86
-113
-118
-94
-104
-88
-119
-71
-99
-102
-111
-28
-63
-114
-107
-94
-97
-87
-118
-91
-70
-107
-7
-104
-87
-117
-100
-120
-107
-92
53
-106
-94
-100
-101
-74
-109
2
-112
-105
-107
-98
-61
-119
-104
-106
-101
-99
-120
-61
-92
-96
-95
-124
-85
-94
-103
-95
-103
-111
-88
-95
-97
-97
-101
-112
-112
-114
-86
-96
-118
-107
-113
-91
-16
-108
-85
-106
-119
-108
-108
-119
-115
-92
-114
-92
-119
-117
-111
61
-108
-103
-95
-108
-123
-114
-106
-111
-85
-105
-100
-112
-86
-116
-102
-104
-55
-120
-102
-116
-117
-90
-109
-104
-105
-119
-106
-115
-110
-114
-102
-63
-105
-88
-105
-106
-96
-115
-122
-123
-114
-115
-80
-113
-96
-117
-107
-91
35
-109
-109
-106
-103
-59
-107
-93
-113
-88
12
-109
-106
-23
-109
-113
-98
-107
-119
-117
-118
-111
-119
12
-28
-117
-21
-107
-90
-108
-80
-85
-94
-90
-112
-92
-113
-99
-109
-79
-104
-100
-115
-95
-106
-105
-104
-118
-115
-112
-105
-61
-111
-100
-101
-104
-124
-127
-113
-103
-121
-111
-111
-107
-112
-121
-95
-105
5
-109
-97
-113
-103
-90
-74
-107
-108
-107
-86
-115
-104
-117
-107
-87
-104
-117
-124
-102
-93
-107
-88
-98
-97
-122
2
-110
-108
12
-116
-104
-103
-112
-107
105
-105
-97
-120
-99
-99
-86
-103
-108
-103
-90
-114
-102
-103
-49
-116
-73
-102
-109
-102
-111
-93
-122
-100
-106
-43
-102
-111
-95
-104
-32
-106
-113
-114
-76
-124
-104
-74
-98
-111
-119
-112
-95
-107
-113
113
-117
-116
-91
-83
-64
-35
-120
-119
-114
-116
-102
37
-102
-104
92
-117
-116
-118
-103
-63
-87
-107
-23
71
-104
-104
-97
-118
-94
-94
-83
-106
-103
-94
-115
-117
-117
-107
-86
-95
-90
-119
-113
-122
-39
-45
-104
-21
-105
-104
-107
-101
-41
2
-88
-35
-110
-107
-95
-92
-113
-91
-99
-119
-23
-37
-118
-104
-104
-70
-105
-114
-115
-114
-109
-53
-64
-92
-110
-88
-112
-106
-106
-49
-77
-96
-95
-82
-115
-63
-109
-96
-107
-91
32
-111
-100
-112
-117
-79
-99
-88
-104
-121
-112
-80
-86
-97
-100
-98
-119
-91
115
-98
-104
57
-91
-98
-103
-113
-115
-114
-117
-108
2
-107
-82
-104
-106
43
-111
-73
-91
-99
-39
-117
-111
-98
-107
-104
-83
-111
-79
-83
-45
-90
-90
-104
-97
-64
-125
-106
-115
-109
-77
-66
-116
-111
-97
-110
-2
-16
-121
-115
-111
-98
-109
-94
-92
-120
-88
-70
-90
-122
-41
-96
-111
-94
-119
-92
-92
-111
-80
-104
-116
-96
-109
-102
-100
-123
-114
-102
-98
-109
-94
-107
-123
-94
-86
-101
-87
-107
-103
-126
-107
-105
-104
-104
-35
-107
-104
-123
-2
-93
-113
-99
-90
-117
-96
-82
16
-109
-101
-14
-88
-95
-43
-114
-90
-105
-120
-96
70
-124
-96
-73
-88
-99
-107
-102
-88
-111
-87
-120
-107
-107
-102
-7
-57
-109
-103
-103
-64
-97
-53
-93
-111
-102
-85
-104
79
-106
-121
-95
-115
-107
-101
-106
-86
-113
-113
-100
-71
-104
-92
-98
-105
-101
-80
-94
-104
-101
-101
-79
-98
-95
-49
-100
-95
-105
-90
-117
-91
-12
-108
-105
-12
-120
-96
-110
-118
-105
68
-112
-98
-111
32
-108
7
-105
-123
-109
-106
-104
-107
-109
-99
-70
-74
-107
-112
-116
-102
-114
-112
-103
-91
-90
-120
-96
-104
-120
-111
-103
-76
109
-104
-114
-104
-103
-98
-100
-77
-122
-105
-112
-104
-94
-105
-103
-98
-87
-107
-110
-88
-114
-99
-116
-85
-88
-92
-119
-118
-115
-68
-117
-111
-91
-102
-92
-118
-120
-93
-99
-94
-97
-109
-83
-106
-96
-88
-73
30
-98
-110
-101
-85
-116
-107
-93
-123
-112
-90
-112
-101
-105
-105
-106
-112
-53
-110
-91
-37
-106
-43
-109
-107
-110
-86
-108
-111
-95
-51
-105
-74
-110
-107
-86
-98
-92
-107
-99
-91
-104
-116
-96
-100
-112
-121
-104
