-18601
-949
-20960
-11537
-13804
-14608
5322
-5301
-6289
-4927
-15562
-7753
-2235
-18446
-11826
-7832
-4046
-17050
-11838
-509
-3685
-4197
7304
-9246
-6439
-12728
-9527
-23231
3182
4906
-19514
3796
-22099
-3054
-2141
-4295
-31160
-5933
-10794
-19009
-9
9448
1093
10147
3679
-5898
-17414
-16756
2919
-28791
-13610
-10462
-13363
-2145
14579
-3445
-11652
3570
-13725
-9175
263
-7088
-435
-3818
967
-8687
-17148
-30388
-4763
-13574
-10613
-15467
-5007
-12366
-21407
-11352
-18586
-14921
-14283
-8804
-41514
-4062
1397
-7938
-21313
-11574
8923
-11626
-17261
-4222
-3215
-17701
-11634
-3983
-131
-19603
-9974
-17199
-18591
-12462
-7505
9978
-4384
-10948
-8557
481
4153
-13792
3691
-11840
6394
-8981
-9012
-13084
-15780
-8129
-2958
-2438
-2143
-5099
2240
-7094
-10674
-16184
9573
-21086
-14043
-22343
-7850
-10271
-4750
-5336
-13151
-19332
-12718
-894
-5861
-9926
2168
-5142
13048
496
-9802
7459
-16802
745
-2155
-6676
-11155
-8850
-964
8526
-2366
-22271
-7396
5993
-8844
7551
-13353
-2736
-14726
333
-10657
-21724
-12786
-4208
-11344
-26574
-11147
-9706
-11689
-14147
-14048
-10592
-9241
-7141
-8041
-15788
-13393
-10911
-8815
-15971
-8035
5017
-8418
-21443
-22121
3063
-19212
5549
-4535
-10525
-4591
1804
-7821
-12536
-2121
-12006
-3990
-10693
-16910
-3948
-20529
-33772
-15339
530
911
-1575
-4716
-7787
-9122
-2767
-17760
-13555
-8524
-4713
-9963
-26218
-4732
-8180
-22330
-12272
-3121
2966
-8142
-9020
-4555
-20786
-10431
-2742
-221
-8251
-8496
-8199
-11700
5987
-3164
-23041
-15478
-11355
2356
-20322
-3904
-1745
-12280
6706
-22717
-16278
-22692
-5835
-8167
3735
851
5331
-220
-12022
-8661
-15234
3159
-17135
-16432
-16506
-25183
-1795
-1975
-12743
-349
961
-4402
-5459
-14065
-13322
-17373
-5679
-9598
-16742
-4229
-9151
-28870
-10765
-5853
5544
-313
-4843
-8254
4449
-8685
-32616
-14802
-2062
-8020
621
9636
-16275
-2476
-7566
-15645
-29142
-3633
-10920
-2528
-4803
-11566
-13064
-13724
-12125
-4747
-3222
-11389
-2027
-11884
-8678
-11363
-13232
-4932
-22793
-19710
-11243
-7097
-6134
-13402
-17627
-22629
-3055
-6258
-843
16989
-10589
-12298
-16599
-16194
2238
-5221
-1345
1165
-9088
-9504
-11538
-14735
-10988
197
-6411
2765
1474
-1787
-7873
-19002
-8584
1231
2173
-16110
3556
-9029
9043
-14724
-8100
-13246
1635
-14907
-4735
-18260
-20105
-17333
-14283
-7049
-7732
-10909
-8598
-11294
-21964
-11146
744
-355
-7720
-13923
14861
-10972
-323
6127
-18992
-13692
-9850
-36903
-9763
-4889
-5763
-11499
2288
-14655
-28666
6982
-8166
-6041
8373
4347
-10728
2972
-6627
-6882
-10704
-16944
-17981
-2208
-738
-13415
6667
2317
-5331
-2286
-13343
-5945
-10537
-7165
-13980
-11019
-9178
-8359
2631
-2166
-470
-20462
-964
-3481
-13170
-6297
-21749
-5753
-13510
6111
-17492
-5956
8274
2018
-7315
-12519
-15466
-9679
-17292
-20419
-3807
-8985
4728
463
-12112
-8821
538
6853
-10795
-12030
-6441
-18703
-16067
-5907
-815
-7352
-2334
-7891
-18402
-3302
-16628
-18264
-14758
-2017
-11423
-10337
-31344
-6434
-244
-17241
-6185
-5975
-9036
-19814
-7435
-10317
-2406
-9877
-22068
-13030
-30505
-15088
-6371
-18234
-3250
-9999
-21227
-9393
5769
-7347
699
-10688
-23169
-10216
-6234
-9852
-22796
-7157
-5915
-1803
-32310
-12496
-4492
-6590
10217
-14061
-1642
-9310
-4498
-13355
-8695
-20869
58
-4202
-2724
-10165
-9511
-11855
-2311
-11407
-13320
-10060
-5552
-17951
-17334
207
-6091
204
-4704
-1798
-16054
-57
-5215
-2844
-23423
-24004
-7648
-2199
-11400
-6714
-7078
-16441
-16535
-19176
-20870
-14937
-5500
-8540
-12138
-3425
309
5898
-10832
-7046
-6116
-3188
-7447
-17791
-5109
3376
-5252
1990
-224
-18386
-9520
-9757
-9521
-3053
-15171
-1479
-23751
-11444
-12060
-9261
-14347
-5619
-4182
-14577
-5046
-14776
-959
-10200
-4634
-12907
-4586
-11065
-6659
-5053
-11971
5202
1778
-1309
-2747
-15852
-9203
-3411
-12006
-8811
-9985
-9384
7606
-13957
-14666
-13156
-4670
-11787
-10609
-4937
1768
-14585
-9253
-6179
-17308
-4765
-8489
-15916
-22071
-18216
-24029
5192
-13222
22207
-24196
-4450
-6961
-5376
-3821
2742
1044
-14865
-5833
-24797
-11642
1559
-6944
-1352
-4527
-5537
-5007
-8457
-6115
-9657
-16416
-12174
4036
-18282
175
-2352
-5165
1436
-4655
-17445
-18865
-11030
9365
-8421
-22682
-8664
-10979
-46476
-1601
-15430
-10093
-30950
-10724
-6181
-7619
-11789
-14773
-18792
-9087
-3041
-3267
-25207
-9295
-4245
-6688
-23530
-15695
-5878
712
-16055
-6926
-34786
-5317
1415
-20274
-7812
-3321
-5538
-22988
-11714
6339
-26590
-15068
-17824
-7948
-13731
-11859
-18537
-4056
-16700
-22800
-3154
-5236
-9167
-13197
-9726
6581
-23714
-11483
2939
-12743
-1879
-5702
9866
-18207
-9307
-5458
-4810
-14996
-11534
2574
5182
-10870
-11558
-14234
-15241
-3056
-6130
-18429
-32459
-15117
-7438
-11992
1922
-6532
-10476
-10948
-19779
-6907
-4790
-13062
-11418
-13885
6414
492
-9523
-14967
-9770
-9159
-4520
-3731
-7953
-16595
-2862
-5725
-5904
-4670
1776
-2026
91
-40129
-4833
-19378
-18629
-1665
-12758
-11993
-7664
-5550
1230
-10412
-5918
-21134
-26005
-1290
-4806
23428
-9786
-7306
-11608
12374
174
-533
-17985
-22833
-17923
14122
-9472
-12144
-18884
-7967
-3417
-13713
2245
-10625
3838
-2582
-7070
-13655
-9520
-15738
-17986
-9597
-5813
-8627
1772
-8437
-10749
-5275
-2908
10553
-18214
-21371
-151
-8757
-5870
6089
-11562
-11970
-7681
-7846
-21241
-6070
-6601
-30256
-20839
-12144
-17311
-21864
-9202
1258
-22532
-9811
4287
2841
8231
-7066
-3478
-11814
-12745
2066
-34035
-22383
-22248
6
-18420
-12839
-8620
-14592
-8750
-22062
-8329
-6419
-25923
-5652
-16878
-10079
-13696
-11273
-3841
-8124
-9836
-15438
-8845
4262
-7035
-5908
-12692
-8024
-15997
-7448
-2217
-20234
-14639
959
-9488
-14382
-8797
-10246
-14309
19748
-11491
-857
-30458
-14027
572
-134
-11069
-7086
-9752
-4496
14017
-5192
-7313
1069
-14110
-10959
-12989
-13274
-12148
2577
-13378
-5730
-16128
1311
-7102
-10509
5108
-5117
-12303
-10777
-16681
192
-4116
-16083
-28679
-13909
-9480
-8750
8295
-15943
-3746
-9531
-3850
-23154
-17131
-8380
-10936
-10048
-6049
-13613
1857
570
-9988
9783
-24977
-20304
-2568
-6436
-13364
-23430
29428
-10850
3110
-11643
-9483
-16258
-54
-15362
-20687
-9312
-8264
-10549
-4330
-3907
-11067
-13979
-7366
-623
-1376
-5333
-8778
-14943
4193
6731
-8000
-9615
-8133
-3183
-14669
-10282
-19410
-12250
739
-15002
-11845
-3576
-19304
-13547
-3526
-6945
-6314
5499
-17204
349
-32126
-7411
-2636
-11529
-2688
-4772
-4625
32776
-6399
-2019
-11743
-7678
-2879
-3554
6426
-5016
-31930
-2691
-14064
-10183
-25853
-13038
-11923
-7922
-3355
1814
-13325
-4027
-16154
-1463
-15541
-32040
-12281
11722
2345
-2936
-22981
-17542
-19458
5844
-10540
-18429
4915
-28966
-6875
-9589
-14979
-9616
3122
-4006
-12018
10961
-1840
-15000
-22327
-7483
310
-13533
-4180
-45715
-9656
-14399
-12540
6497
-12664
-7352
-25533
-8583
-5513
-13732
853
-8138
3178
-6585
3161
-5328
3702
-8790
-787
-4800
-18896
-14715
10220
-4480
-11364
5710
-5408
-6518
-23819
-5419
-19025
-12441
-7700
-14885
-8424
-12896
10680
-11131
-16716
-5280
265
-8335
-16948
4409
-11278
-13791
-15372
-7205
-17315
-21027
7776
-3054
-3690
-16033
-1344
-10162
10851
1615
-9733
-12451
-17499
-16983
-3109
-7410
-10309
-14502
-7816
-9832
-16188
-4607
-12849
-4610
-4132
-8157
-16426
4163
-13032
-4214
-5913
-8847
5022
-2567
-7849
-11536
-44432
-7411
-13038
1578
-3153
-4271
-14133
173
-9746
-11497
3163
-16515
6999
-11214
-14711
-12495
6431
-4842
-3069
-14415
-45142
-14557
