-37
3
-34
-17
5
-103
11
-38
-53
122
17
-108
-69
-22
-68
1
-7
5
-45
-14
-28
-92
-87
8
-40
40
-25
16
-30
-70
-2
9
-18
-21
-28
-43
78
-41
-16
-43
-56
-6
-2
-95
6
-12
-6
-44
-29
-53
-85
29
-58
-33
-30
1
-59
27
-12
-57
62
61
-29
-13
9
-19
-26
-50
4
-14
9
98
-72
-27
40
-72
21
-14
-49
-29
-45
6
-72
-42
26
2
49
-7
-7
-6
-41
-63
-35
-39
22
-23
-35
-44
-11
-3
-44
10
-26
38
-30
27
-62
18
-41
-17
11
-23
-4
7
-56
-26
-64
65
50
-44
-23
23
-21
-27
-22
35
-31
40
-43
-28
-76
-46
22
-26
11
-24
33
1
-79
-46
13
-56
-69
41
40
-40
-62
-42
47
1
-56
1
-28
-1
20
-40
-46
-96
-55
-16
-22
-25
-9
16
-44
-36
-66
-84
-7
-91
3
-73
36
-37
68
-75
56
-54
-100
-68
16
7
-38
-52
-57
21
16
-53
-14
28
14
-53
-28
-6
-33
-26
3
-80
-6
-46
-41
105
15
-97
-90
-14
-30
-6
1
11
-17
-9
-43
-69
-58
18
-27
45
15
-4
-25
-61
-9
-13
-8
-34
-13
-23
79
-66
-3
-47
-5
-5
-1
-77
-4
-26
-13
-53
-27
-10
-61
24
-35
-5
-15
9
-45
-15
3
-44
71
42
-4
21
8
-31
-20
-54
18
-23
18
102
-81
-65
-26
-62
15
-17
-52
-27
-50
9
-75
-36
43
-15
20
-13
-24
-43
-40
-58
-25
-26
7
-40
-55
-50
0
-10
-58
19
-11
26
-46
19
-44
13
-26
-26
8
-32
-16
-1
-41
-21
-49
38
38
-32
-23
46
-15
-18
-19
57
-81
-6
-32
-34
-46
-49
16
-1
29
-11
35
3
-63
-38
-5
-30
-44
19
35
-5
-50
-45
55
1
-30
6
-35
-6
14
-52
-47
-89
-49
-10
-20
-52
-13
44
-48
-37
-91
-47
13
-58
-5
-70
48
-44
60
-69
48
-21
-101
-45
23
10
-24
-78
-72
9
1
-43
-23
47
-19
-44
-26
-9
-27
-21
5
-80
2
-45
-30
104
17
-91
-86
-21
-34
-2
-3
8
-35
-10
-40
-67
-57
14
-30
47
7
-1
-21
-62
-8
-16
-10
-35
-10
-25
74
-64
5
-50
-10
-5
0
-64
-3
-22
-13
-53
-17
-23
-66
31
-32
-5
-19
3
-37
-10
-2
-39
68
44
2
8
6
-29
-20
-49
11
-21
12
111
-75
-64
-10
-62
12
0
-65
-21
-47
-3
-72
-41
42
-3
19
-17
-22
-34
-46
-59
-27
-23
7
-33
-53
-54
-10
-15
-58
22
-12
21
-46
20
-44
10
-25
-31
-4
-37
-6
-10
-41
-25
-44
33
33
-36
-21
50
-18
-20
-18
55
-64
-10
-33
-34
-49
-38
15
2
23
-13
34
4
-62
-41
-8
-28
-40
18
35
-7
-41
-46
51
-7
-37
-2
-28
-8
19
-54
-40
-82
-46
-7
-22
-51
-14
44
-49
-40
-79
-52
14
-52
-5
-64
40
-42
58
-72
46
-35
-102
-36
19
12
-23
-71
-65
5
11
-33
-20
41
-20
-48
-25
-10
-30
-17
6
-82
4
-47
-34
106
12
-93
-88
-17
-33
2
-6
14
-31
-10
-40
-63
-60
7
-33
48
2
-1
-21
-64
-8
-13
-9
-30
-11
-28
73
-65
7
-51
-12
-8
-2
-59
-4
-25
-10
-56
-17
-21
-69
36
-33
-1
-16
3
-37
-9
-4
-36
69
42
2
13
6
-29
-23
-46
8
-23
15
108
-81
-63
-11
-63
11
-4
-67
-25
-47
-2
-76
-44
41
-3
23
-19
-26
-34
-46
-59
-24
-23
8
-32
-58
-52
-8
-13
-58
20
-13
24
-47
20
-43
8
-26
-31
-6
-34
-7
-11
-42
-23
-49
34
32
-36
-21
55
-16
-20
-17
53
-68
-6
-32
-34
-49
-36
14
-1
25
-14
37
-1
-59
-44
-8
-29
-39
19
35
-7
-46
-47
53
-8
-40
-2
-28
-10
22
-53
-43
-80
-45
-8
-21
-49
-14
45
-49
-36
-82
-56
14
-55
-6
-61
41
-44
60
-68
47
-32
-102
-39
23
10
-21
-69
-65
7
7
-33
-18
40
-23
-48
-25
-12
-29
-18
5
-77
2
-46
-31
104
15
-89
-86
-21
-32
-2
-4
9
-32
-6
-40
-64
-58
9
-32
45
10
-1
-23
-62
-8
-15
-11
-34
-8
-25
73
-64
1
-51
-8
-8
2
-65
-3
-24
-13
-53
-18
-17
-63
33
-33
1
-19
5
-36
-17
-2
-36
68
46
4
11
6
-29
-20
-53
13
-27
15
107
-74
-65
-13
-61
13
-2
-65
-21
-44
-1
-75
-39
42
-6
19
-17
-23
-36
-43
-55
-29
-23
7
-38
-56
-50
-8
-16
-55
18
-13
20
-46
22
-45
10
-28
-28
-6
-36
-7
-10
-39
-26
-44
32
32
-37
-19
48
-18
-18
-17
53
-65
-9
-37
-32
-50
-38
13
5
27
-13
31
4
-60
-49
-14
-31
-40
20
35
-8
-43
-45
51
-4
-36
-3
-31
-6
20
-56
-42
-81
-43
-7
-21
-48
-15
46
-48
-36
-80
-51
15
-56
-6
-62
40
-44
56
-71
49
-32
-100
-38
19
10
-23
-69
-68
11
7
-30
-16
41
-23
-47
-25
-10
-30
-19
4
-77
-5
-49
-36
108
19
-92
-86
-22
-30
-5
-5
8
-22
-9
-47
-66
-59
16
-30
45
9
-1
-26
-59
-7
-14
-13
-35
-11
-26
76
-62
-7
-47
-11
-10
4
-80
-3
-29
-16
-54
-24
-12
-61
24
-35
-5
-16
4
-43
-17
5
-46
69
46
-6
13
9
-28
-21
-48
21
-26
15
104
-71
-65
-21
-63
14
-10
-54
-24
-51
3
-75
-39
40
-11
24
-13
-22
-42
-43
-58
-26
-29
7
-41
-54
-52
-7
-12
-54
16
-10
19
-46
22
-47
11
-35
-30
0
-37
-16
-4
-37
-23
-50
34
40
-37
-20
42
-17
-21
-20
51
-75
-4
-36
-32
-42
-46
15
2
30
-15
34
3
-64
-46
-7
-32
-40
21
27
-8
-50
-46
53
-2
-30
3
-33
-4
12
-52
-52
-83
-48
-9
-22
-48
-14
43
-49
-38
-90
-46
11
-62
-1
-68
42
-42
58
-67
46
-26
-101
-44
21
10
-26
-73
-71
13
4
-38
-21
43
-18
-42
-40
-5
-23
-16
-1
-88
4
-36
-44
116
15
-106
-67
-21
-63
-9
-3
9
-38
-7
-31
-95
-83
20
-41
41
-17
8
-29
-64
-4
4
-11
-20
-16
-37
75
-49
-19
-56
-41
-4
-5
-97
8
-18
2
-48
-35
-41
-76
28
-59
-28
-29
3
-68
10
-11
-51
60
53
-37
-9
5
-11
-25
-47
2
-20
11
92
-75
-32
29
-68
19
-13
-42
-23
-41
-3
-60
-41
21
0
43
-1
-11
-13
-31
-63
-35
-36
25
-24
-34
-51
-5
-1
-39
15
-33
25
-26
31
-58
15
-33
-8
9
-37
-7
5
-56
-25
-60
67
45
-40
-27
22
-15
-34
-15
37
-31
36
-36
-33
-71
-53
26
-14
12
-19
34
-10
-77
-43
5
-48
-66
38
37
-34
-61
-41
50
8
-42
1
-31
-11
27
-48
-34
-90
-57
-21
-17
-33
-14
17
-53
-33
-77
-85
5
-83
4
-78
34
-41
70
-69
61
-52
-101
-72
11
6
-35
-49
-61
24
20
-54
-16
19
12
-51
-12
5
-24
-18
2
-80
-16
-59
-41
101
15
-86
-68
11
-23
-24
3
-5
-26
-6
-41
-57
-70
-5
-41
44
-10
-24
-31
-57
-13
11
-33
-22
-18
-33
67
-38
-21
-43
-20
1
4
-75
-15
-17
-12
-50
-47
-6
-82
-11
-69
2
-15
-6
-56
-4
6
-58
49
29
-22
7
8
-23
-21
-56
-26
-20
26
87
-72
-31
-5
-60
-2
-32
-39
-18
-41
-1
-61
-29
11
0
4
15
-17
-11
-35
-51
-32
-37
18
-39
-49
-30
4
-20
-39
-18
-21
10
-29
8
-61
10
-59
-13
7
-43
-4
17
-49
-14
-53
37
22
-41
-22
-24
-24
-21
-23
38
-58
13
-3
-25
-46
-60
16
-17
31
-25
1
-2
-74
-25
-1
-30
-72
25
25
-24
-37
-40
46
5
-32
1
-35
-25
-8
-43
-55
-89
-46
-38
-29
-27
-7
32
-34
-31
-84
-51
7
-70
16
-54
31
-25
56
-60
31
-37
-80
-77
30
-7
-41
-66
-70
29
0
-40
-14
48
6
-15
-6
-9
-37
-26
-10
-68
-26
-66
-20
93
9
-71
-82
30
0
-37
17
6
-1
-5
-57
-35
-43
-3
-34
43
21
-35
-26
-55
-12
-20
-19
-42
-16
-23
59
-58
-13
-52
25
4
5
-40
-6
-17
-22
-57
-46
13
-48
-25
-59
20
-7
3
-34
-17
9
-54
47
-16
-11
51
-2
-23
-13
-54
-30
-26
28
96
-88
-74
-72
-56
-10
-49
-37
-21
-51
-13
-68
-31
25
-6
-24
0
-24
-44
-17
-51
-22
-38
23
-38
-51
-30
3
-33
-49
-27
-7
-3
-46
3
-48
-3
-51
-29
2
-52
11
27
-24
-24
-35
18
9
-31
-14
2
-44
-10
-23
48
-70
-21
-5
-26
-15
-75
5
0
46
-16
-10
-2
-55
-21
-26
-15
-44
16
18
7
-26
-48
47
3
-26
-3
-43
-9
-11
-41
-57
-90
-42
-34
-42
-41
-18
42
-35
-38
-84
-9
3
-37
-1
-43
52
-27
50
-48
28
-14
-84
-47
39
11
-32
-84
-69
22
-5
-41
-23
75
-10
-29
-10
-10
-36
-25
-12
-72
-27
-69
-13
94
10
-67
-83
25
0
-31
14
12
-8
-3
-52
-42
-42
-11
-39
47
20
-39
-26
-54
-15
-25
-12
-45
-20
-13
52
-62
-12
-53
31
5
6
-25
-5
-15
-20
-59
-35
7
-53
-18
-54
15
-4
-10
-30
-9
7
-41
49
-22
-6
56
3
-24
-11
-51
-33
-27
35
102
-87
-74
-65
-59
-12
-50
-56
-20
-52
-11
-72
-37
21
2
-29
-7
-21
-41
-25
-48
-24
-38
17
-42
-47
-33
0
-40
-56
-27
-13
-6
-45
4
-40
2
-44
-31
-7
-53
8
25
-23
-22
-32
19
7
-26
-11
10
-45
-14
-23
51
-62
-28
-3
-30
-22
-67
2
3
46
-18
-5
-7
-52
-25
-27
-21
-43
7
25
7
-20
-52
39
2
-31
-6
-36
-12
-12
-43
-56
-84
-52
-35
-40
-42
-21
34
-38
-46
-78
-9
8
-33
-3
-47
51
-21
52
-44
29
-23
-90
-35
40
9
-31
-81
-65
15
5
-33
-18
73
-16
-22
-6
-11
-39
-23
-13
-72
-25
-67
-15
94
7
-69
-84
27
0
-32
15
15
-8
-1
-52
-43
-41
-13
-41
48
17
-40
-23
-56
-12
-23
-14
-44
-18
-15
54
-63
-7
-57
31
4
4
-19
-6
-15
-22
-57
-34
7
-54
-16
-53
16
-2
-8
-29
-7
5
-38
48
-18
-2
58
0
-28
-12
-49
-34
-26
32
101
-87
-72
-64
-60
-13
-45
-60
-20
-56
-14
-71
-40
18
6
-27
-7
-23
-38
-27
-47
-22
-43
16
-38
-45
-33
-5
-37
-57
-26
-11
-5
-43
5
-40
-1
-45
-32
-9
-53
8
24
-26
-23
-34
18
6
-29
-9
16
-43
-12
-25
48
-62
-28
-2
-29
-24
-66
4
2
48
-14
-2
-9
-50
-25
-23
-19
-45
7
24
8
-21
-48
41
2
-34
-9
-32
-9
-8
-42
-54
-80
-52
-38
-40
-42
-19
36
-39
-46
-79
-13
9
-31
-3
-45
55
-21
51
-44
30
-20
-88
-36
39
10
-29
-83
-65
15
2
-33
-18
78
-16
-24
-9
-8
-39
-23
-13
-68
-25
-67
-14
94
10
-66
-83
28
1
-34
15
14
-5
-1
-51
-42
-42
-10
-38
45
23
-41
-25
-53
-15
-22
-14
-43
-21
-13
55
-62
-9
-56
30
0
4
-25
-3
-18
-22
-60
-39
10
-51
-16
-55
16
-8
-7
-29
-13
9
-40
49
-16
-5
58
-1
-25
-13
-49
-36
-28
30
100
-85
-72
-66
-59
-12
-46
-56
-18
-52
-17
-74
-34
25
1
-27
-7
-22
-42
-25
-48
-23
-40
14
-40
-49
-31
-1
-35
-55
-27
-9
-6
-45
6
-40
-1
-46
-32
-5
-55
10
25
-21
-25
-30
18
7
-29
-8
8
-47
-9
-25
48
-62
-28
-6
-28
-23
-70
3
3
49
-13
-6
-6
-51
-30
-27
-21
-44
8
25
9
-21
-48
38
2
-29
-3
-39
-10
-10
-41
-60
-86
-50
-38
-40
-39
-25
36
-37
-45
-85
-9
6
-31
-4
-43
56
-24
53
-43
29
-17
-88
-35
40
6
-29
-82
-67
15
1
-31
-17
75
-16
-27
-3
-9
-41
-22
-10
-69
-30
-66
-20
98
9
-69
-83
27
0
-38
19
5
1
-3
-58
-44
-47
-11
-37
44
19
-36
-29
-53
-15
-17
-17
-41
-19
-17
59
-55
-16
-51
29
1
9
-42
-6
-18
-20
-56
-46
19
-49
-22
-56
15
-4
-3
-32
-16
12
-50
50
-13
-10
52
-1
-22
-11
-52
-30
-28
30
94
-80
-69
-70
-60
-10
-46
-40
-24
-53
-15
-70
-30
22
-8
-25
-3
-17
-47
-25
-50
-21
-37
17
-39
-49
-28
-6
-31
-49
-31
-12
-9
-34
7
-51
2
-50
-26
-4
-55
8
24
-18
-25
-31
19
13
-32
-15
-1
-50
-11
-18
46
-72
-18
-6
-29
-18
-76
6
4
47
-12
-7
-5
-57
-27
-24
-18
-42
16
19
8
-28
-48
42
5
-26
-4
-45
-11
-15
-38
-66
-93
-42
-38
-42
-41
-20
36
-35
-41
-86
-6
6
-41
3
-42
56
-24
51
-41
29
-12
-86
-43
38
5
-32
-78
-71
22
1
-35
-23
73
-6
-23
-17
-5
-17
-22
-15
-71
-25
-52
-34
93
15
-82
-65
10
-22
-26
10
-10
-12
3
-41
-59
-61
0
-40
39
-9
-25
-36
-50
-22
10
-15
-30
-12
-29
62
-42
-28
-62
-11
-4
3
-76
-10
-20
-3
-56
-45
-10
-69
-11
-66
-1
-15
-3
-64
-1
-7
-46
45
25
-28
2
12
-11
-23
-51
-36
-18
29
81
-66
-33
-12
-52
-7
-33
-30
-14
-35
-12
-58
-29
16
2
2
23
-18
-13
-23
-48
-28
-37
26
-33
-49
-34
1
-18
-29
-19
-28
-1
-28
19
-67
11
-50
-8
6
-54
-3
11
-46
-11
-49
36
25
-41
-16
-25
-29
-25
-17
45
-51
14
-2
-33
-40
-61
18
1
26
-15
3
-12
-67
-21
-13
-24
-61
17
25
-21
-35
-45
46
6
-21
3
-33
-25
-1
-47
-45
-90
-49
-38
-30
-28
-17
27
-32
-38
-90
-46
16
-58
17
-62
31
-22
55
-48
44
-36
-85
-75
30
-3
-41
-60
-74
27
6
-39
-23
28
8
-23
-29
7
-19
-12
5
-76
-17
-57
-39
100
12
-76
-53
9
-28
-18
-6
-20
-29
1
-32
-49
-63
-9
-37
41
-14
-18
-32
-57
-24
9
-33
-23
-19
-27
64
-30
-23
-50
-20
-6
5
-65
-11
-22
-17
-58
-46
-4
-89
-9
-70
-1
-24
-19
-60
-10
6
-52
46
35
-22
2
16
-24
-19
-57
-30
-14
7
92
-74
-33
3
-52
3
-21
-49
-11
-34
6
-59
-34
16
4
9
10
-12
-9
-46
-49
-36
-32
17
-45
-44
-35
2
-19
-33
-33
-24
9
-33
9
-60
14
-50
-14
3
-48
-6
11
-45
-14
-53
33
24
-39
-18
-26
-28
-27
-22
29
-40
10
-7
-26
-47
-52
10
-9
24
-31
-4
-13
-62
-28
-10
-32
-63
23
24
-14
-25
-40
50
1
-26
-12
-33
-29
-7
-49
-48
-89
-48
-34
-38
-20
-2
11
-39
-34
-83
-54
10
-74
18
-51
22
-16
58
-60
23
-43
-86
-82
29
-15
-35
-59
-69
27
6
-33
-16
35
1
-15
-17
-6
-36
-24
-10
-72
-30
-65
-15
90
10
-65
-75
26
-8
-34
11
-1
-3
6
-51
-33
-41
-5
-31
45
14
-35
-20
-53
-21
-24
-23
-37
-22
-17
52
-56
-18
-59
24
3
14
-30
-2
-23
-28
-58
-44
12
-54
-22
-57
18
-14
-11
-34
-24
5
-43
44
-9
-11
54
7
-24
-9
-53
-26
-21
10
98
-90
-68
-67
-55
-7
-34
-45
-21
-44
-6
-66
-28
24
-6
-25
2
-24
-46
-35
-48
-25
-41
20
-42
-44
-40
-1
-35
-47
-35
-4
-6
-48
6
-42
3
-41
-31
-2
-51
11
17
-21
-22
-33
18
14
-23
-8
-2
-48
-9
-27
42
-64
-21
-6
-25
-22
-72
3
11
47
-21
-19
-12
-43
-18
-35
-17
-40
8
17
5
-15
-40
47
-6
-28
-7
-41
-19
-14
-41
-58
-90
-45
-38
-51
-39
-15
25
-44
-39
-90
0
6
-39
-5
-41
42
-24
48
-45
23
-25
-90
-52
39
4
-23
-84
-66
22
0
-36
-15
62
-10
-33
-15
-4
-36
-23
-10
-73
-29
-65
-14
88
8
-62
-71
26
-11
-29
10
1
-14
6
-45
-35
-42
-8
-33
45
15
-32
-20
-55
-21
-28
-16
-42
-25
-18
50
-60
-13
-62
22
3
9
-14
-2
-17
-27
-64
-35
2
-57
-11
-57
14
-13
-19
-30
-21
3
-28
46
-10
-8
50
11
-22
-10
-51
-35
-22
14
102
-85
-65
-58
-59
-8
-38
-66
-19
-46
-10
-68
-37
19
4
-25
-1
-19
-41
-38
-48
-27
-41
15
-41
-42
-41
-5
-40
-53
-32
-8
-3
-46
8
-35
-2
-36
-30
-9
-53
8
12
-18
-19
-33
17
9
-24
-6
9
-47
-14
-26
46
-53
-23
-4
-25
-33
-69
1
12
46
-17
-14
-15
-43
-19
-35
-21
-38
4
20
3
-13
-41
39
-6
-36
-9
-38
-15
-11
-42
-49
-83
-53
-38
-45
-39
-11
20
-46
-45
-79
-5
8
-28
-4
-43
33
-18
48
-43
29
-34
-95
-42
35
4
-21
-76
-63
13
11
-30
-15
62
-19
-27
-16
-5
-37
-23
-9
-73
-27
-64
-19
91
7
-64
-71
22
-11
-26
12
-1
-16
7
-44
-30
-41
-11
-36
46
13
-29
-20
-54
-18
-27
-14
-40
-24
-23
50
-59
-7
-64
21
6
8
-7
-4
-16
-29
-67
-33
2
-58
-7
-52
17
-13
-19
-30
-17
4
-30
46
-7
-6
47
8
-23
-9
-51
-33
-19
13
106
-87
-62
-53
-57
-9
-34
-67
-22
-41
-9
-69
-38
16
2
-22
-2
-21
-36
-42
-47
-25
-42
13
-40
-42
-41
-6
-40
-56
-35
-11
2
-48
6
-36
-4
-37
-31
-13
-54
8
14
-17
-21
-30
18
10
-25
-3
12
-44
-14
-26
48
-51
-22
-4
-25
-37
-66
2
7
45
-15
-11
-16
-41
-19
-30
-22
-36
6
23
0
-12
-40
38
-6
-36
-12
-35
-15
-9
-41
-48
-82
-50
-38
-42
-39
-9
24
-41
-44
-77
-11
9
-25
-7
-41
35
-17
48
-44
29
-32
-92
-37
36
5
-22
-73
-61
13
12
-28
-15
59
-19
-29
-15
-3
-36
-25
-7
-72
-27
-64
-19
90
6
-64
-73
21
-12
-26
13
0
-15
6
-42
-34
-39
-8
-36
46
17
-31
-18
-50
-18
-28
-16
-45
-24
-17
51
-61
-12
-63
22
3
5
-14
-1
-17
-26
-66
-36
2
-55
-9
-55
16
-14
-18
-30
-22
4
-25
45
-12
-8
52
12
-23
-10
-50
-34
-20
16
100
-89
-65
-59
-61
-9
-33
-65
-23
-45
-10
-69
-36
21
1
-24
2
-19
-39
-36
-48
-28
-41
15
-43
-41
-41
-1
-37
-52
-31
-10
-1
-47
9
-34
-3
-36
-29
-10
-54
6
13
-21
-18
-34
18
10
-26
-4
8
-45
-13
-29
47
-53
-22
-3
-25
-33
-63
-1
8
45
-15
-10
-17
-44
-19
-35
-23
-40
3
22
4
-15
-42
39
-4
-34
-5
-37
-16
-13
-39
-52
-81
-52
-40
-41
-39
-11
23
-46
-47
-84
-8
7
-26
-3
-41
37
-21
49
-44
29
-28
-92
-41
36
5
-21
-75
-61
15
12
-33
-15
60
-17
-28
-12
-7
-37
-24
-10
-67
-33
-65
-19
95
7
-62
-73
25
-10
-30
11
-3
-4
6
-53
-38
-42
-10
-33
47
13
-34
-24
-54
-21
-19
-15
-38
-23
-18
53
-53
-20
-55
21
3
14
-28
-7
-22
-23
-59
-41
13
-55
-17
-57
13
-14
-10
-32
-24
6
-39
44
-2
-11
54
8
-18
-13
-49
-27
-21
15
99
-87
-63
-62
-62
-8
-32
-51
-22
-46
-8
-67
-30
20
-4
-21
-5
-22
-39
-37
-49
-24
-40
20
-43
-43
-37
-10
-29
-46
-34
-7
-3
-39
9
-43
3
-41
-30
-3
-53
9
14
-17
-20
-29
21
16
-28
-12
-8
-49
-11
-21
41
-65
-22
-6
-28
-23
-73
2
11
47
-16
-16
-13
-46
-18
-33
-18
-39
7
17
6
-20
-38
45
-4
-28
-3
-41
-19
-18
-37
-59
-89
-44
-38
-47
-35
-13
20
-41
-40
-87
-4
10
-41
-2
-41
41
-23
51
-42
26
-22
-92
-54
36
4
-24
-77
-65
22
5
-32
-20
59
-11
-26
-26
-1
-15
-19
-13
-72
-30
-51
-37
87
14
-74
-59
4
-29
-20
-3
-23
-16
6
-34
-53
-61
2
-41
40
-5
-23
-35
-53
-25
10
-19
-28
-16
-27
61
-36
-31
-67
-9
0
7
-59
-10
-25
-11
-61
-45
-10
-77
-10
-62
1
-20
-17
-62
-7
-9
-36
41
31
-28
-3
21
-8
-23
-54
-35
-14
12
87
-72
-31
-7
-51
-5
-23
-38
-7
-34
-5
-55
-32
20
4
6
18
-10
-13
-34
-44
-30
-29
24
-36
-41
-38
0
-18
-27
-23
-26
1
-28
16
-59
11
-44
-7
7
-52
-4
1
-44
-8
-47
31
25
-37
-20
-32
-28
-30
-17
41
-36
10
0
-35
-46
-64
15
7
24
-19
-2
-18
-55
-15
-19
-25
-49
15
25
-18
-25
-46
46
0
-23
-8
-33
-30
6
-49
-37
-84
-48
-40
-31
-24
-9
12
-40
-40
-87
-47
18
-56
13
-62
20
-15
55
-52
39
-44
-91
-79
23
-11
-34
-58
-71
28
10
-32
-20
22
1
-23
-26
9
-15
-15
5
-79
-18
-59
-40
97
10
-78
-54
7
-31
-23
-13
-22
-32
3
-28
-52
-63
-15
-35
38
-16
-19
-33
-54
-25
7
-30
-23
-19
-31
60
-32
-21
-58
-20
-2
6
-65
-15
-20
-19
-59
-46
-4
-97
-9
-67
5
-21
-20
-57
-9
1
-51
42
33
-20
-5
15
-19
-20
-52
-26
-17
5
93
-71
-33
3
-55
6
-22
-51
-8
-32
11
-60
-30
16
3
10
9
-8
-7
-51
-46
-35
-35
15
-44
-43
-34
-1
-19
-34
-35
-26
8
-32
11
-61
16
-50
-19
-3
-47
0
5
-46
-15
-47
30
23
-40
-20
-23
-23
-26
-22
30
-38
10
-2
-26
-49
-51
10
-9
20
-29
-10
-10
-59
-28
-9
-33
-63
22
22
-15
-26
-39
49
1
-28
-17
-35
-25
-2
-46
-50
-88
-45
-38
-40
-24
0
9
-40
-40
-82
-53
16
-74
15
-55
16
-14
58
-61
21
-47
-85
-80
26
-20
-33
-58
-67
28
8
-31
-20
29
-2
-17
-15
-4
-31
-29
-11
-70
-30
-64
-19
89
6
-66
-74
23
-10
-31
12
-4
-6
8
-50
-35
-43
-5
-31
45
14
-38
-23
-55
-19
-22
-20
-38
-20
-23
47
-54
-16
-59
27
4
14
-30
-4
-24
-29
-63
-43
11
-60
-20
-53
23
-13
-8
-39
-27
1
-42
44
-8
-9
55
7
-19
-11
-50
-27
-22
11
99
-88
-64
-66
-55
-4
-37
-48
-19
-44
1
-65
-26
27
-5
-25
-3
-19
-42
-39
-47
-25
-42
22
-43
-48
-40
-2
-34
-48
-36
-4
-4
-46
4
-43
5
-43
-36
-3
-58
10
10
-25
-23
-30
14
13
-27
-12
1
-47
-9
-28
44
-65
-22
-6
-22
-21
-70
3
12
44
-19
-18
-12
-39
-18
-36
-17
-38
8
17
3
-14
-39
45
-4
-29
-10
-44
-17
-16
-40
-58
-89
-40
-41
-49
-42
-13
23
-36
-43
-91
-3
11
-40
-9
-39
37
-19
48
-45
26
-23
-91
-59
41
2
-23
-80
-67
24
3
-33
-16
64
-14
-35
-12
-2
-28
-25
-10
-69
-30
-69
-21
89
6
-65
-69
25
-13
-26
10
-3
-17
10
-45
-35
-43
-10
-34
47
13
-38
-18
-53
-16
-25
-16
-42
-22
-20
49
-55
-9
-61
27
2
6
-10
-4
-18
-24
-65
-35
5
-65
-11
-55
15
-15
-20
-33
-25
-1
-22
47
-13
-5
51
14
-19
-10
-49
-32
-18
18
104
-87
-62
-60
-58
-3
-40
-65
-22
-41
-3
-69
-34
16
3
-24
-2
-17
-41
-41
-46
-25
-43
13
-44
-42
-41
-7
-39
-53
-39
-11
-4
-46
8
-36
2
-36
-32
-10
-54
7
10
-20
-20
-33
15
10
-26
-8
8
-49
-14
-29
44
-56
-21
-4
-23
-30
-62
-2
11
43
-19
-11
-19
-42
-21
-37
-21
-39
6
23
0
-13
-41
37
-5
-37
-9
-40
-15
-15
-42
-52
-85
-52
-41
-45
-38
-7
19
-43
-48
-84
-6
7
-28
-6
-38
33
-19
48
-41
31
-33
-91
-45
37
0
-21
-74
-60
17
13
-30
-19
56
-20
-29
-13
-1
-29
-28
-10
-72
-26
-63
-22
87
5
-64
-68
27
-11
-27
7
-2
-18
7
-44
-37
-39
-9
-35
48
12
-33
-18
-52
-17
-28
-17
-36
-24
-20
50
-57
-6
-64
26
4
5
-6
-4
-18
-26
-69
-35
5
-64
-5
-52
18
-15
-17
-32
-24
2
-28
46
-12
-6
59
12
-21
-10
-48
-31
-17
17
107
-88
-60
-60
-58
-2
-36
-69
-22
-39
-3
-69
-34
16
3
-23
-2
-23
-39
-40
-48
-23
-45
15
-45
-42
-44
-7
-40
-54
-37
-10
2
-47
6
-34
0
-34
-35
-13
-55
7
12
-20
-20
-34
16
9
-26
-6
10
-45
-9
-26
48
-58
-22
-1
-23
-33
-66
-3
12
45
-15
-8
-20
-38
-20
-35
-21
-40
5
22
1
-11
-41
36
-7
-36
-13
-39
-15
-14
-41
-52
-82
-52
-42
-42
-39
-9
21
-42
-45
-84
-7
9
-24
-5
-39
35
-17
50
-42
30
-31
-95
-47
40
-2
-18
-75
-60
15
13
-27
-16
58
-20
-28
-14
0
-31
-26
-9
-70
-28
-64
-21
87
6
-64
-69
23
-11
-28
9
2
-15
10
-46
-37
-42
-7
-34
48
12
-32
-18
-55
-17
-26
-16
-41
-26
-18
48
-58
-14
-63
27
2
8
-11
-5
-16
-26
-65
-38
5
-59
-7
-53
17
-12
-18
-33
-25
0
-23
44
-12
-6
55
10
-18
-13
-47
-29
-18
16
102
-87
-60
-60
-58
-2
-36
-64
-22
-39
-6
-69
-32
20
3
-24
-2
-18
-41
-41
-46
-25
-46
13
-45
-44
-42
-9
-38
-52
-34
-9
-2
-47
8
-34
1
-36
-33
-11
-55
6
12
-20
-23
-33
17
9
-26
-9
7
-49
-10
-27
45
-58
-21
-6
-23
-27
-67
0
11
44
-18
-12
-18
-40
-23
-36
-21
-38
8
21
2
-14
-39
35
-3
-35
-8
-39
-14
-18
-39
-55
-84
-52
-40
-43
-38
-11
24
-41
-45
-85
-6
11
-30
-3
-40
33
-19
49
-42
33
-28
-91
-46
38
3
-19
-79
-61
17
12
-28
-16
56
-19
-26
-11
-5
-32
-25
-17
-66
-31
-66
-20
93
6
-65
-72
30
-7
-30
6
-4
-3
7
-52
-41
-46
-9
-33
46
13
-36
-24
-54
-21
-16
-16
-34
-21
-16
48
-52
-17
-57
25
2
17
-28
-11
-22
-27
-59
-41
13
-60
-16
-57
20
-12
-10
-38
-26
6
-33
44
-5
-10
60
10
-14
-11
-42
-30
-22
17
101
-86
-63
-69
-59
-7
-37
-51
-24
-42
-6
-68
-33
22
-7
-25
-3
-18
-44
-38
-45
-20
-44
20
-45
-42
-39
-10
-32
-47
-37
-8
-2
-41
9
-46
7
-42
-33
-2
-52
10
17
-20
-20
-31
20
17
-25
-15
-6
-52
-13
-21
42
-73
-19
-2
-26
-18
-75
3
12
45
-18
-15
-17
-42
-24
-33
-19
-39
9
19
5
-19
-40
42
0
-26
-5
-42
-17
-20
-38
-66
-91
-44
-42
-48
-37
-14
22
-38
-43
-93
-3
10
-43
-2
-40
39
-24
49
-45
26
-20
-93
-61
37
-2
-19
-80
-66
21
4
-35
-18
62
-13
-25
-28
3
-12
-21
-11
-70
-29
-53
-37
87
13
-72
-60
3
-28
-20
-7
-23
-18
7
-33
-55
-63
1
-37
38
-8
-27
-34
-52
-25
13
-19
-26
-16
-27
58
-37
-27
-69
-7
1
7
-59
-10
-26
-13
-62
-43
-10
-81
-7
-64
4
-23
-14
-62
-12
-7
-31
41
22
-28
-1
22
-7
-24
-45
-35
-13
14
88
-69
-31
-7
-50
-3
-25
-40
-9
-35
-4
-53
-33
22
3
0
17
-9
-15
-33
-39
-30
-34
22
-35
-43
-36
-1
-17
-29
-26
-27
-2
-29
17
-64
15
-44
-13
2
-53
-1
-1
-43
-7
-48
32
25
-39
-23
-31
-30
-25
-18
40
-36
12
-1
-30
-45
-56
14
9
19
-23
-4
-26
-52
-18
-22
-28
-49
16
23
-19
-28
-48
44
3
-25
-6
-34
-30
5
-49
-41
-85
-53
-44
-37
-25
-9
10
-41
-42
-90
-43
21
-57
12
-59
22
-14
55
-53
40
-43
-89
-79
25
-12
-28
-58
-68
27
9
-35
-24
24
1
-23
-29
9
-12
-13
0
-74
-18
-57
-37
95
9
-76
-52
1
-28
-24
-13
-22
-31
6
-28
-54
-64
-5
-36
39
-21
-16
-33
-55
-26
10
-27
-22
-18
-27
56
-30
-23
-56
-21
-3
6
-69
-13
-20
-22
-61
-44
-2
-95
-7
-67
8
-22
-18
-59
-10
-2
-48
45
27
-18
-5
16
-17
-22
-46
-19
-15
8
94
-75
-32
3
-53
2
-13
-50
-7
-28
12
-59
-28
13
0
5
12
-7
-9
-49
-44
-30
-37
15
-45
-42
-34
-5
-19
-34
-32
-23
11
-33
12
-58
24
-52
-21
-1
-48
0
-5
-50
-15
-48
30
28
-41
-19
-24
-27
-30
-22
31
-42
8
-4
-21
-49
-46
10
-10
20
-32
-5
-13
-58
-25
-9
-33
-61
28
27
-16
-26
-36
46
-1
-31
-17
-32
-29
-3
-45
-51
-91
-44
-39
-39
-19
-1
12
-34
-42
-86
-53
15
-75
13
-50
13
-19
58
-63
24
-46
-86
-81
29
-22
-29
-56
-70
33
12
-24
-15
31
0
-21
-19
-2
-27
-28
-18
-67
-29
-60
-19
88
11
-64
-74
24
-10
-32
7
-5
-4
7
-47
-39
-43
0
-30
44
12
-39
-26
-54
-26
-23
-18
-35
-17
-18
45
-56
-13
-60
30
3
10
-35
-4
-20
-35
-60
-43
13
-64
-18
-54
28
-18
-9
-39
-28
-1
-37
45
-9
-7
51
8
-18
-10
-43
-25
-22
12
103
-96
-63
-70
-52
-4
-28
-53
-19
-39
5
-65
-22
24
-7
-27
-3
-22
-42
-34
-43
-22
-45
21
-41
-47
-36
-7
-34
-48
-35
-4
-3
-43
7
-39
7
-44
-34
0
-53
14
6
-27
-22
-31
12
13
-28
-14
0
-46
-8
-24
44
-64
-22
-8
-22
-21
-66
1
11
43
-19
-18
-15
-42
-18
-37
-17
-40
11
19
1
-13
-39
42
-5
-37
-17
-45
-18
-16
-38
-56
-90
-44
-39
-49
-37
-14
26
-33
-42
-95
-5
12
-39
-7
-33
36
-20
51
-49
23
-25
-92
-56
41
-3
-18
-84
-64
24
4
-25
-16
67
-14
-34
-21
0
-23
-28
-12
-71
-27
-61
-20
86
11
-63
-68
27
-10
-27
5
-5
-20
8
-44
-39
-39
-5
-29
47
7
-32
-19
-53
-21
-27
-15
-41
-22
-17
46
-57
-7
-62
25
5
3
-16
-4
-17
-31
-65
-36
6
-71
-7
-54
16
-18
-18
-36
-19
-6
-20
44
-16
-4
43
11
-18
-11
-39
-27
-17
16
103
-89
-61
-55
-54
-6
-29
-66
-20
-36
2
-69
-32
18
2
-24
-5
-21
-40
-40
-45
-23
-45
16
-40
-43
-42
-9
-38
-50
-34
-6
-2
-47
12
-34
2
-35
-34
-11
-56
11
5
-25
-21
-32
14
7
-29
-13
6
-45
-11
-26
46
-56
-21
-5
-22
-32
-56
-4
8
41
-19
-11
-20
-42
-16
-41
-19
-40
10
22
-6
-13
-40
34
-8
-41
-13
-39
-17
-13
-41
-49
-81
-51
-39
-43
-35
-9
23
-40
-47
-90
-6
11
-30
-4
-36
26
-18
48
-47
26
-28
-91
-42
37
-1
-17
-73
-60
14
17
-23
-19
59
-20
-31
-15
-4
-25
-28
-17
-69
-24
-64
-21
87
9
-64
-73
23
-12
-28
7
1
-13
9
-45
-39
-41
-5
-32
47
10
-36
-20
-53
-21
-26
-12
-37
-22
-16
46
-58
-2
-58
29
4
6
-12
-6
-18
-30
-66
-35
8
-70
-6
-55
20
-14
-19
-34
-22
-4
-22
46
-13
-2
57
12
-19
-11
-41
-32
-15
21
105
-88
-65
-64
-58
-7
-31
-68
-20
-36
2
-70
-33
18
4
-24
-4
-21
-39
-38
-46
-19
-46
15
-42
-44
-42
-9
-39
-56
-33
-12
0
-46
10
-30
2
-35
-36
-8
-58
6
9
-24
-19
-32
15
9
-29
-14
14
-42
-8
-22
48
-60
-24
-4
-22
-28
-59
-5
11
41
-18
-6
-20
-38
-17
-40
-18
-39
8
29
-3
-16
-41
34
-6
-42
-15
-40
-16
-13
-38
-47
-81
-54
-41
-41
-38
-14
27
-40
-46
-86
-8
10
-28
-5
-37
35
-16
52
-48
27
-25
-94
-42
38
-3
-13
-75
-61
18
16
-24
-20
60
-22
-30
-16
0
-25
-24
-18
-70
-24
-64
-20
89
12
-64
-69
23
-15
-25
8
2
-17
10
-39
-41
-45
0
-30
45
5
-33
-20
-53
-25
-26
-13
-41
-23
-17
45
-59
-10
-60
28
3
5
-18
-5
-16
-30
-67
-35
7
-68
-4
-56
19
-20
-19
-32
-23
-4
-21
45
-11
-3
47
13
-18
-14
-40
-27
-18
11
101
-88
-61
-59
-54
-5
-25
-64
-20
-38
3
-72
-35
18
1
-23
-3
-16
-42
-43
-42
-23
-46
16
-43
-44
-42
-10
-39
-54
-35
-6
-2
-43
10
-31
2
-37
-35
-9
-58
8
3
-25
-21
-32
15
10
-29
-11
7
-46
-9
-24
47
-55
-25
-5
-18
-29
-56
-6
11
38
-18
-11
-19
-39
-17
-38
-21
-35
11
24
-1
-16
-40
34
-7
-42
-13
-39
-16
-16
-38
-53
-82
-48
-38
-45
-39
-8
29
-38
-47
-88
-11
14
-27
-7
-36
26
-20
50
-48
31
-30
-92
-42
37
0
-12
-74
-62
17
16
-22
-19
62
-21
-29
-11
-4
-26
-27
-18
-62
-30
-66
-18
94
11
-60
-74
25
-13
-28
9
-4
-3
11
-49
-41
-47
-2
-27
45
7
-39
-24
-53
-25
-18
-12
-38
-21
-15
45
-51
-13
-57
29
1
15
-31
-13
-20
-27
-60
-38
16
-64
-15
-57
20
-14
-11
-36
-27
1
-33
43
-6
-8
55
13
-15
-14
-38
-26
-18
14
100
-89
-62
-73
-56
-3
-29
-53
-22
-42
-2
-67
-28
21
-8
-25
-4
-18
-41
-40
-44
-20
-45
16
-42
-44
-34
-11
-34
-49
-36
-7
0
-39
12
-44
9
-43
-35
-2
-53
8
8
-20
-20
-29
17
16
-30
-15
-4
-48
-7
-18
42
-73
-22
-3
-23
-18
-66
2
12
41
-19
-12
-18
-44
-19
-38
-19
-41
14
18
3
-22
-41
41
-3
-36
-11
-44
-19
-19
-34
-62
-92
-44
-38
-46
-39
-15
28
-37
-43
-94
-4
17
-40
-4
-37
35
-22
48
-48
24
-18
-91
-58
38
-3
-14
-79
-63
22
7
-26
-20
66
-12
-25
-28
1
-7
-22
-16
-67
-26
-51
-35
87
15
-72
-57
2
-27
-24
-4
-30
-18
5
-33
-53
-62
3
-37
36
-12
-22
-35
-52
-30
9
-17
-26
-14
-23
59
-38
-22
-70
-8
-4
4
-60
-10
-22
-16
-63
-43
-8
-83
-7
-65
7
-25
-14
-64
-12
-11
-35
41
25
-23
-6
17
-4
-24
-41
-32
-13
11
87
-71
-31
-11
-51
-2
-21
-39
-7
-28
-2
-54
-22
20
4
0
13
-11
-16
-32
-39
-28
-35
20
-34
-43
-36
-7
-20
-29
-24
-30
-1
-31
19
-59
21
-43
-17
4
-56
2
-4
-45
-8
-48
30
28
-39
-20
-32
-32
-28
-18
39
-36
5
0
-29
-44
-54
11
6
22
-20
-6
-24
-54
-15
-23
-25
-51
16
30
-21
-24
-45
40
1
-30
-6
-36
-29
6
-48
-40
-85
-50
-42
-37
-23
-8
12
-35
-40
-96
-43
19
-51
13
-56
15
-15
56
-55
36
-39
-91
-79
25
-18
-28
-58
-69
28
12
-22
-22
23
1
-25
-25
8
-5
-13
-7
-69
-19
-48
-31
104
16
-71
-57
-8
-25
-31
-17
-25
-30
5
-27
-54
-66
2
-31
31
-29
-21
-35
-46
-35
7
-19
-28
-20
-21
56
-40
-8
-55
-16
1
12
-68
-16
-21
-26
-53
-39
6
-92
-4
-70
6
-16
-15
-53
-10
-5
-50
44
32
-10
6
15
-9
-29
-41
-10
-15
13
96
-71
-35
-10
-59
3
-10
-51
-9
-25
16
-64
-20
11
-4
7
1
-14
-16
-37
-44
-32
-45
7
-37
-43
-32
-14
-14
-42
-32
-22
11
-26
11
-45
31
-64
-25
9
-43
-2
1
-53
-16
-44
25
31
-45
-19
-19
-29
-26
-16
38
-48
8
-10
-22
-39
-39
1
1
14
-28
5
-18
-62
-15
-15
-33
-56
32
27
-15
-28
-38
44
-9
-49
-26
-37
-33
-1
-41
-45
-90
-49
-37
-41
-19
-1
21
-26
-35
-88
-46
19
-78
15
-53
15
-20
56
-67
22
-31
-91
-82
28
-29
-29
-64
-73
30
14
-19
-18
41
-1
-23
-20
-2
-19
-31
-28
-59
-18
-50
-15
101
7
-61
-72
22
0
-30
-1
-5
-4
2
-49
-45
-36
3
-26
39
-1
-44
-27
-51
-32
-21
-9
-38
-10
-14
46
-59
1
-52
35
-1
14
-33
-12
-17
-29
-53
-38
15
-67
-14
-54
21
-13
-11
-35
-27
-2
-44
43
-12
0
64
2
-11
-19
-35
-21
-21
23
103
-88
-71
-78
-51
0
-31
-48
-16
-36
6
-64
-20
24
-6
-20
-14
-35
-44
-23
-50
-21
-48
20
-41
-53
-35
-25
-32
-57
-34
-7
3
-32
3
-34
18
-51
-32
5
-45
8
18
-33
-30
-24
8
7
-32
-16
10
-43
-5
-16
48
-83
-27
-7
-23
-8
-54
-8
13
32
-18
-5
-17
-42
-13
-34
-17
-39
23
25
9
-17
-44
44
-2
-49
-31
-49
-21
-13
-41
-52
-91
-44
-37
-46
-32
-15
35
-23
-43
-91
-11
23
-52
2
-40
40
-23
49
-59
20
-9
-95
-59
38
-11
-11
-90
-70
21
6
-22
-16
75
-14
-34
-27
0
-17
-27
-23
-59
-17
-53
-15
96
11
-62
-69
21
-1
-29
-1
0
-15
4
-43
-44
-35
-5
-26
43
2
-39
-27
-53
-35
-26
-4
-35
-13
-8
41
-63
2
-50
36
5
8
-19
-11
-10
-25
-57
-30
12
-69
-6
-50
15
-9
-15
-28
-21
-7
-32
42
-11
0
59
3
-15
-16
-32
-19
-17
19
104
-87
-72
-66
-52
-2
-33
-68
-14
-38
3
-68
-24
18
8
-21
-10
-36
-41
-31
-49
-24
-50
12
-43
-47
-38
-24
-34
-59
-31
-6
-2
-34
8
-29
13
-46
-29
-3
-45
0
17
-28
-24
-24
15
7
-34
-12
16
-41
-9
-17
49
-73
-28
-3
-23
-17
-48
-10
14
32
-16
3
-17
-42
-16
-39
-19
-39
19
25
4
-14
-41
39
-7
-46
-28
-39
-18
-10
-41
-51
-86
-48
-40
-40
-32
-10
28
-29
-52
-85
-14
16
-45
-3
-36
35
-19
50
-59
30
-16
-95
-44
32
-8
-11
-79
-66
17
16
-17
-19
68
-21
-26
-22
0
-15
-26
-24
-57
-17
-56
-16
94
8
-60
-70
22
2
-29
1
3
-11
1
-48
-44
-34
-4
-25
42
3
-42
-25
-54
-32
-25
-5
-34
-14
-9
45
-63
5
-56
37
6
6
-14
-10
-15
-26
-56
-27
9
-68
-4
-49
17
-6
-12
-28
-20
-4
-35
44
-12
-3
70
3
-14
-21
-30
-24
-13
24
108
-87
-72
-71
-54
-6
-33
-65
-14
-39
-1
-68
-27
20
9
-21
-11
-34
-43
-29
-47
-21
-52
15
-42
-48
-40
-20
-35
-62
-32
-12
0
-40
7
-29
16
-47
-30
-1
-46
-2
15
-29
-22
-27
12
6
-34
-17
19
-39
-8
-13
50
-77
-26
-3
-20
-19
-53
-10
13
34
-14
3
-20
-38
-16
-39
-16
-39
17
30
8
-17
-43
41
-9
-46
-28
-38
-19
-13
-45
-48
-86
-49
-39
-41
-35
-14
29
-31
-48
-84
-15
16
-44
0
-36
39
-24
50
-61
30
-9
-94
-50
35
-9
-7
-82
-69
16
11
-17
-18
70
-21
-29
-20
-3
-15
-25
-26
-57
-17
-56
-17
98
5
-60
-71
18
-2
-29
1
4
-12
4
-46
-45
-38
-2
-28
42
4
-41
-25
-50
-35
-22
-4
-35
-11
-9
43
-63
3
-55
33
6
8
-16
-10
-15
-27
-57
-28
13
-65
-7
-51
15
-11
-10
-25
-23
-8
-30
44
-9
-2
64
1
-13
-20
-32
-20
-17
20
106
-86
-69
-72
-52
-3
-33
-66
-15
-42
3
-68
-25
21
7
-22
-10
-33
-43
-32
-44
-22
-52
14
-45
-49
-36
-25
-33
-59
-35
-8
2
-33
8
-29
14
-48
-30
2
-47
-2
16
-29
-22
-26
13
7
-35
-14
16
-39
-7
-19
49
-72
-27
-4
-21
-17
-52
-11
16
33
-14
7
-18
-38
-15
-42
-21
-38
19
28
9
-18
-42
41
-8
-47
-27
-39
-19
-12
-41
-53
-84
-49
-39
-41
-33
-15
30
-27
-50
-86
-14
16
-41
-3
-37
36
-22
50
-60
30
-13
-95
-51
32
-8
-8
-80
-67
18
13
-18
-19
71
-21
-27
-17
-4
-22
-24
-27
-62
-22
-55
-17
106
6
-59
-69
17
-3
-29
0
-8
-9
2
-50
-46
-43
0
-28
39
-2
-40
-28
-50
-36
-18
-4
-37
-13
-11
48
-59
-3
-54
35
-1
11
-29
-12
-18
-29
-55
-38
18
-64
-11
-50
14
-11
-7
-35
-24
-4
-41
44
-5
0
56
5
-10
-18
-28
-16
-21
21
102
-84
-62
-74
-55
-1
-27
-54
-18
-41
2
-66
-22
20
-5
-18
-10
-28
-43
-31
-50
-19
-49
14
-40
-49
-33
-26
-31
-51
-36
-10
4
-28
10
-36
16
-50
-35
1
-46
6
15
-28
-27
-27
16
12
-41
-21
5
-43
-8
-12
48
-79
-24
0
-24
-11
-56
-6
11
32
-16
0
-19
-43
-17
-33
-22
-43
22
25
5
-18
-46
39
-1
-46
-26
-47
-18
-12
-36
-58
-92
-46
-44
-44
-34
-13
32
-21
-50
-92
-13
21
-50
1
-36
38
-23
49
-60
22
-11
-93
-56
34
-10
-9
-85
-70
22
12
-19
-18
68
-14
-27
-28
-1
-1
-18
-26
-63
-26
-45
-32
96
13
-65
-58
-5
-28
-28
-16
-24
-17
7
-31
-56
-60
11
-32
33
-20
-27
-35
-46
-39
8
-6
-28
-12
-21
61
-43
-13
-65
-3
-4
6
-63
-13
-26
-17
-58
-41
-1
-79
-9
-61
3
-18
-7
-61
-12
-15
-39
43
24
-20
7
12
1
-26
-38
-20
-15
17
88
-66
-34
-21
-54
-3
-16
-43
-6
-26
3
-58
-16
20
3
5
8
-14
-22
-24
-43
-25
-45
11
-34
-43
-35
-11
-17
-34
-24
-33
2
-25
25
-47
25
-49
-20
11
-53
0
4
-43
-13
-40
33
25
-44
-26
-19
-30
-21
-10
47
-53
11
-1
-29
-35
-52
8
8
16
-18
3
-28
-54
-13
-24
-28
-52
26
29
-21
-30
-48
38
-2
-38
-19
-40
-32
5
-47
-38
-84
-56
-42
-40
-24
-10
19
-26
-41
-92
-43
18
-61
17
-56
19
-15
57
-64
30
-26
-85
-80
27
-19
-25
-62
-72
27
18
-18
-22
31
3
-23
-18
-1
-12
-21
-2
-100
-4
-29
-34
125
27
-95
-54
-49
-45
-19
1
-34
-40
9
-12
-77
-76
-5
-5
25
-60
-2
-50
-50
-21
23
-9
-31
-31
-56
34
-45
-2
-67
-59
3
1
-74
-18
24
8
-36
-33
-56
-121
32
-71
-20
-23
-13
-69
20
-21
-40
57
39
-23
-67
16
23
-51
-33
4
-5
13
64
-77
-32
58
-54
11
8
-36
4
-27
-7
-53
-12
-11
1
44
11
-2
-4
-38
-50
-34
-34
11
30
-62
-40
-34
-6
-48
16
-24
33
-25
44
-42
-2
-48
-12
12
-35
11
-13
-76
-19
-46
38
31
-67
-37
4
-28
-20
-19
46
-23
50
-26
-29
-83
-5
12
-8
-9
-28
40
-15
-71
-20
-5
-34
-44
44
41
-34
-39
-56
40
-6
-58
-37
-6
-21
33
-43
-33
-77
-67
-39
-23
-9
-7
18
5
-43
-82
-72
16
-67
8
-69
7
-21
68
-78
43
-24
-101
-63
3
-3
-46
-31
-67
35
23
-31
-20
21
-4
-20
-6
-7
-18
-38
-28
-78
-19
-38
-20
109
9
-82
-70
-19
-9
-16
14
-30
-9
-2
-31
-53
-48
-4
-2
33
-11
-40
-45
-55
-22
8
-11
-44
-18
-29
20
-58
8
-49
3
3
0
-51
-19
10
-4
-40
-34
-22
-92
21
-59
2
-13
-20
-46
-6
-8
-27
62
14
-7
-6
9
11
-41
-35
6
-14
26
72
-94
-59
-17
-44
-9
-15
-55
1
-40
-13
-50
-14
9
-8
1
7
-31
-39
-26
-40
-25
-28
1
-1
-68
-36
-14
-19
-66
-1
-12
17
-29
18
-40
4
-41
-1
5
-38
8
0
-64
-18
-39
23
15
-59
-32
15
-22
-21
-20
53
-52
7
-6
-30
-35
-10
-6
2
15
-17
38
-9
-45
-11
-21
-15
-31
19
33
3
-25
-54
48
-7
-25
-36
-9
-31
9
-58
-52
-75
-50
-51
-22
-25
-19
27
1
-48
-90
-42
15
-46
-3
-55
29
-24
48
-61
49
4
-97
-50
21
-2
-24
-57
-72
19
0
-29
-17
35
-21
-27
-12
-9
-16
-31
-28
-78
-12
-37
-18
106
15
-76
-63
-20
-10
-13
13
-25
-12
-3
-29
-58
-47
-8
0
33
-13
-33
-43
-55
-20
1
-16
-40
-16
-25
20
-62
4
-47
0
0
0
-43
-16
13
-11
-40
-26
-28
-92
28
-55
2
-17
-21
-39
-1
-11
-21
62
12
-4
-14
10
8
-38
-34
-7
-11
20
78
-88
-59
-14
-47
-12
-7
-61
7
-42
-22
-53
-17
6
6
-4
6
-27
-30
-29
-41
-29
-31
1
-3
-63
-39
-15
-22
-68
-4
-13
13
-34
16
-40
1
-44
3
-4
-38
8
2
-53
-16
-33
24
12
-57
-29
11
-24
-20
-23
51
-40
2
-6
-25
-46
-9
-4
6
13
-19
32
-7
-40
-14
-23
-13
-24
22
37
0
-18
-52
49
-8
-21
-32
-9
-33
10
-59
-47
-72
-51
-47
-21
-28
-18
23
-7
-50
-77
-45
6
-45
-9
-53
27
-23
50
-64
49
-3
-94
-42
16
0
-22
-55
-71
11
2
-26
-15
32
-21
-27
-8
-10
-17
-28
-27
-80
-13
-38
-19
105
9
-75
-64
-21
-9
-14
10
-24
-17
-4
-29
-56
-45
-10
-1
31
-14
-33
-37
-58
-18
3
-16
-42
-17
-25
19
-62
9
-49
-2
0
0
-38
-17
15
-9
-38
-26
-27
-93
25
-53
2
-16
-20
-42
3
-11
-21
61
13
-6
-14
8
10
-41
-31
-11
-10
20
78
-90
-59
-13
-50
-13
-6
-61
6
-42
-26
-55
-21
6
6
-4
4
-29
-32
-31
-43
-30
-30
0
-4
-62
-37
-14
-23
-69
-6
-10
13
-34
16
-42
-2
-44
-2
-8
-41
8
0
-51
-15
-36
23
9
-59
-33
16
-23
-19
-19
51
-36
5
-5
-27
-49
-8
-1
8
17
-17
31
-6
-40
-15
-23
-12
-27
21
36
-2
-19
-44
49
-9
-21
-33
-7
-34
10
-59
-44
-71
-50
-46
-20
-27
-18
23
-7
-49
-77
-44
5
-42
-9
-53
24
-20
51
-62
50
-2
-97
-41
16
1
-22
-54
-72
11
0
-25
-13
33
-21
-30
-8
-10
-17
-27
-27
-76
-12
-41
-18
106
13
-75
-65
-19
-7
-16
9
-22
-13
-6
-35
-54
-49
-8
1
34
-10
-33
-40
-56
-23
2
-13
-41
-19
-23
20
-61
6
-49
-2
-1
2
-42
-17
13
-14
-37
-29
-27
-88
22
-56
-1
-19
-21
-42
-2
-10
-23
62
12
-6
-8
8
7
-37
-27
-6
-9
22
78
-90
-59
-19
-47
-11
-8
-61
8
-45
-22
-56
-18
9
4
-6
7
-28
-33
-31
-42
-30
-31
1
-4
-65
-41
-14
-22
-66
-5
-15
13
-34
15
-39
0
-42
-1
-4
-40
11
0
-51
-16
-36
25
9
-65
-32
14
-23
-18
-20
52
-43
4
-7
-25
-45
-11
-1
10
11
-18
30
-9
-39
-18
-25
-11
-28
22
37
-3
-20
-47
42
-7
-23
-32
-9
-34
4
-56
-49
-75
-50
-46
-21
-27
-20
21
-9
-50
-80
-41
7
-42
-8
-53
24
-23
51
-59
49
-3
-98
-43
17
0
-24
-54
-71
14
4
-29
-16
36
-21
-27
-2
-10
-19
-33
-29
-79
-19
-39
-24
109
13
-80
-68
-18
-10
-16
9
-27
-4
-3
-33
-60
-53
-6
4
29
-15
-35
-42
-54
-22
2
-9
-43
-15
-32
20
-56
6
-49
3
2
-1
-51
-19
12
-8
-38
-34
-23
-89
17
-58
0
-12
-27
-45
-9
-8
-24
64
14
-8
-6
7
11
-39
-28
4
-18
26
75
-93
-58
-20
-45
-7
-12
-55
5
-47
-17
-51
-15
5
-8
-1
6
-30
-38
-24
-42
-25
-32
0
-1
-69
-35
-18
-16
-60
-3
-15
16
-29
15
-40
2
-40
-1
4
-39
11
-1
-56
-21
-37
27
13
-61
-34
10
-20
-16
-12
51
-53
6
-4
-29
-33
-12
-1
2
16
-17
34
-9
-46
-13
-20
-19
-29
20
34
-3
-25
-52
40
-8
-22
-33
-15
-35
5
-55
-55
-77
-46
-50
-24
-24
-16
23
-2
-49
-86
-40
14
-47
-4
-56
29
-25
51
-59
47
3
-97
-48
16
-2
-23
-62
-70
19
4
-27
-17
37
-18
-21
-17
-3
-5
-25
-17
-89
-14
-26
-40
122
24
-91
-49
-38
-50
-14
9
-32
-16
11
-12
-76
-71
10
6
21
-50
-9
-42
-51
-21
14
-6
-22
-28
-42
35
-47
-1
-64
-45
-1
-12
-71
-15
21
13
-42
-40
-52
-104
20
-72
-26
-29
-22
-74
9
-19
-36
57
29
-23
-39
-3
21
-40
-25
-3
-7
9
66
-85
-29
36
-58
9
-3
-34
10
-35
-8
-48
-4
2
-1
33
9
-7
-10
-29
-53
-30
-41
13
24
-52
-38
-28
-6
-47
13
-27
26
-30
38
-36
-1
-42
-6
13
-40
9
-11
-82
-21
-43
51
35
-67
-40
0
-31
-19
-18
51
-32
42
-19
-34
-74
-11
8
-4
-4
-23
40
-18
-67
-23
-5
-34
-45
37
43
-35
-43
-53
38
-9
-39
-36
-16
-25
33
-42
-41
-75
-64
-45
-26
-12
-6
13
0
-47
-80
-71
13
-59
12
-70
20
-21
64
-71
50
-19
-91
-72
9
-5
-30
-38
-64
28
20
-39
-18
21
2
-20
