Op Type: CONV_2D
Output Tensor: efficientnetv2-b0/block6g_se_reduce/BiasAdd;efficientnetv2-b0/block6h_se_reduce/Conv2D;efficientnetv2-b0/block6g_se_reduce/Conv2D;efficientnetv2-b0/block6g_se_reduce/BiasAdd/ReadVariableOp
Output Scale: 0.03799930959939957
Output Zero Point: -82
Output Shape: [1, 1, 1, 48]

# --- Weights ---
Name: efficientnetv2-b0/block6g_se_reduce/Conv2D
Shape: [48, 1, 1, 1152]
Scale(s): [0.0032103697303682566, 0.0021110461093485355, 0.0019287188770249486, 0.0029888025019317865, 0.0030751419253647327, 0.002509948331862688, 0.0029702214524149895, 0.0021189646795392036, 0.0020237076096236706, 0.0025278590619564056, 0.00243669212795794, 0.002878667088225484, 0.003185844048857689, 0.0017569049960002303, 0.003000299446284771, 0.006779849994927645, 0.002625424414873123, 0.005280635319650173, 0.0036233016289770603, 0.0029625033494085073, 0.0025674160569906235, 0.0035724565386772156, 0.0018871792126446962, 0.002098358003422618, 0.0032826426904648542, 0.002538752043619752, 0.001849892782047391, 0.0022987076081335545, 0.002583692781627178, 0.0036544655449688435, 0.002434635069221258, 0.003034289926290512, 0.003504236927255988, 0.0029328539967536926, 0.001724031986668706, 0.002994783688336611, 0.002465095603838563, 0.0026138185057789087, 0.0019970666617155075, 0.0034858672879636288, 0.003485131310299039, 0.002663356950506568, 0.002101367572322488, 0.0038513115141540766, 0.0018282008823007345, 0.001934668980538845, 0.0024272846058011055, 0.0022786215413361788]
Zero Point(s): [0, 0, 0, 0, 0, 0, 0, 0, 0, 0, 0, 0, 0, 0, 0, 0, 0, 0, 0, 0, 0, 0, 0, 0, 0, 0, 0, 0, 0, 0, 0, 0, 0, 0, 0, 0, 0, 0, 0, 0, 0, 0, 0, 0, 0, 0, 0, 0]
Axis: 0

# --- Bias ---
Name: efficientnetv2-b0/block6g_se_reduce/BiasAdd/ReadVariableOp
Shape: [48]
Scale(s): [6.742143159499392e-05, 4.433437788975425e-05, 4.050529969390482e-05, 6.276826752582565e-05, 6.458149437094107e-05, 5.2711780881509185e-05, 6.237804336706176e-05, 4.450067717698403e-05, 4.250017082085833e-05, 5.3087926062289625e-05, 5.117331602377817e-05, 6.0455295169958845e-05, 6.690635927952826e-05, 3.689701043185778e-05, 6.300971290329471e-05, 0.00014238458243198693, 5.513690848601982e-05, 0.00011089936742791906, 7.60934708523564e-05, 6.221594958333299e-05, 5.391866943682544e-05, 7.502566586481407e-05, 3.963291601394303e-05, 4.406791413202882e-05, 6.893924728501588e-05, 5.3316689445637167e-05, 3.8849859265610576e-05, 4.8275484004989266e-05, 5.4260497563518584e-05, 7.674795051570982e-05, 5.1130115025443956e-05, 6.372354982886463e-05, 7.359297887887806e-05, 6.159328040666878e-05, 3.62066384695936e-05, 6.289387965807691e-05, 5.176982085686177e-05, 5.489317118190229e-05, 4.194067878415808e-05, 7.320719305425882e-05, 7.31917389202863e-05, 5.593353489530273e-05, 4.413111673784442e-05, 8.088193862931803e-05, 3.839430428342894e-05, 4.06302569899708e-05, 5.097574830870144e-05, 4.785365308634937e-05]
Zero Point(s): [0, 0, 0, 0, 0, 0, 0, 0, 0, 0, 0, 0, 0, 0, 0, 0, 0, 0, 0, 0, 0, 0, 0, 0, 0, 0, 0, 0, 0, 0, 0, 0, 0, 0, 0, 0, 0, 0, 0, 0, 0, 0, 0, 0, 0, 0, 0, 0]

# --- Shapes summary ---
IFM0 Shape: [1, 1, 1, 1152]
IFM1/Weights Shape: [48, 1, 1, 1152]
Bias Shape: [48]
OFM Shape: [1, 1, 1, 48]
