Op Type: CONV_2D
Output Tensor: efficientnetv2-b0/block6h_project_bn/FusedBatchNormV3;efficientnetv2-b0/block6h_project_conv/Conv2D
Output Scale: 0.022480005398392677
Output Zero Point: -18
Output Shape: [1, 7, 7, 192]

# --- Weights ---
Name: efficientnetv2-b0/block6h_project_conv/Conv2D
Shape: [192, 1, 1, 1152]
Scale(s): [0.012432877905666828, 0.012120889499783516, 0.01386160496622324, 0.012774817645549774, 0.012138762511312962, 0.013363471254706383, 0.010124780237674713, 0.010441153310239315, 0.012744753621518612, 0.010685681365430355, 0.011414104141294956, 0.009909428656101227, 0.012236068025231361, 0.013623031787574291, 0.015056638978421688, 0.017896320670843124, 0.014472829177975655, 0.013295292854309082, 0.0150149529799819, 0.012665379792451859, 0.012247338891029358, 0.012387992814183235, 0.012162873521447182, 0.014897937886416912, 0.012822865508496761, 0.012148798443377018, 0.013186662457883358, 0.01711270771920681, 0.010623927228152752, 0.010982771404087543, 0.01229186449199915, 0.010326376184821129, 0.01375417411327362, 0.010581696406006813, 0.011587330140173435, 0.012176945805549622, 0.014612800441682339, 0.013046701438724995, 0.011549160815775394, 0.012304862029850483, 0.014551525004208088, 0.011880521662533283, 0.013075265102088451, 0.01516666542738676, 0.011252296157181263, 0.011692323721945286, 0.010940054431557655, 0.009159407578408718, 0.01152019202709198, 0.015711816027760506, 0.013954617083072662, 0.011645348742604256, 0.014343757182359695, 0.013294246979057789, 0.017107337713241577, 0.011211133562028408, 0.015022460371255875, 0.012846481055021286, 0.012926329858601093, 0.012954232282936573, 0.012811769731342793, 0.01303043868392706, 0.010986125096678734, 0.026212673634290695, 0.01052199024707079, 0.012179462239146233, 0.010227634571492672, 0.013401377014815807, 0.015662401914596558, 0.014066198840737343, 0.013390676118433475, 0.01165768876671791, 0.01403526496142149, 0.012307293713092804, 0.016630208119750023, 0.013468250632286072, 0.011525990441441536, 0.01657632179558277, 0.011813591234385967, 0.014296509325504303, 0.014174068346619606, 0.014836571179330349, 0.012488282285630703, 0.0120310690253973, 0.012768200598657131, 0.01272172573953867, 0.01209226343780756, 0.01137256808578968, 0.013405375182628632, 0.014323162846267223, 0.014522270299494267, 0.011436398141086102, 0.010114389471709728, 0.01437243539839983, 0.012559827417135239, 0.017230883240699768, 0.016948802396655083, 0.015727950260043144, 0.013213740661740303, 0.0179694015532732, 0.012446125969290733, 0.013094708323478699, 0.014239433221518993, 0.013621912337839603, 0.014073643833398819, 0.015012306161224842, 0.011224315501749516, 0.012304265983402729, 0.01293238066136837, 0.013847020454704762, 0.012627782300114632, 0.011531777679920197, 0.014197302050888538, 0.014947778545320034, 0.011799931526184082, 0.012345541268587112, 0.011395727284252644, 0.008945412002503872, 0.009735277853906155, 0.012715084478259087, 0.012212686240673065, 0.015453075990080833, 0.011361684650182724, 0.011064994148910046, 0.012559966184198856, 0.013506527058780193, 0.019989080727100372, 0.01551083941012621, 0.0130413006991148, 0.009680632501840591, 0.012863039039075375, 0.016474712640047073, 0.012029018253087997, 0.01233639195561409, 0.012520532123744488, 0.0127653107047081, 0.011884125880897045, 0.012918228283524513, 0.011646776460111141, 0.01357698068022728, 0.012383765541017056, 0.0097139747813344, 0.011970454826951027, 0.013640460558235645, 0.013010603375732899, 0.014126569963991642, 0.011168356984853745, 0.013123443350195885, 0.011995161883533001, 0.01168887224048376, 0.015288742259144783, 0.012543875724077225, 0.011280573904514313, 0.013421152718365192, 0.013876726850867271, 0.012532324530184269, 0.013205875642597675, 0.009652560576796532, 0.013144233264029026, 0.014398220926523209, 0.012835146859288216, 0.012544646859169006, 0.012724294327199459, 0.013213939033448696, 0.012506839819252491, 0.011941767297685146, 0.012859992682933807, 0.011393185704946518, 0.011299826204776764, 0.017166024073958397, 0.011563233099877834, 0.01331739965826273, 0.011669040657579899, 0.01038592029362917, 0.011822451837360859, 0.01335763931274414, 0.012033666484057903, 0.011886542662978172, 0.01086367666721344, 0.014726752415299416, 0.010269236750900745, 0.015080969780683517, 0.014313285239040852, 0.012444958090782166, 0.0109034338966012, 0.012938715517520905, 0.014971036463975906, 0.011392313055694103, 0.011609694920480251, 0.012640167959034443, 0.013262257911264896, 0.011359869502484798]
Zero Point(s): [0, 0, 0, 0, 0, 0, 0, 0, 0, 0, 0, 0, 0, 0, 0, 0, 0, 0, 0, 0, 0, 0, 0, 0, 0, 0, 0, 0, 0, 0, 0, 0, 0, 0, 0, 0, 0, 0, 0, 0, 0, 0, 0, 0, 0, 0, 0, 0, 0, 0, 0, 0, 0, 0, 0, 0, 0, 0, 0, 0, 0, 0, 0, 0, 0, 0, 0, 0, 0, 0, 0, 0, 0, 0, 0, 0, 0, 0, 0, 0, 0, 0, 0, 0, 0, 0, 0, 0, 0, 0, 0, 0, 0, 0, 0, 0, 0, 0, 0, 0, 0, 0, 0, 0, 0, 0, 0, 0, 0, 0, 0, 0, 0, 0, 0, 0, 0, 0, 0, 0, 0, 0, 0, 0, 0, 0, 0, 0, 0, 0, 0, 0, 0, 0, 0, 0, 0, 0, 0, 0, 0, 0, 0, 0, 0, 0, 0, 0, 0, 0, 0, 0, 0, 0, 0, 0, 0, 0, 0, 0, 0, 0, 0, 0, 0, 0, 0, 0, 0, 0, 0, 0, 0, 0, 0, 0, 0, 0, 0, 0, 0, 0, 0, 0, 0, 0, 0, 0, 0, 0, 0, 0]
Axis: 0

# --- Bias ---
Name: efficientnetv2-b0/block6h_project_bn/FusedBatchNormV3
Shape: [192]
Scale(s): [0.00011259480379521847, 0.0001097693748306483, 0.0001255336683243513, 0.000115691487735603, 0.00010993123578373343, 0.00012102245818823576, 9.169217810267583e-05, 9.45573192439042e-05, 0.00011541922140168026, 9.677182242739946e-05, 0.00010336856939829886, 8.974190859589726e-05, 0.00011081245611421764, 0.00012337308726273477, 0.00013635614595841616, 0.00016207291628234088, 0.00013106904225423932, 0.00012040502042509615, 0.00013597862562164664, 0.00011470039316918701, 0.0001109145232476294, 0.00011218831787118688, 0.00011014958727173507, 0.00013491891149897128, 0.00011612661910476163, 0.00011002211977029219, 0.00011942123819608241, 0.00015497634012717754, 9.621256322134286e-05, 9.946233330992982e-05, 0.00011131775681860745, 9.351787593914196e-05, 0.00012456074182409793, 9.583010978531092e-05, 0.00010493734589545056, 0.00011027703294530511, 0.00013233664503786713, 0.00011815372272394598, 0.00010459167242515832, 0.00011143546726088971, 0.0001317817223025486, 0.00010759254655567929, 0.00011841240484500304, 0.00013735257380176336, 0.00010190320608671755, 0.0001058881898643449, 9.90754779195413e-05, 8.294955478049815e-05, 0.00010432933049742132, 0.00014228957297746092, 0.00012637600593734533, 0.0001054627718986012, 0.00012990014511160553, 0.00012039554712828249, 0.00015492772217839956, 0.00010153042967431247, 0.0001360466267215088, 0.00011634048132691532, 0.00011706360965035856, 0.00011731630365829915, 0.00011602613085415214, 0.00011800644278991967, 9.949270315701142e-05, 0.00023738759045954794, 9.528939699521288e-05, 0.00011029982124455273, 9.26236534724012e-05, 0.00012136573786847293, 0.00014184207248035818, 0.00012738650548271835, 0.00012126882938900962, 0.00010557453060755506, 0.00012710636656265706, 0.00011145749158458784, 0.00015060673467814922, 0.00012197136675240472, 0.00010438184108352289, 0.0001501187216490507, 0.00010698641563067213, 0.0001294722460443154, 0.00012836340465582907, 0.00013436317385639995, 0.00011309656110825017, 0.00010895593732129782, 0.00011563156294869259, 0.00011521067062858492, 0.00010951012518489733, 0.00010299240966560319, 0.00012140195030951872, 0.00012971363321412355, 0.00013151679013390094, 0.00010357046994613484, 9.159807814285159e-05, 0.0001301598531426862, 0.0001137444851337932, 0.000156046575284563, 0.0001534919865662232, 0.00014243568875826895, 0.00011966646707151085, 0.00016273475193884224, 0.00011271478433627635, 0.00011858848301926628, 0.0001289553620154038, 0.00012336295912973583, 0.0001274539390578866, 0.00013595465861726552, 0.00010164980631088838, 0.00011143006850033998, 0.00011711841216310859, 0.00012540158058982342, 0.00011435990018071607, 0.00010443424980621785, 0.00012857381079811603, 0.00013537028280552477, 0.00010686270979931578, 0.00011180386354681104, 0.00010320214641978964, 8.101156709017232e-05, 8.816476474748924e-05, 0.00011515052756294608, 0.00011060070391977206, 0.00013994636537972838, 0.00010289384954376146, 0.00010020695481216535, 0.00011374574387446046, 0.00012231800064910203, 0.00018102540343534201, 0.0001404694776283577, 0.00011810481373686343, 8.766988321440294e-05, 0.00011649043881334364, 0.00014919853128958493, 0.00010893736907746643, 0.00011172100494150072, 0.0001133886180468835, 0.00011560539132915437, 0.00010762518650153652, 0.00011699024616973475, 0.00010547570127528161, 0.000122956043924205, 0.00011215003178222105, 8.797183545539156e-05, 0.00010840700269909576, 0.00012353093188721687, 0.00011782681394834071, 0.00012793325004167855, 0.0001011430358630605, 0.00011884871491929516, 0.00010863075294764712, 0.00010585693235043436, 0.00013845812645740807, 0.00011360002827132121, 0.00010215929069090635, 0.00012154483556514606, 0.00012567061639856547, 0.00011349541455274448, 0.00011959524272242561, 8.741565397940576e-05, 0.00011903699487447739, 0.0001303933677263558, 0.00011623783939285204, 0.00011360701319063082, 0.00011523393914103508, 0.00011966826423304155, 0.00011326462117722258, 0.00010814720008056611, 0.00011646284838207066, 0.00010317913256585598, 0.00010233364446321502, 0.00015545918722636998, 0.00010471911809872836, 0.00012060522567480803, 0.00010567733261268586, 9.405711898580194e-05, 0.00010706665489124134, 0.0001209696420119144, 0.00010897946049226448, 0.0001076470798579976, 9.838378173299134e-05, 0.00013336862321011722, 9.300040983362123e-05, 0.0001365764910588041, 0.00012962418259121478, 0.00011270420509390533, 9.87438324955292e-05, 0.00011717578308889642, 0.00013558090722654015, 0.00010317123087588698, 0.00010513988672755659, 0.00011447206634329632, 0.00012010584759991616, 0.00010287741315551102]
Zero Point(s): [0, 0, 0, 0, 0, 0, 0, 0, 0, 0, 0, 0, 0, 0, 0, 0, 0, 0, 0, 0, 0, 0, 0, 0, 0, 0, 0, 0, 0, 0, 0, 0, 0, 0, 0, 0, 0, 0, 0, 0, 0, 0, 0, 0, 0, 0, 0, 0, 0, 0, 0, 0, 0, 0, 0, 0, 0, 0, 0, 0, 0, 0, 0, 0, 0, 0, 0, 0, 0, 0, 0, 0, 0, 0, 0, 0, 0, 0, 0, 0, 0, 0, 0, 0, 0, 0, 0, 0, 0, 0, 0, 0, 0, 0, 0, 0, 0, 0, 0, 0, 0, 0, 0, 0, 0, 0, 0, 0, 0, 0, 0, 0, 0, 0, 0, 0, 0, 0, 0, 0, 0, 0, 0, 0, 0, 0, 0, 0, 0, 0, 0, 0, 0, 0, 0, 0, 0, 0, 0, 0, 0, 0, 0, 0, 0, 0, 0, 0, 0, 0, 0, 0, 0, 0, 0, 0, 0, 0, 0, 0, 0, 0, 0, 0, 0, 0, 0, 0, 0, 0, 0, 0, 0, 0, 0, 0, 0, 0, 0, 0, 0, 0, 0, 0, 0, 0, 0, 0, 0, 0, 0, 0]

# --- Shapes summary ---
IFM0 Shape: [1, 7, 7, 1152]
IFM1/Weights Shape: [192, 1, 1, 1152]
Bias Shape: [192]
OFM Shape: [1, 7, 7, 192]
