Op Type: CONV_2D
Output Tensor: efficientnetv2-b0/block6g_project_bn/FusedBatchNormV3;efficientnetv2-b0/block6h_project_conv/Conv2D;efficientnetv2-b0/block6g_project_conv/Conv2D
Output Scale: 0.031069006770849228
Output Zero Point: -33
Output Shape: [1, 7, 7, 192]

# --- Weights ---
Name: efficientnetv2-b0/block6g_project_conv/Conv2D
Shape: [192, 1, 1, 1152]
Scale(s): [0.008769412524998188, 0.008147171698510647, 0.008456376381218433, 0.010185291059315205, 0.008741587400436401, 0.00988252554088831, 0.006972221657633781, 0.009184093214571476, 0.007879010401666164, 0.009569763205945492, 0.007080318406224251, 0.007421079557389021, 0.00696909986436367, 0.009150874800980091, 0.008953279815614223, 0.008203153498470783, 0.010326642543077469, 0.012569436803460121, 0.011143641546368599, 0.0091924499720335, 0.008336746133863926, 0.009707322344183922, 0.007175759878009558, 0.010748814791440964, 0.00940572191029787, 0.011106259189546108, 0.00875948742032051, 0.009697173722088337, 0.008278264664113522, 0.006122746504843235, 0.007766829803586006, 0.008791121654212475, 0.0107458820566535, 0.008316277526319027, 0.00773696368560195, 0.010354648344218731, 0.010594770312309265, 0.007042710203677416, 0.009042567573487759, 0.007391057442873716, 0.010354496538639069, 0.0060463291592895985, 0.007546020206063986, 0.008236280642449856, 0.008039536885917187, 0.008750050328671932, 0.008492234162986279, 0.006991072557866573, 0.006659357342869043, 0.009179182350635529, 0.009412333369255066, 0.010171896778047085, 0.007270437199622393, 0.0086433794349432, 0.008584859780967236, 0.007956689223647118, 0.009656457230448723, 0.008659446612000465, 0.010495814494788647, 0.012685365974903107, 0.012633072212338448, 0.008015991188585758, 0.00804478395730257, 0.018647775053977966, 0.008232204243540764, 0.007235460449010134, 0.005644083954393864, 0.008508034981787205, 0.010101745836436749, 0.008574173785746098, 0.01719912886619568, 0.0062596555799245834, 0.010243854485452175, 0.008484277874231339, 0.012163283303380013, 0.008639282546937466, 0.009575803764164448, 0.01134724821895361, 0.010331173427402973, 0.008179586380720139, 0.009180556982755661, 0.010334399528801441, 0.008079996332526207, 0.008052128367125988, 0.008816646412014961, 0.008318455889821053, 0.009067663922905922, 0.007060593459755182, 0.009122193790972233, 0.011420669965445995, 0.010631498880684376, 0.008630937896668911, 0.00640706904232502, 0.00974054541438818, 0.011037707328796387, 0.009880862198770046, 0.007637289818376303, 0.007781281601637602, 0.008794338442385197, 0.007594387978315353, 0.008674473501741886, 0.009553168900310993, 0.008794642984867096, 0.009034644812345505, 0.009416284039616585, 0.010031611658632755, 0.00781132560223341, 0.008054676465690136, 0.009238169528543949, 0.00933569110929966, 0.01063049677759409, 0.010451722890138626, 0.010402224026620388, 0.009252261370420456, 0.011553963646292686, 0.008462666533887386, 0.008212757296860218, 0.0061257085762917995, 0.007059115916490555, 0.009503506124019623, 0.007850328460335732, 0.010456928052008152, 0.006557093933224678, 0.007278139237314463, 0.008306290954351425, 0.007458195555955172, 0.015307890251278877, 0.008483520708978176, 0.009873125702142715, 0.008179528638720512, 0.008357254788279533, 0.010677380487322807, 0.008760088123381138, 0.009924623183906078, 0.009621809236705303, 0.007606389466673136, 0.0091735003516078, 0.009075851179659367, 0.008387700654566288, 0.008439130149781704, 0.008641346357762814, 0.0064900945872068405, 0.01013521384447813, 0.00897948071360588, 0.008737350814044476, 0.008201331831514835, 0.006727517116814852, 0.009966625832021236, 0.008023172616958618, 0.010936395265161991, 0.009534522891044617, 0.006794265937060118, 0.009694167412817478, 0.008779671043157578, 0.010480936616659164, 0.00678481487557292, 0.008537162095308304, 0.005559749435633421, 0.010017581284046173, 0.008901909925043583, 0.007713680155575275, 0.008680435828864574, 0.006578832399100065, 0.008820275776088238, 0.0071910168044269085, 0.008518612943589687, 0.007869403809309006, 0.008710975758731365, 0.008811768144369125, 0.007889335975050926, 0.00975715834647417, 0.0077905175276100636, 0.010874289087951183, 0.007622852455824614, 0.00721855740994215, 0.009211277589201927, 0.009019989520311356, 0.010708112269639969, 0.007623599376529455, 0.010988516733050346, 0.00708793243393302, 0.007571561262011528, 0.009886570274829865, 0.007858091033995152, 0.006259685382246971, 0.009037605486810207, 0.008446436375379562, 0.008649492636322975, 0.007868983782827854, 0.009114474058151245, 0.007330708205699921, 0.008215934038162231]
Zero Point(s): [0, 0, 0, 0, 0, 0, 0, 0, 0, 0, 0, 0, 0, 0, 0, 0, 0, 0, 0, 0, 0, 0, 0, 0, 0, 0, 0, 0, 0, 0, 0, 0, 0, 0, 0, 0, 0, 0, 0, 0, 0, 0, 0, 0, 0, 0, 0, 0, 0, 0, 0, 0, 0, 0, 0, 0, 0, 0, 0, 0, 0, 0, 0, 0, 0, 0, 0, 0, 0, 0, 0, 0, 0, 0, 0, 0, 0, 0, 0, 0, 0, 0, 0, 0, 0, 0, 0, 0, 0, 0, 0, 0, 0, 0, 0, 0, 0, 0, 0, 0, 0, 0, 0, 0, 0, 0, 0, 0, 0, 0, 0, 0, 0, 0, 0, 0, 0, 0, 0, 0, 0, 0, 0, 0, 0, 0, 0, 0, 0, 0, 0, 0, 0, 0, 0, 0, 0, 0, 0, 0, 0, 0, 0, 0, 0, 0, 0, 0, 0, 0, 0, 0, 0, 0, 0, 0, 0, 0, 0, 0, 0, 0, 0, 0, 0, 0, 0, 0, 0, 0, 0, 0, 0, 0, 0, 0, 0, 0, 0, 0, 0, 0, 0, 0, 0, 0, 0, 0, 0, 0, 0, 0]
Axis: 0

# --- Bias ---
Name: efficientnetv2-b0/block6g_project_bn/FusedBatchNormV3
Shape: [192]
Scale(s): [8.9134911831934e-05, 8.281027112388983e-05, 8.595312101533636e-05, 0.00010352632671128958, 8.88520953594707e-05, 0.00010044892405858263, 7.086773257469758e-05, 9.334985224995762e-05, 8.008460281416774e-05, 9.726991993375123e-05, 7.19664603821002e-05, 7.543005631305277e-05, 7.083600212354213e-05, 9.301221143687144e-05, 9.100379975279793e-05, 8.337928738910705e-05, 0.0001049630664056167, 0.00012775948562193662, 0.00011326728417770937, 9.34347917791456e-05, 8.473716297885403e-05, 9.86681116046384e-05, 7.293655653484166e-05, 0.00010925414972007275, 9.560255421092734e-05, 0.00011288731911918148, 8.903403067961335e-05, 9.85649530775845e-05, 8.414273906964809e-05, 6.223341188160703e-05, 7.894436566857621e-05, 8.935556979849935e-05, 0.00010922434012172744, 8.452911424683407e-05, 7.864079816499725e-05, 0.0001052477236953564, 0.00010768839274533093, 7.158419612096623e-05, 9.191134449793026e-05, 7.512490265071392e-05, 0.00010524618119234219, 6.145668885437772e-05, 7.669999467907473e-05, 8.371600415557623e-05, 8.171624358510599e-05, 8.893811173038557e-05, 8.631758828414604e-05, 7.105933764250949e-05, 6.768768798792735e-05, 9.329993918072432e-05, 9.566975495545194e-05, 0.00010339017899241298, 7.389888196485117e-05, 8.785387763055041e-05, 8.725906809559092e-05, 8.087415335467085e-05, 9.815110388444737e-05, 8.801718649920076e-05, 0.00010668257891666144, 0.00012893782695755363, 0.0001284063037019223, 8.147691551130265e-05, 8.176957635441795e-05, 0.00018954153347294778, 8.367456757696345e-05, 7.354337139986455e-05, 5.7368146372027695e-05, 8.647819777252153e-05, 0.00010267714969813824, 8.715045260032639e-05, 0.00017481706163380295, 6.362499698298052e-05, 0.00010412158007966354, 8.6236723291222e-05, 0.00012363122368697077, 8.781223732512444e-05, 9.73313144640997e-05, 0.0001153368066297844, 0.00010500911594135687, 8.31397483125329e-05, 9.331390901934355e-05, 0.00010504190868232399, 8.212748070945963e-05, 8.184422767953947e-05, 8.96150158951059e-05, 8.455125498585403e-05, 9.216643229592592e-05, 7.176597137004137e-05, 9.272068564314395e-05, 0.00011608308705035597, 0.00010806171485455707, 8.772741421125829e-05, 6.512335676234215e-05, 9.900579607347026e-05, 0.00011219053703825921, 0.00010043202200904489, 7.762768655084074e-05, 7.909125997684896e-05, 8.938826795201749e-05, 7.719161658314988e-05, 8.81699234014377e-05, 9.710124868433923e-05, 8.939136750996113e-05, 9.183081419905648e-05, 9.570991096552461e-05, 0.000101964280474931, 7.939663191791624e-05, 8.187012281268835e-05, 9.389949991600588e-05, 9.489074000157416e-05, 0.00010805152851389721, 0.00010623441630741581, 0.00010573129839031026, 9.40427344175987e-05, 0.00011743792128982022, 8.60170548548922e-05, 8.347690891241655e-05, 6.226351979421452e-05, 7.17509537935257e-05, 9.659645729698241e-05, 7.979306974448264e-05, 0.00010628732707118616, 6.664825195912272e-05, 7.397717126877978e-05, 8.44276073621586e-05, 7.580731471534818e-05, 0.00015559395251329988, 8.62290253280662e-05, 0.00010035338345915079, 8.313915895996615e-05, 8.494561916450039e-05, 0.00010852806735783815, 8.904014248400927e-05, 0.00010087682312587276, 9.779892570804805e-05, 7.731360528850928e-05, 9.324218262918293e-05, 9.224964742315933e-05, 8.525508019374683e-05, 8.577782864449546e-05, 8.783321391092613e-05, 6.59672514302656e-05, 0.00010301732254447415, 9.127010707743466e-05, 8.880902896635234e-05, 8.336077735293657e-05, 6.838048284407705e-05, 0.00010130374721484259, 8.154990791808814e-05, 0.00011116077075712383, 9.691172454040498e-05, 6.90589367877692e-05, 9.853440133156255e-05, 8.923918358050287e-05, 0.00010653135541360825, 6.896287231938913e-05, 8.677424921188504e-05, 5.65109439776279e-05, 0.000101821671705693, 9.048165520653129e-05, 7.840414036763832e-05, 8.823053212836385e-05, 6.686920823995024e-05, 8.965190500020981e-05, 7.309162901947275e-05, 8.658571459818631e-05, 7.99869594629854e-05, 8.854094630805776e-05, 8.956543024396524e-05, 8.018955850275233e-05, 9.917465649778023e-05, 7.918513438198715e-05, 0.00011052950867451727, 7.748093776172027e-05, 7.337156421272084e-05, 9.362616401631385e-05, 9.16818535188213e-05, 0.00010884043877013028, 7.748852658551186e-05, 0.00011169054778292775, 7.204385474324226e-05, 7.69596008467488e-05, 0.00010049004049506038, 7.987197022885084e-05, 6.362530257320032e-05, 9.186090755974874e-05, 8.585208706790581e-05, 8.791601430857554e-05, 7.998268847586587e-05, 9.26422217162326e-05, 7.451149576809257e-05, 8.350919233635068e-05]
Zero Point(s): [0, 0, 0, 0, 0, 0, 0, 0, 0, 0, 0, 0, 0, 0, 0, 0, 0, 0, 0, 0, 0, 0, 0, 0, 0, 0, 0, 0, 0, 0, 0, 0, 0, 0, 0, 0, 0, 0, 0, 0, 0, 0, 0, 0, 0, 0, 0, 0, 0, 0, 0, 0, 0, 0, 0, 0, 0, 0, 0, 0, 0, 0, 0, 0, 0, 0, 0, 0, 0, 0, 0, 0, 0, 0, 0, 0, 0, 0, 0, 0, 0, 0, 0, 0, 0, 0, 0, 0, 0, 0, 0, 0, 0, 0, 0, 0, 0, 0, 0, 0, 0, 0, 0, 0, 0, 0, 0, 0, 0, 0, 0, 0, 0, 0, 0, 0, 0, 0, 0, 0, 0, 0, 0, 0, 0, 0, 0, 0, 0, 0, 0, 0, 0, 0, 0, 0, 0, 0, 0, 0, 0, 0, 0, 0, 0, 0, 0, 0, 0, 0, 0, 0, 0, 0, 0, 0, 0, 0, 0, 0, 0, 0, 0, 0, 0, 0, 0, 0, 0, 0, 0, 0, 0, 0, 0, 0, 0, 0, 0, 0, 0, 0, 0, 0, 0, 0, 0, 0, 0, 0, 0, 0]

# --- Shapes summary ---
IFM0 Shape: [1, 7, 7, 1152]
IFM1/Weights Shape: [192, 1, 1, 1152]
Bias Shape: [192]
OFM Shape: [1, 7, 7, 192]
