-12024
-18760
-1364
-4182
4106
-41523
-11460
32611
-21732
-3349
-6014
-15957
-2815
-16291
-19496
-19238
-15928
-12960
-3323
-11486
-6139
-9021
-30914
-22498
-23664
-2687
-6730
-14427
-12709
-5393
-17059
-45562
-8602
15496
-19363
-7333
-32475
-19400
-5636
-16156
-26394
-17287
-10026
-13262
-4414
-19265
-31969
-10090
-26135
-17779
-14464
-17223
-5695
-11625
-8136
314
-15252
-24553
-4713
-27881
-21393
-30315
-15172
-1773
-13409
-12649
-26207
-12649
-20026
-15809
-1068
-10537
-21643
-14624
-16853
-11079
-47771
-9973
-16364
-27375
4989
-7698
-9146
2270
-12443
-32816
-15366
-16542
-10196
-1223
-20196
-29342
-28357
2291
-17338
-16685
-1713
-19740
-21082
-3434
-16927
-1219
-22936
-9274
-27710
-25922
-19918
-10988
-14269
-22825
-14459
-20110
-7147
-18088
-12956
-43652
-23682
-41530
-16075
-23392
-16029
-13234
-3043
-10322
-11709
-16970
-4350
-25194
-17879
-10861
-8827
-17151
-20480
-16710
-29052
17875
-6151
-13794
-18956
-4557
-17356
-9559
16072
-21459
-14293
-19833
-13352
2866
-26167
-8389
9124
-26523
-7223
17368
-30944
-30871
-19872
14580
-4542
-13053
-20931
-9658
-33130
-14412
-9923
-21623
-11517
-32033
-8095
-26453
4133
-20699
-17089
-13061
-10049
-32108
-23528
-30936
-27426
-3219
-13559
-33271
-6186
-22109
-21939
-21274
-5625
10332
-18610
-13578
-13928
-19008
-5365
-3284
-12847
-18770
-17711
-10036
-14035
-11224
-9179
735
-24676
-37556
-16380
-26002
-15005
-12304
-32027
-508
-29931
-22930
-11124
-29150
-12006
-9470
-22375
-14381
-19949
-18981
-17296
-22525
-7237
-16247
-19471
-15518
-25690
-5202
-25480
-19492
-9857
10555
-9994
-435
-28367
-12097
-21273
-20625
-14812
-14392
-25869
-1846
-3123
-5698
16635
-13161
-4022
-20506
-6430
8566
-13128
-23248
-7749
-11135
-32204
-12564
-34603
-28885
-9406
-16717
-11480
-1157
-17613
-2181
-9238
-14166
-11565
-14998
-7528
-14555
-8458
-5763
4903
1061
-2585
-18622
38465
-16812
-22889
-10041
-11466
-21278
6455
-19047
-27496
-14754
17905
4218
-11685
-9766
-17622
83
-16310
-29550
-16002
-20996
-27577
-6060
-18400
-19410
-10987
-20099
-28159
-12483
-15046
-38453
-8277
-10550
-11253
-36113
1738
-6512
-27646
-15705
2324
-25232
-11700
-18133
-27224
-24711
-6699
-32228
-9699
-16792
-40092
-19550
4652
-21370
-14327
-18645
-13784
-23871
-11526
-24148
-8039
-4598
-4225
-29284
-9331
-15080
-20928
-27527
-13919
-8664
-22484
-20603
-8435
-12859
-8291
-34873
-15460
-25170
-11997
-33227
-11336
-21532
-2401
-21214
-6718
-7639
-13402
-18007
-22384
-8570
-1621
-8646
-6610
-8197
-16532
30887
-23774
-40008
-13533
10300
-11273
-546
-34464
-14878
-35377
-16597
-10832
-17112
21655
-12557
-44152
-17242
-4592
-31880
-27749
1204
-18501
-13891
-31934
-17235
-18571
-21218
-3593
-12441
-22555
-8416
-23810
-19511
-3039
-8347
-17496
-17690
-18480
-16453
16764
4879
-39026
-7541
-7887
-16288
-14456
-6447
-3872
-37728
-6180
-13919
-25636
-16619
-3333
-14216
-14103
-1233
35480
-16852
-24470
-26118
5117
-14895
-14599
-17113
-28379
-14667
-16398
-12204
-4758
-26446
-18912
-29112
-15948
-14772
-20060
-8266
11516
639
-17492
-23427
-12461
-19007
-22247
-17879
-3685
-3301
-29203
3525
-25094
-11851
-24258
-27718
-10819
-25746
-16225
19691
-16737
-13934
-5507
-11882
-12344
-29925
18808
-11540
-18190
-28190
-6348
-3721
-24225
-13771
-20202
-19451
-36161
-7244
-11709
-19934
-9684
-2541
-26105
-2317
-18785
-4568
-18030
-26289
-15303
-11649
-20051
-15070
-5642
-15653
-14025
-35840
-21686
-19032
-10076
-21465
-23655
-9961
-19091
-6008
-16343
-4597
-17561
-11925
-18434
-14909
-10779
-19367
3178
-29954
-8518
-15085
-11133
-13009
14950
-10669
-12865
-10315
-4876
-23770
-24804
-9991
-12509
-7214
-12320
-18256
-28239
-10085
-8976
-9085
-14936
-13124
-32187
-24819
-21645
-16850
-23273
-19153
-8893
-10195
-18609
-9158
-12070
-21476
-10182
-9669
1255
-18223
-11624
-26831
-7909
-4485
-53454
-29220
-20654
-34461
-15085
-21200
-7512
-10394
-15095
-14272
-2776
-8750
-16426
-13093
-17628
-13589
-5224
-10086
-20719
-23324
-17061
13365
-12993
-12072
-9340
-14126
-35711
-6383
-14570
-15719
-31769
-32107
-16845
-16182
23519
1552
-33792
-809
-7957
-3168
-20802
-13227
2952
-8461
-10938
-14678
-15378
-13529
-19391
-15023
-14158
-16808
-31740
-12344
-27937
-28062
-19638
-12964
-10672
-25131
-14385
-19731
6158
-6104
-16335
-22590
-19478
-7569
-19734
-17897
-15343
-39391
-18943
-10846
-10942
-34798
-37729
-21224
-23676
6655
-3496
-12686
-16611
-7886
-4565
-5734
-18074
-12274
-9982
-12517
-8765
-2142
-21382
-13121
-16528
-16637
-28252
-17793
-19398
-7916
-16178
-14029
-36628
-15370
-14767
5063
-8488
-10528
-15396
-22535
-27562
-8920
-10676
-5150
2101
-19230
-17966
-16900
-11156
-19074
-3743
-12752
-13480
-10908
-28194
-4046
-13987
-22826
-18150
-22265
-11086
-25509
-20477
-5272
-9664
-8500
-27456
-20173
-20637
11828
-21206
-16293
-11007
-21316
-16467
-2704
-17427
-10102
-1872
-29348
-10520
3034
-29277
-13920
-16763
-25584
-10838
-7935
-14592
-11301
-11808
-24016
-14770
-2102
-5092
-4847
-9291
-23527
-15846
-23578
-1953
23883
-19236
-11251
10955
-12315
-24863
-21939
-19703
-9332
-9578
-14801
9614
15556
-12617
-11949
-18247
-25382
-20844
-35347
-6542
-2343
-15100
-32229
-20509
-17928
-20659
-15536
-17147
-12179
-21447
-16062
-25375
-26185
-6739
-7041
-25539
9310
-18511
-13523
-19801
-26540
-656
5742
-10038
3715
-26521
-19046
-16174
-18448
-12496
-17244
-18510
-15314
658
-4167
-20533
-25842
-14519
5559
-19098
-16935
-32281
-18993
-8888
8570
-5702
-22790
-236
-5350
-19351
-20858
-17570
10296
-18207
-13636
-11385
-2339
-18705
-11695
-2301
-12682
238
-12411
-16859
-10998
-5565
-23155
-32636
596
-21605
-14897
-10817
-26036
-30949
6749
-6590
-12677
-22744
-9630
-15108
-15496
-1259
-23423
-22031
-26866
-12967
-5230
-10012
-16338
-32299
-12974
-25428
-37975
-20576
-17076
-15874
-15117
-17822
20307
-6429
-17018
-1625
-6160
-23914
-8625
-26971
-17392
-35452
-29361
-17583
-25212
2920
-21321
9286
-31096
-3101
-11778
-14440
4432
-26904
-28032
-20593
-17628
-11980
-22521
-27467
-22935
-9342
-13478
8728
-7875
-27872
-24176
-20790
905
-19031
-20691
-78
-26494
-14237
1940
-22260
-22350
5146
-288
-17220
-13459
-22974
-1830
-9324
-27609
-14148
-15241
-18104
545
-24699
-6039
-5488
-15962
-19825
-27463
-15166
-15566
-7092
-11016
-15919
-22728
-21205
-2213
-13444
-13652
-8398
-34100
-10564
-13519
-21738
-23706
-16720
-21212
-20626
-13740
-2212
-10749
-7738
-8019
-13153
-13949
-18059
-22303
-5071
-11595
-14896
3333
-8871
-12391
-2634
-30082
-7418
-20138
-29426
-9867
43502
-20491
-17169
2182
-16694
-23558
-13666
-3860
-17553
-18459
-5747
-15371
-10324
-7822
-12137
-15591
-21608
-17597
-4175
-23762
-26480
-16632
-6803
-22143
-19845
-6463
-5925
-17240
19380
-15605
-24851
-28277
-11866
-16165
-13829
-8163
-9146
-19141
-31676
-25003
-11738
-6676
-13775
-15736
-15148
-8492
-2930
-7917
-18721
-12201
-8271
-17815
-8466
-6882
12404
-30947
-15250
-17247
-6562
-6702
-21699
3475
-11612
-26755
14745
-39978
-18333
-36446
-27856
-17446
30864
-18709
-22642
-27725
31880
-13332
6421
-15366
-30123
-14863
-8174
-18360
-14971
-19295
-31407
13360
-9861
-20521
-23734
-11544
-13031
-10675
-30225
-6505
-17354
-9193
-36005
-5486
-23331
-38408
-13148
-21235
-3672
-15193
-20200
-14636
-11032
-14092
-7093
-12591
-965
-30579
-8110
-32581
-19734
-12656
-27223
-23405
-4082
-26121
-23147
-17542
-10482
-17740
-28201
-22406
-13076
9460
-4406
-21119
-17070
-15669
-8910
-38686
-16989
-21671
-3555
-656
-9598
-24375
-15789
-29982
-12728
-13105
-11028
-4168
-24917
-13538
-43260
-3915
17534
-17141
-13888
-15308
-7690
-19756
-19673
-28913
-23919
-22380
-12857
-14005
-22980
-8317
-16748
-19190
-26161
-20070
-9883
-14966
-5318
-8881
-4587
-7080
-7291
-18261
-4947
-12621
-16033
-18790
-2714
-28045
-18981
-29700
-20855
-20763
-9893
-5757
-4921
-24553
-15220
-7602
-8113
-14946
-13020
-21088
-20277
-24352
