-27175
-38686
-39984
4060
28851
-19118
-47373
2998
-41653
-11000
8797
-52291
-13342
-35227
-27921
-21235
-44302
-27784
-36572
-16682
-44837
14351
-23550
2132
-47923
-18874
-26142
33872
-35439
-30100
-39688
-28747
-24575
10770
-55188
-14976
-19109
-40331
63445
-32909
-38174
-45670
-7520
-18058
-336
-13519
-51877
-20095
-52327
-30329
-26327
-33291
-57541
-28665
20174
2583
-57579
-24673
-29778
-5099
-37746
-39182
-36091
10419
-10788
-32392
-19322
-35949
-17595
-20482
23075
-37542
-30856
-29456
-38647
-11534
-45932
-6036
-28694
-27648
-18583
-45653
-26109
-10027
-18147
-34031
-44734
-28774
-31842
-44016
-25766
-28998
-21247
-2283
-33312
4949
4103
-32586
-48174
-16789
-7711
-37153
-44528
-3567
-24561
45340
-24863
-27362
-4173
-37900
-42361
-41928
-33359
-47383
-24405
-30832
-15880
-16097
-40222
-11048
-31938
-15317
-6976
-41902
-50210
10421
-15557
-41246
-20636
-29249
-30810
-27917
-36823
-9426
-20624
-4580
-39411
-14131
47194
-30890
-37595
-35432
24831
-43755
-28075
-28808
-6699
-9385
-30413
-27580
42158
-42450
-28664
18339
-42273
-38754
-29097
15566
-22957
-34625
-17306
-19105
-26966
-39997
-13023
-3291
-37611
1667
-48799
-31936
-38485
-47644
-43904
56637
-20795
-26479
-25534
5331
-40070
-1244
-2720
-25496
-17709
-45554
-14054
-9966
4993
-6818
-50164
-45554
48778
-34405
-33302
-35271
-42354
-20636
-6457
-23828
-30783
-10098
-31723
-12426
-39708
-22085
-39737
-20499
-42480
-25078
-38253
-10938
-23515
-2382
-25450
-4554
-26697
-30163
-25306
-38793
-20170
-34722
-44245
-28800
-28119
-32076
-35420
-40637
2656
-22063
-30218
-27217
-38743
-44549
-42240
819
-19103
-29389
-21143
-38061
-33167
-48432
-5546
30978
10780
-26426
16285
-37336
-16554
-23177
-51004
1056
-17772
-33048
-18663
-29287
-35504
-35670
-26255
-6816
-24024
-34460
-48179
-84753
-27785
-17067
1502
-21460
-50551
-33424
82477
-34512
-34797
-29888
38597
-30002
944
-16107
1032
-37857
-16510
-39891
155237
-15476
25492
-29475
-12690
-23458
2421
-4104
-2682
-22309
-34373
-15825
-20813
-18152
-36310
-41064
-35648
-29281
18038
-21788
-30193
-37236
-31580
-18957
-43147
8255
-121
-49079
-3740
-25137
-14609
-9151
-24376
-17981
23237
-15138
-13207
-37731
-2859
-32345
-75597
-25133
-2205
19423
-7279
9299
-19725
-18153
-31681
-40427
-23399
-19343
-51262
-35395
-17790
-36801
-11911
-25377
-16021
-16045
4028
-29938
-14647
-50594
-15038
11961
16159
1012
-56539
-28233
-39085
-32688
1459
12739
-7770
-23462
-26098
-25932
-27188
-36920
-52631
-34995
-38142
-26438
-8970
-19576
-35730
-52959
-39231
8371
-28615
-15920
-36368
-68939
-32442
-8638
47489
-33256
-39119
-40766
-21865
-16183
1662
-35146
9079
-34971
-11225
-26111
-25759
12691
-4077
-21884
-23439
-37019
-26265
-5951
23067
-24619
-10376
-16615
13060
-28977
-37315
-25419
6870
-17757
-32105
-310
12911
-20666
-27935
-37480
-25850
-37645
-31439
-27480
-10390
-65139
-33181
-22828
-20318
-53785
-12498
88952
-14243
-28991
-13284
-34390
76954
-34630
-33502
-16823
-11406
-28143
-29288
-33926
-32379
-27006
-21322
-44915
-47984
-15142
-26250
-23493
-34180
-21636
-48612
96734
-12288
-48986
-40231
-26213
-22235
-20259
-6599
14239
-35052
-46268
-37355
-47908
-12878
-41860
-48003
-31303
-791
16198
-59707
-13797
-11667
-38343
-40065
-26377
36356
-17397
-39180
-38361
-24030
-9689
-33528
-9827
-33531
-17431
-42578
-28241
-9551
-43155
6227
-12053
-8968
-40777
-43013
-8582
-19183
-42255
-33946
-40628
-33401
-21799
-41840
17769
-25783
-36182
-37974
-40489
-33420
-15756
-31778
-28402
-42111
-11657
-49415
18536
-41621
-15359
-13844
-40239
-17252
-16824
-8844
-34276
1298
-547
-27689
-33501
-7154
-21558
-38643
-15021
-30129
-23101
-23707
-31451
-11196
-36430
-26267
-41854
-19410
-39697
-24270
-20323
-45709
-30261
-38396
-31600
-8613
-19833
-24165
-31981
-6326
-19201
-45363
-57937
-35725
-30834
-44535
-50201
25118
-38675
-44106
-31709
-19763
12646
-12332
18438
-13695
-15269
-9997
-41582
-36215
-34816
-10948
13525
11570
3345
-42600
-21819
-44134
-16156
-39650
-30215
-32882
-45303
-36692
15538
16468
-37908
-16197
-14900
2409
-26202
-38803
-26765
-22127
-30036
-29877
-25464
1050
-7297
-34781
10238
-31963
-28853
-31083
-43389
9800
18454
-25562
-23733
-52369
-39609
-44265
-27679
-15007
-21690
-30982
-25284
-33323
-22395
-29239
-22276
-42857
-43406
-35503
19198
10284
16510
-32074
-37303
-21370
12156
-40510
-17672
-30482
-12597
-32739
-23408
-18174
-12604
-25562
-35376
-26067
7027
-22816
-25505
-30878
-29594
-10503
-44014
-37021
-34369
-21471
-35400
-25875
-19830
-17627
15180
-45947
-21411
-16479
-29019
-43160
-3759
-35922
-32087
-3405
-31678
-12207
6119
-14413
-20721
-31704
-50405
-30862
-31013
-35298
-27536
-28000
-28547
-38883
-22596
-34281
-49175
-37836
-64758
-20856
-40675
-34628
5022
-43641
-28499
28959
-30414
-12584
34330
-22422
-6027
-25316
-32574
1283
-47975
-35801
8368
-32196
-46219
-41636
-38460
-7406
8530
-22683
-6863
7631
986
-37561
758
-34222
-28782
-21899
-14397
-45484
-29300
-33021
12882
-40192
-25895
-35178
-29092
-28732
-30999
-18551
-20248
-40337
-17865
1120
2041
-26788
-44152
-564
-12849
-36328
-10388
-29754
-44334
-30250
-19373
61681
-10005
-31745
-16457
-43828
3220
-4561
-10892
-25567
-18899
-36780
-34432
-29840
-19567
-20386
-36710
-46435
-38610
-33784
-35077
-19774
36184
-8614
-16114
-36576
28651
-26788
-53160
-25982
-39715
45875
8726
-30178
-34417
-46928
-48770
-38583
-32090
1649
-54587
-38512
-34210
24005
-38487
-16324
-43305
-30871
-136
-21412
-36702
-32788
-41840
-23698
42510
29437
-16572
-26412
-1816
-36900
-11368
-54827
6042
-37166
-20356
-41127
1263
-36857
-43692
-9411
-36589
-10442
-41098
7678
-31566
-7808
-10086
-29013
15872
-38454
6651
-20369
-27198
238
2649
6016
-13195
-40947
-20061
-19957
36602
3463
-29070
-38623
100318
1787
-14304
-42086
-22467
-8364
-28043
23167
-11881
14378
-32610
4733
-29239
-32837
638
-9652
-7695
15690
-15492
15897
-36653
-18920
-35983
-28053
-4375
-49573
-46602
-35244
-15136
10801
-11895
-14813
-47756
-38627
-2966
4096
-15297
-23860
-54935
-35727
-38368
-8272
-24718
-40665
-48959
12133
7208
-19254
-14242
-33814
5480
-27548
-33170
15283
-15930
-45494
-36227
-45681
-47464
29848
-21173
-20563
16638
-28611
-22075
-19300
-13557
-14493
367
160694
-12926
-22244
-39818
-47392
-11675
-21715
19686
-17894
-29141
-26345
-29884
-12031
-19963
-47263
-19558
-39889
-12650
-58667
-5420
-33879
-44967
-34031
-17013
-14479
-16653
-37312
24731
-40977
-38087
123899
-12863
-17730
-38012
-29057
-16166
19648
-43483
-30845
8085
31763
-28710
-17294
-20304
17846
-25203
5561
-38053
-41074
8312
-28730
-21199
-32670
-47772
-31773
6366
24484
-57214
-18148
-9759
-54132
-9943
-31549
22290
-28942
-38762
-48914
-31468
-30779
12452
-36963
-32319
-31804
-27907
-44354
-22724
22345
-15820
-26592
-18618
-22183
-20979
-15281
-23519
-1952
-20981
-39529
-37161
-8042
-41496
-40969
-50195
-42635
-13361
-25248
-29876
-29480
-32571
-28301
-38180
-11820
-26520
29140
-23317
-40103
-45522
-31973
-20022
-33162
15560
-29809
-28650
1865
-11918
-19526
-26972
-26228
-28104
22453
-45449
-2393
-2110
22084
-17757
45583
-28093
-20534
-24278
-56916
-36970
-22885
-22817
-26840
21827
-58772
-48724
1310
-20962
-42333
13995
-38073
-22113
-33157
-24523
-22782
-40690
-47613
-46055
-24111
-23760
-14329
-4644
-42400
-32839
-25394
-35319
-41990
-15826
11929
-28773
-19261
-15308
-44110
-28745
-25357
-34316
-48804
-40408
-28131
-35185
-32985
-25956
-35753
-20334
182158
-3958
-59938
-13148
-32655
-31872
-34580
-36330
-51045
-43541
-32655
-8144
-13592
-25295
-19108
55424
-37942
-22187
-29595
-2003
-36413
-44824
-9946
-26383
20865
-38319
-13790
-30261
-52609
-21225
705
-16821
-35120
-33356
-45171
-11842
-39935
-35496
-21965
-20849
-29017
38728
-27248
-50271
-23650
-23137
-30510
-29052
-48251
-29738
-7613
-18887
-34224
-33337
-14343
-17003
-34107
-49613
-32884
1712
-27993
-27407
-27027
-31276
-31279
-22858
-24160
1721
-27430
-31090
-9320
-20157
