1.0479480028152466
-0.48773080110549927
-1.1479634046554565
-0.0839255154132843
0.8971056342124939
-0.0411405973136425
-0.20352710783481598
-0.8509915471076965
0.46176281571388245
-0.23287935554981232
0.1942777782678604
0.08725747466087341
0.362662136554718
0.6108108162879944
-0.30149638652801514
-0.2430098056793213
-0.15606047213077545
0.9562279582023621
1.0279545783996582
-0.043619588017463684
0.3059929609298706
-1.1368908882141113
1.7743003368377686
0.23163579404354095
1.0024257898330688
-0.32941940426826477
0.02639370784163475
0.09591718763113022
0.05042436718940735
0.009068027138710022
-1.2341628074645996
1.1831985712051392
-1.1667567491531372
-1.544551134109497
-2.513620138168335
-0.4209919273853302
2.535923957824707
-0.015567712485790253
-0.1860934942960739
0.17930005490779877
1.0313446521759033
0.03712965175509453
-0.49496352672576904
0.1270976960659027
1.3268578052520752
0.8954920172691345
-0.5351052284240723
0.33628296852111816
-0.585198700428009
1.982843279838562
-0.5196520090103149
0.7330566644668579
-0.25519996881484985
-2.0962636470794678
1.7410517930984497
0.13357922434806824
2.36968994140625
0.11702199280261993
-0.07575581967830658
-0.1539756953716278
0.059205103665590286
-0.32898712158203125
-0.4623640775680542
-0.6063833236694336
0.1562495231628418
-0.6657845377922058
-0.6087451577186584
-0.1033201664686203
0.7083680033683777
0.08229054510593414
-0.08436351269483566
0.6915202140808105
0.15608510375022888
0.038134511560201645
0.5609290599822998
0.0391705185174942
0.21295958757400513
0.32576847076416016
-1.1039761304855347
-0.13783608376979828
0.6505019664764404
0.6123084425926208
-0.3440116345882416
-0.6667162775993347
-0.09647423774003983
-0.6245487332344055
0.7980702519416809
-0.3987564742565155
0.5857439041137695
0.16967608034610748
0.06491010636091232
0.04744721204042435
0.04406319558620453
-0.03804279863834381
-0.06960190832614899
-0.5474215745925903
1.7893271446228027
0.22556939721107483
-1.4438048601150513
-0.3470996916294098
-0.8681024312973022
-0.00978793203830719
-0.37254297733306885
-0.8999450206756592
0.7843613028526306
0.45039263367652893
0.10587805509567261
-0.1825561821460724
0.45983612537384033
0.10553040355443954
0.09318000078201294
-0.46756958961486816
0.27609026432037354
1.2341355085372925
1.564448356628418
0.044581346213817596
1.064746618270874
0.9318919777870178
0.6455042958259583
0.11572125554084778
-1.0770426988601685
-0.23390626907348633
-0.7144909501075745
0.07891582697629929
1.359909176826477
-0.6457632184028625
-0.08560135960578918
-0.7304694056510925
-0.7719345092773438
0.13031573593616486
-2.9872612953186035
-0.5327516198158264
-2.698930263519287
0.021851377561688423
-0.4637563228607178
0.31761762499809265
1.4627366065979004
0.11104889214038849
-0.951117217540741
-0.24637174606323242
1.5027899742126465
0.08497406542301178
-0.0986141562461853
0.6962805390357971
-0.9025266170501709
2.314668893814087
-1.1512013673782349
0.9789085388183594
0.8566353917121887
1.4477944374084473
0.60808265209198
0.09418074786663055
-2.44069242477417
0.05589812994003296
-1.753978967666626
-0.2120090126991272
1.5514640808105469
-2.006852388381958
-0.11864021420478821
-0.2724807560443878
-0.9616639018058777
0.11660715192556381
-0.4994281232357025
0.05656901001930237
-0.6845372915267944
-0.026618406176567078
-0.2560322880744934
0.5825107097625732
0.27143803238868713
0.0279250331223011
0.8206673860549927
-0.09613367915153503
0.27933838963508606
-0.03073716163635254
-0.21745511889457703
-0.07710213959217072
0.8014546036720276
0.8038426637649536
-0.4509316682815552
-1.0476127862930298
0.3115467429161072
0.23785948753356934
0.25187158584594727
-0.28598105907440186
-0.5659694671630859
0.1619749218225479
-0.688024640083313
0.1085507720708847
0.030379287898540497
-0.4639500379562378
0.07465063035488129
0.9213422536849976
-0.021614205092191696
0.2721703052520752
-0.49384671449661255
-0.050059352070093155
0.034689128398895264
-0.06117396056652069
-0.16724230349063873
-0.3626217246055603
-1.1013157367706299
-0.03172820806503296
0.08454194664955139
0.07938820868730545
0.21755672991275787
-0.05878179520368576
0.03363201767206192
-0.12367984652519226
0.0734429731965065
0.47733521461486816
0.6588314771652222
-0.14915548264980316
0.25439122319221497
0.41774827241897583
-0.39670848846435547
0.036632150411605835
-0.048031359910964966
0.004389017820358276
0.04179989919066429
0.11472135782241821
-1.4284746646881104
0.7914000749588013
0.020772390067577362
-0.1687483787536621
1.378887414932251
0.19488473236560822
-1.1667386293411255
-0.1352997124195099
0.04919063672423363
0.03298319876194
0.010037284344434738
0.30221372842788696
-2.3990836143493652
-0.008347557857632637
-0.42922818660736084
0.10645580291748047
0.6165415048599243
0.047267839312553406
0.01759442687034607
0.2660192847251892
-0.38401705026626587
1.0103731155395508
-0.6070771217346191
0.5852071642875671
-0.23916888236999512
0.8480257987976074
-0.3188049793243408
0.14086252450942993
-0.14105424284934998
0.022963620722293854
-0.012224100530147552
-0.1283736675977707
-1.5937583446502686
2.154573440551758
0.012410469353199005
-0.10733973979949951
-1.2920151948928833
0.2536638379096985
-0.25336503982543945
0.06449940800666809
-0.1439789980649948
-0.029227524995803833
-0.05087059736251831
0.05086740851402283
-0.5759620666503906
-0.1241782009601593
0.323409765958786
0.06405901908874512
0.20887640118598938
-0.013866260647773743
-0.049746282398700714
-0.027260221540927887
0.3350069224834442
0.42248982191085815
-0.024521179497241974
-0.3370876908302307
-0.05252746492624283
0.1896582543849945
-0.3431694507598877
-0.15349651873111725
-0.04063159599900246
0.007220663130283356
0.06474098563194275
0.0443665087223053
-0.0451480932533741
0.40872156620025635
-0.029731852933764458
0.2530343532562256
-0.8131712079048157
0.5340034365653992
1.2087488174438477
-0.8089281320571899
0.9045873880386353
0.504520833492279
-0.07276490330696106
-1.1161247491836548
0.4816827178001404
-1.1429916620254517
-0.1894521713256836
0.1303749978542328
0.8479950428009033
-0.14620590209960938
0.2785660922527313
-0.8101118206977844
0.3678666949272156
-0.891913652420044
1.4117496013641357
0.11831983923912048
0.18801310658454895
-1.5895699262619019
0.43197858333587646
-0.9722915291786194
-1.2128281593322754
-0.8417176604270935
0.029742185026407242
0.010762394405901432
-0.21184387803077698
-0.07019154727458954
-0.2403654158115387
1.5451608896255493
1.33854079246521
0.3744637370109558
2.417753219604492
-2.1596767902374268
2.702371120452881
1.4319941997528076
0.049203455448150635
0.2758144438266754
1.7281718254089355
-0.8244730234146118
-0.9460762143135071
0.1479208618402481
1.3463573455810547
0.29790130257606506
0.012737002223730087
0.9877961277961731
-1.0384055376052856
-1.974688172340393
-0.9966036677360535
1.0886222124099731
-0.043125953525304794
-2.9170010089874268
0.14685067534446716
-0.8070417642593384
-2.4419350624084473
-0.8856796026229858
-0.09752106666564941
-0.11926942318677902
-0.2494371086359024
-0.08984916657209396
0.006542116403579712
-0.726467490196228
-0.48885661363601685
0.24026769399642944
0.5548219680786133
-0.576119601726532
0.7478890419006348
0.852229118347168
-0.09298991411924362
0.8736928701400757
0.20137450098991394
-0.27718356251716614
0.9963318109512329
0.08526383340358734
0.3759961724281311
-0.03514862060546875
-0.44768446683883667
-0.08064192533493042
0.8797612190246582
-0.5817450284957886
-0.45333418250083923
-1.2399591207504272
-0.09789269417524338
-0.5400245189666748
-0.08215343952178955
-0.6854370832443237
-0.6398234963417053
-0.6015390157699585
0.06043913587927818
0.06099860370159149
-0.119435153901577
-0.026431679725646973
0.17662829160690308
-0.7508633136749268
0.32430902123451233
-0.07395762205123901
1.3235870599746704
-1.3480597734451294
-0.8750066161155701
0.14844955503940582
0.21124690771102905
-1.3378880023956299
0.7567898631095886
1.6801161766052246
-0.2107105255126953
-0.5614752769470215
1.0239551067352295
-0.10075037181377411
0.13158270716667175
-1.457209587097168
1.2035467624664307
-1.3718667030334473
2.0383832454681396
0.20921742916107178
0.495084285736084
1.0355255603790283
0.09370684623718262
-0.11309124529361725
1.2556012868881226
-0.37994590401649475
-0.004491639323532581
-0.42648351192474365
-1.187760353088379
-0.8679972290992737
-0.017105456441640854
-1.0944164991378784
-1.1111881732940674
0.045108675956726074
3.05043363571167
-2.725039005279541
-2.7612743377685547
0.024115517735481262
0.2117575705051422
0.41176509857177734
1.5422797203063965
1.5871771574020386
-1.2735354900360107
-1.9319101572036743
1.7524696588516235
0.193155437707901
-0.01917276531457901
1.485429286956787
-1.745141863822937
-2.736201047897339
-1.660180687904358
1.5049536228179932
0.01984526589512825
1.7180720567703247
0.3391605615615845
-0.05313873663544655
2.5891575813293457
0.0075851380825042725
-0.04102868214249611
-1.392574429512024
-1.1959601640701294
-2.3349599838256836
-0.04904090240597725
1.248068928718567
0.7282512784004211
0.060091421008110046
0.5673964023590088
-0.7256974577903748
-0.5680112242698669
0.1217319443821907
0.01987045258283615
0.8243041634559631
0.36806192994117737
0.863390326499939
1.39957857131958
-1.0658901929855347
0.4205954074859619
-0.04771600663661957
-0.09752518683671951
-0.3148222863674164
0.6001810431480408
-0.8287449479103088
-0.555532693862915
-1.7890639305114746
-0.07162009179592133
0.5431379675865173
0.21203333139419556
-0.38474205136299133
0.641244649887085
0.04401099681854248
0.05532873794436455
-0.20393645763397217
0.04063105583190918
-0.521740198135376
0.09494400024414062
-0.13857689499855042
0.052084557712078094
-0.2972411513328552
0.5243557691574097
-0.4387618899345398
-0.01259920746088028
-0.03614244610071182
0.6438091397285461
-0.5343659520149231
-1.4546308517456055
-0.7112318277359009
-0.02604929730296135
0.4292786717414856
0.39156481623649597
-0.06764579564332962
-0.03211139887571335
-0.6369407176971436
0.4228499233722687
-0.4675305485725403
0.7526152729988098
-0.20014680922031403
0.20111465454101562
0.2984730005264282
-0.4072871208190918
0.26868104934692383
0.031149622052907944
-0.11439628899097443
0.022873785346746445
-0.016845926642417908
1.3170661926269531
0.8932313323020935
0.00878178235143423
-0.37381649017333984
-0.8606950640678406
-0.29448211193084717
1.1321908235549927
-0.8557341694831848
0.01597464084625244
0.02334679663181305
0.8772307634353638
0.3974670469760895
-3.227764368057251
-0.9925484657287598
-0.4672064185142517
1.7888654470443726
0.7817016243934631
0.07031353563070297
-0.07088568806648254
0.7039312124252319
-0.7103598713874817
-0.9335678219795227
-0.626488447189331
0.8818832635879517
-0.14597618579864502
1.0397552251815796
-0.2669488191604614
0.12218024581670761
0.12995611131191254
0.058962609618902206
-0.05481884628534317
-0.08715792745351791
1.4968314170837402
2.4454870223999023
-0.06829434633255005
-0.0828075036406517
0.7553392052650452
-0.19700291752815247
0.27695727348327637
-0.3886580467224121
-0.022752726450562477
-0.028595097362995148
0.5211961269378662
0.10112059116363525
-0.40552207827568054
-0.5130714774131775
0.6169180274009705
0.9576865434646606
0.08932822942733765
-0.021141014993190765
-0.009752601385116577
-0.18462921679019928
0.03263081610202789
-0.3985288739204407
-0.08423472195863724
-0.6814143061637878
-0.07701723277568817
0.22856596112251282
0.04363401234149933
-0.28228604793548584
0.03472881764173508
0.11168757826089859
0.042955197393894196
0.035758182406425476
0.025058062747120857
0.6857939958572388
-0.027253400534391403
0.43686506152153015
-0.9386818408966064
0.2066800594329834
0.016063101589679718
1.0675535202026367
0.2014336735010147
0.014151139184832573
-0.14233040809631348
-0.734146237373352
0.4111286401748657
-0.7460659146308899
-0.07882888615131378
-0.1476002335548401
-1.1465685367584229
-0.004869233816862106
-0.0008499845862388611
-0.3717440664768219
0.32985547184944153
0.04721752554178238
0.5517298579216003
-0.0635591670870781
-0.026625856757164
-0.6550739407539368
-0.0694185122847557
0.20625647902488708
0.20354284346103668
-0.17155367136001587
0.03769287094473839
0.04622785374522209
0.12735506892204285
0.09985582530498505
0.024011658504605293
0.39722809195518494
0.6952362060546875
0.43159663677215576
0.014223873615264893
2.566650152206421
0.4876113533973694
-0.023317202925682068
-0.1472301483154297
0.28243589401245117
0.9497390389442444
-0.48226678371429443
-0.5625896453857422
-0.11893367767333984
-2.7199602127075195
0.0378420352935791
0.10049296170473099
0.4863959550857544
-0.6081902384757996
0.12176774442195892
-0.4789455533027649
0.49767476320266724
-0.008536972105503082
-1.1777970790863037
-0.1939208060503006
0.06535670161247253
0.1586582362651825
0.15626110136508942
-0.040529973804950714
-0.06705935299396515
0.1769053041934967
0.1522808074951172
0.012867175042629242
-0.39691853523254395
0.18647387623786926
0.1624661535024643
0.0024243518710136414
0.6090494990348816
0.16737936437129974
-0.0527365617454052
-0.14872387051582336
0.4470635950565338
0.1166074275970459
-0.15932001173496246
0.6403843760490417
-0.10823763906955719
-0.7529487609863281
-0.06462951004505157
-0.07303611934185028
-0.17273752391338348
0.17986871302127838
0.03180543705821037
-0.11478057503700256
-0.4245545268058777
0.016539692878723145
-0.27275708317756653
-0.1843048632144928
-0.23849830031394958
0.10028254985809326
0.05322152003645897
0.015407733619213104
0.010464784689247608
0.0951637327671051
0.08277003467082977
-0.023218747228384018
4.838407039642334e-05
-0.9200499653816223
-0.2672736942768097
0.045276470482349396
1.529676914215088
-0.2714496850967407
-0.002645159140229225
0.29685044288635254
-0.8621131181716919
0.3747793734073639
1.2357466220855713
-0.14788122475147247
0.5887605547904968
-1.6275088787078857
-0.00742398202419281
-0.04298870265483856
-0.6849188804626465
0.7681283354759216
0.04963427409529686
0.8698770999908447
-0.03117462992668152
0.09434619545936584
0.4526137411594391
-0.5835971832275391
0.11859937012195587
-0.17730551958084106
-0.08909790962934494
0.05110463127493858
0.0680808275938034
-0.18639114499092102
-0.3264537453651428
0.050074923783540726
-0.6068794131278992
0.3341054618358612
-0.027930304408073425
0.143504336476326
3.196415424346924
-0.57164466381073
0.03861718624830246
0.21831899881362915
0.4616100788116455
0.4936288297176361
1.0661063194274902
-0.7991048097610474
1.8634953498840332
-3.1432197093963623
0.0732613354921341
0.03208289295434952
0.7779457569122314
-0.9766814708709717
0.12705816328525543
-0.7312332987785339
0.6540319919586182
-0.16735774278640747
0.6728883981704712
-0.25473514199256897
0.06796543300151825
-0.21536853909492493
0.08487860858440399
-0.022728150710463524
-0.09047532826662064
-0.37617963552474976
-0.6146067380905151
-0.04517737776041031
1.2183693647384644
0.5440235733985901
-0.10857505351305008
-0.021305140107870102
0.7754348516464233
-0.19247467815876007
-0.06181841716170311
0.18336334824562073
0.3365187346935272
0.11424842476844788
0.575401246547699
0.9375211000442505
1.1099917888641357
-0.5621891617774963
0.0006921906024217606
-0.028864644467830658
-0.23789572715759277
0.027074486017227173
-0.033332061022520065
-0.020885635167360306
-0.6433671116828918
-0.055574290454387665
0.14439743757247925
-0.10893647372722626
-0.13554547727108002
-0.12685948610305786
0.033440329134464264
0.05419962480664253
0.024736307561397552
-0.14628902077674866
-0.14710845053195953
-0.05709448456764221
-0.6165803074836731
-0.5734111666679382
-0.04702847823500633
-0.044217683374881744
0.5156630277633667
0.05063189938664436
-0.07319541275501251
0.35766398906707764
-0.31456422805786133
-0.704756498336792
-0.515630304813385
-0.04919585958123207
-0.4339795410633087
-0.5315479636192322
-0.010104328393936157
-0.020461656153202057
-0.16607055068016052
0.30535781383514404
0.02746458351612091
0.2718105614185333
-0.09897543489933014
-0.014136582612991333
0.24944967031478882
-0.9981206655502319
0.07767336070537567
0.008685663342475891
0.0035419948399066925
0.049696631729602814
0.04163530841469765
0.1527014970779419
0.14762035012245178
0.0025687962770462036
-0.17759668827056885
0.18282175064086914
0.5239753723144531
-0.08493633568286896
0.9722283482551575
0.15689334273338318
0.05495534837245941
0.35171064734458923
0.40189841389656067
-1.5359795093536377
-0.4804542064666748
-0.39935731887817383
-1.737371802330017
-1.43569016456604
-0.03006448596715927
0.09621866792440414
0.34130898118019104
-0.12583225965499878
0.028489336371421814
-0.3261188864707947
0.24205639958381653
-0.020129799842834473
0.4563976526260376
-1.0778697729110718
0.012875473126769066
-0.012096291407942772
0.004213578999042511
-0.07011589407920837
0.02047162689268589
0.13017408549785614
0.49467551708221436
0.05581622198224068
-0.2619379758834839
0.3881157636642456
0.14398707449436188
-0.03785806894302368
0.33175039291381836
0.024861790239810944
-0.03996184468269348
0.19338759779930115
-0.06403473764657974
-0.26712557673454285
-0.4494580626487732
0.30063700675964355
-0.995500385761261
-0.2988108694553375
0.01753412000834942
-0.006373085081577301
-0.08337094634771347
0.01168493926525116
0.03350396454334259
0.053485676646232605
-0.18497195839881897
0.031484268605709076
0.072207011282444
-0.28734561800956726
-0.10870207846164703
0.0038353241980075836
0.00562610849738121
0.033351410180330276
0.032264914363622665
0.0644211620092392
0.09312722086906433
-0.015467770397663116
0.43999141454696655
