4.074612140655518
2.1895406246185303
5.814208030700684
5.004513740539551
5.408186435699463
14.911650657653809
1.1586476564407349
3.214674711227417
4.534794330596924
4.675436496734619
2.958813428878784
5.168544292449951
4.984497547149658
5.967878341674805
4.5757880210876465
2.51609206199646
2.8440911769866943
5.227733612060547
3.4591727256774902
2.981950283050537
11.187074661254883
4.437256813049316
2.061535120010376
11.743897438049316
6.517918109893799
10.678998947143555
18.702116012573242
7.884461879730225
4.980508327484131
4.478870391845703
4.987410545349121
3.39357852935791
