0.00011872928007505834
-0.00989646278321743
-0.008678902871906757
-0.005334451794624329
-0.00041437725303694606
0.1362859457731247
0.03611953556537628
0.9451329708099365
0.0024967489298433065
0.0007483998779207468
0.7237362861633301
-0.0009752181940712035
0.006517147645354271
0.0521610751748085
-0.2982369661331177
0.2365560531616211
0.10074319690465927
0.009609781205654144
-0.9160279035568237
-0.7319612503051758
-0.13415899872779846
-0.004779168404638767
0.04320898652076721
-0.3666495084762573
-0.0005420887609943748
0.09011479467153549
-0.0835232213139534
-0.04383883625268936
-0.0011571382638067007
0.0006102717015892267
0.06798680126667023
-0.0010654727229848504
