1.0428773164749146
1.3566652536392212
15.835535049438477
19.03985595703125
11.317103385925293
11.413012504577637
5.457524299621582
21.324167251586914
20.82056999206543
4.252203941345215
14.365191459655762
3.018584966659546
23.322566986083984
6.287478446960449
8.503301620483398
8.02500057220459
7.905781269073486
12.1807861328125
28.80362319946289
16.0401668548584
8.950546264648438
15.858193397521973
11.583002090454102
13.039640426635742
4.629672527313232
9.086735725402832
12.331108093261719
6.394484519958496
2.332840919494629
9.36373233795166
5.595376014709473
0.6569458842277527
