-0.059459418058395386
-0.07447664439678192
0.07739467173814774
-0.03697548061609268
0.2899531126022339
-0.0020466716960072517
-0.12818652391433716
0.3985025882720947
0.14128029346466064
-0.09669964015483856
-0.10058338195085526
-0.009977273643016815
0.08998475223779678
-0.047522321343421936
-0.01643831469118595
0.024041444063186646
0.20629367232322693
-0.14214769005775452
-0.26549914479255676
0.17816613614559174
0.2133205384016037
0.16706612706184387
0.1498808115720749
0.4554206132888794
-0.27359867095947266
0.2670551538467407
0.009760197252035141
0.2109643667936325
-0.13269710540771484
0.2209555208683014
-0.5514581799507141
-0.23772338032722473
-0.14125967025756836
0.33456143736839294
0.05903741344809532
-0.0482432059943676
-0.22391974925994873
-0.3136245608329773
0.014385946094989777
-0.36959075927734375
-0.047798074781894684
0.09718932956457138
-0.0038445740938186646
-0.49772435426712036
0.10005899518728256
0.056224316358566284
0.3584345579147339
0.1429300606250763
-0.08281894028186798
-0.0696101039648056
0.0006725098937749863
0.6089416742324829
0.1681184470653534
-1.1541712284088135
-0.022163167595863342
0.20417702198028564
-0.009920433163642883
-0.4890281558036804
-0.023567259311676025
-0.43526431918144226
0.2759894132614136
0.056429751217365265
-0.08912123739719391
0.4110530614852905
0.29571399092674255
-0.04570772498846054
-0.05952978506684303
0.5042415261268616
0.18299725651741028
-0.4011244773864746
-0.05274176597595215
0.11308839172124863
0.047955065965652466
-0.49740782380104065
0.015012234449386597
-0.1300445795059204
0.48699602484703064
0.24383705854415894
-0.2367808073759079
0.16301369667053223
-0.14806054532527924
0.5530033111572266
-0.013223379850387573
-0.23851162195205688
0.016104139387607574
0.25220823287963867
-0.033525511622428894
0.04955707862973213
-0.41665759682655334
-0.15879853069782257
0.0830499455332756
-0.53431236743927
0.20334182679653168
0.14919820427894592
0.1496686041355133
0.10960153490304947
0.03146648406982422
0.014695316553115845
0.17616760730743408
0.1987573653459549
0.09212778508663177
-0.1590230017900467
-0.12541620433330536
0.19713281095027924
-0.026927143335342407
-0.7791738510131836
-0.15877887606620789
0.34353339672088623
-0.24250780045986176
-0.029629066586494446
-0.2531634271144867
-0.13724243640899658
0.08242078125476837
0.04383789747953415
0.02803657203912735
-0.016653768718242645
0.13773135840892792
-0.014603987336158752
-0.647683322429657
0.43664881587028503
-0.5496367812156677
-0.10867378115653992
1.4785749912261963
0.09572581201791763
0.07285147905349731
0.07871094346046448
0.24644802510738373
0.007710888981819153
-0.343599408864975
0.5660509467124939
0.007162183523178101
0.033059440553188324
0.08175196498632431
-0.4061601459980011
-0.020527079701423645
0.131465882062912
0.1267271786928177
0.05395274981856346
0.05916664004325867
-1.4351398944854736
-0.04906638339161873
0.3771674633026123
-0.04424407705664635
0.06372654438018799
0.7231745719909668
-0.14198514819145203
-0.009499087929725647
0.015595894306898117
0.05911507084965706
-0.1368960291147232
-0.05671332776546478
-0.015200033783912659
-0.048344939947128296
0.28133758902549744
-0.006304651498794556
-0.6872756481170654
0.37192443013191223
0.7736932039260864
0.2570144534111023
-0.01475457102060318
-0.028012260794639587
0.09219461679458618
-0.02990804798901081
-0.09837497770786285
-1.4492416381835938
-0.03860759735107422
-0.6222643852233887
1.109511375427246
0.06962819397449493
-0.16295172274112701
-0.0027543455362319946
0.09547966718673706
-0.12613630294799805
0.11018547415733337
-0.033993594348430634
-0.04783463850617409
-0.3386315405368805
-0.08848874270915985
-0.23036636412143707
-0.020985476672649384
0.2254004180431366
-0.08196737617254257
0.03135517239570618
0.25758734345436096
-0.09122675657272339
0.29161345958709717
-0.06552207469940186
-0.0005515981465578079
-0.7320861220359802
-0.21319356560707092
0.7711350917816162
-0.07641515880823135
0.036220233887434006
-0.43945279717445374
0.16499777138233185
-1.4028093814849854
0.1461566686630249
0.626136064529419
-0.0335039347410202
0.20551934838294983
0.0170624777674675
0.1867556869983673
0.03257910907268524
0.15843071043491364
-0.048426300287246704
-0.12457028776407242
-0.12914079427719116
-0.38268229365348816
-0.07999838143587112
0.13438767194747925
0.019247449934482574
-0.07567223906517029
-0.034658610820770264
0.056883376091718674
-0.052282631397247314
-0.1122945100069046
0.08111194521188736
-0.09014672040939331
0.1568118929862976
-0.08227846771478653
0.0004033595323562622
0.017780719324946404
-0.03008386120200157
-0.1130620688199997
0.05556784197688103
-0.01931912824511528
-0.03985656425356865
0.14023494720458984
0.2430235594511032
-8.965656161308289e-05
0.23910550773143768
-0.5037761926651001
0.28740835189819336
0.3729586899280548
-0.2282439023256302
-0.017963023856282234
0.052637819200754166
-0.0886402428150177
0.17797286808490753
0.06269346177577972
-0.011783115565776825
-0.004290163516998291
-0.052325814962387085
-0.07119893282651901
0.9499019980430603
-0.010654617100954056
-0.3021245002746582
-0.047293320298194885
-1.0727747678756714
0.008284837007522583
1.117426872253418
-0.09015239030122757
0.24207866191864014
-0.04840230941772461
0.08730155229568481
-0.03526867926120758
-0.0827399268746376
0.08189351111650467
-0.013663426041603088
-0.0939561203122139
-0.7945283055305481
0.1044810563325882
0.14892920851707458
0.26168370246887207
0.6309581995010376
-0.028429746627807617
-1.1838653087615967
-0.10437578707933426
0.22174398601055145
-0.029840588569641113
-0.013035779818892479
-0.06498511880636215
0.22623056173324585
-0.32876643538475037
-0.04447261616587639
-0.17195002734661102
0.2853957414627075
-0.14534394443035126
0.003407299518585205
0.3748892545700073
0.043419208377599716
-0.16828033328056335
0.034148115664720535
0.4700731039047241
0.40156254172325134
0.015234202146530151
-0.25398367643356323
-0.059133127331733704
0.0031548161059617996
0.030437547713518143
0.042876940220594406
0.119371697306633
-0.5943862199783325
-0.028314873576164246
0.4690406918525696
-0.8582701683044434
1.8629518747329712
0.21951225399971008
-1.1541374921798706
0.06737419962882996
-0.061704009771347046
0.07139145582914352
0.155522882938385
0.036465566605329514
-0.03673373907804489
0.1295861452817917
-0.000828765332698822
-0.08721768110990524
1.5770279169082642
0.1964627355337143
0.38061758875846863
-1.3440837860107422
-0.21511207520961761
0.21089079976081848
0.621448814868927
-0.04975080490112305
0.12099429219961166
0.09406387805938721
0.16518530249595642
0.08418842405080795
0.029988739639520645
0.12766298651695251
0.07195743918418884
-0.48310890793800354
-0.06934341043233871
0.2542017698287964
0.008719829842448235
-0.019405663013458252
0.501011312007904
-0.1656317263841629
-0.10465193539857864
-0.09440631419420242
-0.08729072660207748
-0.05584246665239334
0.10060050338506699
-0.08769073337316513
-0.3599582314491272
-0.3412955105304718
0.09417949616909027
-0.5893781781196594
-0.13412944972515106
0.3902212381362915
-0.02110596001148224
-0.23260679841041565
-0.0022146180272102356
0.37852734327316284
0.005257496610283852
0.2007540762424469
-0.24236756563186646
-0.38158661127090454
0.31700602173805237
-0.10281495749950409
-0.021110789850354195
0.26179370284080505
-0.13870202004909515
-0.026862947270274162
0.03147848695516586
0.35256004333496094
0.11847049742937088
0.10202108323574066
-0.33168065547943115
-0.2650506794452667
-0.15806086361408234
-0.11261674761772156
-0.6124651432037354
-0.012128088623285294
-0.03645685315132141
0.07095721364021301
-0.010511286556720734
-0.3273833692073822
0.06711921095848083
0.07545090466737747
0.6887125372886658
-0.07008173316717148
0.20069006085395813
-0.47681859135627747
0.1435970515012741
0.3257772922515869
-0.2669144868850708
0.2348497211933136
-0.029100120067596436
-0.13100561499595642
0.11790366470813751
-0.052069395780563354
-0.3043522834777832
-0.02044549584388733
0.05905720591545105
-0.05954693257808685
-0.03278125822544098
0.0507122203707695
0.05009539797902107
-0.010680004954338074
-0.12145832926034927
0.3983480632305145
0.040398381650447845
0.09089691936969757
-0.09156271070241928
-0.16015075147151947
0.18192657828330994
-0.1246819868683815
-0.051262371242046356
-0.5431639552116394
0.06452181935310364
0.20265179872512817
-0.20225118100643158
-0.16602669656276703
-0.25622254610061646
0.2558513283729553
-0.5612009167671204
0.3569769561290741
0.4231191575527191
0.39225032925605774
0.027067042887210846
-0.18186038732528687
0.19537879526615143
-0.09489969909191132
-0.05053316056728363
-0.1468716710805893
-0.04350981116294861
0.7113351821899414
-0.29192054271698
-0.6310280561447144
-0.053209688514471054
-0.0706849992275238
-0.061003103852272034
0.49926215410232544
-0.07807770371437073
0.13714571297168732
0.295619398355484
0.13047242164611816
0.4643537104129791
0.12300145626068115
0.19911222159862518
-0.5722275972366333
-0.0764182060956955
0.6622557640075684
-0.353518009185791
-0.5807760953903198
-0.08555027097463608
0.5411615967750549
0.26504334807395935
0.21986927092075348
-0.1340102255344391
0.4493226110935211
0.17588435113430023
0.0858224481344223
0.09707978367805481
-0.10737534612417221
0.013052299618721008
-0.013739734888076782
-0.27693307399749756
-0.0818701684474945
0.08890052139759064
-0.069734126329422
-0.02969440445303917
0.05583607032895088
-0.129125714302063
-0.06386854499578476
-0.054747939109802246
-0.10224002599716187
-0.2723044753074646
-0.1846771538257599
0.27744099497795105
-0.07298107445240021
0.599914014339447
-0.6849440336227417
-0.04469619691371918
-0.21715432405471802
0.09533937275409698
-0.0791274830698967
-0.014196118339896202
0.08766008168458939
-0.009255364537239075
-0.31296446919441223
-0.019777817651629448
0.4499281942844391
0.16708089411258698
-4.2047351598739624e-05
-0.09634065628051758
-0.1655760109424591
0.07491645216941833
-0.02420804090797901
-0.05559561401605606
0.1470962017774582
-0.40897148847579956
-0.10982091724872589
-0.06778208911418915
0.01528206467628479
-0.06052074581384659
0.20020152628421783
0.4503616988658905
0.07973508536815643
0.0646476149559021
-0.08294476568698883
0.04521198198199272
0.029687553644180298
0.07376240193843842
-0.06085663288831711
-0.057622771710157394
-0.12342412024736404
0.2591676115989685
-0.08638431876897812
-0.08586777746677399
0.3197258710861206
0.24859118461608887
-0.026879336684942245
-0.0511198490858078
-0.06525848060846329
0.1745079755783081
0.007814079523086548
0.0788327157497406
-0.04914316162467003
0.05266248434782028
-0.018374890089035034
0.03267129510641098
-0.07828905433416367
0.45472073554992676
0.001114778220653534
-0.0545874647796154
0.45927679538726807
0.07910525798797607
-0.14304473996162415
0.0057799359783530235
-0.0340619757771492
0.02155693620443344
-0.03235746547579765
-0.0792403370141983
-0.02992812544107437
0.3042311668395996
-0.06105474382638931
0.2487032413482666
0.31261903047561646
-0.174993634223938
0.31439560651779175
-0.13518774509429932
-0.31667450070381165
-0.06284453719854355
-0.046010393649339676
0.04915155470371246
-0.1205991581082344
-0.2461956888437271
-0.9093875288963318
0.7901490330696106
-0.5096538662910461
0.06589680910110474
-0.5080918073654175
1.4399250745773315
0.06758192181587219
-0.13764090836048126
-0.3710795044898987
-0.015728510916233063
-0.13027700781822205
0.08694180846214294
-0.6548962593078613
0.04265131801366806
0.47195836901664734
0.43366408348083496
0.2383888065814972
-0.13173404335975647
0.34418654441833496
-0.16226910054683685
-0.4486820697784424
-3.037090539932251
1.593156337738037
-0.05342942476272583
-2.032945156097412
-0.03858955204486847
-0.27567747235298157
-0.06359055638313293
0.1702021062374115
-0.04762626439332962
0.09961923211812973
-0.6392248272895813
0.08046065270900726
0.016891051083803177
1.0797467231750488
0.0012696459889411926
0.27546635270118713
-0.028818625956773758
-0.5256456732749939
-0.21280917525291443
0.21201248466968536
0.03618026152253151
-0.1269642859697342
-0.038094960153102875
0.6336504817008972
0.06105443835258484
-0.5594497323036194
-0.1609327346086502
-0.16615618765354156
0.3283369243144989
-0.13063675165176392
0.19615930318832397
-0.17902140319347382
1.0562489032745361
-0.9647464156150818
0.005496010184288025
1.1788671016693115
-0.004213863983750343
0.29313167929649353
-0.48407551646232605
-0.18692441284656525
-0.05088353529572487
0.2637663185596466
0.3541448712348938
-0.466248095035553
1.318135142326355
0.11052478849887848
0.18186551332473755
0.2998006045818329
0.2400885969400406
0.045855291187763214
0.13941845297813416
0.05842217803001404
-0.08277051150798798
0.18628418445587158
0.020768195390701294
-0.47859179973602295
-0.05848335474729538
-0.5867530107498169
-0.008463745005428791
-0.26504456996917725
-0.21545721590518951
-0.29489755630493164
0.015091866254806519
0.02648397535085678
0.07978501170873642
-0.09075239300727844
-0.48818495869636536
0.08513596653938293
0.3152395188808441
0.5308234691619873
-0.7213056087493896
-0.21257901191711426
1.4096357822418213
-0.04322609305381775
-0.12180334329605103
-0.09235145151615143
0.027943212538957596
-0.06182891130447388
0.0010300278663635254
-0.06670939922332764
-0.1174391657114029
-0.4957573711872101
0.005182132124900818
0.2733168601989746
-0.0713692456483841
0.033189479261636734
0.03979235887527466
-0.38653847575187683
0.003905186429619789
-0.15180480480194092
0.15167073905467987
-0.2952238917350769
0.2740062475204468
-0.07023311406373978
0.02300332486629486
-0.23329120874404907
-0.05093394219875336
-0.005027797073125839
0.10257288813591003
-0.17600494623184204
0.03194495290517807
0.2031383216381073
0.03033054620027542
-0.5283254384994507
0.08922747522592545
-0.07643809914588928
-0.30719634890556335
0.32477235794067383
0.4134973883628845
-0.10326100885868073
-0.02992546744644642
-0.1537468135356903
-0.05371234193444252
-0.16431017220020294
-1.2659882307052612
0.17203208804130554
0.29033833742141724
0.8330795168876648
0.06724569201469421
-0.28242743015289307
-0.014101263135671616
-0.046892717480659485
-0.11138717830181122
-0.07197372615337372
-0.4925428330898285
0.038404904305934906
-0.010002970695495605
0.005469316150993109
-0.4455902576446533
-0.05189301073551178
0.08209788799285889
0.08734259754419327
-0.016952261328697205
0.2693934142589569
0.14606592059135437
-0.029298752546310425
0.11830852925777435
-0.027762025594711304
-0.7131428718566895
-0.008763186633586884
0.582043468952179
-0.14953351020812988
0.16938839852809906
0.13238810002803802
2.399428129196167
-1.944234013557434
0.21776752173900604
1.5625007152557373
-0.06054224073886871
0.3795567750930786
0.12027096003293991
-0.12180466204881668
0.0728694349527359
-0.5180391669273376
0.07908791303634644
-0.25507044792175293
-0.18776044249534607
-1.2024788856506348
-0.21217961609363556
-0.019837945699691772
0.1720333844423294
-0.5492552518844604
0.04318884760141373
0.6769936680793762
0.01529567688703537
0.028128206729888916
0.013288736343383789
-0.024892494082450867
0.1158713698387146
-0.0430101603269577
0.0061914920806884766
-0.06450798362493515
0.29572802782058716
-0.22652672231197357
0.06061574071645737
0.08384115993976593
0.010363779962062836
0.5391167998313904
0.430851548910141
-0.4988287091255188
-0.2701362669467926
-0.5981200933456421
0.2849929928779602
0.32629573345184326
-0.28094983100891113
0.00910571962594986
0.2162090539932251
-0.05413035675883293
0.37575533986091614
0.23035216331481934
0.05900558829307556
-0.043451886624097824
-0.08572956919670105
-0.12343136966228485
0.61080002784729
-0.04457227885723114
0.10733956098556519
-0.06413432955741882
-0.8664971590042114
0.1324133425951004
1.1290600299835205
-0.10055585205554962
-0.0819786787033081
0.04197312518954277
0.11537522077560425
-0.019787080585956573
0.11460565775632858
-0.1433769315481186
0.34548649191856384
-0.14611190557479858
-0.7149450778961182
0.15876993536949158
-0.1845058649778366
0.6236925721168518
0.6955516338348389
-0.22942093014717102
-0.8901923894882202
0.09976444393396378
-0.05364783853292465
-0.05903926491737366
0.16831225156784058
-0.19697338342666626
-0.10959593951702118
0.3912694454193115
-1.9551000595092773
-0.2999556064605713
0.08746229112148285
-0.24056869745254517
-0.037765324115753174
0.07090114057064056
0.000844709575176239
0.3682737946510315
-0.02826346829533577
-0.4457356929779053
-0.3816869854927063
-0.2691078186035156
0.23777762055397034
-0.025213763117790222
0.033695466816425323
0.20079684257507324
-0.06328867375850677
0.07171693444252014
0.03067854978144169
-0.1561359316110611
-0.4415070414543152
-0.8263283967971802
1.7577857971191406
0.17086490988731384
-1.2328736782073975
0.007360503077507019
-0.059259578585624695
0.06619878858327866
0.09399228543043137
0.028791062533855438
0.07966774702072144
-0.028744734823703766
-0.0863180011510849
-0.1484217345714569
1.6970516443252563
0.09953104704618454
-0.6045853495597839
-1.3058704137802124
0.22551606595516205
0.2678857445716858
-0.03014570102095604
0.08728010207414627
-0.07702653110027313
-0.04031730815768242
0.07965640723705292
0.08002585172653198
0.1231716051697731
-0.24760496616363525
0.13011771440505981
-0.37049904465675354
0.1892637014389038
0.3268370032310486
-0.11313847452402115
0.053885236382484436
0.2969849705696106
-0.30999043583869934
-0.03452049940824509
0.006589442491531372
0.05971454828977585
-0.09979434311389923
0.17329035699367523
-0.2516958713531494
0.011437874287366867
-0.6274617314338684
-0.18648038804531097
0.555855929851532
0.10350769758224487
-0.8406466245651245
0.04865105450153351
0.2687842845916748
0.02864035964012146
-0.2928881347179413
0.02766769751906395
0.48340746760368347
0.2919043302536011
0.6530687212944031
-0.15033188462257385
0.09669207036495209
-0.47662514448165894
-0.20106549561023712
0.0858573317527771
0.1434175819158554
-0.05871593952178955
0.3604499101638794
0.10162314772605896
-0.20644347369670868
0.08526019752025604
-0.849001407623291
0.0024926066398620605
0.23732957243919373
0.3282356262207031
0.5779619812965393
-0.6425970792770386
0.4452195167541504
-0.15703223645687103
0.19845080375671387
-0.49810653924942017
0.5893828272819519
0.8927319049835205
-0.5800875425338745
-0.06512922793626785
-0.4787463843822479
0.1508108675479889
0.41267210245132446
-0.30880075693130493
-0.1349823772907257
-0.056283220648765564
0.31067928671836853
-0.07883007824420929
0.022015400230884552
-0.1256922334432602
0.015619849786162376
-0.13171255588531494
0.12744511663913727
0.10624931007623672
-0.11320656538009644
-0.10025295615196228
0.12733834981918335
-0.007849419489502907
-0.12630866467952728
-0.023675262928009033
-0.06994001567363739
-0.47700294852256775
-0.0781112089753151
0.33467668294906616
-0.10032708197832108
-0.1187833920121193
0.22163231670856476
-0.5444190502166748
0.9728147983551025
-0.06318958103656769
-0.8498099446296692
0.1381882280111313
0.5829111933708191
-0.7950370907783508
0.3623065650463104
0.3152238130569458
-0.15967106819152832
-0.04738052561879158
0.30407631397247314
-0.0418873131275177
-0.056083157658576965
-0.17820394039154053
0.06353418529033661
0.256023645401001
0.6027700304985046
-0.11590727418661118
-0.49929872155189514
0.044753625988960266
0.06750837713479996
-0.02537108026444912
0.3714500367641449
0.012562490999698639
-0.11502870917320251
0.23244675993919373
0.02378048002719879
0.36368635296821594
0.25762778520584106
-0.3543160855770111
0.632858395576477
-0.6840867400169373
0.6476460695266724
-0.23926058411598206
-0.5603684782981873
0.030583210289478302
0.09729934483766556
0.09547480195760727
0.6560355424880981
-0.12275395542383194
-0.4476270377635956
-0.13054320216178894
-0.3687606751918793
0.5398696660995483
0.01756143383681774
0.005093962885439396
0.0318019837141037
-0.14963024854660034
-0.06183847784996033
-0.003635607659816742
-0.06940027326345444
-0.09725701808929443
0.12144336104393005
0.02965337038040161
0.10929420590400696
-0.0027355700731277466
-0.06901996582746506
-0.17249639332294464
-0.15473689138889313
0.13442109525203705
0.05255827307701111
-0.2321903258562088
0.2527419328689575
0.1369352787733078
0.39956292510032654
-0.13842372596263885
-0.24493061006069183
-0.015604585409164429
-0.22141486406326294
0.005619082599878311
0.49575722217559814
0.03280605748295784
-0.21645525097846985
0.2457636594772339
-0.07044177502393723
-0.12507811188697815
0.15784983336925507
0.1100778728723526
-0.05007398873567581
0.06992059201002121
0.7592004537582397
-0.4114530682563782
-0.7489280700683594
0.07473400235176086
0.1156410351395607
-0.29722240567207336
0.04851977527141571
0.3963386118412018
-0.028660908341407776
0.2100788652896881
-0.07344919443130493
0.4168875813484192
0.23677462339401245
0.10209441184997559
0.07370257377624512
-0.21212610602378845
-0.32162150740623474
0.4776933789253235
-0.04984057694673538
-0.14056316018104553
0.5470651388168335
0.03733905777335167
0.054040733724832535
0.006213098764419556
0.03782647103071213
0.09559940546751022
0.18750429153442383
0.06942688673734665
-0.23014108836650848
0.019013196229934692
0.08004526048898697
-0.06598173826932907
-0.005505194887518883
0.01846981793642044
0.04664797708392143
-0.04221414774656296
0.11406619101762772
-0.07452433556318283
0.10811253637075424
-0.04198142886161804
0.07818017154932022
0.17581035196781158
-0.021407052874565125
-0.06750278174877167
-0.03370999917387962
-0.03475619852542877
-0.026659533381462097
0.12149853259325027
0.22408559918403625
0.04837176203727722
-0.03257659822702408
0.2056540846824646
-0.12788262963294983
0.07002092897891998
0.18927837908267975
0.006082311272621155
-0.24374090135097504
-0.04724469035863876
-0.0026615411043167114
-0.2224487066268921
-0.3874843418598175
0.03704315796494484
0.0805143490433693
-0.1358802616596222
0.010101698338985443
-0.050561465322971344
0.01262420229613781
0.0361141711473465
-0.08995911478996277
-0.07114104926586151
0.26751694083213806
-0.02127954363822937
0.01845461130142212
0.07922406494617462
-0.04652923718094826
0.025156646966934204
0.007425021380186081
0.06116253137588501
0.12117990106344223
0.07560469210147858
-0.3527701497077942
-0.05521329492330551
0.1326887309551239
0.009183555841445923
0.03998473659157753
-0.05901414155960083
-0.2575632333755493
-0.018298005685210228
0.03539269044995308
0.1676820069551468
-0.07468916475772858
0.0441102534532547
0.0625603199005127
-0.06966143101453781
-0.15389080345630646
0.09396326541900635
0.14526969194412231
0.0029110535979270935
-0.08254867792129517
-0.01395118236541748
-0.05817166715860367
0.0024851858615875244
-0.2420906126499176
-0.040295012295246124
0.09557387232780457
0.129198357462883
0.11793100833892822
-0.1127481609582901
-0.051972489804029465
-0.11929744482040405
-0.20781981945037842
0.41253527998924255
-0.12587563693523407
0.015561319887638092
0.16555152833461761
0.15115392208099365
0.11013791710138321
-0.02708519622683525
-0.04081449657678604
0.04598861560225487
0.32704535126686096
0.35036689043045044
0.258586049079895
0.14804686605930328
0.12847799062728882
0.19588059186935425
-0.6858426928520203
0.0691203847527504
-0.03984074294567108
0.0916050374507904
0.032997019588947296
-0.0514148473739624
0.1264922320842743
0.0009740442037582397
-0.18833191692829132
-0.08018946647644043
0.3117218017578125
-0.2003200352191925
0.10720919072628021
0.12101185321807861
-0.18166756629943848
-0.050837256014347076
-0.04062635079026222
0.10412120074033737
0.18262194097042084
-0.2792391777038574
0.07081149518489838
0.7596603631973267
-0.1356450915336609
0.10161563009023666
0.07569356262683868
-0.796078622341156
-0.06074761599302292
0.08723317086696625
-0.03665480762720108
-0.005493283271789551
0.008517414331436157
-0.03963089734315872
-0.057482700794935226
0.07286913692951202
0.11973808705806732
-0.027446478605270386
-0.03387260064482689
0.018886134028434753
-0.07493378221988678
-0.026276297867298126
0.01852201297879219
-0.05296038091182709
0.11989700794219971
-0.11580295860767365
-0.05746372789144516
-0.015183523297309875
-0.060526043176651
0.018830731511116028
-0.022191986441612244
-0.0227978378534317
0.029004987329244614
-0.053423941135406494
0.08645778894424438
-0.014092966914176941
-0.0345860980451107
0.025461629033088684
0.21630915999412537
0.0008601993322372437
-0.03100547380745411
0.1602810025215149
0.05960727110505104
0.002794124186038971
0.005354050546884537
-0.004457410424947739
0.02850201725959778
0.024852856993675232
0.12015753984451294
0.3304831385612488
0.015782952308654785
0.808639407157898
-0.4517224133014679
-0.25729212164878845
0.3089947998523712
0.1187836229801178
0.01608733832836151
0.031093984842300415
0.03849309682846069
0.2054595947265625
0.07229378819465637
0.028026051819324493
0.03675924241542816
-0.050248920917510986
0.06217408925294876
-0.08841142058372498
0.02517116069793701
-0.012724339962005615
-0.12384627759456635
0.05394793674349785
0.03374842554330826
0.055435772985219955
-0.02928653359413147
0.049432482570409775
-0.008273497223854065
-0.03782689943909645
-0.04277901351451874
0.0025514811277389526
0.09972342103719711
-0.0778426006436348
0.03219262883067131
-0.2216835916042328
-0.3091830313205719
0.0190853551030159
-0.3536227345466614
-0.061431530863046646
0.28848886489868164
-0.04178228974342346
0.15548968315124512
0.23059052228927612
0.1717456728219986
-0.07243366539478302
-0.050971463322639465
0.04297323524951935
-0.17123177647590637
0.03259088099002838
-0.08511801064014435
-0.0530206561088562
0.0075612664222717285
-0.10539194196462631
-0.04270697012543678
0.05518397316336632
0.06349322199821472
-0.029307052493095398
-0.04855702817440033
0.021716520190238953
0.1384955495595932
-0.1137804314494133
-0.27201035618782043
-0.023251444101333618
-0.03895759955048561
-0.054589152336120605
0.02828359603881836
-0.04318571835756302
0.07327121496200562
-0.46401315927505493
0.15408164262771606
-0.030390530824661255
-0.3039841651916504
-0.020212896168231964
0.01815689355134964
0.03188882768154144
-0.07021257281303406
0.025416165590286255
0.14845114946365356
-0.05036923289299011
-0.00946461409330368
-0.028370138257741928
0.02110663801431656
-0.6762250661849976
0.07128628343343735
0.21595267951488495
0.13255524635314941
0.4193103015422821
-0.06763748824596405
-1.3372772932052612
0.13671839237213135
0.10868395119905472
0.016342252492904663
-0.18156787753105164
-0.05703815817832947
-0.0919557511806488
0.032381802797317505
0.024800240993499756
0.08517144620418549
0.7751979231834412
0.039918214082717896
-0.03824463486671448
-0.4973514676094055
-1.0362974405288696
0.20187388360500336
0.6326837539672852
-0.015877865254878998
0.09131434559822083
-0.01493680477142334
-0.11996619403362274
-0.0190628319978714
0.052490584552288055
0.026706241071224213
0.10198814421892166
0.05877404659986496
-0.037232816219329834
-0.07380690425634384
-0.00880451500415802
-0.027605116367340088
0.03212091326713562
0.02470237761735916
0.01900491863489151
0.05435311794281006
0.10835380107164383
0.09781287610530853
-0.017017226666212082
-0.10398100316524506
-0.022299401462078094
-0.04197273403406143
-0.008327767252922058
-0.05531524121761322
0.25487127900123596
-0.024090111255645752
-0.7308001518249512
0.1606183499097824
-1.4236527681350708
0.0944991409778595
0.4547457993030548
0.05600479245185852
-0.010188112035393715
0.09301774203777313
0.24749253690242767
-0.0012845848686993122
-0.06306427717208862
0.04444965720176697
0.048608340322971344
-0.007067948579788208
-1.10551118850708
0.04070265591144562
-0.626326322555542
0.8248096704483032
0.22536306083202362
-0.12076731771230698
-0.186642587184906
0.10834463685750961
0.06805942952632904
0.061372362077236176
0.11837880313396454
-0.05288250371813774
0.07722272723913193
0.03970934823155403
0.027486667037010193
-0.07718264311552048
0.028938546776771545
-0.07501343637704849
-0.07699915766716003
-0.08649033308029175
-0.13396787643432617
0.2011341154575348
-0.005497604608535767
-0.036882154643535614
-0.1346946805715561
-0.053339883685112
-0.18976794183254242
-0.0030478984117507935
-0.05005089193582535
0.05448456108570099
-0.014812220819294453
-0.01640428602695465
0.026526764035224915
0.1617380529642105
-0.003702208399772644
0.017884746193885803
-0.05717599391937256
0.3680521845817566
-0.020335081964731216
-0.14527809619903564
-0.09248152375221252
-0.22032643854618073
-0.10781501233577728
0.17975099384784698
-0.004353530704975128
-0.21228688955307007
-0.2511843740940094
-0.17971426248550415
-0.0877898782491684
0.02101019024848938
0.06216580420732498
-0.22087831795215607
-0.08257288485765457
-0.6082959771156311
-0.11716175079345703
-0.4454483389854431
-0.6577706336975098
-0.08959689736366272
0.27291548252105713
0.39106449484825134
0.1560927927494049
0.06980346888303757
-0.25746968388557434
0.025730013847351074
0.17958970367908478
0.09379640221595764
-0.6070619821548462
-0.19725681841373444
0.17301958799362183
-0.17949512600898743
-0.2517131268978119
-0.16730095446109772
-0.12610386312007904
-0.19514532387256622
0.12679828703403473
-0.05839353799819946
0.012371033430099487
0.04051204025745392
-0.016550768166780472
-0.03589804470539093
-0.023034652695059776
0.036864347755908966
0.005822956562042236
0.0030303895473480225
0.07875747978687286
0.016914114356040955
0.037868186831474304
-0.00989300012588501
0.08968019485473633
0.0028575733304023743
-0.015041649341583252
-0.00907781720161438
0.1843702793121338
0.19487512111663818
-0.24909698963165283
0.14617343246936798
-0.24733980000019073
-0.0616459921002388
0.5344385504722595
0.03998039662837982
-0.11399001628160477
-0.1128997877240181
0.33642083406448364
-0.3420122563838959
-0.12858951091766357
-0.2340089976787567
0.09941395372152328
-0.1671370565891266
0.016349710524082184
0.08763566613197327
-0.07650095224380493
0.057899877429008484
0.007758483290672302
-0.06839276850223541
0.01478931400924921
-0.02483576536178589
0.1371103823184967
-0.262779176235199
0.05592048540711403
-0.07783353328704834
0.05278320610523224
-0.05689983069896698
0.03174448758363724
0.054852452129125595
-0.09010299295186996
-0.024203062057495117
0.16025535762310028
0.01793377846479416
-0.02420516312122345
0.06263347715139389
0.04149848222732544
-0.12464893609285355
0.0807863175868988
-0.43872690200805664
0.10045835375785828
-0.05881655961275101
0.04404071345925331
0.22551201283931732
-0.16446682810783386
-0.11063840985298157
-0.000452469103038311
0.02747879922389984
-0.05471549928188324
0.020441560074687004
0.04355758801102638
0.04582486301660538
0.03157855570316315
0.019391033798456192
0.01049167662858963
0.04543469101190567
-0.00896337628364563
-0.0037114471197128296
0.14067168533802032
0.029800251126289368
-0.05628502368927002
-0.008013226091861725
-0.06535954773426056
0.03408608213067055
-0.060396067798137665
-0.07009913772344589
0.0679519921541214
0.046147122979164124
0.04326431453227997
0.12869487702846527
-0.06371800601482391
0.055481016635894775
-0.03703226149082184
-0.051937684416770935
0.018984854221343994
0.014735102653503418
-0.047910094261169434
0.07843184471130371
0.06273201107978821
-0.04090403392910957
-0.0636327862739563
0.15475767850875854
-0.07755659520626068
-0.03852258622646332
0.49210697412490845
-0.12354186177253723
0.05551072955131531
-0.2874729335308075
0.04935704171657562
-0.08540643751621246
0.05928821861743927
-0.09655743837356567
-0.16006878018379211
0.16027817130088806
-0.010716268792748451
0.03491119667887688
-0.0663878321647644
-0.0003363117575645447
0.060912057757377625
0.06715917587280273
-0.08326095342636108
0.17984190583229065
-0.1331765502691269
0.03249562531709671
0.03646291792392731
0.08533310145139694
0.11708952486515045
0.03626014292240143
-0.11211173236370087
-0.020547039806842804
-0.13650217652320862
-0.09327400475740433
0.11402253806591034
0.06319399178028107
0.5854284763336182
0.018367499113082886
0.10114029794931412
0.5267895460128784
0.19502833485603333
0.10084109008312225
-0.14489015936851501
-0.15042328834533691
0.12144957482814789
-0.20705536007881165
-0.155021071434021
0.0977635607123375
-0.5688381195068359
0.2944978177547455
-0.5144840478897095
-0.21732735633850098
-0.24529176950454712
0.15972603857517242
-0.00755724310874939
-0.42800238728523254
0.08384963870048523
0.2430352121591568
-0.12900567054748535
0.08226801455020905
0.058257222175598145
0.23328973352909088
0.4845467209815979
0.8207558393478394
-0.4096141457557678
-0.6211569309234619
0.05155842378735542
0.3734762668609619
0.7212069034576416
-0.8277835845947266
-0.05491696298122406
1.0360498428344727
0.09591615945100784
-0.33422577381134033
0.01095513254404068
0.24341163039207458
-0.21675850450992584
-0.3447275757789612
-0.1737523078918457
-0.3828972578048706
0.03606748580932617
-0.3205950856208801
0.09291931986808777
-0.013936325907707214
0.06293728202581406
-0.030237168073654175
-0.0016760826110839844
0.09258047491312027
-0.023352041840553284
0.5846594572067261
0.051857300102710724
0.4549121856689453
0.27604174613952637
-0.14145974814891815
-0.27464669942855835
-0.05555950850248337
1.7000097036361694
-0.10780662298202515
0.03274519741535187
-0.455463171005249
-0.14122793078422546
0.4495922923088074
0.025901678949594498
-0.37522682547569275
0.000573374330997467
0.18817256391048431
-0.010053379461169243
-0.10714677721261978
0.12703870236873627
0.3840566575527191
-0.2320825755596161
0.09955823421478271
-0.13537266850471497
0.5893465876579285
-0.3280779719352722
0.19781598448753357
0.17736946046352386
-0.095463328063488
-0.1711348444223404
0.2588387131690979
-0.08494129776954651
-0.2641393840312958
0.11159158498048782
-0.5448113083839417
0.10596761107444763
0.32967260479927063
0.14276669919490814
0.03469976410269737
0.18021930754184723
-0.019560441374778748
-0.05308881402015686
-0.1863899976015091
0.21738573908805847
0.32154160737991333
0.10328708589076996
0.2160528004169464
0.01242089830338955
-0.7783829569816589
-0.05032375082373619
0.45387813448905945
0.26279759407043457
0.1256140172481537
0.06505551934242249
0.18455016613006592
-0.007268369197845459
0.10906790941953659
-0.03935645520687103
0.025103211402893066
0.030791375786066055
0.01896505057811737
-1.4894541501998901
0.1494489312171936
-0.715697169303894
-0.14189156889915466
1.2081894874572754
-0.03567897528409958
0.17981773614883423
-0.010611169040203094
0.17268535494804382
0.08456787467002869
-1.9506741762161255
1.6238698959350586
-0.20129592716693878
-0.476878821849823
0.006615573540329933
0.1646530032157898
-0.07337727397680283
-0.03244141489267349
0.13163189589977264
-0.22355937957763672
0.052281081676483154
-2.0677621364593506
0.03482087701559067
0.8706874251365662
0.08877146989107132
0.027046650648117065
0.6576569676399231
0.2392243891954422
-0.08706159889698029
-0.06440679728984833
-0.1672399640083313
0.143395334482193
0.06440836936235428
-0.303343802690506
-0.02968796342611313
-0.12486831098794937
0.007227987051010132
-0.4495607018470764
0.09076696634292603
0.9628592729568481
0.14596126973628998
-0.06687745451927185
-0.05317668616771698
0.09036765992641449
0.02679428458213806
0.02370176464319229
-0.7096501588821411
-0.13128405809402466
-1.3204437494277954
0.8145685195922852
-0.18133367598056793
-0.2152211219072342
-0.2372475564479828
0.043822526931762695
0.10260182619094849
0.004804227501153946
-0.07639051973819733
-0.18414360284805298
-0.3922034204006195
-0.09721681475639343
-0.07806740701198578
-0.13766828179359436
-0.02367212623357773
0.1710178405046463
0.04945649206638336
0.10569783300161362
0.23979617655277252
0.23028533160686493
0.10798421502113342
0.0049807410687208176
-0.6462235450744629
-0.16650819778442383
0.32902565598487854
0.010282918810844421
-0.196952223777771
0.16137176752090454
-0.21209761500358582
-0.15240813791751862
0.013562321662902832
-0.02869463339447975
0.0641859769821167
0.006537124514579773
0.1222628802061081
-0.35274118185043335
0.008578542619943619
-0.5694699883460999
-0.156154066324234
0.07236963510513306
0.1721678525209427
0.10740219056606293
0.06671947240829468
0.7206990122795105
0.13067744672298431
0.07744961231946945
0.07988516986370087
-0.008763208985328674
0.07008686661720276
0.018811509013175964
0.018418990075588226
-0.10781295597553253
0.15367677807807922
-0.5771141648292542
0.15367698669433594
0.34010040760040283
0.22224384546279907
-0.0030570700764656067
0.010281018912792206
-0.5734729766845703
-0.14641417562961578
-0.028338739648461342
0.4424242079257965
0.10979515314102173
0.36749595403671265
-0.26079678535461426
0.29275140166282654
0.5262047052383423
-0.21007725596427917
0.47448936104774475
0.06954304873943329
-0.2342885285615921
0.32209786772727966
-0.11926040053367615
-0.0644240751862526
-0.00016723573207855225
0.011602476239204407
0.10903824865818024
0.5710060596466064
-0.04237642139196396
-0.46707475185394287
-0.19446909427642822
-0.7774859070777893
0.004844151437282562
1.2340507507324219
-0.014216780662536621
0.08787444233894348
-0.1286720633506775
0.23143920302391052
0.06738489866256714
-0.1359604299068451
0.17577289044857025
-0.11771927028894424
0.10383974760770798
-0.6422814726829529
-0.1517898440361023
-0.1841852068901062
0.7563060522079468
0.6697927713394165
-0.11238297820091248
-0.7798942923545837
-0.20526838302612305
0.02216199040412903
0.04006233811378479
0.1650983691215515
0.10296642780303955
-0.20161375403404236
0.174265056848526
0.0003991778939962387
-0.7911625504493713
-0.3371458351612091
0.468400239944458
-0.030583113431930542
-0.4594055712223053
0.01628165692090988
0.2070760875940323
0.03264176845550537
-0.4074021875858307
0.0894479975104332
-0.061689816415309906
-0.13176925480365753
0.5610376000404358
-0.008407890796661377
-0.20163008570671082
0.10791453719139099
-0.011845618486404419
-0.26343777775764465
0.17728523910045624
1.3262627124786377
-0.4681892395019531
1.9726171493530273
-0.023283328860998154
-1.2395771741867065
-0.04366287589073181
0.05619504302740097
-0.05533953011035919
-0.016928479075431824
-0.14363212883472443
-0.09189501404762268
0.032275158911943436
0.01634841412305832
0.1087796613574028
1.1293699741363525
-0.10081668943166733
1.5890095233917236
-1.2096208333969116
0.06946516036987305
0.08288003504276276
0.22712445259094238
-0.16529355943202972
0.002923324704170227
-0.15897148847579956
0.10509466379880905
-0.08551758527755737
-0.561782717704773
0.7141843438148499
-0.14018435776233673
0.3217954933643341
-0.00454740971326828
-0.19119015336036682
0.07699274271726608
0.20853173732757568
0.5161389112472534
-0.18289940059185028
-0.28330668807029724
-0.6623080968856812
0.14485104382038116
0.007494606077671051
0.620751142501831
0.14861683547496796
-0.5693238973617554
-0.6449877619743347
0.017688900232315063
0.3553076684474945
0.18749426305294037
-0.6541730165481567
0.039765920490026474
0.39642608165740967
0.02672809362411499
-0.144195556640625
0.0390121266245842
0.5580812096595764
0.09089479595422745
-0.6514644026756287
0.2514406144618988
-0.15079477429389954
-0.36906763911247253
0.683749794960022
0.45539727807044983
0.151654452085495
0.3599691390991211
-0.4363064765930176
0.06593196094036102
0.40455466508865356
-0.019465837627649307
-0.8760194182395935
-0.06988182663917542
0.13166360557079315
-0.17870521545410156
-0.30087125301361084
-0.45365244150161743
-0.7287497520446777
-0.04497954621911049
-0.38935586810112
0.09084274619817734
-0.20460999011993408
0.22988563776016235
0.025650538504123688
0.39669081568717957
-0.22177532315254211
0.0776735469698906
0.3891846835613251
-0.074983149766922
0.2749929428100586
0.060141101479530334
-0.15473224222660065
-0.014468923211097717
-0.11015509068965912
-0.24082592129707336
-0.17917226254940033
-0.02532844990491867
-0.12632706761360168
0.20598140358924866
-0.043069854378700256
-0.012991064228117466
0.3127686083316803
0.15585030615329742
0.06854387372732162
-0.04228033125400543
0.07017578929662704
-0.33751949667930603
-0.1959785670042038
0.33100801706314087
-0.11888161301612854
-0.06063537299633026
-0.6110202074050903
0.09167936444282532
-0.21003155410289764
-0.06855595111846924
0.08640478551387787
-0.3109790086746216
0.14446137845516205
-0.26401787996292114
0.41310277581214905
0.14788579940795898
0.4036981463432312
0.07772091776132584
-0.19925811886787415
0.2368227243423462
-0.0709046721458435
0.6950746178627014
-1.0558170080184937
0.11478059738874435
-0.05396606773138046
0.11838795244693756
0.31084996461868286
-0.029897540807724
0.6018710136413574
-0.16945865750312805
0.7748433947563171
-0.247887521982193
0.9083102941513062
0.18877048790454865
0.15263433754444122
0.3322376608848572
-0.3870979845523834
0.8728649020195007
-0.6059224009513855
0.19571487605571747
-0.5206037759780884
-0.3238835334777832
0.707473874092102
0.09475438296794891
-0.1110755205154419
0.0830996185541153
0.6311845779418945
-0.1167198121547699
0.6293700933456421
0.16589607298374176
0.22579437494277954
0.23827391862869263
0.20399469137191772
-0.3414882719516754
-0.2818748950958252
-0.1304640769958496
-0.24807170033454895
0.2926841676235199
0.16123704612255096
0.11308521032333374
0.3898206353187561
0.06066007912158966
0.25998401641845703
-0.0880909338593483
0.018237829208374023
-1.088897466659546
0.09262533485889435
0.7112792730331421
-0.15311239659786224
2.7184414863586426
-2.024486541748047
0.12466724216938019
-0.11256080865859985
-0.07201024889945984
-0.373049795627594
-0.007378481328487396
-0.1912420094013214
-0.0008941525593400002
0.16267091035842896
-0.03215167298913002
1.5061326026916504
-0.18045929074287415
-1.0326611995697021
0.16332700848579407
-0.26090875267982483
-0.06545735895633698
-0.7431780695915222
-0.23393984138965607
-0.10575681924819946
-0.18807849287986755
0.06375962495803833
-0.5472661852836609
0.45980969071388245
-0.2697359621524811
0.433902770280838
0.24572671949863434
0.611106812953949
0.09977538883686066
-0.2682931125164032
0.3761357069015503
-0.0708780363202095
0.09504347294569016
0.030668022111058235
0.01828153431415558
-0.0342581644654274
0.2709660530090332
-0.04368164390325546
0.19065923988819122
0.16659113764762878
0.1691036969423294
0.04079417139291763
0.006407948210835457
-0.11931353062391281
0.10299602895975113
0.14469075202941895
0.048344675451517105
-0.0016375482082366943
-0.031826138496398926
-0.1646062135696411
0.07719416916370392
0.06187102571129799
0.4931703209877014
0.006056990474462509
0.2353341281414032
0.6043060421943665
0.2370373010635376
0.02318299561738968
-0.13780167698860168
-0.04149675741791725
-0.23756034672260284
-0.08875678479671478
-0.14818358421325684
0.09050819277763367
0.23611301183700562
0.20622558891773224
0.04977128654718399
-0.0842340737581253
0.4124358296394348
-0.06856300681829453
0.18582852184772491
0.5612605810165405
0.17309658229351044
0.5941941738128662
-0.13728295266628265
0.08283339440822601
0.2567821145057678
0.6177056431770325
-0.5149825811386108
-0.21677429974079132
0.01649538427591324
0.4167550802230835
0.6662067770957947
1.1362147331237793
0.10604435205459595
-1.6627843379974365
-0.05050671100616455
-0.04948528856039047
0.012981001287698746
0.651669442653656
0.07268653064966202
-0.4893672466278076
-1.5869789123535156
-0.10803493857383728
-0.5298868417739868
-3.105609893798828
-0.09933461993932724
0.48897069692611694
0.37184786796569824
0.09194736927747726
0.11835972964763641
-0.3229066729545593
-0.030745552852749825
0.22419756650924683
0.09225864708423615
0.3356173634529114
0.05129168927669525
-0.6334807276725769
-0.6473962068557739
-0.26714640855789185
-0.21963980793952942
0.07939736545085907
0.5257797837257385
1.276577115058899
-0.2341471016407013
0.2015649527311325
0.15060459077358246
-0.6247251629829407
0.046316877007484436
0.5280513763427734
0.06810560077428818
-0.11691264808177948
0.037609003484249115
-1.6117695569992065
-0.2564239203929901
-3.3135714530944824
1.2189091444015503
-0.31969553232192993
0.5855942964553833
-0.14866898953914642
-0.31146979331970215
1.2356455326080322
0.3917658030986786
-0.7832534313201904
0.05535265803337097
0.6846429109573364
-0.00667668879032135
-0.17604801058769226
0.006761267781257629
0.2781452536582947
-0.006403803825378418
-0.7014743089675903
1.2237112522125244
-0.4202105402946472
0.1268467903137207
0.2992855906486511
0.05757337063550949
-0.10324474424123764
0.04451105743646622
0.22140437364578247
-0.06275320053100586
0.0030983835458755493
0.0536620207130909
-0.549687385559082
0.06752297282218933
-0.3181133568286896
0.4947446286678314
-0.2566460967063904
0.3112751245498657
0.011798612773418427
-0.05733668804168701
-0.020386159420013428
-0.057108089327812195
0.023862242698669434
-0.30695247650146484
0.007379353046417236
0.23238477110862732
0.3251311480998993
-0.5361163020133972
-0.27490174770355225
1.176457405090332
-0.07547184824943542
0.03764110803604126
-0.11519692093133926
-0.026239514350891113
0.008452435955405235
0.639977753162384
0.2905822694301605
0.07292303442955017
0.3384384214878082
0.20276561379432678
-0.6477625370025635
0.0992724597454071
0.28968545794487
-0.015438735485076904
-0.09296596050262451
0.018366815522313118
-0.43835920095443726
-0.004095152020454407
-0.14427457749843597
0.1302230805158615
-0.04360653832554817
-0.08144183456897736
-0.24204190075397491
-0.2575450837612152
-0.0376773327589035
0.014505468308925629
0.07574764639139175
0.0832052081823349
0.12331173568964005
0.029193522408604622
0.0050027985125780106
0.05064944177865982
0.11852794140577316
-0.2134772092103958
0.6276212930679321
0.412946879863739
-0.3091639280319214
0.0018340200185775757
-0.10614455491304398
-0.1750529706478119
0.017280295491218567
-0.7095884084701538
-0.13067995011806488
0.1347147822380066
0.5282983183860779
-0.06149711832404137
-0.2711198329925537
-0.3473981022834778
-0.09658711403608322
0.26642081141471863
-0.1468738615512848
-0.29980361461639404
-0.0026470208540558815
-0.026151105761528015
-0.004336543381214142
-0.14030763506889343
-0.05500052869319916
0.10646083205938339
0.1197701022028923
0.0781402587890625
0.10697046667337418
0.021134018898010254
0.152995765209198
0.024076253175735474
-0.05818726122379303
-0.8440446257591248
-0.12836381793022156
0.33723610639572144
-0.0693039745092392
0.05641131103038788
-0.5907170176506042
-0.5009838342666626
-0.39222943782806396
0.3026908338069916
0.3695390820503235
0.06087174639105797
0.26997318863868713
0.025137215852737427
-0.4933593273162842
-0.040506765246391296
0.4319094121456146
0.16483651101589203
0.07613299787044525
0.10995839536190033
0.46524280309677124
0.4668133854866028
0.14225710928440094
-0.31877249479293823
0.6397228837013245
0.20308364927768707
0.19134041666984558
-0.10870127379894257
0.4647606611251831
0.009995760396122932
-0.1173214465379715
0.0014944560825824738
0.3972296416759491
0.25740453600883484
-0.7655895352363586
1.8134424686431885
1.0700418949127197
-0.42170077562332153
0.45937269926071167
0.5081088542938232
-0.10978011786937714
0.8865885734558105
0.17564450204372406
0.12549899518489838
-0.020242765545845032
0.28371989727020264
0.854498028755188
-0.23237867653369904
0.02265605702996254
-0.08018758147954941
0.8234153985977173
-0.4716091752052307
-0.7459240555763245
0.08087055385112762
-0.028966447338461876
0.05025757476687431
0.021999161690473557
0.6658800840377808
-0.020627930760383606
0.14701491594314575
0.1422574371099472
-0.4863206446170807
-0.07324173301458359
1.2933430671691895
-0.1481364518404007
-0.3453260660171509
0.03069533407688141
0.004602901637554169
0.0699043944478035
0.18110190331935883
-0.33812543749809265
-0.25452280044555664
0.17104245722293854
-0.7295832633972168
-0.333074152469635
0.06765437871217728
0.8974666595458984
0.7343738675117493
-0.13303150236606598
-0.4888540208339691
0.12420111894607544
-0.1570759415626526
0.1403471827507019
0.09959210455417633
0.017889633774757385
-0.005185618996620178
-0.5202393531799316
-0.2507270276546478
-1.5231510400772095
0.4369722902774811
1.2509733438491821
0.023482799530029297
0.6272969841957092
0.08885285258293152
-0.3222702741622925
-0.026444202288985252
0.1552950143814087
-0.02571871131658554
-0.30385759472846985
0.24415287375450134
2.3491055965423584
-0.0011410005390644073
0.07210627943277359
-0.13943320512771606
-0.09794758260250092
0.09761980921030045
0.1513536274433136
-0.4612097442150116
-0.20660853385925293
1.8118081092834473
-0.16521798074245453
-1.080838918685913
-0.006726197898387909
0.004123657941818237
-0.10578164458274841
0.030813992023468018
-0.0372624471783638
0.21884289383888245
-0.11279889941215515
-0.040187083184719086
-0.0006580054759979248
1.5131388902664185
-0.15068404376506805
-0.614046037197113
-0.5266945362091064
0.16783666610717773
-0.07472142577171326
-0.06871306896209717
0.020923495292663574
-0.25167346000671387
-0.10093802213668823
-0.08139580488204956
-0.17700351774692535
0.1098700761795044
-0.884925901889801
-0.4824220538139343
0.39292779564857483
0.28429946303367615
-0.10587991029024124
-0.0392933189868927
0.2713041603565216
0.3534361720085144
-0.33287179470062256
-0.14063918590545654
0.6229433417320251
0.23368781805038452
0.5642383694648743
0.6044832468032837
0.5613218545913696
-0.6594924926757812
-1.4953892230987549
-0.17296458780765533
-0.8219829797744751
-0.19622902572155
0.6741927862167358
-0.023128673434257507
-0.32995322346687317
-0.005728892982006073
0.16419774293899536
0.08374081552028656
1.2859996557235718
-0.10291257500648499
1.9391025304794312
-0.10489833354949951
-0.23919110000133514
-0.4072806239128113
0.22846759855747223
0.2211822122335434
0.3221161961555481
-0.15633434057235718
0.19590617716312408
-0.17541225254535675
-0.40742653608322144
0.32862743735313416
-1.50163996219635
-0.04799209535121918
0.43065017461776733
0.6997953057289124
-0.09681496024131775
0.2335379272699356
-0.12849383056163788
-0.4393576383590698
0.1504158079624176
0.13544727861881256
-0.5635879039764404
0.3333110213279724
0.5775758028030396
0.0028555355966091156
-0.22080810368061066
0.1371336281299591
0.5153186917304993
-0.051585230976343155
-0.12777133285999298
0.1493513584136963
0.3773375451564789
0.0043487548828125
0.30843302607536316
-0.14770807325839996
-0.09379871189594269
-0.016544878482818604
-0.24663332104682922
0.378696084022522
0.054389603435993195
0.15565957129001617
0.5154814124107361
0.08046545088291168
0.42535263299942017
-0.01261219009757042
-0.10649986565113068
-2.7340219020843506
-0.36880165338516235
1.0259418487548828
-0.2346128225326538
-0.5119163990020752
0.331204354763031
0.1872253268957138
-0.729478120803833
0.011852733790874481
0.8722847700119019
-0.0399947389960289
0.31648802757263184
-0.3462909758090973
0.4322487413883209
0.06254826486110687
-0.14570312201976776
0.090199775993824
0.5702059864997864
0.28403833508491516
0.4569319784641266
-0.13453714549541473
1.0309115648269653
0.6904622316360474
0.04870938882231712
0.19394293427467346
0.2553727626800537
0.037991344928741455
0.5970083475112915
-0.05363545939326286
0.8626762628555298
-0.1319478452205658
-0.8250606656074524
-0.07557068020105362
-0.4519323706626892
0.9152635931968689
-0.8814215064048767
-0.03385142982006073
0.8509632349014282
0.16837023198604584
-0.5020160675048828
0.1074906513094902
0.6679913401603699
0.01864755153656006
0.6325509548187256
0.07423080503940582
0.6148513555526733
-0.13029877841472626
-0.5283222794532776
0.0371396578848362
-0.6133902072906494
0.5069352984428406
0.7161970138549805
0.02971743792295456
0.0515272319316864
0.09667817503213882
-0.009083796292543411
0.11638547480106354
-0.1346970647573471
0.13491758704185486
0.1991238296031952
-0.005875047296285629
-0.13921919465065002
0.051141686737537384
-0.0873698815703392
-1.2863997220993042
0.1222568154335022
0.39230477809906006
-0.2805155813694
-0.46791374683380127
0.32829728722572327
-0.09062453359365463
-0.312823623418808
-0.08871068805456161
0.4295700192451477
0.06549403071403503
0.07086624950170517
-0.01262328028678894
0.2115262746810913
-0.021335914731025696
-0.16546320915222168
0.1944459229707718
-0.3193493187427521
0.09547851234674454
-0.0007590875029563904
-0.49412187933921814
0.4093512296676636
0.6270148158073425
-0.06882254779338837
0.18305063247680664
0.2666560709476471
0.1425207555294037
0.9207150936126709
-0.48620349168777466
0.7195536494255066
0.16962739825248718
0.005829527974128723
-0.20207446813583374
1.0871871709823608
-0.06502437591552734
-0.8511523008346558
0.041823286563158035
0.037793830037117004
-0.23923182487487793
-0.03915632143616676
0.23170198500156403
-0.2354460060596466
0.29651978611946106
0.4561885893344879
0.3073829710483551
-0.03729846328496933
-0.15324224531650543
0.13066883385181427
-0.24191972613334656
0.26936647295951843
0.19846001267433167
-0.11067499220371246
-0.0018025189638137817
0.038645535707473755
-0.023560017347335815
0.05338623374700546
-0.004190295934677124
0.04701516032218933
0.028920374810695648
0.15279732644557953
-0.2605145573616028
-0.018993759527802467
0.06121489405632019
0.051840633153915405
0.08086012303829193
-0.0576370432972908
-0.08952917158603668
0.039235919713974
-0.017268655821681023
-0.19679057598114014
-0.06678678095340729
-0.2377168983221054
-0.2683931589126587
0.1150154396891594
-0.2770271897315979
-0.3931191563606262
-0.04253097623586655
-0.38574331998825073
-0.06634409725666046
0.05773785710334778
0.41711631417274475
0.002165168523788452
0.23498959839344025
0.07564132660627365
0.02921876311302185
0.16138499975204468
-0.11208328604698181
-0.17878955602645874
-0.051443032920360565
0.20859752595424652
-0.03497937321662903
-0.04089127108454704
-0.0019644908607006073
-0.45745930075645447
-0.06525156646966934
0.01746341958642006
0.4502577483654022
0.02641218900680542
-0.0874420702457428
0.21338780224323273
-0.052513569593429565
0.07416963577270508
-0.05248679593205452
-0.08187012374401093
-0.051510944962501526
0.1678406298160553
0.0920611172914505
-0.10785971581935883
-0.0020637139678001404
-0.161569744348526
-0.009148910641670227
0.1154131069779396
0.08824174106121063
0.166056290268898
0.029002342373132706
-0.05577722191810608
0.08782313019037247
-0.18953683972358704
-0.06590043008327484
-0.03923004865646362
0.07431964576244354
0.010618018917739391
-0.06374263763427734
-0.004122719168663025
-0.026226893067359924
-0.243413507938385
-0.01422467827796936
0.08226175606250763
0.08569414168596268
0.2028483897447586
-0.3260594606399536
-0.03156095743179321
-0.2596137821674347
-0.3631063401699066
-0.4283170700073242
0.20000921189785004
0.0259733647108078
-0.042453862726688385
0.2293427586555481
-0.07325652986764908
0.11697641760110855
-0.049190130084753036
0.042901672422885895
0.45159658789634705
-0.011297350749373436
0.2858007550239563
0.34564530849456787
-0.29565057158470154
0.09449072182178497
-0.6928025484085083
-0.08910736441612244
-0.07022786885499954
0.0524449497461319
0.013708814978599548
0.13136018812656403
-0.005480244755744934
0.08017834275960922
-0.2482636272907257
0.023493334650993347
0.6106387376785278
0.1913348138332367
0.2621661424636841
0.27582505345344543
0.25549471378326416
-0.05069147050380707
-0.16978812217712402
0.029398499056696892
0.02920158952474594
-0.03786193206906319
0.014629073441028595
1.3516709804534912
-0.11011966317892075
0.301950603723526
0.05967048928141594
-0.4028840661048889
0.05430828034877777
0.08569155633449554
-0.034316930919885635
-0.028610974550247192
0.035629525780677795
0.02641739509999752
-0.06789825111627579
-0.0310651957988739
-0.0026781270280480385
0.0689801275730133
0.023502852767705917
-0.01479080319404602
0.10655077546834946
-0.04796320199966431
-0.2016524374485016
-0.024574249982833862
0.08671384304761887
0.10471312701702118
-0.08567778021097183
-0.038516025990247726
-0.10889925062656403
0.07829299569129944
-0.024774469435214996
0.03690288960933685
0.05319107323884964
-0.061661724001169205
0.027586936950683594
-0.010608978569507599
-0.14459174871444702
-0.05839868262410164
0.14340057969093323
-0.00021507218480110168
-0.023349381983280182
0.19188208878040314
0.2080046385526657
-0.08491415530443192
0.03348587453365326
0.013111822307109833
0.09757241606712341
0.010047197341918945
0.03427344560623169
0.39828038215637207
0.036385029554367065
1.0758628845214844
-0.2425151765346527
-0.08874139934778214
0.16965657472610474
0.04838840663433075
0.01629234105348587
0.07507782429456711
0.06642479449510574
0.13940094411373138
-0.026789642870426178
-0.0036440491676330566
-0.021190181374549866
-0.011028051376342773
0.021359629929065704
-0.09437619894742966
0.013472131453454494
-0.007201045751571655
-0.12054768204689026
-0.031286731362342834
-0.03390444815158844
0.01842222921550274
0.004649996757507324
0.05486913025379181
-0.10132130980491638
-0.0265234112739563
-0.020760416984558105
0.14408867061138153
0.06803137809038162
-0.08406829833984375
0.14860357344150543
-0.13298580050468445
-0.3309934139251709
-0.04412854090332985
-0.11129571497440338
-0.0055153523571789265
0.04171736538410187
0.047749899327754974
0.1521104872226715
0.07321011275053024
-0.03691767528653145
-0.08970274776220322
-0.08605511486530304
-0.13116593658924103
-0.5916110873222351
-0.13022485375404358
0.014121152460575104
0.0723908543586731
0.007516622543334961
0.19081182777881622
0.05537175387144089
0.03456829488277435
0.00966663658618927
0.06531499326229095
0.48358115553855896
0.19281771779060364
0.3841245174407959
0.1089468002319336
0.3341256380081177
0.13037264347076416
0.28704938292503357
0.08048322796821594
0.06964308768510818
-0.03472636640071869
0.04586371034383774
-0.7535079121589661
0.20285245776176453
-0.03570073843002319
-0.06584016978740692
0.032650500535964966
-0.3339652419090271
0.05211511254310608
-0.24689213931560516
0.4391861855983734
-0.4063226282596588
-0.07797172665596008
-0.05786878615617752
0.035420678555965424
0.04885131120681763
-0.21889668703079224
-0.059060417115688324
0.5603416562080383
0.07390095293521881
0.2529040575027466
-0.031604986637830734
-0.5975404381752014
0.04065398499369621
0.004496484994888306
-0.07166794687509537
-0.06117372587323189
0.02077643945813179
-0.08163592219352722
0.02112676203250885
-0.08524481952190399
-0.021432694047689438
0.29271838068962097
0.06169179826974869
0.1834806501865387
-0.04470864683389664
-0.19835251569747925
-0.012258913367986679
0.4141189157962799
-0.00044684484601020813
0.0982845351099968
-0.12347906827926636
-0.06826359778642654
-0.018160484731197357
-0.08497285842895508
0.0019437968730926514
0.16305164992809296
0.07015730440616608
-0.1821247786283493
-0.29455849528312683
0.01455332525074482
-0.27441298961639404
-0.027832433581352234
0.051587097346782684
0.029320091009140015
0.10866428911685944
-0.18562909960746765
-0.03313803672790527
0.026984479278326035
-0.20111419260501862
-0.0043030716478824615
0.045564502477645874
-0.04330199956893921
-0.083001047372818
0.11870656907558441
0.04088597744703293
-1.2522526979446411
0.41073736548423767
-0.7137789130210876
-0.10263659805059433
0.36787116527557373
0.0594547800719738
0.06971747428178787
0.10921807587146759
0.01172591745853424
-0.11103618890047073
-0.07115069776773453
0.008313676342368126
-0.08197329193353653
-0.004788979887962341
-0.5988629460334778
-0.02667073905467987
-1.0782246589660645
0.5726395845413208
-0.028491340577602386
-0.08465626090765
0.08886681497097015
0.06220247969031334
0.23013964295387268
0.11659589409828186
0.05822204425930977
-0.03401269391179085
0.09864012897014618
0.053542934358119965
-0.004691988229751587
-0.04001603275537491
0.012600201182067394
-0.10029168426990509
-0.1259717494249344
0.0054563432931900024
-0.03388351574540138
0.058653295040130615
0.07668592035770416
-0.0025763045996427536
0.08732359856367111
-0.27345046401023865
-0.027748428285121918
-0.051597803831100464
0.04680189490318298
0.09496534615755081
-0.0026765763759613037
0.07952678948640823
-0.05011753737926483
0.07279691100120544
0.05179140716791153
-0.13583527505397797
-0.06737083196640015
0.32961833477020264
-0.06970766931772232
-0.18562868237495422
0.03671525418758392
-0.17751815915107727
-0.033973079174757004
-0.00861687958240509
0.1694602072238922
0.549889087677002
0.18956340849399567
-0.04588301107287407
0.11545336991548538
-0.23838068544864655
-0.078289695084095
0.1424631029367447
0.07245990633964539
-0.7649743556976318
-0.05482642352581024
-0.7370718717575073
-0.32505130767822266
-0.04865849018096924
0.3946859836578369
-0.2149128019809723
0.1386304795742035
0.1171576976776123
0.1302361786365509
-0.08043288439512253
-0.019719988107681274
-0.03615763410925865
-0.37633588910102844
0.15896962583065033
0.014748185873031616
0.014014065265655518
-0.041592881083488464
-0.16042232513427734
0.08309217542409897
-0.07077811658382416
0.06780783832073212
0.08149072527885437
-0.029854435473680496
0.01629187911748886
-0.055161088705062866
-0.0018840366974473
-0.11476759612560272
-0.06031867861747742
-0.010480108670890331
-0.11235609650611877
-0.024999812245368958
-0.12422393262386322
0.05269484221935272
-0.01991649717092514
-0.3979984521865845
-0.15343977510929108
0.08421555161476135
-0.169780895113945
0.15239888429641724
0.22313664853572845
0.16691847145557404
-0.12602734565734863
0.030894987285137177
0.07098235934972763
0.4819796085357666
0.0370713472366333
0.13645723462104797
0.006663918495178223
0.128787562251091
-0.32645076513290405
0.11481748521327972
-0.18630674481391907
0.08253481239080429
0.16869336366653442
-0.11387352645397186
0.10768483579158783
-0.1700802743434906
-0.04236402362585068
0.021765828132629395
0.061450421810150146
-4.6401284635066986e-05
-0.06016448140144348
0.14133422076702118
-0.1443392038345337
0.08654943853616714
-0.1623832881450653
0.2105991691350937
0.1613098829984665
0.049041248857975006
-0.07801732420921326
-0.1452091932296753
-0.11330880969762802
-0.0004177205264568329
-0.09458097070455551
0.04285145550966263
-0.08043867349624634
0.016195878386497498
-0.23194891214370728
-0.007964789867401123
-0.08424071222543716
0.013860106468200684
-0.0409015454351902
0.023074008524417877
0.2588481605052948
-0.22965049743652344
-0.14197517931461334
-0.04293762519955635
-0.02512664534151554
-0.04242993891239166
0.019178669899702072
-0.02435990422964096
0.002347201108932495
-0.04776398837566376
-0.10445227473974228
-0.05809972435235977
-0.052429210394620895
-0.038881026208400726
-0.013572156429290771
0.029912926256656647
-0.022907733917236328
-0.07006993889808655
-0.03348603844642639
0.011165081523358822
0.07638046890497208
0.021604709327220917
0.02712690830230713
-0.027677804231643677
-0.040205471217632294
0.0027377456426620483
-0.08042082190513611
-0.010168102569878101
-0.01135563850402832
0.0031987279653549194
-0.05477165803313255
-0.01769140735268593
0.13124360144138336
0.020790040493011475
-0.016653958708047867
0.1726451814174652
0.41570860147476196
0.11726827919483185
-0.00455842912197113
0.16624674201011658
0.12966561317443848
0.4251381754875183
-0.06277782469987869
0.08811108767986298
-0.04069972783327103
-0.05268712714314461
-0.5820515751838684
0.021941903978586197
-0.33100977540016174
0.37225475907325745
-0.5030151605606079
0.03786928579211235
0.016200900077819824
-0.014571361243724823
0.05120660364627838
0.24030224978923798
0.023429475724697113
-0.01072603464126587
0.19554413855075836
-0.12994049489498138
0.057126373052597046
0.037711888551712036
0.07113131880760193
0.06457755714654922
0.03382432833313942
-0.14387446641921997
-0.04236247017979622
-0.019162939861416817
0.05225798487663269
-0.012157827615737915
0.060866616666316986
0.16049566864967346
0.03496502339839935
0.0962163656949997
0.053761616349220276
-0.11382881551980972
-0.022558540105819702
-0.0879058986902237
0.05933314561843872
0.14950750768184662
-0.03767430782318115
-0.10356579720973969
0.0683184564113617
-0.12021274864673615
0.013598737306892872
0.09668037295341492
-0.08281446248292923
-0.01828143000602722
-0.23700551688671112
0.02626444399356842
0.08042040467262268
-0.12405181676149368
-0.11365911364555359
0.06372422724962234
0.07593881338834763
-0.14880706369876862
-0.01046781986951828
-0.4592554569244385
0.022357627749443054
0.12730951607227325
0.1466865986585617
-0.05112288519740105
-0.138832226395607
-0.1775129735469818
0.21667981147766113
0.04422345757484436
-0.303302139043808
-0.036680370569229126
0.2800746560096741
-0.0416182279586792
0.04877357929944992
0.13382957875728607
-0.04007844626903534
0.023858442902565002
0.07687810808420181
0.06449421495199203
0.10468517243862152
-0.0018143486231565475
-0.09320225566625595
0.0698765441775322
0.047846388071775436
0.018978409469127655
0.03489105403423309
-0.04643610119819641
-0.010241061449050903
-0.09559812396764755
-0.010471753776073456
0.06300466507673264
0.013914063572883606
0.057737939059734344
0.04112468659877777
-0.019082993268966675
-0.03489921614527702
0.03608325123786926
0.05185898393392563
-0.009424597024917603
0.06310847401618958
0.01820622757077217
0.019592896103858948
0.039030272513628006
0.111175037920475
0.01612120121717453
-0.004300888627767563
0.03008371591567993
0.03041129931807518
-0.08544833958148956
-0.0020666420459747314
-0.0999070405960083
0.06781792640686035
-0.009277738630771637
0.026156187057495117
-0.17625612020492554
-0.048019662499427795
-0.08249448239803314
-0.28397896885871887
0.06043972074985504
0.12156500667333603
0.08360327780246735
-0.012592105194926262
-0.10846182703971863
0.06395457684993744
-0.2749578058719635
0.007467895746231079
-0.009136825799942017
-0.010779261589050293
-0.31158241629600525
0.4639925956726074
0.12608876824378967
-0.4867832362651825
0.022563718259334564
-0.15125077962875366
0.018420100212097168
-0.4243907332420349
-0.11525595933198929
0.13807253539562225
-0.06245507299900055
0.24972614645957947
0.12423736602067947
-0.3284970223903656
0.06271916627883911
0.11658626794815063
-0.02290729433298111
-0.03689073026180267
0.14357896149158478
-0.048878014087677
-0.7164563536643982
-0.4441346824169159
0.6614710092544556
0.16116547584533691
-1.1292942762374878
0.08243492245674133
0.08011934906244278
0.09679096937179565
-0.010646272450685501
-0.012790843844413757
0.03227896988391876
-0.2713792622089386
0.0746929943561554
0.29863792657852173
-0.09386563301086426
0.0058466605842113495
-0.019280940294265747
-0.0850742906332016
-0.11897742748260498
0.1504153162240982
-0.029113195836544037
-0.06661666929721832
0.055113330483436584
-0.02792176976799965
-0.18577894568443298
-0.15695375204086304
0.02766817808151245
-0.11494243144989014
0.015089213848114014
0.05589550361037254
-0.014778688549995422
0.039543598890304565
-0.049256980419158936
0.03905929625034332
-0.012984171509742737
0.06039974093437195
-0.019510671496391296
-0.1198950782418251
0.13622860610485077
-0.030668720602989197
-0.1045875996351242
0.0047586821019649506
-0.020543953403830528
0.029098987579345703
0.08648723363876343
0.004007697105407715
1.054855227470398
0.03202817589044571
-0.34163227677345276
-0.6729950904846191
0.1166970282793045
0.2447059601545334
-0.06541615724563599
0.007608756422996521
-0.035686567425727844
-0.018450789153575897
0.1266336739063263
0.03582705929875374
-0.014250963926315308
-0.0008407607674598694
0.005709730088710785
-0.017207873985171318
-0.09568987041711807
-0.026626072824001312
-0.05241191387176514
-0.1006443053483963
0.0012311125174164772
-0.08336228132247925
0.07755354046821594
0.04471397399902344
-0.114948570728302
-0.05116449296474457
-0.18187230825424194
-0.048579104244709015
-0.04442572966217995
-0.01953105628490448
-0.007352624088525772
0.12039755284786224
-0.13987605273723602
-0.11112671345472336
-0.022663265466690063
-0.10122382640838623
-0.09482273459434509
0.018682315945625305
-0.005566999316215515
0.08967117965221405
0.046115025877952576
0.042067646980285645
-0.14221206307411194
-0.09191526472568512
-0.12998181581497192
0.08858133107423782
-0.06047023832798004
-0.03476459160447121
-0.06027587503194809
-0.0873778834939003
-0.020848166197538376
-0.09559492766857147
0.0055246502161026
0.04153735563158989
-0.0553775280714035
0.0006882697343826294
0.017191313207149506
0.0853898674249649
-0.19142544269561768
-0.19469964504241943
0.1666998565196991
-0.039915211498737335
0.042885154485702515
-0.07610733807086945
-0.22573360800743103
-0.1013689935207367
0.8094625473022461
0.15413221716880798
-0.20841847360134125
-0.24610242247581482
0.11380284279584885
-0.016003146767616272
-0.05979229509830475
-0.13198193907737732
-0.016588248312473297
0.08364333212375641
0.015246402472257614
0.09062636643648148
0.012379396706819534
-5.602836608886719e-06
-0.703151524066925
0.042131006717681885
-0.3748224079608917
0.12111571431159973
0.9599298238754272
-0.08270058780908585
-1.4594184160232544
0.09780092537403107
0.07786549627780914
0.07208368182182312
-0.042730510234832764
-0.06227559968829155
-0.055345118045806885
0.08568337559700012
0.007316630333662033
0.019830375909805298
0.8737577795982361
0.04457138478755951
-0.18106912076473236
-0.6490641832351685
-1.141609787940979
0.15970055758953094
0.7150533199310303
0.1248328685760498
0.06275375932455063
-0.07863568514585495
-0.15095914900302887
0.01529654860496521
0.018191631883382797
-0.04184599965810776
0.030220717191696167
0.1290629357099533
0.06177802383899689
-0.24461278319358826
0.03696274012327194
0.14532233774662018
-0.04965996742248535
-0.11700823903083801
-0.03538234159350395
-0.011061720550060272
0.2516295313835144
0.14400288462638855
0.0002399533987045288
-0.18213889002799988
-0.02993094176054001
-0.10167983919382095
0.03155764937400818
0.034210920333862305
0.30533769726753235
-0.007212743163108826
1.0474956035614014
0.5424238443374634
-1.9940229654312134
0.0629873126745224
0.4561983048915863
-0.12164226174354553
-0.15906409919261932
-0.05165959149599075
-0.05992649495601654
0.14253003895282745
0.025737013667821884
-0.0009493846446275711
0.011399419978260994
0.0286652073264122
-1.2718840837478638
-0.019869528710842133
0.9062062501907349
1.091235876083374
0.004761651158332825
-0.15631374716758728
-0.08639299869537354
0.009894974529743195
-0.03892062231898308
0.06452431529760361
-0.11278320848941803
0.10100819170475006
-0.10524196922779083
0.0964355319738388
0.08184643089771271
0.11694810539484024
0.04431850463151932
-0.09135645627975464
0.26077723503112793
0.1007055938243866
-0.22037339210510254
0.06409884989261627
-0.07174962759017944
0.06775340437889099
0.025517825037240982
-0.1377541720867157
-0.2536907196044922
-0.1908201426267624
0.11001800745725632
0.04651300609111786
0.043929323554039
0.013584628701210022
-0.04630559682846069
0.06809838116168976
0.033190950751304626
-0.10555486381053925
-0.054112523794174194
-0.18065688014030457
-0.06567835807800293
-0.09640488028526306
0.0023241043090820312
-0.10070867091417313
-0.02089141681790352
0.18532279133796692
0.03803706914186478
0.008800365030765533
0.1091153472661972
-0.4992312788963318
0.03998127579689026
0.0029816515743732452
0.09709659963846207
-0.08781374245882034
-0.02100856602191925
-0.5235617756843567
-0.1871412843465805
-0.22519806027412415
-0.5385443568229675
-0.15220145881175995
0.1810956597328186
0.2294202297925949
0.07272301614284515
0.06516984850168228
0.03146897256374359
0.048042766749858856
-0.2796376049518585
-0.037140268832445145
0.3860546350479126
0.26957058906555176
-0.16793391108512878
-0.3242015540599823
-0.03926761448383331
0.022081181406974792
-0.10961289703845978
0.057058438658714294
-0.044811323285102844
0.044117528945207596
-0.0854666456580162
0.014217372983694077
-0.01287168264389038
0.007854104042053223
-0.10173053294420242
-0.030010774731636047
0.002992352470755577
-0.09747469425201416
-0.01704469323158264
0.010629288852214813
0.06916595250368118
0.05439867079257965
-0.006157279014587402
-0.026339858770370483
-0.11816205084323883
-0.04398074001073837
0.07304596155881882
-0.04850861430168152
0.0037431977689266205
-0.0571393258869648
0.043535586446523666
0.015362642705440521
-0.4394262433052063
-0.26335322856903076
0.40435606241226196
-0.1716107279062271
-0.0124976746737957
0.09949470311403275
-0.001670047640800476
0.04423454403877258
-0.10674236714839935
0.04301424324512482
0.2667876183986664
-0.17425866425037384
-0.21114298701286316
-0.36629489064216614
-0.08279785513877869
0.4763519763946533
-0.07209047675132751
-0.193372905254364
0.08565109223127365
0.12563607096672058
-0.006906971335411072
0.26330533623695374
0.18489086627960205
0.2607497274875641
0.2600865960121155
0.33861151337623596
-0.15586426854133606
0.03198670968413353
0.07955418527126312
-0.06014891341328621
0.10573893040418625
-0.034850165247917175
-0.046161383390426636
-0.14134182035923004
0.015790678560733795
-0.3357688784599304
0.17516353726387024
0.07552728801965714
0.002073034644126892
0.05062633752822876
-0.14224578440189362
-0.17002135515213013
-0.13295161724090576
-0.023790322244167328
-0.019164610654115677
-0.018634915351867676
-0.14489799737930298
0.0580403134226799
-0.05105118453502655
-0.19023741781711578
-0.06391342729330063
-0.049057334661483765
0.002363830804824829
0.11394292116165161
-0.15847887098789215
-0.2525978684425354
-0.21603673696517944
-0.04644215852022171
-0.08139106631278992
0.08555515855550766
0.03799407184123993
0.08378933370113373
-0.04355333745479584
0.19478687644004822
-0.010208673775196075
-0.10473877936601639
-0.009620774537324905
-0.34223127365112305
-0.020923316478729248
-0.2575438618659973
-0.04651894420385361
0.06462936103343964
-0.17805185914039612
0.15621317923069
0.11484239995479584
-0.08080510795116425
0.015141338109970093
-0.16546942293643951
-0.002968795597553253
-0.1091860830783844
-0.45721936225891113
-0.1956782341003418
0.1485416144132614
-0.1022750660777092
-0.07015647739171982
0.15504032373428345
0.019426017999649048
-0.22475093603134155
-0.15455760061740875
0.09311053156852722
0.021184995770454407
0.03130706399679184
0.019411951303482056
0.09656444191932678
0.1790822446346283
0.05599571019411087
0.00022739171981811523
-0.051933806389570236
-0.11351436376571655
0.002041071653366089
-0.11620035022497177
0.006218895316123962
0.11762920767068863
-0.007635563611984253
-0.07713517546653748
0.004315614700317383
0.015762001276016235
0.024635910987854004
0.01208139955997467
0.04039434343576431
0.22311043739318848
0.004639558959752321
0.02979685366153717
0.13383102416992188
0.03143689036369324
0.05303198844194412
0.007888980209827423
0.06284701824188232
-0.018481943756341934
-0.00482955202460289
-0.11395575106143951
0.03498883917927742
-0.12818807363510132
-0.18612302839756012
0.38292813301086426
0.11668720841407776
0.047460272908210754
-0.31899815797805786
-0.1223331093788147
0.0016903579235076904
0.1064688116312027
-0.14159610867500305
-0.01934676617383957
-0.23981186747550964
-0.3340231776237488
-0.20852631330490112
0.16116471588611603
0.09139648079872131
0.08288300037384033
0.09734618663787842
-0.06377586722373962
-0.17277660965919495
-0.059558384120464325
0.11173522472381592
0.017557650804519653
0.013434987515211105
-0.08063628524541855
0.18429070711135864
-0.028499051928520203
-0.0921497568488121
0.23033827543258667
0.009394604712724686
0.02284231036901474
0.3069176971912384
-0.021630138158798218
0.014982253313064575
0.03816375508904457
-0.04849757254123688
-0.06730002164840698
0.03502626717090607
-0.009563356637954712
-0.035904429852962494
-0.03279414400458336
0.15567336976528168
0.008013935759663582
0.0391012541949749
0.06674525141716003
-0.034890398383140564
-0.041618719696998596
0.00919969379901886
-0.1467299908399582
-0.19352082908153534
0.016017653048038483
0.09519138932228088
-0.08811765164136887
0.050867959856987
0.012033887207508087
-0.12954744696617126
-0.038457490503787994
0.036025792360305786
0.016141556203365326
0.003741588443517685
0.0546220988035202
0.16662488877773285
-0.24255625903606415
-0.12784385681152344
0.029817357659339905
-0.016832083463668823
-0.13448061048984528
0.1624002307653427
-0.06597286462783813
-0.10506665706634521
-0.17433209717273712
-0.28647905588150024
0.21089628338813782
0.10019315779209137
0.12383745610713959
0.011271513998508453
0.07166240364313126
-0.09341353178024292
-0.23262318968772888
0.30619776248931885
0.033875539898872375
0.010286688804626465
-0.1769312471151352
0.5843590497970581
-0.046934399753808975
-0.5680661797523499
-0.015555344521999359
-0.1183464527130127
0.03601360321044922
-0.33874472975730896
0.004014447331428528
-0.10744071006774902
0.21901042759418488
-0.18730929493904114
0.15575674176216125
-0.370339959859848
0.009504411369562149
0.005629122257232666
-0.07843340188264847
0.0641622319817543
0.11512982845306396
-0.08605784922838211
-0.057327158749103546
-0.2826896905899048
0.5230396389961243
0.05876297503709793
-0.6097036004066467
0.10233841091394424
-0.05872233211994171
0.03985932841897011
-0.015739278867840767
-0.06877053529024124
-0.1552829146385193
-0.1967044472694397
0.08099323511123657
0.14003565907478333
0.02205241098999977
0.12041744589805603
0.015370860695838928
-0.013913512229919434
0.046455372124910355
0.02604587748646736
-0.02588105946779251
0.12184125185012817
0.08023570477962494
-0.1421247124671936
-0.17195133864879608
0.11697932332754135
-0.11981721222400665
-0.0808010846376419
0.0028459876775741577
0.03703716769814491
-0.020639866590499878
0.032357826828956604
-0.02633048966526985
-0.12703131139278412
-0.019197911024093628
-0.050413828343153
-0.03160129487514496
0.0005962103605270386
0.09003541618585587
0.031544364988803864
-0.055614784359931946
-0.011201277375221252
0.02707505226135254
-0.02004741132259369
0.061827220022678375
0.047958314418792725
0.7296470403671265
-0.009123409166932106
0.026208683848381042
-0.28589385747909546
0.14277896285057068
0.07839825749397278
-0.0464257076382637
0.024530485272407532
-0.018219321966171265
-0.04129064083099365
-0.0303703173995018
0.008609354496002197
0.08123981207609177
0.0006095282733440399
0.03471753001213074
0.010710105299949646
-0.016952890902757645
-0.053689196705818176
-0.039950400590896606
-0.10509292781352997
0.01195380836725235
-0.008491668850183487
0.0042547136545181274
-0.016781309619545937
-0.13163898885250092
-0.03817133605480194
-0.0860460177063942
0.0030919592827558517
-0.0020148754119873047
0.04020996391773224
0.03583527356386185
0.02246534824371338
0.10031792521476746
-0.11227797716856003
-0.040699005126953125
0.010758206248283386
-0.008755214512348175
-0.14806020259857178
-0.05359263718128204
0.017927810549736023
-0.10055367648601532
0.021369829773902893
-0.09449230134487152
0.03612811863422394
0.08702217787504196
0.08563335239887238
0.10799922794103622
0.38115689158439636
0.10820208489894867
-0.3835250437259674
0.042807579040527344
0.07082271575927734
0.059979066252708435
0.17291928827762604
0.021905377507209778
-0.005256306380033493
0.020447812974452972
-0.28013846278190613
-0.17249438166618347
-0.2270507961511612
-0.14074525237083435
0.06420241296291351
-0.1750534623861313
-0.29107388854026794
-0.2230641096830368
0.46596768498420715
0.16549035906791687
0.12265943735837936
-0.05686482787132263
-0.0814686194062233
0.13316115736961365
0.05392826348543167
0.17463718354701996
0.18812057375907898
0.15034572780132294
0.41070684790611267
-0.018405281007289886
-0.03277336806058884
-0.017377451062202454
-0.02429526299238205
-0.2664111256599426
0.0434839129447937
-0.07877464592456818
-0.08848634362220764
0.5628344416618347
-0.03954692929983139
-0.6811405420303345
0.02785525470972061
-0.045886341482400894
-0.02207905799150467
-0.07622558623552322
-0.035040177404880524
0.09232623130083084
0.074760302901268
0.039768338203430176
-0.07827265560626984
0.4104618430137634
0.047150321304798126
0.030698563903570175
-0.2460460215806961
-0.18359307944774628
0.055145300924777985
0.3331339955329895
0.04164591431617737
-0.025733157992362976
0.07811251282691956
-0.07739557325839996
0.039584457874298096
-0.03642299771308899
-0.07114556431770325
0.05002257227897644
0.08021534979343414
-0.03841164708137512
-0.16281288862228394
-0.018819212913513184
-0.11001744866371155
0.027980826795101166
-0.1767161786556244
-0.004099126905202866
0.1474950909614563
-0.1869223266839981
0.07695327699184418
-0.04474901035428047
-0.3358532190322876
0.01505114696919918
-0.018965110182762146
0.01853233203291893
0.02868317998945713
0.20645476877689362
-0.05954071134328842
0.38066545128822327
0.45048829913139343
-1.0539577007293701
-0.05924122408032417
0.3871643841266632
0.011591777205467224
0.1354145109653473
-0.1117229014635086
-0.22008539736270905
0.035024046897888184
-0.02407236024737358
-0.0726926177740097
0.050688087940216064
0.09213928878307343
-0.5855094194412231
-0.07412120699882507
0.14296546578407288
0.7251188158988953
-0.166057288646698
-0.07894860953092575
-0.030269518494606018
-0.031291186809539795
0.00010816752910614014
-0.12955373525619507
-0.14468340575695038
0.05174870789051056
0.030854079872369766
-0.05108017474412918
0.2187885046005249
0.23028111457824707
0.11018235981464386
-0.0773930698633194
0.020789092406630516
-0.01267750933766365
-0.18303854763507843
0.11287499219179153
-0.032638609409332275
-0.0055239275097846985
-0.023268580436706543
0.07634571194648743
-0.0865023210644722
-0.058155059814453125
0.15382689237594604
0.10122418403625488
0.08722764998674393
0.0373745933175087
-0.0061646513640880585
0.181597039103508
-0.014153625816106796
-0.008853837847709656
0.00795634277164936
-0.13678011298179626
0.0032934388145804405
-0.23294597864151
-0.009447198361158371
-0.3122796416282654
-0.07337404787540436
0.06090022623538971
-0.14394494891166687
-0.03460448980331421
-0.07697336375713348
-0.5245758295059204
-0.26872003078460693
0.5522838830947876
0.008818280883133411
-0.09732057899236679
0.003181084990501404
-0.8466622829437256
0.13946013152599335
-0.05268554016947746
0.2950071692466736
0.06023978814482689
0.25515860319137573
0.22736644744873047
0.06078524515032768
0.01218327134847641
0.05908527225255966
-0.017070267349481583
-0.27558884024620056
0.01012413576245308
0.16922660171985626
0.21271906793117523
-0.09452905505895615
-0.1604054868221283
0.08101411163806915
0.013139795511960983
0.03612954914569855
-0.08162972331047058
-0.2010778784751892
-0.1537361890077591
-0.0491899810731411
-0.017248183488845825
-0.008549481630325317
-0.02274055778980255
-0.10201581567525864
0.02761096879839897
-0.0661739632487297
-0.18250256776809692
0.06198050081729889
-0.011443804949522018
0.03177984058856964
0.016530856490135193
-0.4757091999053955
-0.07701580971479416
-0.2756862938404083
-0.08613662421703339
0.07280049473047256
0.0562174916267395
0.009352818131446838
-0.1661800891160965
0.10536421090364456
0.16451165080070496
-0.22351722419261932
-0.1894713193178177
0.39935532212257385
-0.07428038120269775
0.04398098587989807
0.0005182139575481415
0.02552018314599991
-0.01327565684914589
-0.17030522227287292
-0.13347624242305756
-0.1592935174703598
0.3335684537887573
-0.293977290391922
-0.35757315158843994
0.1253119558095932
0.5308129191398621
0.011830169707536697
0.20493899285793304
0.0686613917350769
0.10411496460437775
0.06539715081453323
-0.11779279261827469
0.3231826722621918
-0.27263450622558594
0.21771155297756195
0.35127606987953186
-0.17126691341400146
0.023604050278663635
0.048941221088171005
-0.08675552904605865
0.08227010071277618
0.0503443144261837
-0.08908692747354507
-0.14502231776714325
-0.009407564997673035
-0.016566507518291473
0.10359429568052292
-0.008525701239705086
-0.021183442324399948
-0.03161034360527992
-0.20819878578186035
-0.2520887851715088
-0.06651619076728821
0.010399162769317627
-0.0884551927447319
-0.03851154446601868
0.020048540085554123
0.04636196047067642
-0.036931589245796204
-0.06797899305820465
-0.044633470475673676
0.10547678172588348
-0.1015615239739418
-0.01597718894481659
-0.052420590072870255
-0.17404022812843323
-0.09103349596261978
0.0013415366411209106
-0.18653085827827454
0.18944242596626282
0.10499001294374466
0.024578973650932312
0.03654118627309799
0.07661237567663193
0.02857297658920288
0.03609636425971985
0.039883144199848175
-0.019845113158226013
0.05224800109863281
-0.14597538113594055
0.009074659086763859
-0.10211004316806793
0.0857158675789833
-0.046103253960609436
-0.19115832448005676
0.07772508263587952
-0.2063668966293335
-0.5356106162071228
0.13315469026565552
0.638761579990387
-0.3655695617198944
-0.18279840052127838
0.17212677001953125
0.03792155534029007
-0.17285576462745667
0.025393350049853325
0.130160853266716
0.24106229841709137
0.1930370181798935
0.5073752999305725
0.021868716925382614
0.05009841546416283
0.0677138939499855
0.06875169277191162
0.022510170936584473
0.007882378995418549
0.0244024395942688
0.040408894419670105
-0.19242137670516968
0.04023456573486328
-0.0302765853703022
0.03876321762800217
0.2060268074274063
0.03976571559906006
-0.1920742243528366
-0.03725112974643707
0.012609530240297318
0.05111096799373627
-0.02379823476076126
0.08430293202400208
0.02953425794839859
0.040576208382844925
0.0642562136054039
0.032032646238803864
-0.16562417149543762
0.021935537457466125
-0.08505940437316895
0.043289583176374435
0.07907944917678833
-0.004007294774055481
-0.04661242663860321
-0.019191650673747063
0.0109541155397892
-0.10760962963104248
0.13336309790611267
-0.06093921512365341
-0.17979741096496582
-0.3411562144756317
-0.018155887722969055
-0.05975060537457466
-0.025539934635162354
-0.1931213140487671
0.18013037741184235
7.890164852142334e-05
-0.23609639704227448
0.08431567996740341
-0.26767200231552124
-0.11037874221801758
-0.03217725083231926
-0.014595888555049896
-0.013601179234683514
-0.08626805990934372
-0.07413050532341003
0.20843228697776794
0.024495095014572144
-0.06948533654212952
0.015135407447814941
0.044197093695402145
0.04441678524017334
0.06879913061857224
0.05732724815607071
0.15821509063243866
-0.0824170708656311
0.02821735292673111
0.008322052657604218
0.01582467183470726
-0.04101639986038208
-0.12384112179279327
-0.031483352184295654
0.1484697461128235
-0.03820481896400452
-0.08862587809562683
0.012762024998664856
-0.259969562292099
3.863871097564697e-05
-0.024330025538802147
-0.03691732883453369
0.06398678570985794
0.026127129793167114
0.06538328528404236
-0.12880156934261322
-0.18622076511383057
0.02294945903122425
0.05017286539077759
0.013100087642669678
0.07333333045244217
-0.003562524914741516
-0.0014700442552566528
0.028421422466635704
-0.09642084687948227
0.02072726935148239
0.19331306219100952
0.03939812630414963
0.11100627481937408
-0.050398439168930054
0.12459738552570343
-0.009289022535085678
-0.0021609626710414886
-0.1439685821533203
-0.02882019430398941
-0.14947012066841125
-0.06473547965288162
-0.004874002188444138
-0.2027563899755478
0.17892976105213165
0.3379744589328766
-0.08548113703727722
0.005702376365661621
-0.031236067414283752
0.16194762289524078
-0.1968848556280136
0.07600650191307068
0.09286240488290787
-0.7313219308853149
-0.10707491636276245
0.45245492458343506
-0.11114154756069183
-0.662826418876648
0.05364276468753815
-0.1546766310930252
0.0738040953874588
-0.23268559575080872
0.03961233049631119
0.4463833272457123
-0.12571045756340027
0.00118999183177948
0.3198295831680298
-0.11875398457050323
-0.0050035882741212845
-0.00951430108398199
-0.04201538860797882
-0.09320446848869324
0.011348776519298553
0.015950165688991547
0.2695668637752533
-0.2872632145881653
0.32051849365234375
0.19014061987400055
-0.5787363648414612
-0.08225084841251373
-0.23213791847229004
0.0646006315946579
0.011647030711174011
-0.005745545029640198
0.004309609532356262
-0.09492751955986023
-0.0002807844430208206
0.019350238144397736
-0.009485334157943726
-0.016585707664489746
0.025400858372449875
-0.038244057446718216
-0.0023207813501358032
0.15370811522006989
0.007690347731113434
0.187711700797081
0.07337762415409088
0.026011496782302856
-0.0671495795249939
0.07951947301626205
-0.08721720427274704
0.0034221485257148743
0.0048910826444625854
0.05390235781669617
0.0005935728549957275
-0.0313180536031723
0.007572643458843231
0.05452690273523331
0.03459592163562775
-0.024025708436965942
1.2041768059134483e-05
-0.002247750759124756
0.023541102185845375
-0.08732064813375473
0.0027465224266052246
-0.016516000032424927
0.006473872810602188
-0.0756073072552681
0.03703164681792259
-0.025907309725880623
0.41275155544281006
0.01705477386713028
0.037995465099811554
-0.5203360915184021
0.07656283676624298
-0.016316235065460205
0.2835555076599121
-0.05821603536605835
-0.24004413187503815
0.03213387727737427
0.11148931086063385
0.04951774701476097
0.015894725918769836
0.019251421093940735
0.0169101282954216
0.03575707972049713
-0.027171649038791656
-0.030733197927474976
0.013845566660165787
0.02040208876132965
0.026345953345298767
-0.014456778764724731
0.023817263543605804
0.012586385011672974
0.027398020029067993
0.022696807980537415
0.006205812096595764
-0.03563679754734039
-0.003985539078712463
0.022624757140874863
0.008746422827243805
0.12459748983383179
0.01316496729850769
-0.14089570939540863
0.03251776844263077
0.03429830074310303
0.021062958985567093
0.25755253434181213
0.010183580219745636
0.04651261493563652
0.09870585054159164
-0.04080168902873993
0.023143023252487183
-0.0923326164484024
-0.13436943292617798
-0.17534446716308594
0.03667915612459183
-0.005980268120765686
-0.12613588571548462
-0.10034710168838501
-0.031166046857833862
-0.06252653896808624
-0.03367410972714424
0.14868132770061493
-0.09030341356992722
0.07390905916690826
-0.000739365816116333
0.188656285405159
-0.11851193010807037
-0.282064825296402
0.11998982727527618
-0.044419363141059875
-0.1588805615901947
-0.01536528766155243
-0.4948205053806305
-0.08211378753185272
-0.22463148832321167
0.552272379398346
-0.31673192977905273
-0.4528844952583313
0.29011422395706177
-0.02132384292781353
-0.023546211421489716
-0.21809755265712738
-0.12677434086799622
0.24321842193603516
0.05006856471300125
0.03657950460910797
-0.0015504807233810425
0.003934334963560104
-0.0612206757068634
-0.0015079528093338013
0.20721928775310516
-0.22735938429832458
-0.15033771097660065
0.12600009143352509
-0.6509906649589539
0.013974480330944061
-0.040248990058898926
0.004704814404249191
-0.04393132030963898
0.021394334733486176
-0.023608393967151642
0.05036172270774841
0.05451669543981552
0.050819579511880875
0.12984830141067505
0.062396448105573654
0.17038606107234955
-0.41327789425849915
0.08963184803724289
0.0015460662543773651
-0.1605822741985321
0.002317998558282852
-0.07484788447618484
0.04952215030789375
0.005635477602481842
0.011561572551727295
0.08725930005311966
0.10440432280302048
-0.015099480748176575
0.11026279628276825
-0.05564212054014206
-0.16596171259880066
0.003667437471449375
-0.03179151564836502
0.0330815389752388
-0.010193821042776108
0.05665627121925354
0.03827720507979393
0.04774326831102371
-0.07726897299289703
0.10831481218338013
-0.16993775963783264
-0.051208652555942535
0.008530661463737488
0.03716675564646721
-0.004362054169178009
-0.07645878195762634
-0.08943603932857513
-0.3440265655517578
0.4706211984157562
-0.9620389342308044
-0.12915241718292236
0.20351113379001617
-0.028608083724975586
0.021937305107712746
-0.013987735845148563
-0.19935917854309082
0.022825464606285095
-0.009184122085571289
0.013266457244753838
0.014757394790649414
0.02738104946911335
-0.6634971499443054
0.03057454526424408
-0.06664825230836868
0.3876139521598816
-0.1604807823896408
-0.007479897700250149
0.17214849591255188
0.0019103704253211617
0.01705220714211464
-0.005350902676582336
-0.15439054369926453
0.050595059990882874
0.08881077170372009
0.06353896856307983
0.023269042372703552
-0.10229392349720001
-0.05921446159482002
0.014640793204307556
-0.008251703344285488
0.022818677127361298
-0.47599732875823975
0.30538642406463623
-0.039166390895843506
0.03774452209472656
-0.020380554720759392
-0.15895171463489532
-0.2569951117038727
-0.1309604048728943
0.09290753304958344
0.12755554914474487
0.0600837804377079
-0.0047695934772491455
0.030008383095264435
-0.04119652509689331
-0.0691644549369812
0.11571548879146576
0.057042110711336136
0.026259027421474457
0.040390271693468094
-0.1878446638584137
-0.13158714771270752
-0.13464269042015076
-0.060912925750017166
-0.04885131120681763
0.17726820707321167
-0.22680819034576416
-0.10572168976068497
-0.34025564789772034
-0.2250552922487259
0.008663035929203033
-0.11920951306819916
-0.18176580965518951
0.04710429534316063
-0.5575990080833435
0.13819754123687744
-0.335892915725708
-0.31375694274902344
0.06486072391271591
0.2253115475177765
0.0979168638586998
0.04462072253227234
-0.01545289158821106
0.11723969876766205
0.03499451279640198
-0.46859851479530334
-0.04017539322376251
-0.14872775971889496
0.4441746473312378
-0.26282399892807007
-0.4266212582588196
0.12442130595445633
-0.019863218069076538
-0.09219805896282196
-0.06782901287078857
-0.09854786098003387
-0.0682576522231102
0.029328905045986176
0.03680744767189026
-0.058605533093214035
0.015349224209785461
-0.05039452388882637
-0.018403254449367523
0.026988178491592407
-0.0723690614104271
-0.05062225088477135
-0.12773731350898743
-0.021240554749965668
0.023408085107803345
0.027556300163269043
-0.0007985681295394897
0.03522150218486786
-0.003860190510749817
0.0887802466750145
0.022619307041168213
0.08211559057235718
-0.014114364981651306
0.17404651641845703
-0.014983244240283966
0.16352437436580658
-0.3404218256473541
0.4392818808555603
-0.31267663836479187
-0.153242290019989
-0.013470828533172607
-0.036043018102645874
-0.06032394617795944
-0.11990401148796082
-0.02764335460960865
-0.1346423178911209
0.015035130083560944
-0.0499228909611702
-0.051500219851732254
0.10202448070049286
-0.031942542642354965
0.01897689700126648
-0.13070066273212433
0.01141214370727539
-0.3768659234046936
0.03983278572559357
-0.021067574620246887
0.08272705227136612
0.015953630208969116
-0.09913570433855057
0.1592274159193039
0.014120452105998993
-0.04987818002700806
0.05151014029979706
0.004730105400085449
0.1597297191619873
-0.11804501712322235
-0.006478659808635712
-0.09715983271598816
-0.22846582531929016
-0.3918018043041229
-0.12941575050354004
0.03508122265338898
-0.1566997915506363
0.09856943786144257
-0.11962813138961792
-0.03762812167406082
-0.027770191431045532
0.0022057294845581055
-0.0224371999502182
-0.03271733224391937
-0.03200316056609154
-0.0038319528102874756
0.01502642035484314
0.014073748141527176
-0.013859064318239689
-0.006535477936267853
0.005598992109298706
0.04656991362571716
0.061274491250514984
-0.026297636330127716
0.0053436849266290665
0.04795707389712334
-0.028340259566903114
0.11144812405109406
-0.027225151658058167
-0.06685742735862732
-0.010058645159006119
0.03923290595412254
-0.02197045087814331
0.03264132887125015
3.185868263244629e-05
-0.07456867396831512
0.012263946235179901
-0.13559490442276
-0.07111594080924988
-0.03314736485481262
-0.013591840863227844
-0.02011701464653015
0.12847831845283508
0.09474249184131622
-0.17571192979812622
-0.061125949025154114
0.34234651923179626
-0.010206479579210281
0.34616535902023315
-0.31168627738952637
0.23728889226913452
-0.2650071382522583
-0.315684050321579
-0.10173186659812927
-0.007254578173160553
-0.2604701519012451
-0.2120206356048584
0.2859533429145813
-0.06700894236564636
0.031508978456258774
0.05095898360013962
0.08598098903894424
0.13640855252742767
0.04412592947483063
-0.013550929725170135
0.10833050310611725
-0.06183710694313049
-0.007846109569072723
-0.0746852234005928
0.056092992424964905
0.0892537459731102
-0.04054471105337143
-0.044738441705703735
0.024991285055875778
