245.57798767089844
468.37615966796875
181.6820831298828
120.3268051147461
466.4049987792969
450.9470520019531
632.7955322265625
341.9582824707031
239.9939422607422
274.2076416015625
114.46575164794922
251.17559814453125
144.2329864501953
146.83010864257812
604.9348754882812
581.455810546875
379.3510437011719
71.28739929199219
532.6503295898438
357.03314208984375
420.86578369140625
217.30445861816406
562.3582153320312
264.5263977050781
258.75408935546875
240.93350219726562
347.9357604980469
486.91845703125
91.75420379638672
518.91357421875
441.2695617675781
168.65306091308594
592.1134033203125
431.5466613769531
298.47894287109375
344.38409423828125
453.243408203125
130.45436096191406
367.82659912109375
329.234375
507.15924072265625
362.2480163574219
155.35299682617188
438.33062744140625
378.2747497558594
415.5450744628906
232.89114379882812
194.09584045410156
419.9476013183594
198.7454071044922
637.2986450195312
267.2832336425781
395.3493347167969
327.95831298828125
632.138916015625
340.6843566894531
112.81696319580078
120.34689331054688
553.3353881835938
381.5270690917969
103.51692199707031
165.72866821289062
133.8315887451172
216.41519165039062
