3.5004782676696777
-1.429048776626587
-2.2677676677703857
1.1717830896377563
-0.8396410942077637
1.3490716218948364
1.0021764039993286
-1.232816219329834
-1.7683006525039673
-0.4459002912044525
3.2454841136932373
2.378086566925049
2.0717530250549316
-1.630989670753479
-1.1945282220840454
0.8318020105361938
-4.034700393676758
-1.4408187866210938
1.3621113300323486
-1.2641980648040771
-0.7867404818534851
-1.3442680835723877
-0.5955576300621033
-0.3992891013622284
2.030811071395874
-1.208532691001892
-0.9470365047454834
1.6497620344161987
0.8539653420448303
6.188990116119385
0.31122255325317383
-1.595094919204712
1.3252160549163818
4.607153415679932
4.489314556121826
-0.8451138138771057
4.82986307144165
4.244074821472168
-0.8448138236999512
-1.0915944576263428
8.762852668762207
-0.34096330404281616
-2.2016470432281494
-0.6609500646591187
-1.1415302753448486
10.533370018005371
-1.9123938083648682
-2.2126846313476562
-0.7675012946128845
-2.053797483444214
9.864439010620117
-1.8719755411148071
-0.6287476420402527
2.761728525161743
0.9833340644836426
5.741558074951172
-2.233524799346924
-7.64203405380249
-4.191718101501465
-0.8688300251960754
-1.2008869647979736
6.398962497711182
1.9252675771713257
6.412294864654541
