2.6759865283966064
7.7753424644470215
8.62116813659668
4.833555698394775
7.9144768714904785
5.222726345062256
5.739086151123047
8.146086692810059
8.165053367614746
7.218927383422852
4.839747905731201
4.169074058532715
3.0392730236053467
7.253506183624268
8.92426586151123
5.9247283935546875
9.015790939331055
5.366715431213379
5.341959476470947
7.837257385253906
8.242429733276367
7.190576553344727
6.538235664367676
6.511120796203613
3.6694514751434326
7.305698394775391
7.637649059295654
4.257518291473389
4.267921447753906
3.369854688644409
4.523656368255615
6.533515453338623
5.491203308105469
4.53395414352417
2.5396292209625244
7.626883029937744
3.0791847705841064
2.8034138679504395
7.545958995819092
7.456996440887451
3.2977709770202637
8.546660423278809
7.203853130340576
7.588954925537109
8.594220161437988
3.2196381092071533
8.451959609985352
8.730745315551758
7.972383499145508
8.40907096862793
3.8564066886901855
8.510266304016113
7.2380475997924805
4.062235355377197
5.875016689300537
4.025079727172852
7.445521354675293
6.017864227294922
9.4923677444458
8.182169914245605
6.299349308013916
3.0681281089782715
3.7660880088806152
4.3044328689575195
