87.44488525390625
52.767757415771484
76.34046173095703
87.48746490478516
156.0616455078125
95.85391235351562
112.9580078125
60.222835540771484
181.25575256347656
33.72528839111328
31.892784118652344
260.0909423828125
27.130535125732422
52.32267761230469
342.1814880371094
144.99227905273438
42.52663803100586
76.422607421875
30.91900062561035
29.141372680664062
144.61746215820312
102.34966278076172
155.9282684326172
320.3936767578125
152.1751708984375
40.06952667236328
158.57379150390625
73.39904022216797
26.909101486206055
33.95574188232422
185.85504150390625
43.22856521606445
