6.1453328132629395
5.230930805206299
5.496243000030518
5.2785186767578125
5.8614373207092285
5.552341938018799
5.978888034820557
5.8788018226623535
5.704955101013184
5.3160271644592285
5.62028694152832
7.155104637145996
5.723395824432373
4.535063743591309
6.6966142654418945
5.616473197937012
4.996966361999512
5.036195755004883
5.617445945739746
4.453761577606201
5.9535393714904785
6.344437122344971
6.497522830963135
6.6486663818359375
6.0415849685668945
5.160764217376709
6.574897289276123
5.455949306488037
4.450173377990723
4.353264331817627
6.362683296203613
5.877924919128418
