13.780797958374023
4.214365482330322
6.923092842102051
2.7734978199005127
5.960977554321289
27.58513641357422
12.226252555847168
-7.692622661590576
22.563703536987305
-9.648884773254395
-9.560571670532227
-34.5075798034668
-2.1190993785858154
-3.0256597995758057
4.862377166748047
-4.440035820007324
5.571176052093506
9.1781587600708
-3.110806465148926
-1.3995916843414307
-11.939197540283203
-4.557328701019287
-26.339889526367188
-3.6992084980010986
19.513648986816406
-3.5579521656036377
-9.043855667114258
-4.434121131896973
6.513828277587891
10.434362411499023
14.696880340576172
11.586602210998535
