3.233882188796997
2.7775230407714844
2.2448432445526123
4.021726608276367
2.996365547180176
3.2208216190338135
2.5612361431121826
2.49788761138916
2.2419910430908203
2.2558910846710205
2.1991400718688965
2.103255033493042
3.0853655338287354
2.7091214656829834
2.1643576622009277
2.8153581619262695
2.237638473510742
2.8808295726776123
2.797647714614868
3.5664687156677246
2.37467360496521
3.9369759559631348
3.292632818222046
2.9116127490997314
6.029516696929932
2.931474208831787
3.1447339057922363
2.4303414821624756
3.4950311183929443
2.6071131229400635
2.7240161895751953
2.079664707183838
2.3670523166656494
3.4147300720214844
2.952662229537964
1.9457180500030518
2.9538538455963135
3.077725887298584
2.8641326427459717
2.717740297317505
2.0618178844451904
1.2337238788604736
2.987450122833252
2.4233200550079346
2.658965587615967
3.3415112495422363
2.6174044609069824
2.502880573272705
2.279348373413086
3.300264358520508
1.9709678888320923
3.075873374938965
4.704197883605957
1.6177051067352295
2.8469669818878174
2.7951765060424805
2.7983150482177734
3.2115182876586914
1.111371397972107
2.976165771484375
3.774336338043213
2.7346532344818115
4.590819358825684
3.1162116527557373
2.4401540756225586
2.6321499347686768
1.8500713109970093
1.8148223161697388
2.662175416946411
2.880472421646118
2.32285213470459
2.831202268600464
3.0252878665924072
2.1363511085510254
2.5499815940856934
2.7208092212677
2.4261887073516846
3.089770555496216
2.666079044342041
2.3284342288970947
2.952112913131714
3.5625157356262207
4.506986618041992
1.9634884595870972
4.0814433097839355
1.7474896907806396
2.5512924194335938
2.204277515411377
3.2786316871643066
3.517975330352783
2.5276410579681396
1.7813624143600464
2.9626760482788086
2.9872257709503174
2.3787732124328613
3.2150044441223145
2.445366144180298
2.2380568981170654
1.9131935834884644
4.153224945068359
2.4205665588378906
3.978125810623169
0.9793089628219604
2.6822731494903564
2.9342429637908936
1.9725435972213745
2.0209624767303467
4.628548622131348
2.772618055343628
2.231660842895508
3.5293545722961426
3.886911630630493
3.7410240173339844
4.8019585609436035
2.1102540493011475
2.418445110321045
3.192445993423462
5.464034557342529
2.949355363845825
1.9493135213851929
3.0310745239257812
2.07336688041687
2.686333417892456
5.735222816467285
6.154641151428223
5.367671489715576
3.429893970489502
1.8155395984649658
