227.03329467773438
129.74966430664062
249.01869201660156
281.8189392089844
202.45785522460938
278.36663818359375
261.7364807128906
149.29373168945312
139.3125
407.8435363769531
135.8231201171875
93.39610290527344
233.23178100585938
124.40499114990234
180.5454559326172
166.37350463867188
111.81504821777344
330.25946044921875
298.73504638671875
306.8189392089844
387.04119873046875
385.9303894042969
181.94955444335938
235.04214477539062
830.3043823242188
109.37232208251953
95.555419921875
145.46788024902344
105.20172119140625
137.97862243652344
208.2799530029297
273.8011779785156
125.14833068847656
268.718505859375
234.17947387695312
108.63046264648438
194.43463134765625
699.9971923828125
249.64259338378906
214.58811950683594
266.39971923828125
149.35023498535156
65.35435485839844
304.1235046386719
240.58489990234375
399.2642822265625
104.74899291992188
206.63711547851562
300.3490295410156
161.53553771972656
150.82241821289062
358.47088623046875
550.4380493164062
214.3373565673828
161.27035522460938
149.9403076171875
152.3638916015625
206.78887939453125
203.50613403320312
184.7057647705078
159.20816040039062
295.5108642578125
379.9876403808594
68.41920471191406
327.7508239746094
328.7377624511719
106.55268096923828
142.43264770507812
94.4613265991211
157.56874084472656
159.5792236328125
658.5718383789062
220.31068420410156
235.31593322753906
179.8078155517578
172.45175170898438
266.92095947265625
262.50054931640625
165.002197265625
301.07574462890625
400.7708435058594
313.827392578125
182.7398681640625
129.81031799316406
301.8597717285156
143.59097290039062
177.1433563232422
241.9654541015625
236.72340393066406
122.39305877685547
408.6315612792969
188.192626953125
276.36199951171875
65.28903198242188
285.640625
215.45956420898438
162.2378692626953
178.25930786132812
250.65733337402344
236.9407958984375
378.6014709472656
128.9418487548828
547.0855102539062
174.83535766601562
54.81456756591797
113.79596710205078
95.72216033935547
416.8435974121094
260.3948059082031
163.57843017578125
350.6070861816406
248.40524291992188
349.37371826171875
167.9823455810547
89.5846176147461
148.74453735351562
251.47760009765625
408.4358215332031
273.6078186035156
246.6341552734375
220.60455322265625
134.0535888671875
170.04129028320312
395.0062561035156
494.956787109375
425.4879150390625
547.2630615234375
146.9725799560547
