-0.03411179780960083
-0.4718896448612213
0.0033340901136398315
-0.17558957636356354
-0.06908303499221802
0.312571257352829
0.06925332546234131
-0.2611686885356903
-0.22783982753753662
0.34935879707336426
-0.05867864191532135
-0.06531710177659988
-0.0523173063993454
-0.16621308028697968
0.04876779019832611
0.1149895042181015
0.4091304838657379
0.1684350222349167
-0.055998411029577255
0.27879148721694946
0.009193181991577148
-0.22547844052314758
-0.03161416947841644
0.17167982459068298
-0.017291828989982605
0.1641978919506073
0.03619784116744995
0.0054591745138168335
-0.3779711425304413
0.0330294668674469
-0.06679335236549377
-0.22122099995613098
0.20088012516498566
-0.1115807443857193
0.026472516357898712
0.14724063873291016
0.30243244767189026
-0.16911469399929047
0.10249164700508118
0.1636505275964737
0.007933467626571655
0.13626019656658173
0.0803036093711853
0.052446573972702026
0.018819093704223633
-0.004980981349945068
-0.11108401417732239
-0.2295321673154831
-0.249129056930542
0.029687240719795227
-0.011907368898391724
0.10800096392631531
0.26257818937301636
-0.5547781586647034
-0.2560562193393707
-0.18563029170036316
0.10902857780456543
-0.050534963607788086
-0.03630533441901207
0.04623875021934509
-0.0018268823623657227
0.2742990255355835
0.2458166480064392
-0.1348353624343872
-0.15891586244106293
0.03999894857406616
-0.15062232315540314
0.1605926752090454
-0.37485963106155396
0.10060611367225647
0.23921142518520355
-0.3274102210998535
-0.0016363561153411865
-0.04046134650707245
-0.34699976444244385
0.05579743534326553
-0.07163654267787933
0.12455517053604126
0.017719358205795288
-0.3898414373397827
0.05428522825241089
0.2756187319755554
-0.12641467154026031
-0.25296804308891296
-0.07976531982421875
-0.3062348961830139
-0.011601194739341736
-0.3250008523464203
-0.021143823862075806
0.2348499894142151
0.13300780951976776
0.11132366955280304
-0.24771809577941895
-0.12861764430999756
0.05033479258418083
-0.4971050024032593
0.194890096783638
0.12405289709568024
-0.024576954543590546
-0.2298833429813385
-0.010805640369653702
0.2617565989494324
0.014397032558918
0.015197038650512695
-0.412639319896698
-0.1495044231414795
0.06535658240318298
-0.6176351308822632
0.0386313870549202
0.10229671746492386
0.10577350854873657
-0.09158161282539368
-0.12690860033035278
-0.06712751090526581
-0.030964456498622894
0.13747498393058777
-0.16020336747169495
0.06020170450210571
-0.05787220597267151
0.11679742485284805
-0.06187745928764343
-0.058793261647224426
0.08055847883224487
-0.31126126646995544
-0.02820514887571335
0.06342491507530212
-0.05664461851119995
-0.005273878574371338
0.10138833522796631
0.3008257746696472
0.06124153733253479
-0.04144912585616112
0.27213186025619507
0.2664685845375061
0.17701135575771332
0.211815744638443
-0.1998661756515503
-0.0909830629825592
-0.09287596493959427
-0.029059886932373047
0.08127766847610474
0.43244466185569763
-0.022638022899627686
-0.15689589083194733
0.39619848132133484
0.09498514980077744
0.011796651408076286
-0.12869352102279663
-0.17362460494041443
0.28963711857795715
0.03256487846374512
-0.035381682217121124
0.15763403475284576
0.07584914565086365
0.18163254857063293
-0.10257765650749207
0.09253329038619995
-0.6191986799240112
-0.010331852361559868
0.013102810829877853
-0.09415212273597717
0.1393263041973114
-0.35354286432266235
-0.04462546110153198
-0.17818671464920044
0.06354872137308121
0.09575507044792175
0.11216168105602264
0.1460399031639099
0.30691972374916077
-0.10514869540929794
-0.051963284611701965
0.20581021904945374
-0.021140217781066895
0.1382572054862976
-0.10135827213525772
0.04619380831718445
0.44484180212020874
0.3070838451385498
0.2686269283294678
0.11865264177322388
-0.18813759088516235
0.13150262832641602
0.1940082311630249
0.289995014667511
0.19825749099254608
-0.1699318289756775
0.24539083242416382
0.46691784262657166
0.0026606470346450806
0.16544486582279205
0.19667813181877136
0.16470402479171753
0.15855343639850616
0.10427039861679077
-0.08139893412590027
0.1013382077217102
0.33486512303352356
-0.29156407713890076
-0.08459869772195816
0.0020671337842941284
-0.17094677686691284
-0.2972713112831116
0.009962409734725952
0.1128300279378891
-0.15431788563728333
0.24821755290031433
-0.08613884449005127
0.02558000572025776
0.17726494371891022
-0.28605979681015015
-0.006412617862224579
0.08240696787834167
-0.04946747422218323
-0.37416061758995056
0.25506025552749634
-0.009945422410964966
0.3259964883327484
0.30538859963417053
0.12492583692073822
0.036754101514816284
-0.17766791582107544
0.15683534741401672
-0.21227310597896576
-0.11457077413797379
-0.1346752643585205
0.15632246434688568
0.07026374340057373
0.24873100221157074
0.2243848741054535
0.07034195959568024
-0.20266470313072205
0.026915617287158966
-0.35918378829956055
-0.5982944369316101
0.06690418720245361
-0.40341782569885254
0.01464720070362091
-0.2003445327281952
0.10549663007259369
-0.3437196910381317
-0.2811660170555115
-0.3195156157016754
0.16082891821861267
-0.10812684148550034
-0.4409123957157135
0.1903693675994873
-0.13413310050964355
-0.15479135513305664
-0.25286784768104553
-0.0391479916870594
0.3612286150455475
-0.1735130399465561
-0.09300598502159119
0.09458515048027039
0.3731643855571747
0.02607414312660694
-0.09398439526557922
-0.06064737215638161
0.08235958218574524
-0.06844532489776611
-0.17495378851890564
0.004459939897060394
0.2022918164730072
0.4517568349838257
0.19367802143096924
0.28150808811187744
-0.3298748731613159
0.05409223586320877
-0.2464098334312439
-0.19135071337223053
-0.23693707585334778
0.023935973644256592
0.004717081785202026
0.02720808982849121
-0.1032281368970871
0.036458179354667664
0.34929224848747253
-0.13217419385910034
-0.03821130096912384
0.11499451100826263
-0.2988716661930084
-0.09665024280548096
-0.3731275200843811
0.09754899144172668
-0.2951260805130005
0.18474924564361572
-0.5863201022148132
-0.3025485873222351
-0.03741927444934845
-0.08727741241455078
-0.13477063179016113
0.3470928966999054
-0.63624507188797
0.12040968239307404
-0.1177988275885582
-0.07403528690338135
-0.054303064942359924
0.1355917751789093
0.43265271186828613
0.13037103414535522
0.3559894859790802
-0.021124988794326782
-0.13877741992473602
-0.0025534331798553467
-0.33325666189193726
-0.06354185938835144
0.04550103843212128
0.3012257516384125
-0.09091749787330627
0.4207659661769867
-0.2656293511390686
0.35923174023628235
0.17549335956573486
0.317153662443161
-0.21924835443496704
-0.01955166459083557
0.06903232634067535
0.15219800174236298
-0.04482045769691467
-0.021156102418899536
0.1902693808078766
-0.32896438241004944
0.007953643798828125
-0.002703726291656494
-0.2146373689174652
0.23402903974056244
0.07435576617717743
-0.5496584177017212
-0.13255473971366882
-0.07590017467737198
-0.012812908738851547
-0.06381381303071976
0.002281367778778076
0.3230711817741394
0.00538983941078186
0.009891152381896973
-0.23172292113304138
0.03478571027517319
-0.1239733174443245
0.05096864700317383
0.24057537317276
-0.12153899669647217
0.03525008261203766
0.00019474700093269348
0.15680642426013947
0.3555135130882263
-0.006799452006816864
0.1430608183145523
-0.04083457589149475
-0.31385207176208496
0.07962946593761444
0.09420605003833771
0.27368679642677307
-0.287836492061615
-0.08302828669548035
-0.19583413004875183
-0.14576202630996704
0.07286794483661652
0.1565287709236145
0.22766855359077454
-0.19041767716407776
-0.13295158743858337
0.38652506470680237
-0.02379465103149414
0.22807961702346802
-0.23767177760601044
-0.072968989610672
-0.024176133796572685
0.05232799053192139
0.1826012134552002
0.0367608368396759
-0.3519607186317444
0.012541530653834343
0.11283234506845474
-0.19621330499649048
0.31304776668548584
-0.08283635973930359
-0.4440135955810547
0.2040228247642517
0.12030714750289917
-0.22650818526744843
-0.31934887170791626
-0.09787166863679886
-0.022931337356567383
-0.0860813781619072
-0.19987249374389648
0.1492282748222351
0.010820925235748291
-0.2175339013338089
0.19092275202274323
-0.14944417774677277
-0.08811483532190323
0.4481824040412903
0.028718501329421997
-0.09304705262184143
-0.15021491050720215
0.0022366195917129517
-0.04275606572628021
-0.05598820000886917
0.1900615394115448
0.33744561672210693
-0.008893564343452454
0.02464526891708374
0.31453731656074524
0.19909507036209106
-0.3070772886276245
-0.056998394429683685
0.08337652683258057
0.18281057476997375
-0.04743202030658722
-0.16771195828914642
0.18161596357822418
-0.14091601967811584
0.03682399168610573
-0.06936229765415192
0.14398351311683655
0.14915671944618225
-0.06925231218338013
-0.31503826379776
0.15250137448310852
-0.04390209913253784
0.20763429999351501
-0.1377643346786499
0.23036512732505798
-0.19152520596981049
-0.0583074688911438
0.125016450881958
-0.08445301651954651
0.15590797364711761
-0.22065052390098572
0.34947898983955383
0.0252411887049675
0.0847352147102356
-0.10474812984466553
-0.21261191368103027
0.17689576745033264
-0.16691002249717712
0.03981694579124451
0.029472291469573975
0.0989609956741333
-0.04338136315345764
0.21195614337921143
0.14698392152786255
-0.04166442155838013
0.17819903790950775
0.16958793997764587
-0.08758965879678726
0.05519428849220276
-0.17003491520881653
0.172339528799057
-0.2979518175125122
-0.10412472486495972
0.29776495695114136
-0.15160833299160004
-0.07654397934675217
-0.3105444014072418
-0.11863701790571213
0.4602465033531189
0.3637849688529968
0.029079526662826538
-0.24993351101875305
-0.17860695719718933
0.06127592921257019
-0.15817847847938538
-0.114657923579216
-0.05980074405670166
-0.02119155041873455
0.11271080374717712
0.30595725774765015
0.23242615163326263
-0.2755793035030365
0.3924618363380432
0.05246429890394211
-0.22657492756843567
0.10490131378173828
0.07067417353391647
-0.07032480835914612
-0.012728214263916016
0.07222146540880203
-0.04544918239116669
0.12739574909210205
-0.027825266122817993
0.06168751418590546
-0.04091869294643402
0.31198450922966003
0.08646917343139648
0.2763972878456116
-0.11339622735977173
0.1531142145395279
-0.20274321734905243
-0.3324168920516968
-0.07300357520580292
-0.07462567836046219
0.11993053555488586
-0.01412581279873848
-0.1324799358844757
-0.16592641174793243
0.007228579372167587
-0.28249362111091614
0.003574356436729431
0.29898855090141296
-0.248236745595932
0.10520419478416443
-0.07999798655509949
0.3601891100406647
-0.07137197256088257
0.08530178666114807
-0.10689742863178253
0.5371750593185425
0.03234952688217163
0.06538286805152893
-0.18456493318080902
-0.1809656023979187
-0.20710515975952148
-0.11639106273651123
0.33521202206611633
-0.040620993822813034
0.17572741210460663
0.07613594830036163
0.10424357652664185
0.2802390456199646
-0.27498379349708557
-0.11711987853050232
-0.13566218316555023
0.3084104657173157
-0.03720797598361969
-0.07515670359134674
-0.5124762058258057
-0.06782679259777069
0.1109590232372284
0.21036332845687866
-0.15663878619670868
0.29258763790130615
-0.15525412559509277
-0.0960351899266243
-0.10068485140800476
-0.02266177535057068
-0.051733940839767456
-0.08733181655406952
0.23666001856327057
-0.7354965806007385
0.16153310239315033
-0.34823399782180786
0.5561821460723877
-0.34174641966819763
-0.18576373159885406
-0.17663654685020447
0.04037608206272125
0.269515722990036
0.13053524494171143
0.060628071427345276
-0.13320592045783997
-0.1663508415222168
-0.152765691280365
0.19391003251075745
-0.11270846426486969
0.30260950326919556
-0.14792737364768982
-0.10630625486373901
0.12874045968055725
0.3328123688697815
0.05331020802259445
0.21399056911468506
-0.2026515007019043
0.14500990509986877
0.16787320375442505
0.1539451777935028
0.09574541449546814
-0.10485191643238068
0.1886093020439148
0.14335450530052185
-0.31328654289245605
0.028067052364349365
0.02729494869709015
0.06833648681640625
0.0639713704586029
0.07567618787288666
-0.5197046399116516
-0.05995163321495056
-0.24559147655963898
-0.01576138287782669
-0.012242503464221954
0.10728335380554199
-0.04140493646264076
-0.18472108244895935
-0.039151374250650406
0.1175113171339035
0.3082507848739624
-0.03901436924934387
-0.005057394504547119
-0.056933850049972534
0.08453494310379028
0.2564038336277008
0.36189305782318115
0.20093122124671936
0.02211885154247284
-0.05757312476634979
0.15033262968063354
0.006249181926250458
0.3303297758102417
-0.15097685158252716
-0.2528573274612427
0.2465260773897171
0.5050657391548157
0.003857225179672241
-0.06103161722421646
0.16515175998210907
-0.12599341571331024
0.5291886329650879
-0.04137514531612396
0.30251842737197876
0.00421181321144104
-0.017101094126701355
0.2211374044418335
0.07354381680488586
-0.3260435461997986
0.08668297529220581
0.0629536509513855
-0.18675699830055237
-0.13068726658821106
0.11302290856838226
-0.1824628710746765
0.10252414643764496
-0.1400228589773178
-0.04192543029785156
0.03545728325843811
0.3457164764404297
-0.0005094707012176514
-0.25243085622787476
-0.15731281042099
-0.1352406144142151
-0.04123711958527565
-0.05259481444954872
-0.07719361782073975
-0.28021669387817383
-0.16347628831863403
0.20200690627098083
-0.17311199009418488
-0.07754895091056824
-0.566986083984375
-0.15655237436294556
0.28591176867485046
-0.2602769732475281
0.06284679472446442
0.23907054960727692
0.17423775792121887
0.09017477929592133
-0.06907077133655548
0.16403204202651978
0.1480099856853485
-0.03128784894943237
0.1722261905670166
-0.08610277622938156
0.10231685638427734
0.21203011274337769
0.3036895990371704
-0.1650192141532898
0.04427219182252884
-0.07778889685869217
0.1641741394996643
-0.339570015668869
-0.22861453890800476
0.012536384165287018
-0.33122989535331726
0.0038583800196647644
-0.31508761644363403
0.1810912936925888
-0.10732250660657883
-0.08134578168392181
-0.0689803883433342
0.14443925023078918
-0.016712844371795654
0.007229864597320557
-0.30941370129585266
-0.005925267934799194
-0.07307295501232147
-0.24633841216564178
0.14368011057376862
0.05167753994464874
0.1275433748960495
-0.18969649076461792
-0.2659130394458771
0.4121374189853668
-0.09079408645629883
0.04427172988653183
-0.14396445453166962
-0.07427126169204712
-0.023224130272865295
0.3048955798149109
0.1363193839788437
-0.03276175260543823
0.24955670535564423
-0.11249566823244095
0.3060827851295471
-0.23533391952514648
0.4108636975288391
0.08752983808517456
-0.4625454545021057
0.2020961344242096
-0.14305734634399414
0.30952271819114685
0.17198406159877777
-0.1164364218711853
0.13864704966545105
-0.43491804599761963
-0.10626107454299927
-0.0870029628276825
-0.20326556265354156
0.3019809126853943
-0.17176002264022827
-0.08106540143489838
-0.021414514631032944
0.2148863971233368
0.21864217519760132
-0.10573306679725647
-0.01574118435382843
-0.2054876685142517
-0.022723078727722168
0.02366585284471512
-0.24543119966983795
0.20389458537101746
0.0777413472533226
0.34834200143814087
-0.14274156093597412
-0.03395015001296997
0.21947863698005676
0.1818200647830963
0.2540452480316162
-0.04039023816585541
0.24705111980438232
-0.02781973034143448
-0.40842705965042114
0.18769066035747528
0.027020491659641266
0.06709559261798859
-0.08930443227291107
-0.43617039918899536
-0.1634414792060852
0.01363837718963623
-0.2830717861652374
-0.30695798993110657
0.3158581256866455
0.09318795800209045
-3.996118903160095e-05
-0.20456203818321228
0.13748735189437866
-0.1290227472782135
0.08882209658622742
0.20173920691013336
-0.0712013840675354
0.1285267025232315
-0.071574367582798
0.38115042448043823
0.2231457233428955
-0.27320972084999084
0.14617663621902466
0.36090904474258423
-0.3264862298965454
-0.03221219778060913
0.09819548577070236
0.30039793252944946
0.12345699965953827
-0.227776899933815
-0.21368171274662018
-0.07235085964202881
-0.1857292652130127
0.07589304447174072
-0.08661428093910217
0.03510606288909912
-0.21526223421096802
0.14494213461875916
0.40663257241249084
-0.032497137784957886
0.2967398166656494
-0.013933852314949036
-0.12262307107448578
-0.23554371297359467
0.16910474002361298
0.26468682289123535
0.05949604511260986
-0.02485813945531845
0.7494558095932007
-0.5753658413887024
0.01664680242538452
-0.38699623942375183
-0.20169131457805634
0.05942253768444061
0.2614489793777466
0.0632251724600792
-0.07664757966995239
0.3825863003730774
0.4089488387107849
0.02161712944507599
0.016667556017637253
0.12373235076665878
-0.036866575479507446
0.07777515798807144
0.469817578792572
-0.05912066996097565
-0.3070218861103058
0.6330376863479614
0.09637752175331116
0.0604703426361084
0.13582780957221985
0.308091402053833
0.08480285108089447
0.0013782531023025513
-0.18992553651332855
-0.06771785020828247
0.08824262022972107
0.04538872465491295
0.1100202202796936
-0.08807945251464844
0.0841970145702362
-0.11737777292728424
-0.06488151848316193
0.006926417350769043
0.2829643189907074
-0.22574123740196228
0.07379909604787827
0.21739903092384338
-0.272536963224411
0.1091165840625763
0.049525707960128784
0.06682011485099792
0.020263701677322388
0.10923570394515991
0.012061059474945068
-0.23099838197231293
-0.06138208508491516
-0.06769654899835587
-0.053548842668533325
0.10061540454626083
-0.03696894645690918
-0.26973122358322144
-0.2817363142967224
0.23322054743766785
-0.08189766854047775
-0.2829796075820923
0.09516254812479019
-0.047803521156311035
0.12658753991127014
-0.16703367233276367
-0.07941460609436035
0.4081854820251465
-0.09590835869312286
0.25234317779541016
-0.05878867208957672
-0.029499277472496033
-0.05618813633918762
-0.2593081295490265
7.178634405136108e-05
0.12428135424852371
0.11843478679656982
0.05466476082801819
0.1615167260169983
-0.04632047563791275
0.11939612030982971
0.10142633318901062
0.059005796909332275
0.28085559606552124
0.1191917210817337
0.04818081855773926
0.0015009641647338867
0.061474889516830444
-0.15333060920238495
-0.06172272562980652
-0.0855247974395752
0.09291335940361023
-0.043956249952316284
-0.02080714702606201
0.23055163025856018
0.4128599166870117
0.2569308280944824
-0.08070367574691772
0.4007582366466522
-0.05599334463477135
0.08829273283481598
-0.0773894339799881
0.07286332547664642
0.309723436832428
0.3302311599254608
0.26016390323638916
-0.07548878341913223
0.09551423788070679
-0.16083703935146332
0.16869261860847473
0.021777786314487457
0.10488712042570114
-0.05553919076919556
0.03631105273962021
0.43826916813850403
-0.0833045244216919
-0.02221900224685669
-0.01285862922668457
0.2560703754425049
0.12036873400211334
0.2613973319530487
0.007655424531549215
0.13873890042304993
0.01704433560371399
0.04105497896671295
-0.16398704051971436
-0.1116037592291832
0.05063363164663315
0.41211068630218506
0.2474803328514099
0.08526571840047836
0.09284337610006332
-0.3268447518348694
0.10145779699087143
-0.323230504989624
-0.08581376820802689
-0.026391178369522095
0.09042273461818695
0.2143242508172989
-0.015808921307325363
0.07980731129646301
-0.4378763437271118
0.08536392450332642
0.3658251166343689
-0.22970499098300934
0.33616387844085693
0.19703719019889832
-0.07592363655567169
0.08878594636917114
-0.12327182292938232
-0.03089742921292782
-0.06035982444882393
0.11141549050807953
-0.04704403877258301
0.0834742933511734
0.07408508658409119
-0.024432837963104248
0.35280823707580566
0.19144652783870697
0.5929324626922607
-0.06556904315948486
0.17477203905582428
-0.07463884353637695
0.03914918377995491
-0.14337575435638428
-0.06573624163866043
-0.0126228928565979
-0.14473488926887512
-0.6689310073852539
0.1856519877910614
-0.11640775203704834
0.05125373974442482
0.11755652725696564
-0.07561597228050232
0.12374302744865417
-0.8522000908851624
-0.14241960644721985
0.07399633526802063
0.17921753227710724
0.0030796676874160767
0.18910223245620728
0.31511104106903076
0.08670750260353088
-0.3944161534309387
0.06495529413223267
0.033532679080963135
0.0664530023932457
-0.20368927717208862
0.14954450726509094
-0.3769117593765259
-0.010395556688308716
0.16880792379379272
-0.07182115316390991
0.06791668385267258
-0.13285225629806519
-0.23444685339927673
-0.07279624044895172
0.008165925741195679
0.035704612731933594
-0.07213723659515381
-0.043177902698516846
0.030771158635616302
-0.02560308948159218
-0.444676011800766
0.1534780114889145
-0.056311920285224915
-0.020838767290115356
-0.11516093462705612
-0.0025254786014556885
0.11611485481262207
-0.4611247181892395
0.2650474011898041
-0.034573398530483246
-0.2510845959186554
0.0527002215385437
-0.047602396458387375
0.1496226191520691
0.0521479994058609
0.04687406122684479
-0.3247588276863098
0.37976694107055664
0.0833665207028389
0.13848663866519928
-0.47051572799682617
-0.042123641818761826
0.1756916344165802
0.14853273332118988
-0.2051076889038086
-0.09553369879722595
0.12457334250211716
-0.07782664149999619
0.2626408040523529
-0.14112094044685364
-0.03694486618041992
0.5487514138221741
-0.165348619222641
0.4448850750923157
-0.2145300954580307
-0.05544427037239075
0.18312376737594604
-0.006570955738425255
0.20884104073047638
-0.062382251024246216
-0.065606027841568
0.46758824586868286
-0.16072456538677216
-0.12512817978858948
-0.2144947201013565
-0.09026700258255005
0.10046502947807312
-0.21593248844146729
0.08404707908630371
0.09035411477088928
-0.11117599159479141
-0.05739416182041168
-0.01970958709716797
0.30246660113334656
-0.14606332778930664
0.11009744554758072
0.30560213327407837
0.025566965341567993
-0.053896576166152954
-0.21747058629989624
0.13377322256565094
0.4694178104400635
-0.3294605612754822
-0.02770298719406128
0.09279149770736694
0.08306340128183365
-0.05832700803875923
0.025136277079582214
-0.17204731702804565
0.009694382548332214
0.03497985005378723
-0.17740517854690552
0.1194404661655426
0.03280743956565857
0.12619057297706604
0.06974482536315918
-0.1943950057029724
0.026011936366558075
-0.08993633091449738
-0.07564514875411987
-0.17370635271072388
0.1913743019104004
0.016974881291389465
-0.17538566887378693
-0.06171258166432381
-0.14652371406555176
0.0478924885392189
-0.10609087347984314
0.11651191115379333
-0.20746146142482758
0.00023069977760314941
-0.0538797602057457
0.14418567717075348
0.020846650004386902
-0.07984957844018936
0.13689269125461578
0.4296608567237854
-0.026653297245502472
-0.20847345888614655
0.2966993749141693
0.13335871696472168
0.11634247750043869
-0.5226767063140869
0.2355443239212036
-0.05672910809516907
-0.049829840660095215
0.11304068565368652
0.040137797594070435
-0.024230733513832092
-0.19144368171691895
-0.23396915197372437
-0.03558184579014778
0.26915499567985535
-0.27779966592788696
-0.055432647466659546
-0.22806398570537567
0.002432197332382202
-0.11036589741706848
-0.4877690076828003
-0.1148233413696289
-0.11085358262062073
0.025571420788764954
-0.05669847130775452
0.09474772959947586
-0.007924705743789673
0.11011120676994324
0.02342839539051056
-0.11988192796707153
-0.06883617490530014
-0.30036839842796326
0.10176458954811096
-0.10686486959457397
-0.12686820328235626
0.19031548500061035
-0.14550064504146576
-0.14424100518226624
0.6707438826560974
-0.13425204157829285
0.06993518024682999
-0.05432182177901268
0.046863727271556854
0.052792347967624664
0.10530324280261993
0.08695372939109802
0.2392745316028595
0.20944520831108093
0.06641028821468353
-0.30099067091941833
0.04437863826751709
0.00677105039358139
0.004527240991592407
0.24795445799827576
0.37888455390930176
0.0827319398522377
0.08575772494077682
-0.38916319608688354
0.08867302536964417
0.4070521295070648
-0.03261334449052811
0.09302695095539093
0.2996322512626648
0.10208822041749954
0.005013689398765564
0.05578342080116272
-0.18445312976837158
-0.054399292916059494
0.15490470826625824
0.1646474450826645
-0.25785863399505615
0.00517934188246727
0.3097270131111145
0.1694777011871338
0.05484272539615631
-0.17456409335136414
0.3632517457008362
-0.01850801706314087
-0.37212398648262024
0.2596256732940674
0.01840806007385254
-0.15550212562084198
0.054782092571258545
0.08740077912807465
-0.4580772817134857
0.10056893527507782
0.34123048186302185
0.11751583218574524
-0.12345195561647415
-0.00907166302204132
-0.12780222296714783
0.06013347953557968
0.10949823260307312
0.03715744614601135
-0.38864511251449585
-0.17639793455600739
0.048357754945755005
-0.2505180537700653
0.0045922622084617615
-0.36740219593048096
-0.05832153558731079
0.13301870226860046
0.36616426706314087
-0.04567752778530121
-0.038271091878414154
-0.025947749614715576
0.17844432592391968
-0.03278300166130066
-0.19271425902843475
-0.27673327922821045
0.30981406569480896
0.1876404583454132
-0.5071218013763428
-0.39792600274086
-0.18412375450134277
-0.046410586684942245
-0.44212979078292847
0.2348799854516983
-0.034005969762802124
0.25463253259658813
-0.005361109972000122
0.24595780670642853
0.028587162494659424
-0.13960792124271393
0.131254643201828
-0.07708892971277237
0.6669561862945557
0.306733101606369
0.315193235874176
-0.06807946413755417
-0.01288248598575592
-0.2777429521083832
0.17651525139808655
0.25202834606170654
0.31674185395240784
-0.06305547058582306
0.0040118396282196045
-0.010935455560684204
-0.18093179166316986
0.17509669065475464
0.22994732856750488
-0.036265306174755096
0.25556445121765137
0.10893362760543823
-0.11383755505084991
-0.13886110484600067
0.5781202912330627
0.12767848372459412
-0.1199677586555481
0.3058837354183197
-0.10311096161603928
-0.004941403865814209
0.13291537761688232
-0.1516854166984558
0.1307855248451233
0.15844973921775818
0.2739477753639221
0.2775479853153229
-0.021539177745580673
-0.08145111799240112
0.05737489461898804
0.11074861884117126
0.18947312235832214
0.023868665099143982
0.3883135914802551
0.17203275859355927
-0.1897946000099182
0.13797616958618164
0.10727798193693161
-0.020471930503845215
0.22084300220012665
-0.26182296872138977
0.4083438217639923
0.11165665835142136
-0.26465100049972534
0.5743129253387451
0.2799437940120697
-0.07483118772506714
0.16298940777778625
-0.04209508001804352
-0.07727973163127899
0.05311136320233345
0.1263463795185089
-0.0634966492652893
0.05600607395172119
0.03206538408994675
-0.18854962289333344
0.10210266709327698
0.1784392148256302
-0.023473307490348816
-0.2885698080062866
-0.23833438754081726
-0.07009797543287277
-0.3843095600605011
0.14454084634780884
-0.19206151366233826
-0.15034058690071106
0.13572312891483307
0.45937636494636536
-0.14551734924316406
0.11115673184394836
-0.44749873876571655
-0.07657405734062195
-0.065215565264225
0.18101909756660461
-0.364445298910141
0.30855897068977356
0.16097107529640198
-0.022110842168331146
-0.18354934453964233
0.13074347376823425
0.08561676740646362
0.10805505514144897
-0.08139672875404358
0.03794318437576294
-0.08001648634672165
-0.5856067538261414
-0.12096837162971497
0.23522472381591797
-0.08323518186807632
0.021469980478286743
-0.3266611099243164
-0.13725294172763824
0.2025679647922516
-0.5929897427558899
-0.0033332407474517822
-0.0015906468033790588
0.12470528483390808
-0.17825204133987427
0.4275438189506531
0.10153759270906448
0.10132905840873718
-0.07655110210180283
0.2779024839401245
-0.12877845764160156
0.09921979904174805
-0.14386852085590363
0.06975533813238144
-0.2057790905237198
0.06813116371631622
0.5595247745513916
-0.026343170553445816
0.37626907229423523
0.3887101709842682
0.0852075144648552
0.01075487956404686
0.0020647943019866943
-0.07810419797897339
-0.12825864553451538
0.20203007757663727
0.1376485824584961
-0.2540518045425415
-0.015038609504699707
0.20013585686683655
0.5813695192337036
-0.11842763423919678
-0.09997648000717163
0.0231439471244812
-0.8911450505256653
-0.03704528510570526
0.11395370215177536
0.14833015203475952
0.2709660828113556
0.13338804244995117
-0.3518766164779663
-0.4201837182044983
0.048099637031555176
0.2894599735736847
-0.24116870760917664
0.07073909044265747
-0.08622930198907852
0.003167536109685898
-0.213420107960701
0.4128994643688202
0.14144831895828247
0.058084145188331604
0.24470752477645874
-0.10819175839424133
0.10766445100307465
-0.4024420380592346
-0.5741596221923828
0.02243269793689251
-0.26477545499801636
0.047716617584228516
-0.2382381558418274
-0.25836285948753357
0.10557129979133606
-0.37192848324775696
0.6984586119651794
-0.11558516323566437
-0.19067758321762085
-0.17218296229839325
-0.021823668852448463
-0.2496035099029541
-0.03587193787097931
0.011959969997406006
0.02068789303302765
0.03216312825679779
-0.329188734292984
-0.07970067858695984
0.31862807273864746
0.21843533217906952
-0.20029973983764648
0.01861308515071869
0.48766979575157166
0.045002833008766174
-0.24331921339035034
0.23131676018238068
0.7238106727600098
0.10183223336935043
-0.25317585468292236
-0.34954237937927246
0.008222788572311401
0.1511000543832779
0.20621250569820404
-0.058988988399505615
-0.19028998911380768
0.17082442343235016
-0.7396618723869324
-0.34434783458709717
-0.31598961353302
0.34997305274009705
-0.2053970992565155
0.4943898320198059
-0.35321980714797974
-0.02555708773434162
-0.20314925909042358
-0.0935160219669342
0.2001228779554367
-0.012793287634849548
0.2262885570526123
-0.463164746761322
0.006529182195663452
-0.2700595557689667
0.08975845575332642
-0.2153690606355667
0.09704770147800446
-0.017860352993011475
-0.0003533661365509033
-0.3482857048511505
-0.251092791557312
0.04452352225780487
-0.08921587467193604
0.12101280689239502
-0.11343331634998322
0.4405362010002136
0.40397003293037415
0.20633697509765625
0.0866849422454834
0.024351686239242554
-0.04889290779829025
-0.09446023404598236
0.21723388135433197
0.28789234161376953
0.058681633323431015
0.028637707233428955
0.05150654911994934
0.22171556949615479
0.046315714716911316
-0.025462590157985687
-0.10758739709854126
-0.15736055374145508
0.10368797928094864
0.15627719461917877
0.08041414618492126
-0.04880571365356445
0.047250330448150635
-0.022386305034160614
-0.2235080897808075
-0.08305352926254272
-0.18050365149974823
-0.11101540178060532
0.03260508179664612
0.04476255178451538
-0.43906301259994507
0.15287303924560547
0.056415557861328125
-0.014801904559135437
-0.08686228096485138
0.09794739633798599
-0.271944135427475
0.009924329817295074
-0.07684198021888733
-0.2702372968196869
-0.14178912341594696
0.04820674657821655
-0.29153579473495483
-0.150468647480011
0.05585399270057678
-0.030172668397426605
0.32855725288391113
-0.27101051807403564
-0.14750754833221436
-0.05319255217909813
0.12786099314689636
-0.03575482964515686
-0.0037794560194015503
-0.18104270100593567
-0.05573087930679321
0.10773836821317673
-0.14631667733192444
0.020284274592995644
-0.0603286474943161
0.05686448514461517
0.29018911719322205
0.01709263026714325
0.22470712661743164
-0.4000680148601532
0.26474714279174805
0.0692853331565857
-0.11692387610673904
-0.028326543048024178
-0.06470414996147156
0.07815061509609222
-0.1247142106294632
0.20950107276439667
-0.37077945470809937
0.26583608984947205
-0.046878159046173096
-0.09023100137710571
-0.19228839874267578
0.15126755833625793
0.16930192708969116
0.024993374943733215
0.14819513261318207
0.05475954711437225
-0.052072957158088684
-0.04068218544125557
0.17100629210472107
-0.0611099973320961
0.023502156138420105
0.053981319069862366
-0.26109546422958374
-0.26298242807388306
-0.226965069770813
-0.14253948628902435
0.13796284794807434
-0.10348773002624512
-0.012980446219444275
-0.0820128545165062
-0.011172935366630554
0.01613818109035492
0.0699056014418602
0.3260379731655121
0.11810612678527832
0.11004164814949036
0.12157188355922699
-0.17742390930652618
-0.12482988834381104
0.22841422259807587
0.13581424951553345
-0.15956664085388184
0.33102619647979736
-0.30150532722473145
-0.1123102605342865
-0.1879899650812149
-0.5155719518661499
-0.011618226766586304
-0.1968492865562439
-0.030017703771591187
0.26245740056037903
0.016743019223213196
0.09937441349029541
0.13097067177295685
0.23812764883041382
0.16066142916679382
-0.16926179826259613
0.031223222613334656
-0.22640636563301086
-0.24462534487247467
-0.4388355016708374
0.3647882044315338
0.15439549088478088
0.2791825532913208
0.4794550836086273
-0.2407987415790558
-0.31939226388931274
0.44330379366874695
-0.04901602864265442
-0.05049855634570122
0.3736625611782074
-0.5794859528541565
-0.34034329652786255
0.26971057057380676
0.4876288175582886
-0.1957704722881317
-0.17905518412590027
0.4881311058998108
0.16756799817085266
0.21061153709888458
0.07444080710411072
-0.028214797377586365
0.016672909259796143
-0.0023931264877319336
-0.02663901448249817
0.15350455045700073
0.054826363921165466
-0.10518282651901245
0.03230619430541992
-0.22267082333564758
-0.11799604445695877
-0.06279956549406052
-0.02864009141921997
-0.003568217158317566
0.01851212978363037
0.030281543731689453
0.05739951133728027
-0.006743256002664566
-0.1363241970539093
0.06889302283525467
0.2854631245136261
-0.43262583017349243
-0.01094198226928711
-0.1056344211101532
0.2575097382068634
0.08971858769655228
-0.12522350251674652
0.3501490354537964
0.32241344451904297
-0.12589797377586365
-0.03941608965396881
0.07845883071422577
-0.07956945896148682
-0.054620373994112015
0.06802865862846375
0.1045658141374588
-0.17038804292678833
0.03857188671827316
-0.09501735866069794
-0.1889101266860962
-0.14737263321876526
-0.24683162569999695
0.01681634783744812
0.09758950769901276
0.05443337559700012
0.007364682853221893
0.3117370307445526
-0.14795343577861786
0.13237369060516357
0.16485513746738434
-0.2394426465034485
-0.0037453174591064453
0.05394361540675163
-0.06663045287132263
0.07385684549808502
0.14933404326438904
-0.06000566482543945
-0.14625784754753113
0.10952144861221313
-0.4923167824745178
-0.016053706407546997
0.230859637260437
-0.2024548351764679
0.12784582376480103
0.00402463972568512
-0.12405268847942352
-0.052205055952072144
0.1798229217529297
-0.09189902991056442
0.05360642075538635
-0.17509725689888
0.1578531712293625
-0.10151493549346924
0.035276494920253754
0.5842732191085815
0.7901455760002136
0.1283790022134781
0.0414242148399353
-0.17436343431472778
-0.12706562876701355
0.41317471861839294
-0.18035770952701569
-0.00039896368980407715
0.08635897934436798
-0.16697688400745392
-0.4360060393810272
0.01422873791307211
0.09685518592596054
-0.36437976360321045
0.10062830150127411
-0.15108367800712585
0.16375809907913208
0.06132917106151581
0.003776741214096546
-0.17418363690376282
-0.032497718930244446
0.14757758378982544
-0.27671048045158386
0.24333876371383667
-0.31640371680259705
0.17244184017181396
0.01372922956943512
-0.15711034834384918
-0.05557645857334137
-0.08537553250789642
0.0653814971446991
0.4562629461288452
0.2174028605222702
-0.06341566145420074
0.19945693016052246
-0.029928818345069885
0.16127249598503113
-0.135369211435318
-0.15255318582057953
-0.26255112886428833
-0.3342130482196808
-0.029451286420226097
-0.09040358662605286
0.2759378254413605
0.2574629485607147
0.16274282336235046
-0.2746835947036743
-0.17218390107154846
0.013853579759597778
-0.251594215631485
-0.3469697833061218
0.3306756913661957
-0.15153467655181885
-0.4609625041484833
-0.06981277465820312
0.19651612639427185
-0.19169104099273682
0.11981570720672607
-0.25782278180122375
0.18059678375720978
-0.03294563293457031
-0.5815235376358032
0.37862828373908997
-0.1834532618522644
0.17271819710731506
-0.16642335057258606
-0.10096806287765503
0.18888309597969055
-0.28412431478500366
0.1292259246110916
-0.018374711275100708
-0.37328118085861206
0.06777642667293549
0.258321076631546
0.4087837338447571
-0.06940564513206482
-0.10643959045410156
-0.33826926350593567
-0.2856951355934143
0.2538888156414032
-0.14240753650665283
0.1613491028547287
0.054762668907642365
0.5752370953559875
-0.17253261804580688
0.5056983232498169
-0.17709319293498993
-0.2942553460597992
0.09006121754646301
0.5614116787910461
-0.07353523373603821
0.24665769934654236
0.06174324452877045
-0.07367384433746338
-0.1800222396850586
0.09723544120788574
0.07616149634122849
-0.12637344002723694
-0.09371985495090485
0.022966161370277405
-0.0242607444524765
0.2280259132385254
-0.014226183295249939
-0.044205814599990845
-0.12919993698596954
0.18484355509281158
-0.13652782142162323
0.04893176257610321
0.18060272932052612
0.20284822583198547
0.3680962920188904
-0.16441401839256287
-0.09442605078220367
0.2977629005908966
0.059876807034015656
-0.02330079674720764
-0.16510127484798431
-0.1266627311706543
-0.05226980149745941
0.16269123554229736
-0.08623291552066803
0.05642339587211609
-0.2945574223995209
-0.38765984773635864
0.35897520184516907
-0.3754611909389496
0.3022759258747101
-0.26970094442367554
0.00395868718624115
-0.42020362615585327
0.006087740417569876
-0.06391023844480515
0.04216708987951279
-0.09179745614528656
0.0006671622395515442
-0.06130260229110718
-0.16646260023117065
-0.6728662848472595
0.1597827821969986
0.06914211809635162
-0.0884285420179367
0.4702779948711395
-0.12047117948532104
-0.5339845418930054
0.06059005856513977
-0.14592352509498596
0.1646692454814911
0.6172807812690735
0.152944877743721
-0.04411493241786957
0.174598827958107
0.11076952517032623
0.01790904998779297
0.3663170337677002
0.03335713595151901
0.0265892893075943
-0.03640246391296387
0.11743474006652832
0.15676462650299072
0.0384097695350647
0.04187719523906708
-0.3487282693386078
-0.050673067569732666
0.03514925390481949
-0.0652974545955658
-0.17758384346961975
-0.19158756732940674
-0.08115512132644653
0.11591719090938568
0.023172050714492798
-0.12587089836597443
-0.06096789240837097
0.1763763725757599
0.44946277141571045
0.0942043662071228
0.28445714712142944
-0.3304010033607483
0.230789452791214
0.18309473991394043
-0.24416232109069824
-0.06535565853118896
-0.5475575923919678
0.2657358646392822
0.16742751002311707
0.053241193294525146
0.020067036151885986
0.15145495533943176
-0.1988842934370041
-0.2900395691394806
0.3680928349494934
-0.015643462538719177
0.1563858538866043
0.007980875670909882
-0.3309705853462219
-0.10679370164871216
-0.09271880984306335
-0.18887419998645782
-0.050723232328891754
0.2853162884712219
-0.2650931477546692
0.3112819492816925
-0.07608212530612946
-0.2596759796142578
0.002780735492706299
0.07694035768508911
-0.343110591173172
-0.2747129797935486
0.3096988797187805
-0.01441490650177002
0.1464158296585083
0.03063693642616272
0.01937299594283104
0.16420941054821014
-0.06324721872806549
-0.027461767196655273
-0.08307558298110962
-0.23545841872692108
-0.021333836019039154
-0.022285491228103638
0.3042922019958496
-0.054256975650787354
-0.16140884160995483
0.5225095152854919
-0.10594348609447479
-0.9833450317382812
-0.18595296144485474
-0.09465843439102173
0.09972645342350006
0.18586264550685883
-0.33580970764160156
0.38017234206199646
0.34352511167526245
-0.05531960725784302
0.12233147770166397
-0.04687774181365967
-0.06417202949523926
0.13376092910766602
0.012396857142448425
-0.09125017374753952
0.23346538841724396
0.27455800771713257
0.021131053566932678
-0.1387648582458496
0.08298230171203613
0.055053725838661194
-0.302181214094162
0.15160958468914032
-0.01896783709526062
0.037499308586120605
0.2716587483882904
-0.20379990339279175
-0.10558071732521057
-0.10925425589084625
0.2500971555709839
0.2211672067642212
-0.18270286917686462
-0.02838599681854248
-0.15656882524490356
0.09416639804840088
-0.06761636584997177
-0.25268322229385376
-0.11762271821498871
-0.067966528236866
0.13327652215957642
0.07045198976993561
-0.06653845310211182
-0.25683584809303284
0.07952292263507843
0.09035889059305191
0.2789096236228943
-0.04404617100954056
0.12531113624572754
-0.31327030062675476
0.7175470590591431
0.08431529998779297
-0.05709180235862732
0.1354912370443344
0.5027434825897217
0.44787681102752686
0.40386876463890076
0.3469594419002533
0.31139498949050903
0.21969279646873474
0.20111271739006042
0.14307495951652527
-0.2521253228187561
0.0428372323513031
-0.04040626436471939
0.17453306913375854
0.17776989936828613
-0.19004973769187927
-0.10747617483139038
0.29662084579467773
-0.26220980286598206
-0.018204912543296814
-0.255445659160614
-0.3955170512199402
0.30816683173179626
0.07397546619176865
-0.2097359299659729
0.1815948337316513
0.17539632320404053
0.2788366973400116
0.061305463314056396
0.14090034365653992
-0.08707462251186371
0.019890181720256805
-0.011572778224945068
-0.049977242946624756
0.16023094952106476
-0.3073699474334717
0.07322372496128082
-0.051479458808898926
-0.1411031186580658
-0.055885136127471924
0.20464447140693665
0.23283517360687256
-0.24375471472740173
-0.4032101333141327
0.05953860282897949
0.02865123748779297
0.07020600885152817
0.13456714153289795
-0.20418184995651245
0.2136491984128952
0.6115059852600098
0.2628330886363983
0.08779191970825195
0.2885977327823639
0.025298118591308594
0.12274506688117981
0.042325735092163086
0.32709407806396484
-0.01208188384771347
-0.10005661100149155
0.31998664140701294
0.05738633871078491
0.05492386594414711
0.3048970401287079
-0.08961459249258041
0.11032804101705551
-0.1174820065498352
0.3634648323059082
0.005202434957027435
0.1061650887131691
0.2624015212059021
0.14649257063865662
0.010463804006576538
-0.29739925265312195
-0.01320117712020874
-0.027543161064386368
-0.10909901559352875
0.11326390504837036
0.0712282657623291
0.010356932878494263
-0.013434261083602905
0.024998992681503296
-0.0160486102104187
0.3597259223461151
-0.1568739265203476
-0.11130350083112717
0.10480722039937973
0.18645086884498596
-0.03194400668144226
0.17996525764465332
-0.14267747104167938
0.12462285161018372
-0.16338209807872772
0.20127445459365845
0.05290892720222473
-0.05214589834213257
0.1308240443468094
0.03814476728439331
0.025800330564379692
-0.16793139278888702
-0.015068776905536652
-0.3414131999015808
0.06879541277885437
-0.1992720365524292
-0.09712672978639603
0.1542932540178299
0.00942140817642212
0.128990039229393
0.007733434438705444
-0.12725147604942322
0.22101491689682007
0.11505505442619324
0.20887267589569092
0.13541215658187866
0.019035667181015015
-0.13695403933525085
-0.22352832555770874
0.36096882820129395
-0.17063218355178833
0.020262418314814568
0.25358298420906067
0.33189475536346436
-0.09979856014251709
0.03752893581986427
0.016193270683288574
-0.055452197790145874
0.161573588848114
0.23020173609256744
0.12738734483718872
-0.1431782990694046
-0.3233944773674011
-0.12833306193351746
-0.11294116079807281
0.41320064663887024
0.37293675541877747
0.09520456194877625
-0.039189741015434265
-0.08186037838459015
0.0008449777960777283
-0.0977921336889267
0.21914878487586975
0.09299705177545547
0.11208932846784592
-0.050577253103256226
0.12773260474205017
0.47820401191711426
-0.03961595892906189
0.04333929717540741
-0.0036225318908691406
-0.019244879484176636
-0.17055875062942505
0.1410180777311325
-0.16601985692977905
-0.4773608446121216
0.10924583673477173
-0.39626070857048035
0.01898878812789917
-0.005692586302757263
-0.05297786742448807
0.16397255659103394
0.05002152919769287
-0.07102601230144501
0.019095927476882935
-0.3039554953575134
0.05692419409751892
-0.18897515535354614
0.1786860078573227
-0.22943386435508728
0.4005393087863922
-0.08266013860702515
-0.17282676696777344
-0.2970477342605591
-0.19136442244052887
0.13735078275203705
0.03210369870066643
0.07552599906921387
0.0850362628698349
0.003989651799201965
0.3262960910797119
0.6492205858230591
0.1734611690044403
0.029732882976531982
0.01749187707901001
-0.2002493143081665
0.10648269951343536
0.10502659529447556
-0.19248251616954803
0.10649622976779938
-0.0052030086517333984
0.28072065114974976
0.04264993965625763
-0.0858171284198761
0.09425745159387589
0.1661699414253235
0.40331700444221497
-0.1385888308286667
0.05852549895644188
-0.014473363757133484
0.010847091674804688
0.016064167022705078
-0.1984868049621582
-0.014599248766899109
0.23269148170948029
-0.20742657780647278
0.13142412900924683
-0.041464027017354965
0.05575843155384064
0.1427994668483734
-0.1112576425075531
0.24603404104709625
0.19406872987747192
0.0327237993478775
0.13065919280052185
0.10985147953033447
-0.17819471657276154
-0.11735103279352188
0.0789376050233841
0.17293238639831543
0.3656717836856842
-0.022959068417549133
0.04989570379257202
0.16314975917339325
-0.4156414568424225
0.05719757080078125
-0.2220253348350525
0.19588494300842285
0.20433691143989563
-0.062113285064697266
-0.008771535009145737
0.1970694363117218
-0.10272841155529022
0.10584555566310883
-0.2918216586112976
0.170192688703537
0.09680156409740448
-0.47587645053863525
0.1179809421300888
-0.010892271995544434
-0.07067912817001343
-0.01851719617843628
0.05793827772140503
0.28977230191230774
-0.007511138916015625
-0.03429168462753296
-0.0396493524312973
0.4263295531272888
-0.050649359822273254
-0.15313149988651276
0.09476519376039505
-0.03860253095626831
0.2781429886817932
0.03047453984618187
0.00955452024936676
-0.3925763964653015
-0.17554613947868347
-0.28687307238578796
-0.3159756660461426
0.2923892140388489
0.01284879446029663
0.2312646210193634
-0.04241111874580383
0.01303035020828247
-0.04094699025154114
0.13705654442310333
-0.17106707394123077
-0.07833509147167206
-0.16058355569839478
0.324441134929657
0.17692673206329346
0.137660413980484
0.10462963581085205
-0.20125021040439606
0.19320446252822876
-0.43320897221565247
-0.05813165009021759
-0.08246222883462906
0.11369308829307556
0.3158667981624603
-0.04395561292767525
-0.032747745513916016
-0.31462880969047546
-0.024654626846313477
0.3114212453365326
-0.1666799634695053
0.41662096977233887
0.01888924092054367
-0.15263071656227112
0.14861847460269928
-0.3655393421649933
-0.027169018983840942
-0.24443893134593964
0.022572696208953857
0.11990562081336975
0.12664461135864258
-0.07589378952980042
-0.04465233162045479
-0.38146650791168213
-0.27894729375839233
0.34369194507598877
0.32626813650131226
-0.037706851959228516
-0.052868738770484924
-0.2104332149028778
-0.03267130255699158
-0.0389406681060791
0.17947162687778473
0.11922051757574081
0.15397511422634125
0.14151236414909363
0.14693032205104828
-0.27563968300819397
0.03258305788040161
-0.06132660061120987
0.0011215806007385254
-0.20995086431503296
0.07142829895019531
-0.028751999139785767
0.008636772632598877
0.1337076723575592
-0.08436967432498932
0.05884930491447449
-0.025764644145965576
-0.07936806231737137
-0.13147515058517456
-0.12475282698869705
0.1047315001487732
-0.32617542147636414
0.6401181221008301
-0.08192914724349976
0.12465789914131165
0.11743620038032532
0.2555278539657593
0.325077623128891
0.009170055389404297
-0.18476098775863647
-0.10434344410896301
-0.04472509026527405
-0.08564692735671997
-0.2577632665634155
-0.21211259067058563
-0.012344896793365479
-0.03758914768695831
-0.35341355204582214
0.2667907178401947
-0.12410008162260056
-0.10567143559455872
0.10792530328035355
-0.18619030714035034
-0.09962108731269836
-0.08793123066425323
0.4822194576263428
0.01286083459854126
0.049793392419815063
0.2478485107421875
-0.020713835954666138
0.008802905678749084
0.1452694982290268
0.13615944981575012
0.19221344590187073
0.0047353655099868774
0.6831482648849487
-0.04307268559932709
-0.16607016324996948
0.027972206473350525
0.5580326318740845
-0.33394089341163635
0.01725504919886589
0.10228975117206573
-0.01934383064508438
-0.11491098254919052
0.14828015863895416
0.32970118522644043
0.09031333029270172
0.06309087574481964
-0.4093959331512451
-0.7416057586669922
0.013235360383987427
0.18234175443649292
0.01877790503203869
0.28256756067276
0.038224250078201294
0.09648767113685608
-0.021207541227340698
-0.1486816704273224
0.14548595249652863
0.05538526177406311
0.26008620858192444
0.03248216211795807
-0.13771958649158478
0.029380545020103455
-0.13683710992336273
0.5463982820510864
0.02905789017677307
-0.06891196966171265
-0.06472940742969513
-0.2939639687538147
-0.030565917491912842
-0.04617317020893097
-0.16482728719711304
-0.0011478215456008911
-0.10301706194877625
-0.12255426496267319
-0.0289372056722641
0.11621421575546265
-0.4598639905452728
0.1617167592048645
0.026114046573638916
-0.007814392447471619
0.0015048384666442871
0.03405195474624634
-0.17207364737987518
0.10508379340171814
0.09945487976074219
0.3411605656147003
-0.35491159558296204
0.09972751140594482
0.03511722758412361
0.2297215759754181
0.15033629536628723
-0.02503257989883423
0.6514751315116882
-0.09070257842540741
-0.07893005013465881
-0.1129031628370285
0.2101118266582489
-0.4557695984840393
0.22340014576911926
0.13594979047775269
0.0786207914352417
-0.1863197386264801
0.15616939961910248
0.03415795788168907
-0.07824304699897766
0.17530596256256104
-0.14008855819702148
-0.13348260521888733
0.03160247951745987
-0.046786118298769
-0.26087647676467896
-0.32088643312454224
0.01599082350730896
0.10009678453207016
0.2602613568305969
-0.29728686809539795
-0.11322475969791412
0.10401362180709839
-0.09337028861045837
-0.3787758946418762
0.02528780698776245
0.09650580585002899
-0.28819578886032104
-0.030929118394851685
-0.5534535646438599
0.019330620765686035
0.23225656151771545
0.15224960446357727
0.34843218326568604
0.15527136623859406
-0.027658864855766296
0.024449393153190613
0.1557069718837738
0.08727964758872986
0.12896721065044403
-0.010232001543045044
-0.07120212912559509
0.12597955763339996
0.17046837508678436
-0.09909721463918686
0.2618538737297058
-0.11770185828208923
-0.11833605915307999
0.38848865032196045
0.12563109397888184
0.331136018037796
0.26825669407844543
0.2810654938220978
-0.1448434442281723
-0.20081761479377747
0.0550871267914772
0.2666011452674866
-0.06482753902673721
-0.34646883606910706
0.38842299580574036
-0.04074709117412567
-0.276971697807312
0.21180161833763123
0.06139174848794937
0.25246715545654297
0.13860760629177094
0.1467180848121643
0.06310012936592102
-0.11439386755228043
0.2864433228969574
-0.08120356500148773
-0.5740014314651489
-0.17201542854309082
0.031017601490020752
-0.24567997455596924
-0.010889597237110138
0.0017986595630645752
-0.21195167303085327
0.1864331215620041
0.022010259330272675
0.07420040667057037
-0.27064985036849976
0.1473160982131958
0.0423678457736969
0.19079267978668213
-0.12379830330610275
0.08920541405677795
0.19644838571548462
0.17215989530086517
-0.04377371072769165
0.21815919876098633
0.06144443899393082
-0.08118220418691635
-0.1927589774131775
0.11024130135774612
0.04728202521800995
-0.19976329803466797
-0.5126833915710449
-0.004547253251075745
-0.16477899253368378
-0.045528560876846313
0.038315385580062866
0.9797860383987427
0.023477226495742798
-0.1345282793045044
-0.2788642346858978
-0.14673516154289246
0.20778293907642365
-0.38022780418395996
0.006850749254226685
0.05196422338485718
-0.055294960737228394
-0.4254080653190613
-0.1731538325548172
0.25181207060813904
-0.15591080486774445
-0.023290276527404785
-0.14543433487415314
0.09769507497549057
0.22264695167541504
0.05038228631019592
-0.4549652338027954
-0.5703939199447632
0.6582713723182678
-0.38790637254714966
0.04281759262084961
0.059449225664138794
-0.021877646446228027
0.4400365650653839
0.19865131378173828
-0.2439289689064026
-0.026034414768218994
0.04965400695800781
-0.2525327503681183
0.08506838977336884
-0.055722832679748535
-0.13013292849063873
0.26068824529647827
-0.16019991040229797
0.10517606139183044
0.023869652301073074
0.12468956410884857
0.18961100280284882
-0.07071606814861298
0.10408446937799454
-0.15949462354183197
-0.41063112020492554
-0.11448557674884796
-0.16271059215068817
-0.22770777344703674
-0.2559982240200043
0.1915522813796997
0.02042102813720703
0.04617902636528015
-0.08048470318317413
0.05772819742560387
-0.05514788627624512
-0.5170717835426331
0.053231026977300644
0.4397972822189331
0.23631668090820312
0.1195102334022522
0.01633089780807495
0.07937602698802948
-0.20828017592430115
0.07762426137924194
-0.0060174912214279175
-0.26924917101860046
-0.026648879051208496
-0.0434107780456543
-0.0566234290599823
-0.022313013672828674
0.07438559085130692
0.15318365395069122
-0.16663575172424316
0.37460461258888245
0.3247531056404114
0.05094248428940773
0.21566124260425568
0.24996636807918549
0.23355063796043396
-0.06754400581121445
0.1526123434305191
0.45598936080932617
0.13734418153762817
0.13460981845855713
-0.1317548304796219
-0.03477562963962555
-0.09893588721752167
0.6159254312515259
-0.461212694644928
0.3349981904029846
-0.49661985039711
-0.21930189430713654
-0.3835606276988983
-0.10669606924057007
-0.06346257030963898
0.3460119962692261
0.14205002784729004
-0.015831440687179565
-0.08461906015872955
0.09343147277832031
0.2271578311920166
0.02812441997230053
-0.3226940333843231
-0.006698384881019592
-0.40834590792655945
0.25128281116485596
-0.23110607266426086
-0.01948118954896927
0.3320712149143219
-0.24140708148479462
-0.7360303401947021
-0.31098321080207825
-0.11063233017921448
-0.1682180017232895
-0.7086837291717529
0.345720112323761
-0.23494696617126465
0.017843425273895264
-0.1477501392364502
-0.0411452054977417
-0.14996224641799927
-0.18681935966014862
0.10656905174255371
-0.47201937437057495
-0.3904598355293274
-0.12467163801193237
0.033766016364097595
-0.5467607975006104
-0.1489361822605133
-0.3376363515853882
-0.19027285277843475
-0.04291960597038269
0.49648916721343994
-0.05493965744972229
-0.34371301531791687
0.018710345029830933
0.3112039864063263
0.3589211702346802
1.0190937519073486
-0.1996597945690155
0.1476622223854065
-0.12633973360061646
-0.35358723998069763
0.19636040925979614
0.09917320311069489
-0.02456451952457428
0.24840310215950012
0.21424686908721924
-0.49140986800193787
0.3969501554965973
-0.042523592710494995
-0.3829728364944458
0.09729066491127014
0.441302090883255
0.028677303344011307
0.20615199208259583
-0.21361765265464783
-0.11247018724679947
0.09418533742427826
0.09951081871986389
0.03991198539733887
-0.06973093748092651
-0.2652602195739746
0.15095916390419006
0.014266669750213623
0.0662367194890976
0.08407633006572723
0.15287643671035767
-0.015504732728004456
0.17428183555603027
0.2989404797554016
-0.2654883861541748
0.2500634491443634
0.04805418848991394
-0.05584266781806946
-0.4228743016719818
-0.21552062034606934
0.13805201649665833
0.05981123447418213
-0.01896636188030243
0.240585595369339
0.150541290640831
-0.04290938377380371
-0.33879268169403076
0.020408034324645996
-0.1203346848487854
-0.15980955958366394
-0.4309403896331787
-0.12838460505008698
-0.36024513840675354
0.32285451889038086
-0.1070559024810791
0.31629568338394165
0.025007054209709167
0.14073632657527924
-0.15702380239963531
-0.10036718845367432
-0.008112192153930664
0.099931500852108
0.4061427712440491
0.05155950039625168
-0.11428262293338776
-0.2014290690422058
-0.013715237379074097
-0.09309674054384232
0.07244931161403656
-0.1504592001438141
-0.29885414242744446
0.24072183668613434
0.2728855609893799
-0.0025780797004699707
-0.48057791590690613
-0.052952975034713745
-0.01820477843284607
0.36866629123687744
0.11042994260787964
0.17928017675876617
0.059743985533714294
-0.14631551504135132
-0.035825639963150024
0.0750613808631897
0.019782908260822296
-0.03564015030860901
0.3836653232574463
-0.01834005117416382
-0.03146567940711975
0.18225911259651184
-0.16630972921848297
-0.07075270265340805
0.028676621615886688
0.039350174367427826
0.42553049325942993
-0.0018255636096000671
0.09682727605104446
0.11567427217960358
0.10004955530166626
0.06683284044265747
-0.2309691458940506
-0.29968273639678955
-0.22177664935588837
0.16593767702579498
-0.2509657144546509
0.16232214868068695
0.06323903053998947
0.27010035514831543
-0.018229544162750244
-0.06419743597507477
0.14487501978874207
0.08403018116950989
-0.24572958052158356
0.4307660162448883
-0.007096797227859497
-0.22308382391929626
-0.011500149965286255
-0.1406227946281433
-0.4667086899280548
0.037082165479660034
0.0651634931564331
0.011977948248386383
-0.14411389827728271
-0.05252795293927193
-0.15637703239917755
0.1310126781463623
-0.3496239483356476
0.12907440960407257
-0.08148829638957977
-0.005865633487701416
-0.03447785973548889
-0.2793959081172943
-0.03807971626520157
-0.15426017343997955
-0.0842733383178711
0.2894173264503479
0.018098309636116028
0.11569689214229584
0.07141044735908508
-0.01707354187965393
-0.23832282423973083
-0.027088314294815063
0.0920654833316803
-0.056786760687828064
0.17514337599277496
0.08570580184459686
0.04912170022726059
0.10518389940261841
0.019766129553318024
0.1745556890964508
-0.11363151669502258
0.12937039136886597
0.13939175009727478
0.04125792533159256
-0.13698330521583557
-0.3512183129787445
0.0663047656416893
0.35947173833847046
-0.2544850707054138
0.41445115208625793
0.04441826045513153
0.1992613822221756
-0.07015138119459152
0.125103160738945
-0.12306392937898636
-0.04554164409637451
0.012261336669325829
-0.2629535496234894
0.061614930629730225
-0.35569852590560913
0.08708035945892334
0.18176543712615967
-0.1750705987215042
0.11692071706056595
0.29445692896842957
0.25671541690826416
-0.2394201010465622
0.167220339179039
0.14124175906181335
-0.2499760538339615
0.09825265407562256
-0.1857653260231018
-0.15198774635791779
-0.11548648029565811
0.29972806572914124
0.03599861264228821
-0.15300282835960388
0.36925169825553894
-0.15337219834327698
0.14108234643936157
-0.020229235291481018
0.07428562641143799
-0.2654736042022705
-0.17911742627620697
-0.1682320237159729
-0.0939180850982666
0.033372655510902405
-0.3761417865753174
-0.22103309631347656
0.22787053883075714
0.2685359716415405
-0.029413022100925446
-0.12375851720571518
0.0008543506264686584
0.023656785488128662
-0.07906872779130936
0.09956835210323334
-0.10035452246665955
-0.039166390895843506
0.13239067792892456
-0.10577550530433655
-0.23310911655426025
-0.30571457743644714
0.0628013014793396
-0.4069870412349701
0.1999584138393402
0.09407614916563034
0.28316807746887207
-0.030403167009353638
-0.024814069271087646
0.16466794908046722
0.022410273551940918
0.06923212110996246
0.21397654712200165
0.23011663556098938
0.06753012537956238
0.23209868371486664
-0.19844645261764526
-0.32067087292671204
-0.12435907125473022
0.3494190573692322
0.0669831931591034
0.17712123692035675
0.14334629476070404
-0.0033083856105804443
0.46583008766174316
-0.06260374188423157
0.25728148221969604
-0.2162812203168869
0.024925947189331055
0.21499674022197723
-0.16540983319282532
-0.1970345377922058
-0.16387078166007996
0.09045335650444031
-0.06807217001914978
-0.13162998855113983
-0.10014000535011292
-0.22337505221366882
0.10754305124282837
-0.3527454733848572
0.019206734374165535
0.061489492654800415
0.0033539682626724243
-0.17798104882240295
0.021168723702430725
-0.2234879434108734
-0.1374455690383911
0.05726802349090576
0.23579725623130798
-0.13420319557189941
-0.04696156084537506
-0.002602100372314453
0.21055182814598083
0.22376595437526703
0.1327255517244339
-0.01910482905805111
0.11357226222753525
0.18936941027641296
-0.030763298273086548
0.03179607540369034
-0.20610159635543823
0.016066133975982666
-0.02698133885860443
-0.157770574092865
0.10744714736938477
-0.04535877704620361
0.14615283906459808
0.13006070256233215
-0.13276074826717377
0.4699947237968445
-0.227914497256279
0.23131750524044037
0.12129568308591843
0.050911545753479004
-0.0660080537199974
-0.24083612859249115
0.08330810070037842
-0.260884165763855
-0.32897475361824036
-0.15325827896595
0.05213616043329239
-0.040363624691963196
0.19780749082565308
0.032261695712804794
0.027573034167289734
0.22974029183387756
0.03094121813774109
0.058377742767333984
-0.05214935541152954
0.3945010304450989
-0.11584220081567764
0.40923240780830383
-0.38273611664772034
-0.45301637053489685
0.08313196897506714
-0.268570214509964
0.265594482421875
0.1436939686536789
-0.07092675566673279
0.0791470855474472
-0.09723149240016937
-0.4291967749595642
0.048180609941482544
0.01795034110546112
-0.23696225881576538
0.11672656238079071
-0.061917584389448166
0.1938074231147766
-0.013216346502304077
0.13284991681575775
0.12563413381576538
0.014108255505561829
0.2691798806190491
-0.19812272489070892
0.20744389295578003
0.052810683846473694
-0.06698469817638397
-0.10022208094596863
-0.159870445728302
0.08755090832710266
0.07533618807792664
0.04748167842626572
-0.18032361567020416
0.2410411387681961
-0.2282727062702179
-0.15367084741592407
-0.23774337768554688
-0.008491873741149902
0.13431444764137268
-0.16369126737117767
-0.0569140762090683
0.11136309802532196
-0.07395148277282715
-0.3763517737388611
-0.11654284596443176
0.12252287566661835
0.5518655180931091
0.34514498710632324
-0.6969010829925537
0.1026504635810852
0.28411591053009033
-0.496798574924469
-0.03549203276634216
-0.0968528538942337
0.07238688319921494
0.13190700113773346
-0.2013769894838333
0.22838255763053894
0.1444500833749771
-0.06269628554582596
0.10756681859493256
-0.03399726748466492
-0.19619473814964294
0.43499118089675903
-0.13002704083919525
0.25091612339019775
-0.019754618406295776
0.17886562645435333
0.12734507024288177
0.13857756555080414
0.08057977259159088
0.36802035570144653
0.17243418097496033
-0.06814604252576828
-0.009352564811706543
-0.04266096279025078
-0.08307066559791565
0.05852000042796135
0.5211759805679321
0.25648951530456543
0.05626406893134117
0.001447439193725586
-0.07860951125621796
0.08211332559585571
0.07551038265228271
-0.07075059413909912
0.301645964384079
0.21184170246124268
0.03553716838359833
-0.08854854106903076
-0.11493708938360214
-0.08560049533843994
-0.02210983633995056
-0.18887700140476227
-0.016399085521697998
-0.21607667207717896
-0.006479769945144653
-0.24668242037296295
0.4807477593421936
0.13172787427902222
0.08801859617233276
-0.16480249166488647
0.5315481424331665
0.1739722192287445
-0.011219143867492676
0.1016836166381836
-0.11216837167739868
0.5466341972351074
0.5141394138336182
-0.09236648678779602
0.0712084174156189
-0.10321564972400665
0.15686875581741333
0.052776359021663666
-0.5533267855644226
0.11238604784011841
-0.11549101024866104
-0.1688336879014969
-0.031707942485809326
0.039089079946279526
0.06851640343666077
0.010541018098592758
-0.3110548257827759
-0.2598065733909607
-0.0654149278998375
0.03585061430931091
-0.27000752091407776
-0.11421346664428711
-0.3677440881729126
0.054501742124557495
0.147979736328125
-0.15986260771751404
-0.7483152747154236
-0.07232707738876343
0.3007604479789734
-0.1665063500404358
0.045646071434020996
-0.10029801726341248
0.02088683843612671
0.08042269945144653
-0.5203611254692078
0.043095897883176804
0.14659997820854187
-0.029577642679214478
-0.2252340018749237
-0.04639345407485962
0.06738319993019104
-0.08600325882434845
-0.1894950270652771
-0.4120907187461853
0.08542726933956146
-0.08566510677337646
0.17319616675376892
0.47746333479881287
0.018374159932136536
0.13054156303405762
-0.012212157249450684
0.18506808578968048
0.13592366874217987
-0.06553789973258972
0.19912327826023102
0.35918498039245605
-0.07933208346366882
-0.1688956469297409
0.07978695631027222
-0.5650686025619507
-0.06004210561513901
0.3769285976886749
-0.162125825881958
0.049459487199783325
-0.1522383987903595
-0.7182976007461548
-0.08836960792541504
-0.044807448983192444
0.13368718326091766
-0.10285083204507828
0.007864773273468018
-0.21066738665103912
0.14874573051929474
-0.16005240380764008
-0.03285878896713257
-0.13663522899150848
0.0998673364520073
-0.06460534036159515
0.004210710525512695
0.24969761073589325
-0.08225393295288086
0.11515386402606964
-0.07124301791191101
-0.1817454695701599
0.03164391219615936
0.06053822487592697
-0.0399336963891983
-0.07665643095970154
-0.19539260864257812
-0.21081073582172394
-0.004677984863519669
-0.17307044565677643
-0.2528827488422394
-0.14787596464157104
0.09162214398384094
0.1344517320394516
-0.07824572920799255
0.11446830630302429
-0.1400694102048874
0.2899058759212494
0.05256760120391846
0.17612040042877197
-0.18476444482803345
-0.17546933889389038
-0.30970463156700134
-0.18389424681663513
-0.07380729913711548
-0.18039631843566895
0.12834352254867554
-0.06698787212371826
-0.01670457422733307
0.10261595994234085
-0.054640382528305054
0.19865921139717102
0.7599992156028748
0.054856739938259125
0.5647671222686768
-0.18133601546287537
0.4733524024486542
0.15116041898727417
0.10875983536243439
0.04561536759138107
-0.24980095028877258
-0.06265580654144287
0.21779367327690125
-0.007837183773517609
-0.3382972478866577
-0.017830491065979004
-0.10321927070617676
-0.16724629700183868
0.059917956590652466
-0.4141225814819336
0.1387888789176941
-0.16748985648155212
0.19579288363456726
-0.34852784872055054
-0.1142701804637909
0.019057750701904297
0.15812206268310547
0.08290931582450867
0.3126687705516815
0.05445659160614014
0.09843089431524277
0.2619638442993164
0.4690873622894287
-0.17820291221141815
0.2708091735839844
0.05066521465778351
0.19956132769584656
0.16810405254364014
-0.22395581007003784
-0.3143733739852905
0.06119242310523987
0.3147040903568268
-0.3947303593158722
0.24143561720848083
-0.004647642374038696
0.1548529863357544
0.3978090286254883
0.05877566337585449
-0.6885910630226135
-0.1354328691959381
-0.10843944549560547
-0.27137014269828796
0.04537054896354675
-0.06536728143692017
0.2858620882034302
0.22589002549648285
-0.08755490183830261
-0.15064749121665955
-0.21497341990470886
-0.1128915399312973
0.49271613359451294
0.24797838926315308
-0.0999552458524704
0.26416730880737305
0.35153886675834656
0.0020811259746551514
-0.0206744521856308
0.2566639184951782
0.014394581317901611
0.3106307089328766
-0.20888198912143707
-0.13500945270061493
0.16811665892601013
0.11896877735853195
-0.08582645654678345
0.21457518637180328
-0.15487559139728546
0.2571128308773041
-0.2485823929309845
-0.12906739115715027
-0.4165571630001068
0.3474944829940796
0.32868126034736633
-0.422812283039093
-0.4902207851409912
0.14231806993484497
0.042434945702552795
-0.06479660421609879
0.1475258469581604
-0.05607375502586365
0.16969451308250427
0.15351420640945435
0.19997301697731018
-0.07053643465042114
-0.5406447649002075
0.44422221183776855
-0.1321854293346405
-0.13423635065555573
0.29474881291389465
0.12232089787721634
0.49135586619377136
-0.026476450264453888
-0.4348452091217041
0.19352643191814423
-0.27655717730522156
-0.2595946490764618
0.011391870677471161
-0.12360930442810059
0.22951917350292206
0.2038058191537857
0.19688346982002258
-0.028913795948028564
-0.030133618041872978
-0.26379022002220154
-0.15463818609714508
0.12298145890235901
-0.22211433947086334
0.2513831853866577
-0.046587198972702026
0.17582854628562927
-0.14846888184547424
0.03216966614127159
0.047931477427482605
0.07328615337610245
-0.3049899935722351
-0.11168947070837021
0.39074471592903137
-0.015243500471115112
-0.08567535132169724
0.09168438613414764
-0.0823068842291832
0.2113364040851593
-0.11007896065711975
0.14782863855361938
-0.1009519025683403
0.1100168526172638
-0.005997404456138611
0.025823794305324554
0.4222933351993561
0.12589304149150848
-0.07610338926315308
-0.188765749335289
-0.11405602097511292
0.10167044401168823
0.049832992255687714
0.20787650346755981
-0.3664509654045105
0.4223886728286743
0.08989866077899933
0.2672727108001709
-0.041804514825344086
-0.18383601307868958
0.11912116408348083
0.7274898290634155
-0.4466390013694763
-0.3002442717552185
-0.16493524610996246
0.3319203853607178
0.2766980230808258
-0.16220414638519287
0.21068702638149261
-0.25161102414131165
-0.26436442136764526
0.15466710925102234
0.14938414096832275
0.21074777841567993
-0.2368258237838745
-0.5182061791419983
-0.2066059410572052
-0.0842658206820488
0.3414868712425232
0.030875686556100845
0.03305751085281372
0.8676313161849976
-0.2700146436691284
-0.1741623431444168
0.299579918384552
0.1896432638168335
-0.13284510374069214
0.32261914014816284
-0.10506492853164673
-0.027289673686027527
1.3184058666229248
0.04669034481048584
-0.12151633203029633
0.1847248673439026
-0.011634118854999542
-0.13737088441848755
-0.024446994066238403
0.2722865045070648
-0.07178592681884766
-0.06124311313033104
-0.029891565442085266
0.3302991986274719
-0.05708503723144531
-1.0328563451766968
0.0395786315202713
0.043556153774261475
-0.009292840957641602
0.4113362729549408
0.016850240528583527
-0.36431530117988586
0.42601510882377625
0.1663251668214798
-0.09892451763153076
0.014206185936927795
-0.25550588965415955
-0.13773491978645325
-0.02661573886871338
0.21158836781978607
0.14971160888671875
-0.12827083468437195
-0.03401827812194824
-0.18851634860038757
-0.06117916852235794
0.08094058930873871
0.05102236568927765
0.037699028849601746
0.11241789162158966
0.02180296927690506
-0.11369387805461884
0.158000648021698
-0.44551393389701843
-0.11579430103302002
-0.045619115233421326
0.5662854313850403
0.02200150676071644
-0.03532758355140686
0.09457430243492126
0.09919324517250061
0.04506498575210571
0.05118681490421295
-0.06447373330593109
-0.2606046199798584
-0.05985212326049805
-0.2952713370323181
0.5523339509963989
0.3326205313205719
0.007566854357719421
-0.027564730495214462
-0.08286304771900177
0.1496850848197937
0.47561073303222656
-0.1411888599395752
-0.30590060353279114
0.01782497763633728
-0.059244051575660706
-0.07035425305366516
-0.4596260190010071
0.16976773738861084
-0.06339681148529053
-0.19632472097873688
0.3202162981033325
-0.23219670355319977
0.21655021607875824
0.1384621262550354
-0.19659796357154846
-0.1419050693511963
-0.27289772033691406
0.09478782117366791
0.02288547158241272
0.052952058613300323
-0.09807616472244263
-0.04309561476111412
-0.2007354497909546
-0.009695172309875488
-0.01644657552242279
-0.017500732094049454
-0.15968307852745056
0.38851362466812134
0.4254186749458313
0.004030339419841766
-0.08435496687889099
0.01759779453277588
0.040122002363204956
0.19592911005020142
0.15796902775764465
0.1492149978876114
0.16116273403167725
-0.08135013282299042
-0.1797710508108139
-0.07514537870883942
-0.023819804191589355
0.009128693491220474
0.21126335859298706
0.05288603901863098
0.012319419533014297
-0.05116703361272812
0.14495885372161865
0.028011735528707504
0.4235093891620636
0.25439468026161194
0.03316706418991089
-0.11432948708534241
-0.0038378536701202393
0.018179595470428467
-0.00972728431224823
0.1080959290266037
0.12040754407644272
-0.07638225704431534
0.05767466127872467
-0.3608309030532837
-0.20131516456604004
0.13883639872074127
0.03961687162518501
0.06882447004318237
0.2393890768289566
-0.045427918434143066
-0.18441343307495117
0.03530058264732361
0.3825933337211609
0.15779010951519012
-0.12308475375175476
0.2556185722351074
-0.13714344799518585
0.19851183891296387
-0.06065773963928223
-0.14869439601898193
-0.10664352029561996
0.23818200826644897
-0.18759575486183167
-0.08094286918640137
-0.07372312247753143
-0.3873390555381775
0.052792251110076904
0.3013434112071991
-0.17280344665050507
-0.42588844895362854
0.06472285836935043
0.3986842632293701
0.12178939580917358
-0.10943882167339325
-0.27531173825263977
0.05787723511457443
-0.04053577408194542
0.030140899121761322
-0.15998557209968567
-0.23278629779815674
-0.019746527075767517
0.04468391835689545
0.0016025900840759277
0.2327072024345398
-0.05746367573738098
0.16104865074157715
0.10628467798233032
-0.14791269600391388
-0.20586174726486206
0.05288007855415344
-0.06344926357269287
0.03149744123220444
0.16322137415409088
-0.17252615094184875
-0.12682688236236572
-0.11271297186613083
0.06554824858903885
-0.10491926968097687
0.12932850420475006
0.05268052592873573
-0.0852428525686264
0.0522998571395874
-0.00845610722899437
0.006847411394119263
0.14884236454963684
-0.003542289137840271
-0.08896591514348984
-0.005163200199604034
-0.3860200047492981
0.2523915767669678
-0.11300293356180191
0.16626235842704773
-0.15464237332344055
-1.150369644165039e-05
-0.06200340390205383
0.35748252272605896
0.17111128568649292
0.030035972595214844
0.20875293016433716
0.2841678559780121
-0.22408980131149292
-0.17805080115795135
0.28925925493240356
-0.08477452397346497
-0.2042192667722702
0.6429982781410217
-0.21675772964954376
0.0398004949092865
-0.05157748982310295
-0.5633551478385925
0.1182941421866417
0.2424028217792511
-0.0049098581075668335
-0.04509536921977997
-0.08199602365493774
0.004636798053979874
-0.053665511310100555
-0.25448116660118103
-0.08770407736301422
0.6506723761558533
0.009448453783988953
0.07609466463327408
-0.0506778359413147
-0.1619458943605423
-0.06800629943609238
0.14602945744991302
0.48386117815971375
0.08061765134334564
0.13630139827728271
0.13645251095294952
0.09695740789175034
-0.0025843754410743713
-0.16421100497245789
-0.006211116909980774
-0.024451076984405518
0.3101404309272766
0.16247811913490295
-0.05895739793777466
0.00328749418258667
-0.25131040811538696
-0.09273864328861237
-0.0652155727148056
-0.33083248138427734
0.2906419634819031
-0.5802885293960571
-0.03884544596076012
0.06207258999347687
0.20033937692642212
0.3202536404132843
0.006342828273773193
-0.3860502243041992
-0.14746658504009247
0.1300889551639557
-0.07266056537628174
0.0495782196521759
-0.04873879253864288
-0.08094441890716553
0.23689687252044678
-0.22033734619617462
0.28012531995773315
0.10782138258218765
-0.016229823231697083
0.26125240325927734
-0.09526030719280243
0.0052439868450164795
-0.13654258847236633
-0.2884534001350403
-0.2712838351726532
-0.21599885821342468
-0.11808639019727707
-0.50240558385849
-0.011604785919189453
0.02269098162651062
0.007079780101776123
-0.15696139633655548
-0.20617496967315674
0.3106966018676758
-0.051977694034576416
-0.3863571584224701
-0.1270347535610199
0.29858964681625366
0.08617651462554932
0.010308150202035904
-0.0985288918018341
-0.027473151683807373
-0.14925268292427063
0.05902896076440811
0.3056505620479584
0.08225776255130768
0.08592599630355835
0.06401537358760834
0.056362345814704895
0.02358991652727127
0.45586368441581726
-0.1422838270664215
0.03387143090367317
-0.022293537855148315
0.239684596657753
0.3153509795665741
-0.2654641270637512
0.19994087517261505
0.2305692434310913
-0.4015803337097168
0.04044190049171448
-0.22926974296569824
-0.03940573334693909
-0.11440741270780563
-0.08962651342153549
-0.16626375913619995
-0.3656478524208069
0.06529827415943146
-0.10132509469985962
0.2746475338935852
-0.228485107421875
0.18334943056106567
0.1670263558626175
0.21466997265815735
0.3198028802871704
0.19521455466747284
-0.24586331844329834
-0.1749243438243866
0.042272090911865234
-0.16263991594314575
-0.18746355175971985
0.07754743099212646
0.22648370265960693
-0.06417999416589737
-0.21163564920425415
0.2824432849884033
-0.20734752714633942
0.048796147108078
0.11789576709270477
-0.16752713918685913
-0.16087161004543304
0.12589341402053833
0.39539024233818054
0.05017659068107605
-0.02523871511220932
0.16806979477405548
0.10053344070911407
0.1795671433210373
-0.08326660096645355
0.0642145499587059
0.01659378409385681
-0.04022642970085144
-0.17248912155628204
-0.10853177309036255
-0.04514738917350769
0.370623916387558
0.03837808966636658
0.08423295617103577
0.27352192997932434
-0.1778305321931839
0.14466127753257751
-0.48362261056900024
-0.0680617094039917
-0.08784143626689911
0.12213432788848877
0.21637718379497528
0.02719062566757202
-0.17148588597774506
-0.2906816601753235
-0.08159809559583664
0.351704478263855
-0.19294953346252441
0.2619195878505707
0.02651788294315338
-0.29643717408180237
0.03906543552875519
-0.20928089320659637
0.015019893646240234
0.29762423038482666
0.0008412152528762817
-0.165202334523201
0.19944679737091064
-0.2536810040473938
0.14486336708068848
0.004604995250701904
0.5008292198181152
-0.05084317922592163
-0.013235688209533691
0.1333426833152771
0.09250893443822861
0.3395277261734009
0.1495921015739441
-0.15264716744422913
-0.028935372829437256
0.396837055683136
0.16404251754283905
0.08671628683805466
0.09399762749671936
0.10199788212776184
0.1649506837129593
0.10412926971912384
-0.18996870517730713
-0.04933939874172211
0.0428960844874382
0.15841643512248993
0.24665427207946777
-0.17905226349830627
0.32300740480422974
0.007963806390762329
-0.0828704982995987
-0.29296737909317017
-0.06546089053153992
0.12080171704292297
0.15143868327140808
-0.033689260482788086
0.1145189106464386
0.09932374954223633
-0.05454287678003311
-0.022803157567977905
0.2630118131637573
-0.16093775629997253
0.09486716985702515
0.09543277323246002
0.055550336837768555
0.07938499003648758
-0.2786654233932495
0.14452648162841797
0.4263714551925659
-0.23872174322605133
0.05752873420715332
0.08706080913543701
0.0970396101474762
0.1878473460674286
0.15504774451255798
-0.23803530633449554
-0.09652698040008545
0.035794198513031006
-0.2563740611076355
0.07230204343795776
0.02993331104516983
0.19513466954231262
0.19975614547729492
-0.14670619368553162
0.011965759098529816
-0.4265151917934418
0.035080522298812866
-0.16120295226573944
0.23175498843193054
-0.05838164687156677
0.10161516070365906
0.05771436542272568
-0.21539826691150665
0.2526351511478424
-0.028717484325170517
-0.24942779541015625
-0.13322430849075317
-0.1527428925037384
-0.12263977527618408
-0.05517341196537018
0.09843558818101883
0.03773897886276245
0.017455829307436943
-0.05674165487289429
0.5493757724761963
-0.23651418089866638
0.3023276925086975
0.05909600108861923
-0.182542085647583
0.01764681562781334
0.26661765575408936
0.3748779892921448
0.18604892492294312
-0.08883577585220337
0.2620316743850708
0.3015637695789337
0.26569631695747375
0.2781330645084381
0.15293508768081665
-0.048615261912345886
0.04569530487060547
0.049428150057792664
-0.41913241147994995
-0.11454077064990997
-0.14325442910194397
-0.12285380065441132
-0.18198609352111816
0.3422291874885559
-0.14363542199134827
-0.19632074236869812
0.012048400938510895
0.13631589710712433
-0.024791479110717773
0.033016085624694824
-0.003058701753616333
-0.09039711952209473
0.03442025184631348
-0.21731199324131012
0.37270116806030273
-0.005365641321986914
-0.020424187183380127
-0.6006243824958801
0.07781646400690079
-0.06385305523872375
-0.02117542177438736
-0.0785287469625473
-0.08189302682876587
0.16412848234176636
0.06863059848546982
0.5154324769973755
0.3505275845527649
0.3041069507598877
0.10020184516906738
0.13953755795955658
0.12290818989276886
-0.13063356280326843
0.2882669270038605
-0.0729263424873352
0.2543151378631592
-0.1496933102607727
-0.19194814562797546
-0.009058758616447449
0.1782943308353424
-0.0756036639213562
0.4642924964427948
-0.5212990045547485
-0.1521333009004593
0.331701397895813
0.0749843418598175
-0.2936296761035919
0.05307258665561676
0.04823441803455353
0.17695926129817963
-0.020370543003082275
-0.07235539704561234
-0.08457716554403305
0.06485676765441895
-0.007483445107936859
0.4112589359283447
0.314648300409317
-0.05822440981864929
-0.17592036724090576
0.5659730434417725
-0.3280089497566223
-0.03422367572784424
-0.03295881673693657
-0.04793355613946915
0.2274438589811325
0.15291255712509155
0.06530669331550598
0.037078022956848145
-0.026623159646987915
-0.32037127017974854
0.6327264904975891
0.22176580131053925
0.0015100687742233276
0.0534583181142807
0.08866342902183533
0.39587074518203735
0.05278372764587402
-0.12247473001480103
0.18691404163837433
0.17204880714416504
-0.02207961678504944
-0.2584797739982605
-0.21746434271335602
-0.06291031837463379
0.022631928324699402
-0.09515136480331421
0.325988233089447
0.24641796946525574
-0.1618577092885971
-0.13701671361923218
0.2567638158798218
-0.2886168956756592
-0.2745637893676758
0.2584713399410248
0.24282141029834747
-0.13175930082798004
-0.032414764165878296
-0.01927465945482254
-0.5907440185546875
0.09713301807641983
0.469400018453598
0.1837340146303177
-0.07950707525014877
0.07039704918861389
0.06151337921619415
0.011657088994979858
0.34212952852249146
-0.12476852536201477
-0.22599421441555023
0.2531086504459381
0.33220651745796204
0.025040332227945328
0.04976320266723633
-0.004100807011127472
-0.1403294801712036
-0.17104408144950867
0.14592352509498596
-0.009003907442092896
0.04765264689922333
0.15089388191699982
0.08905693888664246
-0.04790757969021797
-0.023558422923088074
-0.10426564514636993
0.12471439689397812
-0.01594136282801628
-0.023097336292266846
0.3530997633934021
-0.02959829568862915
0.1280425786972046
0.046785153448581696
-0.13294537365436554
0.09353534132242203
-0.05713701248168945
-0.27408695220947266
0.03545502573251724
-0.07297656685113907
-0.15320751070976257
-0.054256878793239594
0.6779037714004517
-0.2167079895734787
0.2624509334564209
-0.1136821061372757
0.08794379234313965
-0.08207186311483383
-0.06197500228881836
0.040872812271118164
0.018975451588630676
0.14069166779518127
-0.37691694498062134
0.03004930168390274
0.10090792179107666
-0.39527150988578796
0.10310262441635132
-0.24889662861824036
0.038568124175071716
-0.1674853414297104
0.21076422929763794
0.313673734664917
0.23094657063484192
0.07635144889354706
-0.34933286905288696
0.36453795433044434
-0.011949002742767334
-0.1880168914794922
-0.011040359735488892
-0.13916078209877014
-0.04822438955307007
-0.020397931337356567
0.013564694672822952
-0.10662586241960526
-0.0038431212306022644
-0.03429281711578369
0.3851664662361145
-0.07777467370033264
0.3328772783279419
0.1962263435125351
0.03139379620552063
-0.12898612022399902
-0.012605026364326477
0.38654255867004395
0.12988069653511047
-0.1311729997396469
0.11220409721136093
0.3742235004901886
-0.1115386039018631
-0.40381383895874023
0.026158113032579422
0.12721721827983856
0.5684009790420532
0.022430595010519028
-0.2075306624174118
-0.07911407202482224
0.008350014686584473
-0.16400864720344543
-0.031090497970581055
-0.059480708092451096
-0.04038098454475403
0.0534437894821167
-0.09818463027477264
-0.0618537962436676
-0.043618880212306976
-0.1406763195991516
0.06992556154727936
-0.15218794345855713
-0.05915266275405884
0.006457313895225525
-0.04811817407608032
-0.009140878915786743
0.3247339129447937
0.041437018662691116
0.13506382703781128
-0.36593982577323914
0.06980571150779724
-0.021193891763687134
-0.08197259902954102
0.18495312333106995
0.10637831687927246
-0.2143416702747345
0.023690080270171165
0.28157809376716614
0.10840225219726562
-0.053932029753923416
-0.3810870945453644
0.07074407488107681
-0.025042295455932617
0.0760338306427002
0.005849510431289673
0.11517898738384247
-0.16573771834373474
0.04249754920601845
-0.2089029848575592
0.30833691358566284
0.11111965775489807
0.07588265091180801
0.04671561345458031
0.16919361054897308
0.15118063986301422
-0.10969886183738708
0.26667526364326477
-0.1703270971775055
0.04996561259031296
-0.4145200550556183
0.013493150472640991
-0.063894122838974
-0.010280609130859375
0.12557530403137207
0.3581021726131439
0.0095217889174819
0.04831516742706299
-0.11429131031036377
-0.02487342059612274
-0.08277449011802673
0.5782947540283203
0.06046127900481224
-0.05619905889034271
-0.09979426860809326
-0.06498050689697266
-0.3006894886493683
0.19234272837638855
0.14836002886295319
-0.02290382981300354
0.07447721809148788
0.14926829934120178
-0.16210533678531647
0.03888493403792381
-0.20185446739196777
-0.15875542163848877
-0.1397819072008133
0.29844385385513306
0.05508774518966675
-0.04261520504951477
0.021372318267822266
0.4472074806690216
0.02184346318244934
0.13491863012313843
-0.18223747611045837
0.03995966911315918
-0.06349478662014008
-0.008694261312484741
0.024972692131996155
0.35941264033317566
0.1660214066505432
0.2722855806350708
-0.0602993443608284
0.04799685254693031
-0.06442797183990479
0.047060489654541016
-0.2875470519065857
0.31419169902801514
-0.08122909069061279
-0.38572901487350464
0.06208658218383789
0.47064584493637085
-0.05126263201236725
0.1941075474023819
0.3503609299659729
0.28346875309944153
0.24508269131183624
0.5126913189888
0.14523252844810486
-0.1318921148777008
0.31380361318588257
-0.30243363976478577
0.06801632046699524
0.36379244923591614
0.00203096866607666
0.200650155544281
0.23419255018234253
0.520156979560852
-0.0026638954877853394
0.049929648637771606
-0.10063095390796661
-0.046474844217300415
0.07024845480918884
-0.19692011177539825
0.09242814779281616
-0.5733967423439026
-0.11785150319337845
0.04313340783119202
-0.1787514090538025
-0.14401626586914062
-0.1545403003692627
-0.07442136108875275
-0.1702304631471634
-0.03751422464847565
0.14495564997196198
0.30109870433807373
-1.9427388906478882e-05
-0.09236879646778107
-0.20328906178474426
-0.20542407035827637
-0.12898999452590942
-0.10237346589565277
0.10509243607521057
-0.3566306233406067
-0.5651576519012451
0.28350192308425903
-0.10736489295959473
-0.009235113859176636
-0.13760843873023987
-0.23497599363327026
0.32862213253974915
