4.090804100036621
5.939108848571777
5.012392997741699
4.999372482299805
3.9674620628356934
5.426241397857666
6.480267524719238
4.147563457489014
5.117515563964844
3.9427146911621094
4.519546031951904
6.161738395690918
3.1942272186279297
6.236702919006348
4.915607929229736
3.8573453426361084
3.9264609813690186
6.036871910095215
4.297148704528809
4.584805488586426
4.883855819702148
5.001307964324951
5.0894951820373535
4.860114574432373
6.656917572021484
4.105642318725586
4.476651191711426
4.431746482849121
5.05385684967041
7.206564426422119
3.7141034603118896
3.7511069774627686
