3.9270715713500977
5.7078471183776855
4.096083641052246
4.2230329513549805
1.9321130514144897
3.556833505630493
3.5351309776306152
5.466254711151123
2.438528299331665
5.570918560028076
6.725569725036621
3.2199037075042725
5.409390926361084
5.208298683166504
1.8189303874969482
1.7325867414474487
5.208312511444092
3.6554245948791504
6.546417713165283
5.556649208068848
2.4331884384155273
4.716949462890625
3.448768138885498
1.7281579971313477
3.6411080360412598
4.745275020599365
3.354078769683838
4.010818004608154
6.058793067932129
6.295169830322266
1.9680321216583252
5.975144863128662
