681.5927734375
231.81875610351562
232.86795043945312
213.67291259765625
157.75460815429688
354.9781188964844
1006.1270751953125
520.2417602539062
298.79913330078125
779.6204833984375
1030.5523681640625
635.489501953125
294.0223693847656
238.430908203125
906.2770385742188
276.99395751953125
973.7850952148438
217.63975524902344
623.022705078125
322.3605651855469
971.4631958007812
933.0469970703125
326.33160400390625
890.951416015625
278.0550231933594
962.7852783203125
1119.93310546875
1585.1881103515625
832.7381591796875
432.68682861328125
258.8122253417969
847.0875244140625
828.220703125
1756.8538818359375
536.5767822265625
1155.4774169921875
321.23681640625
832.352294921875
344.8245544433594
259.8393249511719
350.1050720214844
750.6512451171875
424.41082763671875
897.9331665039062
305.3145446777344
1360.60302734375
264.0140380859375
1768.2841796875
533.4308471679688
348.4215393066406
1462.32666015625
359.1719665527344
1163.2548828125
1543.95166015625
391.00140380859375
713.2898559570312
114.98971557617188
1057.3209228515625
302.2723693847656
209.4210968017578
306.3310241699219
296.6107177734375
402.6080017089844
595.2183227539062
483.4676513671875
282.7641906738281
1186.169189453125
842.2434692382812
391.95458984375
842.4689331054688
368.0109558105469
392.7677917480469
554.75732421875
269.00115966796875
400.3954162597656
805.64990234375
740.5054321289062
261.5863952636719
564.8663940429688
1354.87109375
338.7021179199219
626.2473754882812
733.9266357421875
383.34197998046875
702.6594848632812
1381.5987548828125
521.2380981445312
300.34661865234375
1947.0787353515625
617.576904296875
673.3154907226562
400.1882019042969
247.0399627685547
795.1717529296875
624.4736938476562
1320.2349853515625
385.5224609375
1425.9581298828125
905.1552734375
503.4583740234375
938.2255859375
437.310302734375
274.0712585449219
1054.72998046875
919.8049926757812
1007.2552490234375
746.8016967773438
383.4420471191406
935.4661865234375
479.974365234375
1115.3629150390625
422.6864013671875
1047.330322265625
737.2042846679688
365.85699462890625
329.8422546386719
424.53466796875
962.3021850585938
262.84832763671875
297.42132568359375
1256.7967529296875
1464.1767578125
658.4934692382812
384.107421875
241.98646545410156
189.26902770996094
1154.9071044921875
645.2195434570312
