2.432851552963257
2.144887924194336
2.2382097244262695
2.9907212257385254
2.781571388244629
2.7120392322540283
1.7932417392730713
2.4391307830810547
2.279376268386841
1.301160216331482
1.2214962244033813
2.0956454277038574
1.5800904035568237
2.1793346405029297
1.2100584506988525
2.1413018703460693
1.5725607872009277
2.580479145050049
1.480406641960144
2.241342306137085
3.76515793800354
1.4443998336791992
2.014188289642334
1.7252591848373413
2.2927229404449463
1.5828994512557983
1.4568414688110352
1.7464945316314697
1.6378178596496582
1.674901008605957
1.599550724029541
7.481856346130371
2.062103748321533
2.159771680831909
1.4286020994186401
3.076972723007202
2.089893102645874
1.8771480321884155
2.3768019676208496
2.122342824935913
2.2858972549438477
2.162356376647949
2.670870780944824
1.375828504562378
1.5664446353912354
1.7842974662780762
1.3547571897506714
1.6441313028335571
1.6602613925933838
1.4069889783859253
1.560305118560791
2.0055441856384277
1.998035192489624
2.2126011848449707
2.4211044311523438
1.1316158771514893
2.5348668098449707
2.245152235031128
2.757002830505371
2.1252331733703613
2.741227626800537
2.147907257080078
1.6214251518249512
2.2970528602600098
1.7101832628250122
2.2450430393218994
2.8991730213165283
1.8725088834762573
2.24507737159729
1.4180008172988892
2.7145793437957764
2.188948154449463
1.4176729917526245
2.731571912765503
1.818922758102417
2.0383949279785156
1.378100872039795
2.058499574661255
3.713529109954834
1.569032907485962
2.8570942878723145
1.3871620893478394
1.9696611166000366
2.555711507797241
2.0741288661956787
1.9346219301223755
2.7453038692474365
2.424570083618164
1.8443596363067627
2.317108631134033
2.1037631034851074
1.236528754234314
2.1195058822631836
1.830828309059143
1.6280590295791626
1.3328628540039062
2.4029905796051025
1.6777657270431519
2.648315906524658
1.7091652154922485
2.3624420166015625
2.4329190254211426
2.1944773197174072
1.388188362121582
1.5909020900726318
1.621297836303711
2.6117477416992188
1.7568906545639038
1.4770618677139282
1.7676305770874023
1.6149976253509521
2.5689616203308105
3.1065380573272705
1.4821926355361938
2.1986944675445557
2.29158353805542
2.4966883659362793
3.2306575775146484
3.087951421737671
2.356414794921875
1.8776756525039673
1.4573997259140015
1.267289400100708
2.3810999393463135
2.57405686378479
2.3306829929351807
2.798306465148926
1.4375622272491455
