-3.286770820617676
-15.366629600524902
-5.660042762756348
-5.651729106903076
-6.33132266998291
-13.621092796325684
-13.089018821716309
-8.886789321899414
-14.750178337097168
8.805294036865234
-14.173394203186035
-2.599609375
9.868834495544434
-11.217398643493652
-16.325481414794922
5.944348335266113
9.70742130279541
-4.824470043182373
32.60481262207031
5.094577789306641
-41.56703186035156
-14.460116386413574
-10.747322082519531
14.719987869262695
-12.01492977142334
-0.17203345894813538
4.825560092926025
19.295146942138672
-17.176162719726562
-17.914031982421875
-30.44253921508789
-54.836483001708984
-12.274571418762207
-12.16884708404541
8.173686981201172
-40.27117156982422
-12.869348526000977
-7.208479404449463
-7.01875114440918
-12.476163864135742
-12.752960205078125
-29.125179290771484
-4.660793781280518
32.50514602661133
-35.2434196472168
5.141453266143799
-5.619302749633789
-9.446666717529297
-25.545320510864258
-19.88233184814453
-5.73052978515625
-2.1460182666778564
-20.469175338745117
-18.47310447692871
-6.397988319396973
-35.04534149169922
-38.031986236572266
-62.79581832885742
-2.4882216453552246
-15.719500541687012
-10.211394309997559
-9.657283782958984
1.56606924533844
-21.73461151123047
-16.609418869018555
-7.345117568969727
-40.2901611328125
3.050811290740967
-4.752398490905762
-84.70791625976562
-34.9607048034668
-10.108593940734863
30.226852416992188
-14.75840950012207
16.477581024169922
-26.995037078857422
-8.615232467651367
-7.65034294128418
-23.8685245513916
37.8723258972168
-0.440530925989151
-19.909685134887695
-32.01686477661133
-16.6003360748291
-27.88195037841797
-8.309042930603027
-32.48067855834961
-7.065548896789551
-11.793787002563477
-17.977195739746094
-15.912599563598633
-30.910486221313477
-19.36060333251953
2.8926503658294678
10.439962387084961
-7.294460296630859
-13.309388160705566
46.945640563964844
-17.93225860595703
3.854778528213501
-60.8901481628418
-11.310340881347656
-21.504915237426758
13.283818244934082
-12.930235862731934
-20.074504852294922
-29.08821678161621
-6.111734867095947
-19.064531326293945
7.517303943634033
14.080450057983398
-8.105171203613281
-57.43983459472656
-11.066473007202148
-10.692198753356934
-11.94182014465332
-10.757108688354492
-34.531558990478516
-9.832115173339844
-7.52315092086792
13.540494918823242
13.095510482788086
-13.00588607788086
-9.264689445495605
-7.559666633605957
-17.632736206054688
-28.26421546936035
6.520541191101074
