-0.332073450088501
-0.5203052163124084
-0.5903734564781189
-1.176384449005127
-0.9348295331001282
-0.7773544192314148
1.7134621143341064
-0.6491591930389404
-0.8148221969604492
4.0635786056518555
1.8344814777374268
-0.16695484519004822
1.6596004962921143
-0.6880833506584167
2.161461114883423
-0.31705451011657715
1.8395648002624512
-0.7952168583869934
1.7499582767486572
-0.46163350343704224
-2.4295294284820557
6.0472822189331055
0.8566145896911621
0.2883369028568268
-0.8315728902816772
1.3709661960601807
2.6048665046691895
1.7820199728012085
0.2625274658203125
0.008766154758632183
0.9215564131736755
-9.411578178405762
-0.13513948023319244
1.1435728073120117
1.2397270202636719
-0.5717995762825012
-0.6220096945762634
0.7386662364006042
-0.7663435935974121
-0.47538504004478455
-1.1213937997817993
-0.11894284188747406
-0.5001307129859924
3.164093017578125
1.0297490358352661
1.8678556680679321
1.584299921989441
5.715977191925049
0.7195596098899841
-0.06045133247971535
5.322231292724609
0.9928496479988098
0.05093361437320709
0.30139967799186707
1.423370599746704
1.810468077659607
-4.157736301422119
-0.10335487127304077
-0.6363587975502014
-0.7587857246398926
-1.267621636390686
-0.47313597798347473
1.1652286052703857
-0.6782776713371277
0.891067385673523
-0.744996190071106
-1.0973451137542725
1.8516645431518555
-0.42147254943847656
4.801033973693848
-1.615102767944336
-0.411671906709671
0.8157314658164978
-0.606049120426178
0.5008374452590942
0.06485811620950699
1.6650844812393188
-0.6545280814170837
-1.984503149986267
6.525773048400879
-0.6037101745605469
0.32475778460502625
-0.12807895243167877
-1.4832582473754883
-0.09664547443389893
0.7678314447402954
-1.0281132459640503
-0.8577539920806885
1.0377917289733887
-0.14458508789539337
-0.24385102093219757
2.1958460807800293
-0.6420950889587402
1.8512266874313354
0.7237265110015869
3.105168342590332
-0.24012652039527893
1.194288730621338
-0.3466615676879883
0.663647472858429
-0.26657676696777344
-0.6686868667602539
-0.4711490571498871
3.837923049926758
0.30392274260520935
1.0667157173156738
-0.03948938101530075
0.9131000638008118
0.986812174320221
1.312116026878357
1.1130188703536987
1.3081575632095337
-0.6539050340652466
1.237101674079895
1.3069907426834106
-1.0247690677642822
1.0180190801620483
-1.7639710903167725
-0.9837257862091064
-1.031059980392456
2.0139291286468506
2.4842116832733154
3.7803261280059814
-0.8748480677604675
-0.6545451879501343
-1.190452218055725
-0.8146376609802246
0.35265612602233887
