28.233423233032227
37.802154541015625
7.175930500030518
5.705630302429199
17.01836585998535
57.98503875732422
34.15583038330078
14.34057331085205
28.380754470825195
31.06298065185547
19.961462020874023
7.494397163391113
11.945852279663086
7.177384376525879
11.580824851989746
9.621636390686035
6.245748519897461
34.24105453491211
6.686766147613525
11.771586418151855
42.76316833496094
10.231627464294434
7.4979729652404785
10.266083717346191
16.667041778564453
13.641899108886719
6.340925216674805
6.40275764465332
13.087884902954102
6.447559833526611
6.892725944519043
10.375863075256348
7.889825344085693
8.823509216308594
20.82207489013672
20.294635772705078
6.7397918701171875
15.179838180541992
11.188385963439941
15.122493743896484
46.85749053955078
15.340048789978027
42.07633972167969
11.245450973510742
136.00509643554688
33.36030578613281
34.67024230957031
7.011836051940918
