-2.828702449798584
-3.83044695854187
-2.29172420501709
-5.02808952331543
-5.134479522705078
-0.6619560122489929
9.329257011413574
-0.3694375157356262
6.94495964050293
2.7514212131500244
-0.5250088572502136
-9.865965843200684
-2.381638765335083
-8.11782455444336
1.8972371816635132
1.892943024635315
-6.468104362487793
-1.888003945350647
5.5909037590026855
-6.563011646270752
-5.808750629425049
-0.8518794775009155
-2.922853469848633
-3.9939146041870117
-4.12421989440918
7.688528537750244
-1.8020628690719604
4.015144348144531
-8.334266662597656
-3.2944459915161133
3.7652337551116943
1.1473445892333984
3.269315719604492
7.449760913848877
13.214079856872559
-0.8000082969665527
-0.9518299698829651
4.415008544921875
6.715173244476318
-2.5092997550964355
-3.1928720474243164
-1.3251572847366333
2.5229363441467285
4.010842323303223
14.642148971557617
13.957741737365723
-9.038069725036621
-1.7490094900131226
