5.946157932281494
5.807385444641113
5.185920715332031
4.670475006103516
5.643887996673584
6.63979434967041
5.224812030792236
5.4577412605285645
5.596471309661865
5.6322503089904785
5.185247898101807
4.893877983093262
5.053593635559082
5.257175445556641
5.538476467132568
4.429543972015381
5.012917518615723
6.225693702697754
5.4131879806518555
5.178619384765625
5.484143257141113
5.466955184936523
5.204622268676758
5.465927600860596
4.97195291519165
5.002015113830566
5.14947509765625
5.481072425842285
4.6414713859558105
5.339027404785156
5.235588073730469
5.290766716003418
5.190793991088867
5.426278591156006
5.347350120544434
5.398861885070801
4.567874908447266
5.346221923828125
5.308933734893799
5.9885029792785645
6.640324592590332
6.058711051940918
6.450214862823486
5.801508903503418
7.322871208190918
5.408784866333008
5.873958110809326
4.835573673248291
