-4.683507919311523
5.243228435516357
-3.7277462482452393
0.5635536313056946
-1.5477980375289917
-1.8084012269973755
1.4954228401184082
0.9780051112174988
4.750049114227295
1.0860345363616943
1.3512357473373413
-6.116253852844238
-0.4457140266895294
-4.16961145401001
1.3013561964035034
3.883744478225708
-0.9201078414916992
1.0417113304138184
3.3178975582122803
0.5598315596580505
6.182807922363281
0.1704581379890442
-1.2854379415512085
3.5598978996276855
-7.131625652313232
1.578440546989441
-4.88827657699585
3.885002613067627
5.166463851928711
-3.9609837532043457
1.7934463024139404
2.862008810043335
2.030799627304077
-0.34548965096473694
-6.0425705909729
2.0217347145080566
-3.050560712814331
0.18755270540714264
10.78623104095459
-0.5191539525985718
-3.7124557495117188
0.20552074909210205
-2.254962205886841
0.9116443395614624
-4.449064254760742
5.372232913970947
5.0599045753479
-3.9759609699249268
