0.9743362069129944
0.9935711026191711
-8.79317855834961
-4.327393054962158
-2.740121364593506
9.936010360717773
-3.1651628017425537
-2.9241671562194824
19.42022132873535
-9.820230484008789
1.7566865682601929
7.252510070800781
4.842581272125244
-3.550718307495117
-12.658381462097168
-2.2401912212371826
-2.8422012329101562
1.4414018392562866
-7.000730514526367
4.7548136711120605
-0.23517918586730957
-6.84316349029541
-3.961088180541992
-3.0565805435180664
1.871361255645752
23.7707576751709
2.9438464641571045
-12.623270988464355
-22.744895935058594
-40.050254821777344
-17.375032424926758
6.5931925773620605
-3.1462409496307373
0.9634411334991455
-16.042499542236328
-0.37864992022514343
-9.44003677368164
-3.134246349334717
-9.587424278259277
5.395848274230957
-6.648303031921387
-8.744714736938477
1.3366539478302002
3.4174444675445557
1.059856653213501
0.8083565831184387
12.95006275177002
-4.495945930480957
-11.948140144348145
-6.959641933441162
-4.822003364562988
1.7250279188156128
-1.261345386505127
12.344695091247559
-7.998594284057617
-3.3564836978912354
0.44183847308158875
3.3298163414001465
0.6829802989959717
4.2927069664001465
-7.178624153137207
6.771738529205322
-12.532733917236328
-7.417896747589111
-14.279097557067871
-8.215593338012695
6.969503402709961
-2.5845260620117188
-4.6541361808776855
-12.263008117675781
-17.285871505737305
-15.571149826049805
4.133086204528809
-3.2967076301574707
-4.5365519523620605
0.23379622399806976
-8.562527656555176
-1.229263186454773
0.824208676815033
-4.478770732879639
7.191751003265381
-12.182003021240234
5.977288722991943
-14.90002155303955
-14.58810806274414
1.965395450592041
11.319972038269043
-13.649171829223633
-0.46079376339912415
2.8281359672546387
3.0723319053649902
-7.303369522094727
-0.7973103523254395
-4.14113712310791
-0.39936551451683044
0.8275377750396729
-5.911247253417969
5.882516384124756
20.388940811157227
10.661673545837402
-4.106791019439697
-9.174980163574219
10.015336990356445
5.223795413970947
-0.30594536662101746
-4.166460037231445
-6.950523376464844
-9.03848648071289
-23.832719802856445
-3.269928455352783
11.360379219055176
-1.05780827999115
-6.6911115646362305
-4.893996238708496
-17.33941078186035
-8.645363807678223
-7.435723304748535
1.5744081735610962
-5.583012104034424
-6.888264179229736
-13.044342994689941
0.668745219707489
-5.246187210083008
-9.104090690612793
1.3541921377182007
8.741674423217773
-7.270574569702148
-6.387731075286865
-0.09269367903470993
2.176352024078369
1.7422558069229126
-3.319823980331421
-10.193090438842773
8.488848686218262
6.6249308586120605
-1.3065682649612427
-1.2618062496185303
-4.17983865737915
2.574892044067383
-16.181577682495117
24.690696716308594
-0.5532349944114685
-25.251344680786133
14.632752418518066
-10.972450256347656
-10.036867141723633
-1.6183780431747437
-4.134203910827637
1.8930237293243408
-21.091840744018555
-3.560910224914551
1.8869825601577759
-4.979200839996338
7.832104682922363
5.72063684463501
4.699441909790039
-27.585391998291016
-5.705805778503418
-1.9547879695892334
-21.053295135498047
-55.0977897644043
-30.610919952392578
2.341295003890991
-0.382129967212677
-6.299656867980957
9.260618209838867
-3.529590129852295
-2.2001595497131348
-17.326309204101562
-7.774524688720703
-10.769984245300293
31.59158706665039
-1.5512945652008057
-15.490270614624023
-4.922738552093506
-12.071318626403809
-1.997923493385315
-9.317654609680176
-2.069002628326416
1.0365275144577026
7.1139960289001465
-7.337496757507324
23.911304473876953
-3.9653069972991943
-6.280248165130615
3.367170572280884
-24.81210708618164
3.32145357131958
-5.605899810791016
-4.963553428649902
21.02806854248047
4.0193772315979
