-2.6762216091156006
-1.7176473140716553
-2.846283197402954
-2.6015517711639404
-0.959382951259613
-1.4566612243652344
-1.6750186681747437
-0.8253267407417297
-0.6337037086486816
-1.5970664024353027
-1.6711721420288086
-1.204762578010559
-1.5022326707839966
-2.572986125946045
-2.169288396835327
-1.5943070650100708
-1.8778668642044067
-1.4430108070373535
-0.49853870272636414
-1.4030545949935913
-1.7719805240631104
-1.5701366662979126
-1.4360629320144653
-0.5275943279266357
-1.5014805793762207
-1.049885630607605
-1.691935420036316
-1.486591100692749
-1.145869493484497
-3.181349515914917
-1.2693111896514893
-1.4714691638946533
-1.0667427778244019
-1.9238815307617188
-0.605373203754425
-1.1412408351898193
-1.248214602470398
-1.647323489189148
-1.2899092435836792
-1.0637707710266113
-1.7036552429199219
-1.0169585943222046
-0.9729036092758179
-1.3838220834732056
-1.6726247072219849
-1.2055773735046387
-1.4043465852737427
-1.7513322830200195
-1.5954976081848145
-2.1561262607574463
-1.1975642442703247
-1.3897337913513184
-1.4175188541412354
-0.8914320468902588
-0.5145877003669739
-1.5750060081481934
-1.2833778858184814
-1.3959379196166992
-1.217861294746399
-1.2779526710510254
-1.5009461641311646
-0.6607915759086609
-0.9952160716056824
-1.4222607612609863
-1.5179451704025269
-1.5422730445861816
-0.8613764643669128
-1.4430131912231445
-1.5176092386245728
-0.24308012425899506
-0.5513124465942383
0.423627108335495
-0.9341013431549072
-1.5424301624298096
-0.06415637582540512
-0.03533332049846649
-1.0892655849456787
-1.054221272468567
-1.2234548330307007
-1.0758875608444214
-1.388692855834961
-2.866886615753174
-1.2774282693862915
-0.7630659937858582
-1.2175190448760986
-1.0836076736450195
-0.6740842461585999
-0.5417695045471191
-1.5280264616012573
-1.8184778690338135
-1.3452389240264893
-1.4001364707946777
-1.7383540868759155
-1.2662525177001953
-1.00763738155365
-3.1101791858673096
-1.27131187915802
-1.36400306224823
-1.373038411140442
-1.201401710510254
-1.6328431367874146
-0.4025489389896393
-1.7467061281204224
-1.3594110012054443
-1.3422671556472778
-1.4223072528839111
-1.943973183631897
-1.890257477760315
-1.2420629262924194
-1.344894528388977
1.037537693977356
-1.746209979057312
-1.6484956741333008
-1.1815189123153687
-1.4311375617980957
-1.6211721897125244
-1.7049769163131714
-1.3145010471343994
-1.3518197536468506
-0.0592789463698864
-1.3297611474990845
-0.8742262125015259
-1.0471296310424805
-1.4466888904571533
-1.3885902166366577
-1.360421895980835
-1.156577229499817
-1.4117791652679443
-2.1396596431732178
-1.001602053642273
-1.1114341020584106
-1.1774437427520752
-1.5881401300430298
-1.3132271766662598
-1.0970462560653687
-1.3064686059951782
-1.7652376890182495
-4.23844575881958
-1.5393340587615967
-1.533239722251892
-1.0230135917663574
-0.8094554543495178
-1.280011534690857
-1.8417986631393433
-1.0121734142303467
-0.9793053865432739
-1.135542392730713
-0.8024193048477173
-1.601879596710205
-0.44644787907600403
-1.7060368061065674
-1.2257931232452393
-1.5667370557785034
-1.0857819318771362
-1.2296218872070312
-1.737725019454956
-0.8220268487930298
-1.2764618396759033
-1.3289066553115845
-2.0338211059570312
0.18466466665267944
-0.8878973722457886
-0.5604531764984131
-1.4587289094924927
-1.1959317922592163
-1.110440969467163
-1.1374003887176514
-1.241754174232483
-0.5096985101699829
-1.894144892692566
-0.7441039681434631
-0.74748694896698
-0.985924243927002
-0.8941376209259033
-1.6635702848434448
-0.9561012983322144
-1.394970417022705
-1.4473047256469727
-1.3502236604690552
-2.3649675846099854
-1.53530752658844
-1.3691575527191162
-0.7456863522529602
-0.8776570558547974
-1.5832061767578125
-1.2672942876815796
-1.362525224685669
-1.8885008096694946
-1.1085606813430786
-1.62844717502594
-0.9470667243003845
-1.7496838569641113
