-0.13112784922122955
-0.20079129934310913
-0.00024250660499092191
0.3724949359893799
0.5513177514076233
-0.13717366755008698
-0.03724530339241028
0.01774495653808117
-0.6162418723106384
0.3767516016960144
0.08116307109594345
0.49901071190834045
0.038757555186748505
0.6896151900291443
-0.04931033030152321
0.04693811386823654
0.5697605013847351
0.1843283623456955
-0.500690221786499
-0.2727319002151489
-0.7300217151641846
-0.011301088146865368
0.21325954794883728
-0.09788345545530319
0.13517701625823975
-0.5808218717575073
-0.16853831708431244
0.16950561106204987
-0.3083381950855255
0.309833288192749
0.05333387479186058
-0.20962852239608765
-0.3798803389072418
-0.5719950199127197
0.25501590967178345
-0.15258002281188965
-0.409997820854187
-0.3692645728588104
-0.1944478303194046
0.16162636876106262
0.05467532202601433
0.004835837054997683
0.04702835530042648
-0.3256082832813263
0.20299874246120453
0.05073799565434456
0.07375877350568771
0.28919920325279236
