-0.6215018033981323
2.160335063934326
-0.8344748616218567
-0.7061857581138611
-1.5984183549880981
-0.6503614187240601
-0.2710050344467163
-0.9928426146507263
1.1913918256759644
-1.6663919687271118
2.7534360885620117
-0.044335585087537766
-0.3732282221317291
-1.304512619972229
-1.3905631303787231
1.2066149711608887
0.22058403491973877
0.9153692126274109
-0.6883133053779602
-0.3194296658039093
1.2187057733535767
0.13887245953083038
-0.34955018758773804
-1.2497060298919678
-2.005262613296509
3.3581702709198
-0.29940441250801086
1.065132737159729
-0.6792688369750977
0.6212848424911499
0.31212756037712097
-1.3782458305358887
0.5200778841972351
1.2763772010803223
-0.6217595934867859
1.1097489595413208
0.036798931658267975
-1.4252396821975708
2.075603485107422
-1.877282977104187
-1.0574966669082642
0.2807661294937134
-0.6457201242446899
0.7633005380630493
0.24262481927871704
-0.278948038816452
2.0574374198913574
-0.9893351793289185
