-6.461944580078125
-2.8107612133026123
2.7922592163085938
0.06795802712440491
10.168266296386719
1.8808807134628296
-4.503572463989258
-2.706834316253662
3.8006200790405273
-6.979811191558838
3.044934034347534
1.1208404302597046
-2.943498373031616
0.6401543617248535
-8.535515785217285
-1.331719160079956
5.098474025726318
-24.95935821533203
-0.7456485629081726
-0.7661008834838867
-4.500432014465332
-10.987837791442871
-0.7669060230255127
-1.3815966844558716
-2.3640785217285156
-9.336515426635742
-1.6499544382095337
2.747274875640869
1.7438708543777466
9.047680854797363
-3.2869794368743896
-3.3529624938964844
0.6460551023483276
3.1251463890075684
-6.376168251037598
11.575149536132812
3.014772653579712
6.318860054016113
8.687444686889648
-5.745577335357666
-1.374329686164856
16.49542999267578
-4.861961364746094
1.2991787195205688
-5.317502498626709
-0.9885308146476746
-1.3656668663024902
-6.151972770690918
-2.5041322708129883
-1.5379661321640015
-3.5875887870788574
5.726805686950684
5.594574451446533
0.9531877636909485
4.160430908203125
0.5747331976890564
0.481064110994339
-1.4731155633926392
-1.7312406301498413
-1.909993290901184
5.98419189453125
0.7528848052024841
-3.6388936042785645
-1.9511085748672485
-17.399017333984375
-1.667034387588501
-2.2209458351135254
2.9814693927764893
-6.468729496002197
-3.318157911300659
8.122049331665039
0.7399001717567444
3.4013705253601074
-3.863309621810913
2.4399654865264893
-0.8088704347610474
-3.8052351474761963
-2.836986780166626
1.6608201265335083
-5.692166805267334
8.536638259887695
3.94541597366333
6.012449741363525
3.951097249984741
1.1499834060668945
-8.578147888183594
-6.872594833374023
-5.151046276092529
0.052033718675374985
2.136145830154419
-3.9086716175079346
-1.1317551136016846
-9.429892539978027
-8.40945053100586
-6.045345306396484
-1.0555026531219482
-0.41067925095558167
2.6108169555664062
-2.424914836883545
4.6481194496154785
1.2687259912490845
-0.6947649717330933
-1.8981547355651855
-6.796546936035156
-1.3706893920898438
-1.1801763772964478
2.553903102874756
-3.35805344581604
0.2987767159938812
9.623615264892578
-0.49639463424682617
2.365365743637085
0.8812020421028137
8.705391883850098
11.037418365478516
6.851372718811035
-21.68946075439453
-2.112738847732544
-4.995726108551025
1.7987490892410278
-1.7254226207733154
-8.170600891113281
-1.2306859493255615
1.9017887115478516
1.2326785326004028
-0.23983244597911835
12.067268371582031
0.4129570722579956
0.0972437709569931
-1.7242255210876465
0.6130757927894592
-15.752077102661133
0.27375391125679016
-1.681607723236084
-5.289678573608398
1.5729655027389526
-1.6123533248901367
-0.7828466296195984
4.149839878082275
0.860399067401886
-1.2997009754180908
0.3244727849960327
0.3594314157962799
-1.3791807889938354
-1.7977486848831177
7.104333400726318
0.21607528626918793
-0.9285339713096619
1.726025938987732
-1.2864996194839478
-0.008475096896290779
7.879926681518555
8.12915325164795
-6.334473609924316
12.438179016113281
-1.3400875329971313
2.4348254203796387
-2.4439332485198975
-2.695446252822876
-5.802824974060059
13.555634498596191
-0.06121484935283661
-3.6081371307373047
1.0801756381988525
-1.8693188428878784
2.4683825969696045
0.5747877359390259
13.031073570251465
-0.4472770094871521
6.297301769256592
-0.1590641736984253
6.390718460083008
-5.978724002838135
13.585465431213379
-16.32548713684082
-2.0918471813201904
4.579624176025391
5.168301582336426
-1.6471980810165405
-1.748502254486084
-0.2006777971982956
-11.141624450683594
-1.5705138444900513
-1.6098272800445557
0.8425845503807068
-1.3319923877716064
11.355311393737793
3.980362892150879
-7.6049113273620605
-2.138969659805298
0.48778748512268066
-4.626651287078857
