185.72125244140625
125.79942321777344
89.56178283691406
37.56867218017578
264.4898376464844
42.428497314453125
115.50308227539062
61.6734504699707
187.40110778808594
93.78532409667969
113.94297790527344
52.4244270324707
28.016111373901367
56.77832794189453
67.82984161376953
73.45838165283203
59.766456604003906
147.018798828125
92.20771026611328
96.9368896484375
33.9921989440918
70.37615203857422
33.789268493652344
165.6107940673828
33.5760612487793
40.830753326416016
64.49956512451172
407.7567138671875
76.03195190429688
213.15382385253906
57.17057418823242
348.81427001953125
73.123779296875
92.61721801757812
81.75994110107422
428.2669677734375
69.25889587402344
150.08279418945312
72.99768829345703
321.9032897949219
157.28985595703125
202.7873077392578
188.1224822998047
59.204063415527344
97.35353088378906
37.70521926879883
25.024417877197266
51.039764404296875
90.51148986816406
23.192882537841797
75.13128662109375
117.10497283935547
217.27015686035156
60.359535217285156
141.25119018554688
243.55865478515625
50.0247688293457
26.792503356933594
25.939743041992188
53.8558349609375
56.050071716308594
57.1991081237793
63.52293395996094
117.75617980957031
197.7301788330078
87.65238189697266
28.756895065307617
296.9950866699219
282.5035095214844
20.680435180664062
294.79052734375
51.923954010009766
32.778350830078125
50.01352310180664
58.8204345703125
275.24603271484375
24.326858520507812
148.7029266357422
315.44329833984375
72.12886047363281
81.83869171142578
157.62818908691406
50.77204513549805
150.28900146484375
300.62347412109375
112.3599624633789
241.65760803222656
35.24191665649414
45.94978713989258
61.326194763183594
187.8370819091797
33.669837951660156
212.4141082763672
262.3263854980469
103.5774154663086
32.058319091796875
35.8471565246582
101.88494873046875
37.308536529541016
49.98811721801758
24.93366241455078
60.61785125732422
114.66876220703125
58.6431770324707
56.77833938598633
231.5230255126953
35.92691421508789
228.87991333007812
58.57897186279297
235.8482666015625
45.38990020751953
207.97972106933594
436.9035339355469
250.7900848388672
319.6721496582031
224.75511169433594
89.79639434814453
57.261474609375
307.43841552734375
50.644596099853516
82.02015686035156
87.1773452758789
35.71514129638672
193.30352783203125
29.769540786743164
62.619956970214844
321.3853759765625
18.21383285522461
32.1075325012207
136.43894958496094
215.9237518310547
134.68008422851562
33.112060546875
320.6081237792969
55.20341110229492
76.24360656738281
135.36878967285156
92.23548889160156
89.79692840576172
96.04853820800781
19.17754554748535
49.023502349853516
13.551180839538574
191.25372314453125
49.6933708190918
224.8751220703125
57.225189208984375
39.853328704833984
115.13278198242188
290.9541931152344
38.38645553588867
188.305419921875
79.9564437866211
77.48206329345703
168.4568634033203
33.762657165527344
155.70286560058594
54.42087936401367
57.32980728149414
114.41724395751953
29.36595344543457
20.8811092376709
204.23562622070312
18.010009765625
54.05519485473633
117.38166809082031
15.10767650604248
248.62957763671875
72.60796356201172
99.50330352783203
46.98699951171875
60.02678680419922
132.34396362304688
340.1399841308594
163.05113220214844
34.02214431762695
90.52399444580078
120.71086120605469
56.3204460144043
101.1463851928711
68.99722290039062
130.88079833984375
65.60285186767578
40.93000030517578
35.95066833496094
49.29713439941406
61.71693420410156
205.9580078125
88.07727813720703
108.48503875732422
329.311767578125
86.82926177978516
