-2.4865214824676514
0.3436908423900604
0.031956810504198074
-0.010084188543260098
0.022616669535636902
2.3922054767608643
2.412482976913452
0.03913665562868118
-0.26566019654273987
2.305619478225708
-0.3719739317893982
0.0038907949347049
-0.12295956909656525
0.022450169548392296
0.731395423412323
-0.3517475426197052
3.8155691623687744
3.965289354324341
-1.0024906396865845
0.03212279826402664
-0.012793049216270447
-3.8302199840545654
0.037881433963775635
-0.14021842181682587
-0.02885853499174118
2.3591389656066895
0.017738891765475273
-0.34027451276779175
-1.2864292860031128
0.03111494705080986
0.017737379297614098
-0.5810114741325378
-0.8470183610916138
0.9948602914810181
3.1127068996429443
0.1803397387266159
0.9797043800354004
-0.5220251679420471
3.621885061264038
-0.006903796456754208
1.6408286094665527
-0.38054975867271423
0.5726318955421448
-0.007058469112962484
-1.6850149631500244
1.9922195672988892
0.21481189131736755
2.3539867401123047
0.008787201717495918
0.08012159168720245
0.2057235836982727
-1.0160804986953735
-0.6519112586975098
1.8909999132156372
-1.1264779567718506
-0.3697947561740875
3.062431573867798
1.460705041885376
1.9542970657348633
-0.018899766728281975
4.026280403137207
0.022775491699576378
-1.4027354717254639
-0.7227159142494202
-0.25703805685043335
-1.1999434232711792
2.1083922386169434
-0.10559141635894775
-7.245577580761164e-05
0.12252169847488403
-0.46879133582115173
0.020901979878544807
4.35509729385376
0.028370089828968048
-1.3289176225662231
-0.38948193192481995
-1.2485228776931763
-1.0348573923110962
0.055995672941207886
-0.3731764256954193
3.275181770324707
-1.559967279434204
1.7132973670959473
-0.6066848635673523
-0.2804076075553894
-0.31116828322410583
-1.1150906085968018
0.020860867574810982
2.0343246459960938
0.03230910748243332
-0.863802433013916
1.456234335899353
0.06677068024873734
1.2078323364257812
0.7220122814178467
0.19275085628032684
0.18785381317138672
0.07854322344064713
1.202146053314209
-0.033915210515260696
1.5969818830490112
0.012382712215185165
-1.3929802179336548
0.07900674641132355
1.6013522148132324
-0.370498389005661
2.6317403316497803
0.10460755228996277
-0.013426580466330051
0.16069115698337555
0.07783324271440506
0.18153291940689087
0.2928849458694458
-0.02842998504638672
-0.08049854636192322
0.4478529393672943
-0.07286115735769272
0.130284383893013
0.7756097912788391
2.598189115524292
1.137474536895752
-0.07600294798612595
0.0012651152210310102
-0.12476252764463425
4.223353385925293
0.16876237094402313
0.12724937498569489
3.589744806289673
1.453253149986267
-0.6739887595176697
0.19644510746002197
-0.9672130942344666
0.44558608531951904
-0.03934304416179657
0.16167648136615753
0.7701144218444824
-0.5272256731987
-1.3816205263137817
4.34068489074707
-1.431476354598999
0.05767981335520744
0.06447233259677887
2.621278762817383
-0.45490118861198425
0.03242985159158707
-0.593447208404541
0.04579858109354973
0.18304595351219177
-1.1335557699203491
-0.9142653346061707
2.467604875564575
-1.086980938911438
-0.1022428348660469
2.4303581714630127
-0.2521807849407196
-0.03210211545228958
-0.20406576991081238
0.3673338294029236
2.4465138912200928
-1.2396008968353271
1.8268084526062012
2.096221446990967
-0.2921774983406067
0.2227201610803604
-0.0034250286407768726
-1.097095012664795
0.15906082093715668
-0.6462534666061401
-0.17313726246356964
0.18099908530712128
2.7132556438446045
1.0862795114517212
-0.8868222236633301
0.3419075906276703
0.7673230767250061
-0.021306637674570084
0.35015103220939636
-0.8535763025283813
0.018493015319108963
1.3585894107818604
0.028244605287909508
-0.9858497381210327
3.893345594406128
-1.775295376777649
2.638871669769287
0.00793361198157072
0.07030030339956284
2.2738945484161377
-0.4820782244205475
-1.363702416419983
0.09402696043252945
0.0399521142244339
