0.21984565258026123
-0.4084964692592621
0.676932692527771
0.11093372106552124
0.4314750134944916
-0.2863156795501709
-0.32796838879585266
-0.38108351826667786
0.30411192774772644
0.45668166875839233
0.2985212206840515
0.18342401087284088
0.25335267186164856
0.03630208969116211
-0.14978748559951782
-0.19055721163749695
-0.13168485462665558
-0.35250186920166016
0.25945454835891724
0.1825578212738037
-0.08225512504577637
0.3159179389476776
-0.11663712561130524
-0.286436527967453
0.25359827280044556
0.31483766436576843
0.37838372588157654
-0.3659404218196869
-0.2869926989078522
-0.4079185128211975
-0.444551944732666
-0.3390628695487976
0.2475098818540573
-0.22446252405643463
-0.1147361621260643
0.4258935749530792
-0.16642814874649048
0.27031299471855164
0.41697263717651367
0.3901107907295227
-0.25680458545684814
0.3180693984031677
0.3346980810165405
-0.43861255049705505
0.31076234579086304
-0.2211424708366394
-0.09553283452987671
-0.2900124192237854
0.6905114650726318
0.11089092493057251
0.19318774342536926
0.32891374826431274
0.31775742769241333
0.36076220870018005
0.2789454460144043
0.34877461194992065
-0.34764814376831055
0.22487583756446838
0.1578367054462433
0.6064573526382446
0.32233142852783203
-0.4401663541793823
-0.285366415977478
0.29212215542793274
0.3105495870113373
0.2509409785270691
-0.22718222439289093
0.39853763580322266
0.4028720557689667
0.2262546420097351
0.41487598419189453
-0.053033679723739624
0.14167183637619019
-0.3389635682106018
0.2923313081264496
0.38481226563453674
0.1529843807220459
0.28130602836608887
-0.33468636870384216
-0.048478901386260986
-0.4107103943824768
0.22965751588344574
0.19116520881652832
0.28444454073905945
0.3918364644050598
0.29425233602523804
0.3112333416938782
0.4310223460197449
0.12135285139083862
-0.2536306381225586
0.254586398601532
0.08736348152160645
-0.33388325572013855
0.3239023685455322
-0.2272195816040039
-0.3187956213951111
-0.5561119318008423
-0.49652647972106934
0.33862489461898804
0.21191786229610443
0.2756221294403076
-0.4613833725452423
0.23884528875350952
-0.37507033348083496
0.2353188842535019
0.3233577311038971
0.25980353355407715
0.33104830980300903
0.5791772603988647
-0.35000067949295044
0.5998362302780151
0.3012174069881439
0.5493941307067871
-0.4140716791152954
0.40076136589050293
0.3316650688648224
0.2767646908760071
0.5716272592544556
0.37490153312683105
-0.20804518461227417
0.3189868628978729
-0.14880041778087616
-0.28650712966918945
0.2636457085609436
-0.1883106827735901
0.3255426585674286
-0.3887362778186798
-0.30293840169906616
0.4496425688266754
0.25112810730934143
-0.33836835622787476
0.26109519600868225
0.2531260848045349
0.3771687150001526
0.18254265189170837
-0.5211257338523865
0.27697139978408813
-0.3788970708847046
-0.32506293058395386
-0.3507246971130371
-0.1653439700603485
-0.5506315231323242
-0.12811772525310516
0.3060873746871948
-0.2557786703109741
0.318413108587265
-0.4959213137626648
-0.2895200550556183
0.248695969581604
0.3648994266986847
-0.20218540728092194
0.29747259616851807
0.07028520107269287
0.3469059467315674
0.341885507106781
-0.3488221764564514
0.2501024305820465
-0.2974527180194855
-0.24650010466575623
0.2547455430030823
-0.3233417272567749
-0.2406522035598755
0.33050528168678284
-0.17308515310287476
0.4217844009399414
0.2395298182964325
-0.08437131345272064
0.3904762268066406
0.20096378028392792
0.27862992882728577
0.5216533541679382
-0.1373176872730255
0.3215928077697754
0.3746533691883087
-0.3749748468399048
0.2644210457801819
-0.20852629840373993
0.26083987951278687
0.09869542717933655
0.49802565574645996
-0.603609025478363
-0.2412538081407547
0.5460275411605835
-0.1639498621225357
-0.20663556456565857
0.06637629866600037
0.13211911916732788
-0.31280454993247986
-0.19744937121868134
-0.32442742586135864
0.3790752589702606
-0.235834002494812
0.2501230537891388
0.11294718086719513
0.4403802752494812
0.20158804953098297
0.4765288829803467
0.4466356635093689
-0.3638988137245178
-0.47429537773132324
0.38492557406425476
0.5176702737808228
0.35410964488983154
0.5133858919143677
0.019601017236709595
0.6600321531295776
-0.3444252014160156
-0.2298474907875061
-0.25031009316444397
-0.4440896511077881
0.23574122786521912
0.703843891620636
-0.439884752035141
0.2904062569141388
0.4002634286880493
-0.3503534197807312
0.31158244609832764
0.4042983651161194
-0.28822964429855347
-0.4430721700191498
-0.36322280764579773
-0.46102654933929443
0.309975802898407
-0.41647547483444214
0.24730679392814636
-0.2563048005104065
-0.23561245203018188
0.5510525107383728
-0.18410274386405945
0.33377861976623535
0.5181960463523865
0.5125042200088501
-0.3156314194202423
0.3821742534637451
0.38852494955062866
0.22779294848442078
0.3058489263057709
-0.35627734661102295
0.25824519991874695
-0.3573070764541626
0.49348127841949463
0.15660026669502258
0.2401180863380432
0.3769476115703583
0.3570098280906677
-0.2823038399219513
0.33720263838768005
0.42948460578918457
-0.0539972186088562
-0.18715700507164001
-0.48064327239990234
0.4610825777053833
-0.21868513524532318
0.2555597722530365
-0.35285621881484985
0.34228140115737915
0.381378710269928
0.28885290026664734
-0.0074954405426979065
0.4423266649246216
0.4701255261898041
0.28896039724349976
0.4963410496711731
-0.5929469466209412
-0.3479886054992676
-0.5861831307411194
0.37014222145080566
0.43315941095352173
0.15892714262008667
0.33126744627952576
-0.39915749430656433
0.47978049516677856
0.2916763424873352
0.25995898246765137
-0.3923896551132202
0.32765164971351624
0.4858283996582031
0.34258630871772766
0.3879219889640808
-0.2025572657585144
-0.3758350610733032
-0.625898003578186
0.3060319423675537
0.10900849103927612
-0.39123550057411194
0.40743711590766907
-0.25443029403686523
0.19227337837219238
0.34535911679267883
0.4076749086380005
-0.16767889261245728
-0.33020997047424316
-0.4617689549922943
0.2270554155111313
0.2873061001300812
0.27423763275146484
-0.3181092441082001
0.365030437707901
-0.16315233707427979
0.40046608448028564
0.4802186191082001
-0.3911522626876831
-0.2870444059371948
0.38931944966316223
0.5910066962242126
-0.4939461648464203
0.4729236364364624
0.40220096707344055
0.30922040343284607
-0.5031110048294067
0.46865835785865784
0.2833981513977051
0.48624351620674133
-0.2205713391304016
0.21511141955852509
0.40694987773895264
0.12443684786558151
0.45104724168777466
-0.46876734495162964
0.41685718297958374
0.10379564762115479
0.2736811339855194
-0.35499832034111023
0.3169325292110443
0.3397720456123352
0.484294056892395
-0.2981950044631958
-0.20481431484222412
0.3285587430000305
-0.4391957223415375
0.3213348984718323
-0.42219847440719604
0.19612911343574524
-0.22713148593902588
0.2074018120765686
0.3872317671775818
-0.6347252130508423
0.3878852427005768
0.18338829278945923
0.5226833820343018
0.28500887751579285
0.43236321210861206
0.32181352376937866
0.36210349202156067
0.06975242495536804
0.4927847683429718
0.40192192792892456
-0.3278779089450836
0.3605203628540039
0.24008983373641968
0.3438984453678131
0.27187585830688477
-0.40913987159729004
0.11464893817901611
0.4030570089817047
0.1852036565542221
0.40525883436203003
0.29991135001182556
0.15317034721374512
0.46009495854377747
0.24784517288208008
0.3374403715133667
0.27426353096961975
-0.18384957313537598
0.4116959571838379
0.5098813772201538
-0.4395518898963928
0.11246025562286377
-0.23602503538131714
0.2782212197780609
0.6241777539253235
-0.3861078917980194
-0.5225232243537903
-0.30575668811798096
0.2623785734176636
-0.15963703393936157
-0.10121285915374756
0.5721084475517273
-0.2540479600429535
-0.3924209475517273
-0.2417832762002945
-0.38982611894607544
0.4798072576522827
-0.7538796663284302
0.09202587604522705
0.39778760075569153
0.09170220047235489
0.09167797863483429
0.1357005536556244
-0.13919436931610107
-0.06667019426822662
-0.1817866712808609
0.15240809321403503
0.17496135830879211
0.12675845623016357
0.20670542120933533
-0.28596270084381104
0.29370343685150146
-0.05924716591835022
-0.11590395867824554
0.3732737898826599
-0.13495972752571106
0.06390514224767685
0.24303066730499268
-0.22198337316513062
0.1836957484483719
0.2184106558561325
-0.16075754165649414
0.20366942882537842
0.20872615277767181
-0.13432133197784424
-0.19073864817619324
-0.08002021908760071
-0.1319449245929718
0.19015686213970184
-0.11591306328773499
0.10518699884414673
-0.09621399641036987
0.3859154284000397
0.18066325783729553
-0.05270037055015564
0.15088355541229248
0.15806104242801666
0.1666921079158783
-0.07634983211755753
0.16459524631500244
0.13519692420959473
0.13372790813446045
0.14790010452270508
-0.2007690668106079
-0.11330591142177582
-0.21087457239627838
0.07491078972816467
0.08375793695449829
0.09724229574203491
0.15728789567947388
0.13454347848892212
-0.0634244978427887
0.1298479586839676
0.1572723686695099
0.37128913402557373
-0.033885806798934937
0.16844908893108368
0.08864691853523254
-0.276628315448761
0.14328835904598236
-0.08910346031188965
0.1360771507024765
0.13783541321754456
0.09212437272071838
0.24096348881721497
0.12875044345855713
0.14659084379673004
0.10757797956466675
0.17022430896759033
0.034541867673397064
0.1473502218723297
-0.23488342761993408
0.13008975982666016
0.15404671430587769
0.07910966873168945
0.14314401149749756
-0.12064999341964722
0.41279664635658264
0.02871890738606453
0.09931796789169312
0.1520487666130066
0.16084781289100647
0.1795084923505783
0.10904556512832642
0.14493688941001892
-0.30150294303894043
0.11276912689208984
-0.277202844619751
0.130855530500412
0.11343838274478912
-0.15527546405792236
0.13400967419147491
-0.10530981421470642
0.06804114580154419
0.15422601997852325
0.12135422229766846
0.005824342370033264
-0.07719015330076218
0.24829697608947754
0.14596346020698547
0.1252828985452652
0.11462999880313873
-0.05055278539657593
0.16958126425743103
-0.11038513481616974
0.15177471935749054
0.10684239864349365
-0.13626959919929504
-0.22626519203186035
0.14005893468856812
0.14068889617919922
-0.12056183069944382
0.15423676371574402
0.13713926076889038
0.10655376315116882
-0.11424022912979126
0.18058770895004272
0.22510090470314026
0.23438648879528046
-0.13577282428741455
0.22697490453720093
0.22618621587753296
0.06189173460006714
0.2145169973373413
-0.11319190263748169
-0.15514042973518372
-0.23049472272396088
0.11953651905059814
-0.14178775250911713
0.13573609292507172
0.14621515572071075
0.2071761190891266
0.09433019161224365
0.038446251302957535
0.1369425356388092
-0.10249866545200348
0.18367867171764374
-0.10869148373603821
-0.036693036556243896
-0.000812530517578125
-0.06964487582445145
0.15983140468597412
-0.06482566893100739
0.1541447937488556
0.17469774186611176
-0.11514586955308914
0.11888857185840607
0.11372910439968109
-0.13857072591781616
0.1431533694267273
0.03390298783779144
0.1627206802368164
0.1259634792804718
-0.011678606271743774
0.18106231093406677
0.11670944094657898
-0.10631194710731506
0.12175771594047546
-0.18448656797409058
0.12165588140487671
0.16514095664024353
-0.03801121562719345
0.0456743985414505
0.15043748915195465
-0.07093163579702377
0.18714678287506104
0.09752315282821655
0.09748035669326782
0.06645762920379639
-0.11165142059326172
0.17614567279815674
0.19124498963356018
-0.15940076112747192
-0.2280234843492508
-0.1046261191368103
0.12966662645339966
0.18263787031173706
-0.10097828507423401
-0.21410077810287476
-0.13632047176361084
-0.0970495194196701
-0.04755979776382446
0.32518357038497925
0.15155278146266937
0.11778604984283447
-0.06673899292945862
-0.1898137927055359
-0.11755827069282532
0.17997053265571594
-0.31534039974212646
0.2685100734233856
-0.6172208786010742
-0.016411663964390755
-0.30334553122520447
0.4916157126426697
-0.34899428486824036
-0.4014539122581482
0.2800091803073883
0.3965691030025482
-0.2574649453163147
0.3572181165218353
-0.42477256059646606
0.2353249490261078
-0.6061041951179504
-0.20014995336532593
-0.23750317096710205
0.23104456067085266
-0.47499722242355347
0.2874286472797394
-0.6961057186126709
0.27614259719848633
0.2809639573097229
-0.36202889680862427
-0.3616132140159607
0.008629471063613892
-0.019415080547332764
0.47651341557502747
-0.4459382891654968
-0.3730417490005493
-0.47267380356788635
-0.5526877045631409
-0.4038054943084717
0.269446462392807
-0.2691310942173004
-0.12805694341659546
0.5269488096237183
-0.18679508566856384
0.3443755507469177
-0.4349791407585144
0.51685631275177
-0.34404319524765015
0.3756265342235565
0.4098370671272278
-0.6329504251480103
0.3100980818271637
0.35241055488586426
0.2679083049297333
0.2908459007740021
-0.05997489392757416
-0.26004597544670105
-0.423810750246048
0.3782352805137634
0.38045990467071533
0.42295390367507935
0.34726622700691223
0.4481908082962036
-0.34300655126571655
-0.426052063703537
-0.0877750813961029
-0.08156365156173706
-0.39679014682769775
-0.5506706237792969
-0.34270304441452026
0.3536315858364105
0.38397884368896484
0.28973767161369324
0.5333400368690491
0.4793946444988251
0.4723723530769348
-0.20607984066009521
0.4775148630142212
0.5734122395515442
-0.2249976396560669
0.3295893967151642
0.3610219955444336
0.4511318504810333
0.18581926822662354
0.34776341915130615
-0.41509997844696045
-0.23185983300209045
-0.5280564427375793
0.2636241912841797
0.22238682210445404
0.3500165343284607
0.49441567063331604
0.35902029275894165
0.379182368516922
-0.141414076089859
0.1521919220685959
0.42158833146095276
0.31387534737586975
-0.2780200242996216
-0.4228683114051819
0.4059258699417114
-0.2782849967479706
0.43348366022109985
0.38111412525177
-0.6817823052406311
0.41302916407585144
0.316017210483551
-0.18720701336860657
-0.6035714149475098
0.3121907413005829
-0.5300504565238953
0.38582736253738403
0.42196524143218994
0.2820900082588196
0.41118019819259644
-0.11253522336483002
-0.40931349992752075
-0.455475777387619
0.37035655975341797
0.6330048441886902
-0.48660919070243835
0.47195756435394287
0.41966962814331055
0.32755330204963684
0.4527483582496643
0.45840901136398315
-0.42425402998924255
-0.33980152010917664
-0.25265800952911377
0.3210814595222473
0.42676591873168945
-0.4527830481529236
-0.30765417218208313
-0.4542846083641052
-0.0729408860206604
-0.008778393268585205
0.3085610270500183
-0.3599976897239685
0.33018258213996887
-0.34749868512153625
0.4956855773925781
0.29808539152145386
-0.275543749332428
0.3396802544593811
-0.4263118505477905
-0.5862363576889038
-0.4261913299560547
-0.29337161779403687
-0.05656161904335022
0.19051477313041687
0.3770234286785126
0.5297883152961731
0.39504048228263855
-0.5210152268409729
0.21849000453948975
0.306797593832016
0.4154590368270874
-0.3161906898021698
0.37844744324684143
0.31430506706237793
-0.24443361163139343
0.3966308832168579
-0.22917522490024567
0.33433645963668823
-0.4087309241294861
-0.35949647426605225
0.2683120667934418
0.27695202827453613
0.4259752929210663
0.40539735555648804
0.18060940504074097
0.10211439430713654
0.29569798707962036
-0.10889433324337006
0.47733068466186523
0.2299884408712387
0.3375142812728882
0.029585838317871094
-0.20734214782714844
0.41037338972091675
0.4691207706928253
-0.45118361711502075
-0.0938580259680748
-0.2647218704223633
0.30077916383743286
-0.6837358474731445
0.5855672359466553
0.08818143606185913
-0.31067150831222534
-0.26120525598526
-0.17786622047424316
-0.3264590799808502
-0.5834306478500366
0.22181864082813263
-0.37507131695747375
-0.28132399916648865
-0.3850581645965576
0.49123936891555786
0.5625602006912231
0.34507960081100464
0.07881540060043335
-0.5259109139442444
-0.5090847015380859
0.5452081561088562
0.5142880082130432
-0.45282572507858276
0.3312048316001892
0.5060142278671265
-0.3589070439338684
0.41857126355171204
-0.12935584783554077
0.14974868297576904
-0.23850560188293457
0.35275739431381226
-0.27755439281463623
-0.5293371081352234
-0.6031352877616882
0.3400214910507202
-0.19694332778453827
0.05603736639022827
0.26879626512527466
-0.3769043982028961
-0.4519934058189392
0.002678394317626953
-0.14341846108436584
-0.3311412036418915
-0.5439991354942322
-0.419370174407959
-0.5377225875854492
0.2615687847137451
-0.49519604444503784
0.3084670603275299
-0.2940402925014496
-0.3053553104400635
0.6823292970657349
-0.251377671957016
0.4225700795650482
-0.4751744270324707
0.5920882821083069
-0.4001428782939911
0.423768013715744
0.47534996271133423
0.3872556686401367
0.3368038535118103
0.4765951931476593
-0.5049304962158203
0.38456788659095764
-0.6244580149650574
-0.38775208592414856
-0.5547704696655273
0.43873611092567444
0.44288113713264465
-0.33360886573791504
0.3986055850982666
0.5527401566505432
-0.09293504059314728
0.4385084807872772
0.4421761631965637
-0.43795543909072876
-0.29637768864631653
0.3645693063735962
-0.37683025002479553
0.40254929661750793
0.5177150964736938
0.34064981341362
-0.3286004066467285
0.59884113073349
0.5510140657424927
-0.29929494857788086
0.6175556182861328
-0.06880885362625122
0.09556051343679428
0.20619845390319824
0.43076780438423157
0.5344955325126648
0.19451946020126343
0.406293660402298
-0.49831441044807434
-0.1707364022731781
0.3556431531906128
0.3428337574005127
-0.4377315044403076
0.3963369131088257
0.617323637008667
0.43729913234710693
0.46901074051856995
0.10617285966873169
-0.5082616806030273
0.28484827280044556
0.36928918957710266
-0.4618278443813324
-0.506964921951294
0.5100446343421936
-0.3154231011867523
-0.5002750158309937
-0.2294963300228119
0.48184216022491455
-0.19582070410251617
0.2090437412261963
0.22912345826625824
0.3955473005771637
0.39140987396240234
0.3071519136428833
-0.37021660804748535
0.5030554533004761
-0.2671254575252533
0.4824223816394806
-0.4597751498222351
-0.47011005878448486
0.2812917232513428
0.4964269697666168
0.7084726095199585
-0.6178333163261414
0.6178267598152161
0.4948037564754486
0.3741171956062317
-0.4575290083885193
0.5608696341514587
0.21081005036830902
-0.4025726020336151
-0.2595910429954529
0.31000274419784546
0.5580506324768066
0.44275006651878357
-0.31192004680633545
-0.5494290590286255
0.03181377053260803
-0.43605107069015503
0.3925810158252716
-0.4828330874443054
0.3852432072162628
-0.45872998237609863
0.6047671437263489
-0.5188479423522949
0.3002416491508484
0.39478594064712524
-0.49625909328460693
0.34023019671440125
-0.5018582344055176
0.2988797128200531
0.3968904912471771
-0.2902775704860687
0.4747012257575989
0.10616438090801239
0.4737139344215393
0.45218992233276367
-0.5538318157196045
0.36460697650909424
0.5138023495674133
0.4785008430480957
0.43438583612442017
0.38156285881996155
-0.3027046322822571
0.48082494735717773
0.16091568768024445
0.43302929401397705
0.29775330424308777
0.5033250451087952
0.2940226197242737
0.32349127531051636
-0.1677749752998352
0.485959529876709
-0.33277076482772827
-0.7501778602600098
0.3518871068954468
0.2186920940876007
0.5676631331443787
0.2977423667907715
0.39858773350715637
-0.4937213659286499
-0.21697202324867249
0.46827688813209534
0.6634155511856079
-0.5099177360534668
0.44731688499450684
-0.2789943218231201
0.3405234217643738
-0.064595527946949
-0.5160402655601501
0.45414963364601135
-0.36879393458366394
-0.19766531884670258
-0.21255211532115936
-0.07376764714717865
-0.05155712366104126
-0.5213965773582458
-0.48021459579467773
-0.293104887008667
-0.45774346590042114
0.5332708358764648
0.2366674393415451
0.11023575067520142
0.570560097694397
-0.30724966526031494
-0.2711893320083618
0.15252327919006348
-0.14522677659988403
-0.09169131517410278
0.13741768896579742
0.2071000039577484
-0.1635429859161377
0.15327391028404236
0.018769562244415283
-0.4151867926120758
0.0593436062335968
0.3432231545448303
-0.14394047856330872
-0.19887027144432068
-0.17323261499404907
0.07799696922302246
0.03597244620323181
-0.154922753572464
0.15693074464797974
0.20770646631717682
-0.2019888162612915
-0.0020277276635169983
-0.05160927772521973
-0.17302048206329346
-0.23112671077251434
-0.09956318885087967
-0.1376897394657135
0.25175756216049194
-0.13719573616981506
0.13245293498039246
-0.1273096203804016
0.5031605362892151
0.216566801071167
-0.05228471755981445
0.1916917860507965
-0.16417232155799866
0.15574094653129578
-0.09794449806213379
0.19461506605148315
0.16738975048065186
0.2685703635215759
0.17625892162322998
0.2597915530204773
0.19007261097431183
0.2175041139125824
-0.2747313976287842
-0.20202994346618652
-0.23949968814849854
0.20098936557769775
0.15295830368995667
-0.10164798051118851
0.15803200006484985
0.21602082252502441
0.4652371406555176
-0.02150028944015503
-0.2274746298789978
-0.19313141703605652
0.18684279918670654
0.22161412239074707
-0.08703012764453888
0.16689538955688477
0.2599460780620575
0.12200555205345154
-0.204819917678833
0.2159639149904251
0.15949738025665283
-0.11581629514694214
0.23619753122329712
-0.1917005181312561
0.10560446977615356
-0.006989002227783203
0.14009565114974976
0.20280444622039795
0.09094814956188202
0.16906748712062836
-0.147469624876976
0.2241535186767578
0.045976877212524414
0.11260981857776642
0.16852378845214844
0.185646653175354
0.2173697054386139
0.13612857460975647
0.1643693447113037
0.06443843245506287
0.15206684172153473
0.048321373760700226
0.14566999673843384
-0.22047388553619385
-0.18704324960708618
0.15490692853927612
-0.13235929608345032
0.03064119815826416
-0.1813584864139557
0.2086152732372284
0.003149881958961487
-0.2567847669124603
-0.09059798717498779
0.2615780830383301
0.15790408849716187
0.16732951998710632
-0.10680103302001953
0.27649277448654175
-0.1917012333869934
0.1722542643547058
-0.19012868404388428
-0.17374926805496216
0.09138643741607666
0.19566768407821655
0.16106915473937988
-0.15072113275527954
0.2328859567642212
0.15559402108192444
0.13302262127399445
-0.09365898370742798
0.2172197699546814
0.1784205138683319
-0.1566188782453537
-0.1808040738105774
-0.4071088135242462
0.25749269127845764
-0.05339808017015457
-0.07817962765693665
-0.13164807856082916
0.027352511882781982
-0.0713382363319397
0.21549588441848755
-0.21994024515151978
0.16417133808135986
-0.14969682693481445
0.19046787917613983
0.16319027543067932
0.3487309515476227
0.15679305791854858
-0.12220858782529831
0.1372877061367035
-0.10997243225574493
-0.12045761197805405
0.2057349681854248
0.1201389729976654
0.2049601525068283
-0.05752617120742798
0.16749435663223267
0.13710469007492065
0.20359256863594055
0.15617001056671143
0.12511026859283447
-0.23325273394584656
0.18605247139930725
0.22807586193084717
-0.0870341956615448
0.14354707300662994
0.2984466552734375
0.1908361315727234
0.13047575950622559
-0.19041727483272552
0.13891881704330444
0.19076243042945862
-0.2625448703765869
0.18154022097587585
0.14187006652355194
-0.16818293929100037
0.1733090877532959
-0.11387264728546143
0.2328762412071228
0.10869520902633667
0.11807039380073547
-0.25928086042404175
-0.10239509493112564
0.2081936001777649
0.25703150033950806
-0.16031447052955627
0.08771508932113647
-0.1424342840909958
0.13257315754890442
0.1388053297996521
-0.13086044788360596
0.2805868983268738
-0.16918879747390747
-0.09559254348278046
-0.05386531352996826
0.41226455569267273
0.16950732469558716
0.22706282138824463
-0.10282399505376816
-0.16301754117012024
-0.13495482504367828
0.20135119557380676
0.0028863102197647095
0.10163985937833786
-0.2863829731941223
-0.08619117736816406
0.18043076992034912
0.15538418292999268
-0.13699829578399658
-0.08836415410041809
0.1066545844078064
0.16743150353431702
-0.09183338284492493
0.1311662197113037
-0.1844015121459961
0.11904005706310272
-0.0653766393661499
0.19628864526748657
-0.1282077431678772
0.10165143013000488
-0.13041698932647705
0.06016629561781883
-0.1444930136203766
0.32360953092575073
0.17422081530094147
0.2829540967941284
-0.16281068325042725
-0.3094947934150696
-0.10978510975837708
0.21335551142692566
-0.19697090983390808
-0.07320201396942139
-0.12915992736816406
-0.21524104475975037
-0.10985773801803589
0.09613728523254395
-0.09914517402648926
-0.033106595277786255
0.1955987960100174
-0.04519367218017578
0.16861310601234436
-0.013733118772506714
0.22012826800346375
-0.07690039277076721
0.17751853168010712
0.1573563516139984
-0.2486802637577057
0.170852929353714
-0.0728234350681305
-0.17380890250205994
0.0021418333053588867
-0.08971863985061646
0.11871492862701416
0.17223134636878967
0.15908868610858917
0.13805466890335083
0.17896778881549835
0.16528059542179108
0.1757948398590088
-0.19560450315475464
0.16911554336547852
-0.024571269750595093
-0.1764463186264038
-0.13118961453437805
-0.25152796506881714
-0.0828789472579956
0.1515999436378479
0.18641257286071777
0.09078244864940643
-0.2736419439315796
0.17516691982746124
0.14719939231872559
0.0010104179382324219
0.18018093705177307
0.10697460174560547
-0.2526979446411133
0.2403155416250229
0.12890489399433136
0.17383676767349243
0.07830387353897095
0.14348569512367249
-0.16046130657196045
-0.024881988763809204
-0.2040386199951172
0.0900888442993164
0.13566797971725464
0.1365203559398651
0.1914692521095276
0.12537729740142822
0.14639824628829956
-0.2672797441482544
0.08072483539581299
0.18155059218406677
0.1520710587501526
0.2233138382434845
-0.17188438773155212
0.12824246287345886
-0.12302014231681824
0.02442687749862671
0.15906262397766113
-0.30008119344711304
0.1868390440940857
-0.14101922512054443
-0.1350102424621582
-0.1819813847541809
0.13750727474689484
-0.19450423121452332
0.24038590490818024
0.19000700116157532
0.13345690071582794
0.15810705721378326
-0.12991568446159363
-0.1508997082710266
-0.15036973357200623
0.14743773639202118
0.1639363169670105
-0.10687720775604248
0.17812369763851166
0.14276623725891113
0.10041281580924988
0.059875864535570145
0.18606692552566528
-0.18841257691383362
-0.050379157066345215
-0.18578152358531952
0.07517451047897339
0.23957309126853943
-0.2601359486579895
-0.1063854768872261
-0.11306076496839523
0.14790061116218567
-0.21669328212738037
0.10761838406324387
-0.14530029892921448
0.148590087890625
0.09666019678115845
0.21180415153503418
0.17086663842201233
0.0031897127628326416
0.14753641188144684
-0.11589881777763367
-0.31497931480407715
-0.09568321704864502
-0.1438027024269104
0.07979458570480347
-0.0386374294757843
0.15126869082450867
0.182725191116333
0.13609330356121063
-0.09668070077896118
0.08191785216331482
0.14646023511886597
0.09644274413585663
-0.1520351767539978
0.15881894528865814
-0.34409019351005554
-0.15789419412612915
0.11977499723434448
0.13361111283302307
0.1361781656742096
-0.14292368292808533
-0.13532289862632751
0.1296660304069519
-0.00699847936630249
-0.23211073875427246
0.15884354710578918
-0.010991353541612625
-0.004958480596542358
0.1543758511543274
-0.08712172508239746
0.20493099093437195
0.08062753081321716
0.10750816017389297
-0.040893957018852234
-0.08905461430549622
0.18798524141311646
0.1397399604320526
-0.16164623200893402
-0.4776064157485962
-0.13435900211334229
0.11032737791538239
-0.16473039984703064
0.18411041796207428
0.13018745183944702
-0.15055783092975616
-0.3486618101596832
-0.06384074687957764
-0.21056605875492096
-0.20390671491622925
0.07387407124042511
-0.05242568254470825
-0.1605045348405838
-0.11303611099720001
0.1944679617881775
0.2240523099899292
0.11304318904876709
0.015833795070648193
-0.3540402352809906
0.28391557931900024
0.17582201957702637
0.16965985298156738
-0.09382513165473938
0.14602530002593994
0.21000489592552185
-0.1080586314201355
0.1707691103219986
-0.17380347847938538
0.09522473812103271
-0.15351122617721558
0.3098636269569397
-0.15666621923446655
0.08531281352043152
-0.1724243462085724
0.11407244205474854
-0.17077061533927917
0.20500826835632324
0.16537928581237793
-0.23367905616760254
-0.19676214456558228
-0.33396437764167786
-0.18165110051631927
-0.1198197603225708
-0.23807382583618164
-0.0792243480682373
-0.14713864028453827
0.0709618330001831
-0.12747789919376373
0.11150941252708435
-0.13018296658992767
-0.19684375822544098
0.24205979704856873
-0.03967088460922241
0.19692930579185486
-0.007885098457336426
0.23651352524757385
-0.10644003748893738
0.19388939440250397
0.1798371821641922
0.16836977005004883
0.1766682267189026
-0.1351696401834488
0.21413958072662354
-0.011062204837799072
-0.28707993030548096
0.18068209290504456
0.19272980093955994
0.21155348420143127
0.15626481175422668
-0.1691509336233139
0.18592427670955658
0.2377004772424698
-0.02097807452082634
-0.2235315591096878
0.008599340915679932
-0.29088959097862244
0.19598308205604553
0.15386587381362915
-0.08015650510787964
0.1816614866256714
0.29201942682266235
0.1301116943359375
0.31176984310150146
0.257607638835907
0.1567145586013794
0.005362913012504578
0.22942841053009033
0.19418597221374512
0.2653602063655853
0.2321527600288391
0.135245680809021
0.20348167419433594
0.08559778332710266
0.1712145358324051
-0.19107694923877716
-0.08842197060585022
0.09291979670524597
0.10768765211105347
-0.23885390162467957
0.15135473012924194
0.22640109062194824
0.1440587043762207
0.18392173945903778
0.10606494545936584
-0.22194084525108337
0.16991153359413147
0.18516308069229126
0.2761560082435608
-0.20065271854400635
0.16191670298576355
-0.13896265625953674
0.14485955238342285
-0.11302220076322556
0.206796795129776
-0.11385494470596313
0.26995474100112915
0.2511173486709595
0.11338412761688232
0.1673816740512848
0.09985676407814026
-0.11355471611022949
0.27219289541244507
-0.14245663583278656
0.17856907844543457
-0.29793184995651245
-0.1800169199705124
0.03475114703178406
0.17795026302337646
0.17506098747253418
-0.1440141797065735
0.2629419267177582
0.17883826792240143
0.12953639030456543
-0.03068321943283081
0.21454522013664246
0.07036204636096954
-0.09724913537502289
-0.1893417239189148
-0.39757534861564636
0.2592221796512604
0.29596853256225586
-0.1629227101802826
-0.12541991472244263
-0.26605960726737976
-0.06519052386283875
0.14343029260635376
-0.23385471105575562
0.16818445920944214
0.11003348976373672
0.24015015363693237
-0.22465789318084717
0.35648953914642334
0.17275816202163696
-0.11493384838104248
0.09793832898139954
-0.09553603827953339
0.1730436086654663
0.1875133514404297
0.09937220811843872
0.17644792795181274
0.11930811405181885
0.17213445901870728
0.11449480056762695
-0.010479092597961426
0.15237697958946228
0.12791875004768372
0.2116650640964508
0.18460562825202942
-0.5274442434310913
-0.21431539952754974
0.14457657933235168
0.32839661836624146
0.18372751772403717
0.07257366180419922
0.23209857940673828
0.15666671097278595
-0.004800289869308472
0.058819353580474854
0.2067469209432602
0.10901499539613724
-0.14494207501411438
0.17683574557304382
0.13297748565673828
0.25588011741638184
0.11958988755941391
0.11894331872463226
-0.17428678274154663
-0.11821179836988449
0.22646969556808472
0.21184709668159485
-0.1707053780555725
-0.14305835962295532
-0.15301400423049927
0.1466166377067566
-0.15621089935302734
-0.1737280786037445
0.26834604144096375
-0.18464945256710052
-0.22593221068382263
-0.07045711576938629
-0.052681148052215576
-0.16248518228530884
-0.32539400458335876
-0.08228704333305359
-0.1910216212272644
-0.12680648267269135
0.2171774059534073
0.1755504161119461
0.04994182288646698
0.24579964578151703
-0.049189239740371704
0.15106065571308136
0.06105402112007141
-0.020869195461273193
-0.0055401623249053955
0.03867870569229126
0.11165472865104675
-0.03819236159324646
0.06656652688980103
-0.05034618079662323
-0.2132902294397354
-0.04134313762187958
-0.06747797876596451
-0.062291860580444336
-0.196480393409729
-0.0595707893371582
0.030763104557991028
-0.008306682109832764
0.04829578846693039
0.044965773820877075
-0.1404234617948532
-0.1144186332821846
-0.21933895349502563
-0.08112910389900208
-0.07824152708053589
-0.11734271049499512
-0.012703359127044678
-0.0430561900138855
0.11486279964447021
-0.0446818470954895
0.055965155363082886
-0.030195079743862152
0.22872865200042725
0.09012671560049057
-0.035976529121398926
0.10951878875494003
0.0209406316280365
0.05902470648288727
-0.03799070417881012
0.0966302752494812
0.07458556443452835
0.12822388112545013
0.10048040747642517
-0.04429201781749725
-0.064537413418293
-0.014436900615692139
-0.019690275192260742
0.10071960091590881
0.10298258066177368
0.09570673108100891
0.07367053627967834
-0.03066253662109375
0.09556832909584045
0.11899815499782562
0.21222123503684998
0.049098432064056396
0.04776632785797119
-0.09528383612632751
0.11639036238193512
0.08886446058750153
-0.016769707202911377
0.1006416380405426
0.1650589555501938
0.051105499267578125
-0.03130155801773071
0.11811462044715881
0.060657650232315063
-0.015422940254211426
0.12896157801151276
-0.02729564905166626
-0.008031904697418213
0.12282544374465942
0.020678550004959106
0.09569886326789856
0.030162349343299866
0.08340144157409668
-0.05878022313117981
-0.027837425470352173
0.03504261374473572
0.06639502197504044
0.08932483196258545
0.06732574105262756
0.11775186657905579
0.0601230263710022
0.07448351383209229
0.10726195573806763
0.10112369060516357
0.04923003911972046
0.0742684006690979
0.11313200742006302
-0.08154696226119995
0.06171521544456482
-0.05970136448740959
-0.09830784797668457
-0.028134942054748535
0.0489518940448761
-0.05540146306157112
0.012797683477401733
-0.1462208777666092
0.12001258134841919
0.07239735126495361
0.05910855531692505
-0.09460872411727905
0.16323840618133545
-0.07093355059623718
0.06813716888427734
-0.1096632331609726
-0.08091050386428833
0.09651759266853333
0.10514560341835022
0.04582977294921875
-0.0413946807384491
0.11608681082725525
0.06784558296203613
0.0591912567615509
0.006434530019760132
0.10194455832242966
0.0450555682182312
-0.05562320351600647
-0.05693177878856659
-0.039068013429641724
0.09148025512695312
-0.03871975839138031
-0.06349599361419678
-0.03943009674549103
0.12480252981185913
0.25120025873184204
0.10246323049068451
-0.10034224390983582
0.08407151699066162
-0.003951743245124817
0.0471515990793705
0.07210081815719604
0.21257010102272034
0.07017797231674194
0.016238078474998474
-0.011460214853286743
0.0232582688331604
-0.04851087927818298
-0.00947725772857666
-0.05670742690563202
0.08117556571960449
-0.0037637948989868164
0.08752244710922241
0.06413358449935913
-0.07701852917671204
0.08044108003377914
0.04777318239212036
-0.061574459075927734
0.08753520250320435
-0.248306542634964
-0.051319584250450134
0.0632147490978241
0.061861082911491394
0.0695725828409195
0.0031382739543914795
-0.10489973425865173
0.07073551416397095
-0.01524817943572998
0.14490991830825806
0.08307156711816788
-0.07922285795211792
-0.00569605827331543
0.08957767486572266
-0.08099284768104553
0.11595892906188965
0.048301875591278076
0.050217390060424805
0.0484890341758728
-0.038218170404434204
0.1067618727684021
0.0966118574142456
-0.06180065870285034
0.14630679786205292
-0.07231460511684418
0.05909070000052452
-0.0259411484003067
-0.018976449966430664
0.09996714442968369
-0.08287197351455688
0.00864998996257782
-0.01884666085243225
0.25524193048477173
-0.021468043327331543
0.1285419911146164
-0.04162713885307312
-0.04960973188281059
-0.017892807722091675
0.08885692059993744
0.044011861085891724
