0.5225989818572998
0.05971568822860718
0.0028911828994750977
0.003960728645324707
0.12624680995941162
1.1089636087417603
3.4083242416381836
0.012456357479095459
0.06794548034667969
1.4876049757003784
0.1354638934135437
0.0022446513175964355
0.004098057746887207
0.002191781997680664
0.36735373735427856
0.8447890281677246
0.6336104869842529
4.4152326583862305
0.0664716362953186
0.004540503025054932
0.0038080811500549316
0.4945192337036133
0.003124535083770752
0.3528327941894531
0.004074811935424805
1.5815719366073608
0.002360701560974121
0.1664150357246399
0.01944631338119507
0.05302077531814575
0.005857646465301514
0.06468391418457031
0.34703564643859863
4.446889400482178
1.9065182209014893
2.8433837890625
1.7482329607009888
0.2716442346572876
0.3734254240989685
2.339001178741455
7.588982105255127
0.1484318971633911
0.36821627616882324
0.0037804245948791504
0.11037522554397583
0.6004292964935303
0.003397524356842041
0.6309283971786499
0.0020421743392944336
0.0032629966735839844
0.006111025810241699
0.23719185590744019
0.1160765290260315
0.8591442704200745
0.21907031536102295
0.2975066900253296
1.387612223625183
0.09694433212280273
0.09798169136047363
0.0025264620780944824
0.7513132095336914
0.0027632713317871094
0.012996077537536621
0.01954561471939087
0.9344886541366577
0.47301948070526123
0.18328702449798584
1.8090406656265259
0.4951223134994507
0.003686189651489258
0.3997246026992798
0.0030575990676879883
0.7286568880081177
0.004293560981750488
0.0028633475303649902
0.23850655555725098
0.9571272134780884
0.21044188737869263
0.896434485912323
0.00971156358718872
0.8504899740219116
1.2877638339996338
0.2160024642944336
0.3729434013366699
0.2995086908340454
0.4411050081253052
0.07351839542388916
0.0021515488624572754
0.2851662039756775
0.002680838108062744
0.052469491958618164
0.11881685256958008
0.5996225476264954
15.02611255645752
1.209255576133728
0.0027870535850524902
0.0023604631423950195
0.0034973621368408203
0.1795065999031067
0.005995988845825195
0.09343767166137695
0.003456592559814453
0.20541155338287354
0.0033987760543823242
0.6042270660400391
1.0621562004089355
0.5481110215187073
0.28323042392730713
0.00272369384765625
0.18416959047317505
0.002161562442779541
3.163923978805542
0.45758193731307983
0.039465487003326416
2.7745821475982666
0.44998884201049805
0.03277772665023804
0.002169787883758545
3.9700400829315186
0.49323558807373047
0.10581588745117188
3.130465507507324
0.0035203099250793457
0.17578083276748657
1.320730447769165
0.015805482864379883
0.5416745543479919
0.5361402034759521
0.16908586025238037
0.1516265869140625
0.2408263087272644
0.08562624454498291
0.017786026000976562
3.684987783432007
0.009862661361694336
0.10767918825149536
0.3363721966743469
0.006032228469848633
1.2554775476455688
0.007432162761688232
0.0017983317375183105
0.0025286078453063965
0.457352876663208
0.6536750793457031
0.0030435919761657715
0.22719871997833252
0.0029501914978027344
0.0024507641792297363
0.21805411577224731
0.1723303198814392
1.1472212076187134
0.7967801690101624
0.0034178495407104492
0.5136972069740295
0.18775707483291626
0.004035651683807373
0.18217051029205322
0.02716296911239624
0.17576050758361816
0.01777195930480957
0.18457746505737305
0.2169250249862671
0.5667282342910767
0.030353665351867676
0.0017911195755004883
0.11226928234100342
0.022150516510009766
0.163704514503479
2.7712371349334717
1.1967315673828125
0.7624793648719788
1.989658236503601
0.18546265363693237
2.850078821182251
0.1799224615097046
0.004072606563568115
1.6131646633148193
0.034267544746398926
0.0024410486221313477
0.2211170196533203
0.002404451370239258
0.21632695198059082
1.0065562725067139
0.013376116752624512
1.1118513345718384
0.002588808536529541
0.0028994083404541016
9.433290481567383
1.313005805015564
0.009708702564239502
0.20712482929229736
0.003461003303527832
