9.998744010925293
1.923165202140808
3.0941812992095947
3.2624032497406006
2.490687608718872
2.8949761390686035
1.7510075569152832
2.3434255123138428
1.8324906826019287
2.1447019577026367
1.6300148963928223
2.3010923862457275
2.833202362060547
3.1886510848999023
2.153669834136963
1.9639582633972168
2.121401786804199
2.005056142807007
1.7052700519561768
3.4954493045806885
2.7324442863464355
3.04194974899292
3.165195941925049
1.7465513944625854
2.955749750137329
1.4854029417037964
2.3842477798461914
1.9651501178741455
2.5696861743927
1.8926913738250732
2.9352974891662598
1.7477177381515503
1.3408972024917603
2.70625901222229
3.4597997665405273
2.8392622470855713
1.738744854927063
1.8691767454147339
2.1417808532714844
2.458165407180786
1.9467151165008545
1.8979934453964233
2.0937306880950928
3.112213373184204
1.6105443239212036
2.9956092834472656
2.714784860610962
2.135185480117798
3.2860617637634277
2.784151315689087
2.5403640270233154
1.7706350088119507
2.410074472427368
2.3169069290161133
1.7369976043701172
2.0345444679260254
4.403207302093506
2.556034564971924
2.41672682762146
2.9143528938293457
2.135643243789673
2.512606620788574
2.518901824951172
1.5768985748291016
2.1629931926727295
1.4041098356246948
2.682896852493286
2.385484218597412
2.27138614654541
2.2889201641082764
2.140108585357666
2.910454750061035
2.127004623413086
2.8214917182922363
1.65237295627594
1.9265124797821045
3.0737345218658447
1.7124685049057007
1.9787973165512085
1.8110486268997192
2.277682304382324
3.329779863357544
2.518374443054199
2.0499308109283447
2.140279769897461
1.8153449296951294
1.7322171926498413
2.4419119358062744
2.2800846099853516
2.4583637714385986
1.8532782793045044
2.6899683475494385
1.932233214378357
4.295055389404297
2.0964906215667725
2.758831739425659
2.538888931274414
3.418766975402832
2.3090779781341553
2.2643399238586426
2.6014490127563477
3.218299627304077
1.7254230976104736
2.6309361457824707
2.089468002319336
2.2557716369628906
1.7409453392028809
1.930584192276001
3.303858757019043
2.2002556324005127
2.8715007305145264
1.9112094640731812
2.9301083087921143
2.1159768104553223
2.451669692993164
2.223499298095703
1.6633590459823608
2.8387794494628906
2.3913679122924805
1.5077158212661743
1.9504148960113525
1.9752237796783447
3.0532774925231934
2.1606900691986084
2.72383975982666
2.1316323280334473
2.5890707969665527
2.475151538848877
2.7706456184387207
1.5555734634399414
1.8933457136154175
1.7700382471084595
3.1328392028808594
2.4553661346435547
2.3800621032714844
1.6822142601013184
1.6555875539779663
1.7207541465759277
1.660922884941101
2.365790605545044
2.5432305335998535
2.673410415649414
2.3695173263549805
2.2158310413360596
2.6398191452026367
1.9811038970947266
2.9744770526885986
2.7910056114196777
1.6745874881744385
1.8159370422363281
2.7822816371917725
1.8817940950393677
3.0613174438476562
1.5633562803268433
1.893574833869934
2.8683054447174072
2.3980987071990967
1.9670743942260742
2.0484440326690674
1.4601597785949707
2.4007151126861572
2.5584769248962402
2.219741106033325
2.3599798679351807
2.739330530166626
1.489410161972046
1.8182897567749023
2.1681222915649414
4.202387809753418
1.7784169912338257
2.1911609172821045
2.9960944652557373
1.805988073348999
2.645352840423584
1.998529314994812
2.9161486625671387
2.261914014816284
1.5533853769302368
3.2539665699005127
3.0343596935272217
3.385754108428955
1.499769926071167
1.7067469358444214
0.9334660768508911
3.8137564659118652
2.9991602897644043
2.6178207397460938
1.9931844472885132
1.5609275102615356
2.023571491241455
2.31671404838562
3.3213443756103516
