4.908297538757324
4.723095893859863
0.11840426921844482
-0.3645491600036621
5.2125563621521
-0.35348913073539734
3.5270566940307617
0.03378935530781746
3.969090223312378
0.6137269735336304
3.1976990699768066
0.2513864040374756
-0.4030042588710785
-0.39152902364730835
0.30134686827659607
1.0607351064682007
-0.29755038022994995
4.102786540985107
2.995190382003784
-0.1660994589328766
-0.0608677975833416
0.8440540432929993
-0.2930152714252472
8.240472793579102
-0.3947281837463379
1.1060357093811035
-0.07484681904315948
7.424367904663086
1.6104614734649658
6.122535228729248
-0.48581433296203613
5.811445236206055
2.4243335723876953
0.5366705060005188
-0.7490171790122986
4.287418842315674
3.8346822261810303
3.15798020362854
-0.037379126995801926
3.8424532413482666
1.7827062606811523
3.595857858657837
4.332853317260742
-0.3597484230995178
2.762648344039917
-0.33680540323257446
-0.6722396612167358
-0.5181323289871216
-0.23633329570293427
-0.6745357513427734
-0.21856331825256348
3.0042080879211426
4.068755626678467
-0.25274530053138733
2.5676634311676025
3.182905673980713
-1.5207856893539429
-0.587967038154602
-0.7400726079940796
-0.18169064819812775
-0.49176743626594543
0.0029764892533421516
1.53075110912323
3.6584787368774414
3.156216859817505
3.4332094192504883
-0.5138440728187561
3.6300408840179443
4.130561828613281
-0.7582142353057861
3.2440874576568604
-0.40206432342529297
-1.2459650039672852
-0.3006507456302643
3.0476789474487305
2.754427194595337
1.3723199367523193
2.6814565658569336
8.118119239807129
1.6446855068206787
0.11772685497999191
-0.6832576990127563
-1.0348665714263916
2.102977991104126
3.555121898651123
2.7933132648468018
3.2159957885742188
-0.9463263750076294
-0.4453333616256714
0.2655070424079895
2.4133505821228027
-1.0973352193832397
7.089195728302002
5.496720314025879
1.244402289390564
-0.7183713912963867
-0.8479200601577759
-0.6098138689994812
-0.390969455242157
-0.3155461549758911
-0.7863764762878418
-0.3763808608055115
1.8435654640197754
-0.24685101211071014
0.1088050901889801
3.0879085063934326
0.4404992163181305
4.024242401123047
-0.28691598773002625
8.493630409240723
-0.6057676672935486
3.5125515460968018
5.587599754333496
5.155393123626709
3.5385324954986572
4.27554988861084
3.419497489929199
-0.20542840659618378
4.080861568450928
4.889644622802734
0.7249124050140381
1.7561012506484985
-0.30294373631477356
3.439880609512329
-0.4618000090122223
0.4283617436885834
6.701028823852539
-0.8055810332298279
-0.33523449301719666
2.8679122924804688
8.795513153076172
2.5456809997558594
-0.44517776370048523
3.523102045059204
-0.2228470891714096
5.704293251037598
3.2615222930908203
3.260003089904785
6.559126377105713
2.616347074508667
-0.7306419610977173
-0.38124555349349976
-0.9379048347473145
3.4535343647003174
-0.36871957778930664
3.1362462043762207
-0.3268401026725769
-0.5465521812438965
2.45064377784729
3.069162130355835
-0.5280781984329224
2.152646541595459
-0.8632429242134094
4.9567670822143555
3.8315563201904297
-0.06214441731572151
1.079293966293335
-0.05622582137584686
0.04922281578183174
2.566563844680786
-0.45642369985580444
-0.6821069121360779
3.5289113521575928
-0.6544798016548157
-0.2770392596721649
2.666487455368042
-0.9973799586296082
3.603412628173828
3.5775816440582275
3.0324440002441406
-0.2831760346889496
-1.1467286348342896
3.20414137840271
3.936776876449585
7.0314249992370605
-0.3190886378288269
1.037351369857788
3.086573600769043
-0.22534210979938507
-0.5573841333389282
-0.4224683344364166
3.0169267654418945
4.793932914733887
4.306417942047119
-1.0995975732803345
-0.3513251543045044
-0.6161739826202393
3.0267398357391357
3.072002649307251
3.5240542888641357
5.2407026290893555
-0.2975471317768097
