0.10731614381074905
0.006517415400594473
-0.0011548479087650776
0.0001178965758299455
0.11254482716321945
0.15167848765850067
-4.1366987228393555
-0.0013113413006067276
-0.18680280447006226
0.3219749331474304
-0.07471364736557007
-0.0010057201143354177
-0.0020299048628658056
-0.0016837527509778738
0.20558977127075195
-0.44470441341400146
-1.9065616130828857
-9.640451431274414
-0.22678042948246002
-0.00046710006427019835
0.0004965291591361165
0.003363989293575287
-0.003460752312093973
-0.16514718532562256
6.579823821084574e-05
0.8163821697235107
-0.00035678298445418477
-0.011449184268712997
0.3533155620098114
-0.0719359740614891
-0.00037805241299793124
0.28397494554519653
0.2882671356201172
-1.9933035373687744
0.011317209340631962
0.9216028451919556
-1.1779437065124512
-0.052179981023073196
0.05454264581203461
0.7495136260986328
-2.9644711017608643
-0.08686799556016922
0.9385852813720703
-0.0001452891738153994
-0.3098399043083191
0.112702377140522
-0.002748269122093916
0.0339963398873806
-0.0004141643294133246
-0.006156901363283396
-0.028947198763489723
-0.18486790359020233
-0.25088661909103394
-0.005041342694312334
-0.20962658524513245
-0.1304136961698532
-0.2755551040172577
-0.011068317107856274
0.0049441359005868435
0.0007907574181444943
-2.026381015777588
-2.156405935238581e-05
0.3496027886867523
-0.4010646641254425
0.3389888405799866
0.3821491301059723
0.022457625716924667
0.5595597624778748
0.2142355591058731
-6.417503755073994e-05
-0.18786583840847015
-0.00036337526398710907
-0.42912647128105164
-0.0012287599965929985
-0.4916207790374756
-0.18836700916290283
0.45382508635520935
-0.17528218030929565
-0.5964914560317993
-0.06326068192720413
-0.9182002544403076
0.3497072756290436
-0.20136354863643646
0.04868380352854729
-0.12201300263404846
0.1629965901374817
-0.39830923080444336
-0.001563925645314157
-0.7255527973175049
0.001149351941421628
-0.2849407196044922
-0.10277597606182098
-0.471740186214447
3.491833209991455
-1.1601401567459106
-0.0035512107424438
-0.0071519529446959496
-0.0007901597418822348
0.38278406858444214
-0.0010377721628174186
-0.021737365052103996
-0.0002612002717796713
-0.17869813740253448
-0.005165263079106808
-0.24378123879432678
0.2769610583782196
-0.5798701047897339
0.3909115195274353
-0.00019568698189686984
-0.33610501885414124
-0.0005804270622320473
1.2123091220855713
0.6254146099090576
0.009672111831605434
0.7727636098861694
0.808281421661377
-0.019158996641635895
-0.007929779589176178
2.0262577533721924
0.38231751322746277
-0.03778019919991493
-1.2530725002288818
0.0005448461743071675
-0.002614865778014064
-0.25002360343933105
-0.0008175127441063523
-0.35643333196640015
-0.1621290147304535
-0.25915125012397766
-0.07645968347787857
-0.41930055618286133
-0.22369660437107086
-0.0056047504767775536
0.9804384112358093
-0.008976235054433346
0.08788704872131348
0.09613889455795288
0.5094290375709534
-0.6913120150566101
0.47559854388237
-0.004244829528033733
0.0003066361241508275
0.08764352649450302
0.20220264792442322
-0.002513142768293619
-0.14826565980911255
-0.0004096382181160152
-0.0023966829758137465
-0.17294123768806458
-0.29217442870140076
-0.14571380615234375
0.09568946063518524
-0.00440639303997159
-0.029701262712478638
-0.0752522349357605
-0.0007643977296538651
0.02373788319528103
-0.005974698346108198
-0.0753789022564888
-0.3166431784629822
-0.239977166056633
-0.06452415883541107
0.20158588886260986
-0.006292860023677349
0.0007313428213819861
-0.16289713978767395
-0.0051789116114377975
-0.31699052453041077
1.1222114562988281
0.7758727073669434
-0.03494260087609291
-1.6236037015914917
-0.26534873247146606
1.075684666633606
-1.3128119707107544
-0.00040073489071801305
-1.0092252492904663
-0.29004424810409546
-0.0006178226904012263
-0.05155961215496063
-0.0020792644936591387
-0.007279457524418831
-1.3156036138534546
0.18053224682807922
-0.15550416707992554
-0.00029757627635262907
-0.008580610156059265
-4.2190446853637695
-0.5749532580375671
0.45542198419570923
0.282409131526947
-0.00244000181555748
