-0.1560409665107727
0.26011162996292114
-0.1361522376537323
-0.2216891050338745
-0.13733984529972076
-0.2768706977367401
-0.1594071090221405
-0.18984809517860413
-0.10524854063987732
-0.2768470048904419
-0.8828057646751404
-0.16878202557563782
-0.005405128002166748
0.012500762939453125
-0.01185113936662674
-0.007564656436443329
-0.009163998067378998
-0.008480116724967957
-0.008977480232715607
-0.002127349376678467
-0.0027728411369025707
-0.004959702491760254
0.13947129249572754
-0.008687740191817284
0.009598045609891415
-0.46071627736091614
0.03073298931121826
0.025206804275512695
0.015547096729278564
0.0198289155960083
0.028837114572525024
0.021162666380405426
0.01215292513370514
0.02906419336795807
-0.18845444917678833
0.02103447914123535
0.009040921926498413
-0.15524494647979736
0.0055946605280041695
0.010235488414764404
0.008653640747070312
0.008560389280319214
0.007220953702926636
0.011237680912017822
0.009282872080802917
0.010191738605499268
0.06572717428207397
0.012010574340820312
-0.013356469571590424
-0.5431588888168335
-0.005318254232406616
-0.0037364959716796875
-0.009364336729049683
-0.00985303521156311
0.0008590221405029297
-0.009288549423217773
0.001588970422744751
-0.004038169980049133
-0.0681476891040802
-0.025392234325408936
0.006935305893421173
-0.13173829019069672
-0.002017073333263397
0.00875920057296753
0.008325710892677307
0.009126335382461548
0.0060820430517196655
0.012340804561972618
0.006683647632598877
0.011732041835784912
0.04900062084197998
0.007924549281597137
-0.00615382194519043
-0.42563876509666443
-0.008143454790115356
-0.011244416236877441
-0.03608424961566925
-0.021701663732528687
-0.013350322842597961
-0.016939133405685425
-0.004545688629150391
-0.01630544662475586
0.06984585523605347
-0.02629852294921875
-0.0030743926763534546
0.012721776962280273
0.003087460994720459
-0.0029765963554382324
-0.0004839301109313965
-0.00484229251742363
0.0006154179573059082
-0.003367990255355835
-0.0011363029479980469
-0.004749387502670288
-0.11437439918518066
-0.0009673833847045898
0.01308700442314148
-0.5254390239715576
0.004026129841804504
-0.011470526456832886
0.02297443151473999
-0.021080344915390015
0.007277239114046097
-0.005865335464477539
0.033481940627098083
-0.008266538381576538
0.2888502776622772
0.002773374319076538
0.010723154991865158
-0.04809921979904175
0.017615851014852524
0.009769553318619728
0.011357992887496948
0.011565648019313812
0.01690775156021118
0.01024368405342102
0.011986792087554932
0.012037649750709534
-0.05229610204696655
0.01290128380060196
0.01584833860397339
-0.40836337208747864
0.026564478874206543
0.03571683168411255
-0.003912627696990967
0.02413788065314293
0.01581546664237976
0.027850687503814697
0.012093141674995422
0.01655292510986328
0.19046053290367126
0.01882030814886093
0.002406001091003418
0.021870911121368408
0.008216232061386108
0.0013072490692138672
0.0036274343729019165
0.002644091844558716
0.00912909209728241
0.00012386497110128403
0.003918707370758057
0.0061207115650177
-0.12163061648607254
0.004525274038314819
0.008199334144592285
-0.1973947137594223
0.005419015884399414
0.008914828300476074
0.00903039425611496
0.012959688901901245
0.011512503027915955
0.01098255068063736
0.0042157769203186035
0.014430582523345947
0.0738278329372406
0.009656786918640137
-0.017908036708831787
-0.0011996626853942871
-0.010748565196990967
-0.003714814782142639
-0.013029217720031738
-0.0036194324493408203
-0.01501571387052536
-0.011022090911865234
-0.023339807987213135
-0.004198640584945679
-0.022902578115463257
-0.017140431329607964
0.003547757863998413
-0.08628764748573303
0.012186914682388306
0.004284575581550598
-1.3589859008789062e-05
0.006273001432418823
0.008258774876594543
-0.00017815828323364258
0.0009661316871643066
0.005992531776428223
-0.03197173774242401
0.00040906667709350586
-0.03369879722595215
-0.08630035072565079
-0.01926437020301819
-0.04183530807495117
-0.03490719199180603
-0.04044687747955322
-0.027010783553123474
-0.049108922481536865
-0.02744491770863533
-0.03250914812088013
-0.1324765682220459
-0.0516398549079895
0.003384709358215332
-0.06088706851005554
0.009869672358036041
0.001252889633178711
0.0014365911483764648
0.002442777156829834
0.007898032665252686
1.734122633934021e-05
0.0021870508790016174
0.0045590996742248535
0.02824002504348755
0.0019350126385688782
0.014880359172821045
-0.00470617413520813
0.014554373919963837
0.02209112048149109
0.01683896780014038
0.015527714043855667
0.01347804069519043
0.016652952879667282
0.022443436086177826
0.018924236297607422
0.007251620292663574
0.011722177267074585
0.0006229281425476074
0.04144549369812012
0.011055752635002136
-0.019717931747436523
-0.02328699827194214
-0.0341142974793911
0.005071163177490234
-0.017688274383544922
0.022902503609657288
-0.02334350347518921
0.046658992767333984
-0.020415790379047394
-0.05668368935585022
-0.24423758685588837
-0.044670406728982925
-0.04911503195762634
-0.05031610652804375
-0.05768235772848129
-0.050612762570381165
-0.05815747380256653
-0.05054885149002075
-0.05374942719936371
-0.06197301298379898
-0.06006067991256714
0.0036843419075012207
-0.1198984831571579
1.3709068298339844e-06
0.005977511405944824
0.008028507232666016
0.008083641529083252
0.006971687078475952
0.008059382438659668
0.004323631525039673
0.008418560028076172
-0.0015315115451812744
0.0053937435150146484
-0.011696726083755493
-0.11308157444000244
0.005348526872694492
-0.05769847333431244
-0.036145538091659546
-0.047483399510383606
-0.0049988627433776855
-0.05712515115737915
-0.01096363365650177
-0.03901448845863342
-0.23572319746017456
-0.03307927027344704
-0.0008719712495803833
-0.15598320960998535
-0.00968027114868164
-0.0027725696563720703
0.002749890089035034
0.0014033913612365723
-0.001140296459197998
0.00138130784034729
-0.0021792054176330566
0.0022569894790649414
0.05734170228242874
0.0009005069732666016
-0.019666224718093872
0.09866669774055481
-0.029849335551261902
-0.028971293941140175
-0.03226327523589134
-0.029776673763990402
-0.028383634984493256
-0.018018662929534912
-0.015143901109695435
-0.023494094610214233
0.06425425410270691
-0.032613396644592285
0.003778696060180664
-0.12843921780586243
-0.0011668726801872253
0.005119845271110535
0.00841275230050087
0.0059442161582410336
0.005583465099334717
0.008722901344299316
0.0052013397216796875
0.007114643231034279
0.022402778267860413
0.0076795220375061035
0.0013814270496368408
-0.11101385951042175
0.0051460862159729
0.009248018264770508
0.002339482307434082
0.004656955599784851
0.004907846450805664
0.006161928176879883
0.002124972641468048
0.004438944160938263
0.011719048023223877
0.002838730812072754
0.006431102752685547
0.0547524094581604
0.01135629415512085
0.005180090665817261
0.004349410533905029
0.008068382740020752
0.01447036862373352
0.004373311996459961
0.005519092082977295
0.011252820491790771
-0.08070845901966095
0.007916510105133057
0.04394201934337616
0.41745683550834656
0.02949845790863037
0.006535768508911133
0.0395829975605011
0.012933939695358276
0.04070839285850525
0.027283383533358574
0.05217612162232399
0.03053271770477295
-0.034334540367126465
0.034550637006759644
-0.03678940236568451
0.13414645195007324
-0.046839118003845215
-0.03792832791805267
-0.04448634386062622
-0.03644946217536926
-0.0453450083732605
-0.03871004283428192
-0.048075154423713684
-0.037697382271289825
0.10313394665718079
-0.04786565154790878
-0.036479949951171875
-0.2727124094963074
-0.002567332237958908
-0.051154524087905884
-0.03724413365125656
-0.05494636297225952
-0.009463310241699219
-0.06735110282897949
-0.022989660501480103
-0.028024796396493912
0.011731445789337158
-0.04533815383911133
-0.014620840549468994
-0.1653939187526703
-0.0021067261695861816
-0.003905177116394043
-0.01822236180305481
-0.005173325538635254
-0.005189359188079834
-0.005814999341964722
-0.02030271291732788
-0.00417935848236084
-0.04630553722381592
-0.008680850267410278
-0.006944134831428528
-0.07227525115013123
-0.03549344837665558
0.02728360891342163
0.0007629990577697754
0.005958288908004761
-0.027894556522369385
0.02149428427219391
-0.0003688335418701172
-0.0014664828777313232
0.05499747395515442
-0.013579443097114563
-0.019557654857635498
-0.229559987783432
-0.024576760828495026
-0.011482328176498413
-0.009484469890594482
-0.016076117753982544
-0.02822422981262207
-0.004819661378860474
-0.017940759658813477
-0.02014097571372986
-0.018636852502822876
-0.0159417986869812
-0.0432741641998291
0.16533313691616058
-0.05403386428952217
-0.038533151149749756
-0.04174995422363281
-0.03617691993713379
-0.04723399877548218
-0.03194577991962433
-0.046221911907196045
-0.03351190686225891
-0.01773473620414734
-0.03786399960517883
0.004118671640753746
0.0016779303550720215
0.006821420043706894
0.007036387920379639
0.009190976619720459
0.0067969150841236115
0.008031494915485382
0.008021950721740723
0.004660934209823608
0.010154664516448975
0.001885831356048584
0.00756087526679039
0.02563346177339554
-0.18151205778121948
0.024876266717910767
0.014404430985450745
0.02858242392539978
0.013877972960472107
0.024950504302978516
0.028582215309143066
0.033539533615112305
0.019209355115890503
0.04605114459991455
0.033558957278728485
-0.05907799303531647
-0.6129218339920044
-0.06825083494186401
-0.026541471481323242
-0.034891605377197266
-0.028479039669036865
-0.053007304668426514
-0.033170558512210846
-0.057015419006347656
-0.025200381875038147
0.3391970694065094
-0.047114431858062744
0.03949785232543945
-0.13107122480869293
0.05860164761543274
0.0223006010055542
0.04173418879508972
0.0317167192697525
0.053916215896606445
0.032812707126140594
0.044405847787857056
0.04398240149021149
0.048858046531677246
0.04615141451358795
0.00048236921429634094
-0.053139977157115936
0.007961146533489227
0.0007860958576202393
0.0005757808685302734
0.002602197229862213
0.0068910494446754456
0.0012081265449523926
0.00260278582572937
0.0030705928802490234
-0.017376840114593506
0.0019842982292175293
0.019365966320037842
-0.1769268661737442
0.032468557357788086
0.024147748947143555
0.010559231042861938
0.023570293560624123
0.022008538246154785
0.01671275496482849
0.01552465558052063
0.025000113993883133
-0.049079835414886475
0.017915427684783936
0.04216209799051285
1.044267177581787
0.007711753249168396
-0.007141917943954468
0.010545328259468079
-0.00919768214225769
0.005504012107849121
0.014539510011672974
0.04745861887931824
-0.013179004192352295
-0.25292572379112244
0.0175875723361969
0.01606735587120056
-0.01821380853652954
0.003013055771589279
0.02668824791908264
0.0171186625957489
0.026804417371749878
0.013375192880630493
0.04351520538330078
0.010715162381529808
0.0355168879032135
0.07075325399637222
0.031942278146743774
-0.04556606337428093
0.07203805446624756
-0.04329514503479004
-0.06078166887164116
-0.05311712622642517
-0.057730674743652344
-0.054671354591846466
-0.07618069648742676
-0.04967743158340454
-0.05797490477561951
-0.00524863600730896
-0.07295644283294678
-0.017993539571762085
0.10715848207473755
-0.019917935132980347
-0.007413744926452637
-0.009879589080810547
-0.0013211071491241455
-0.02161121368408203
-0.010142073035240173
-0.028066664934158325
-0.0023261457681655884
0.04309692978858948
-0.017679736018180847
-0.0669703483581543
-0.09571755677461624
-0.07278740406036377
-0.018138349056243896
-0.08704359829425812
-0.028774172067642212
-0.08564802259206772
-0.019902586936950684
-0.09768742322921753
-0.037959158420562744
-0.09321773052215576
-0.07379332184791565
0.00949518196284771
-0.05938193202018738
0.007002770900726318
0.016487225890159607
0.01218917965888977
0.014181241393089294
0.011078234761953354
0.014369577169418335
0.012261927127838135
0.016943395137786865
0.030639059841632843
0.012365460395812988
-0.002368539571762085
-0.04709020256996155
-0.002688795328140259
0.00019699335098266602
-0.0015832483768463135
-0.00042816251516342163
-0.0019319653511047363
-0.0012036263942718506
-0.0028833821415901184
-0.0002962052822113037
0.0021397769451141357
-0.0018219202756881714
0.011325910687446594
0.0034750699996948242
0.015536367893218994
0.00905066728591919
0.011030107736587524
0.011833883821964264
0.018110722303390503
0.011203289031982422
0.010283350944519043
0.013675570487976074
0.022662103176116943
0.010983139276504517
-0.04811595380306244
-0.07274936139583588
-0.034261852502822876
-0.03703559190034866
-0.04580080509185791
-0.04348120093345642
-0.04311296343803406
-0.04897366091609001
-0.047083526849746704
-0.04114922881126404
0.033300891518592834
-0.05141860619187355
0.00034259259700775146
-0.10826225578784943
0.0005143061280250549
-0.0008521080017089844
0.00010550094884820282
-0.0033374130725860596
6.434181705117226e-05
-0.0015555955469608307
-0.0005133599042892456
0.00014269351959228516
0.024513214826583862
0.001943584531545639
0.005171962082386017
-0.05258852243423462
0.009448841214179993
0.0022405683994293213
0.004210531711578369
0.005422636866569519
0.008721843361854553
0.0017369436100125313
0.002923905849456787
0.0061866044998168945
-0.021775636821985245
0.0019206404685974121
-0.08457333594560623
0.08976651728153229
-0.08139455318450928
-0.09651833772659302
-0.08859705924987793
-0.09638886153697968
-0.09008437395095825
-0.10541240870952606
-0.07772381603717804
-0.09869406372308731
0.01863623410463333
-0.10838675498962402
0.07989013195037842
-0.27356570959091187
0.07621791958808899
0.06969505548477173
0.07628539204597473
0.039243608713150024
0.07966205477714539
0.09033559262752533
0.11041828989982605
0.05016124248504639
-0.14500018954277039
0.08927562832832336
0.005803108215332031
0.028426170349121094
0.01191440224647522
0.007799983024597168
0.009155571460723877
0.006042778491973877
0.009250640869140625
0.00843203067779541
0.007359086535871029
0.008738666772842407
-0.001893550157546997
0.00871451199054718
0.00686722993850708
0.03602026775479317
-0.0006899833679199219
-0.003649454563856125
0.01501840353012085
0.002662569284439087
-0.004497215151786804
0.004704177379608154
0.005876272916793823
-0.0015796124935150146
0.027043849229812622
0.0009972453117370605
-0.049317896366119385
0.16426214575767517
-0.03573429584503174
-0.01072797179222107
-0.02449016273021698
0.02715209126472473
-0.03763118386268616
-0.015718720853328705
-0.1070212721824646
0.027586132287979126
0.10848835110664368
-0.046975135803222656
-0.0004062354564666748
-0.14967650175094604
-0.0013017058372497559
0.009620696306228638
0.0034615397453308105
0.008891463279724121
0.0048139095306396484
0.009490922093391418
-0.005420297384262085
0.010719627141952515
-0.08712261915206909
0.0040853917598724365
-0.007684536278247833
-0.016849398612976074
-0.008978132158517838
-0.005491092801094055
-0.010003805160522461
-0.008309125900268555
-0.00878995656967163
-0.009115874767303467
-0.00818684697151184
-0.00868864357471466
-0.002244502305984497
-0.009343437850475311
0.0026898831129074097
-0.06064850091934204
0.003387361764907837
0.00559292733669281
0.002120673656463623
0.004003286361694336
0.006125140935182571
0.0027840733528137207
0.0030530691146850586
0.006255120038986206
-0.03319227695465088
0.0038971230387687683
-0.01590825617313385
0.05593130737543106
-0.01660388708114624
-0.004638701677322388
-0.010956034064292908
-0.0010183453559875488
-0.017006680369377136
-0.010455846786499023
-0.025132447481155396
-0.004358157515525818
-0.04444313794374466
-0.014095723628997803
0.0050612688064575195
-0.05718144774436951
0.01297605037689209
0.008114248514175415
0.003490626811981201
0.007986694574356079
0.009341806173324585
0.004082199186086655
0.003726791590452194
0.008094191551208496
0.009718216955661774
0.005041211843490601
0.002223413437604904
0.007948696613311768
0.01073753833770752
-0.0001989603042602539
0.00033986568450927734
0.0030724406242370605
0.008612632751464844
-0.0035948753356933594
0.0016912072896957397
0.004446923732757568
-0.02443927526473999
0.001280657947063446
-0.019114971160888672
0.2387535572052002
-0.04220980405807495
-0.02110278606414795
-0.027230221778154373
-0.023122429847717285
-0.033413566648960114
-0.02027839422225952
-0.01974010467529297
-0.024821460247039795
0.07025402784347534
-0.029302656650543213
0.0692044198513031
0.24173115193843842
0.06806755065917969
0.05166760832071304
0.055732011795043945
0.056876249611377716
0.07153886556625366
0.0535297691822052
0.06766682863235474
0.06731811165809631
0.24502164125442505
0.06146862730383873
0.005248814821243286
-0.003571227192878723
0.01575339585542679
0.012366384267807007
0.006102889776229858
0.008623287081718445
0.015450924634933472
0.011806624010205269
0.006333053112030029
0.011938512325286865
0.03199678659439087
0.0011218786239624023
0.006240963935852051
-0.3687073290348053
0.011725932359695435
0.013460308313369751
0.007762212306261063
0.006654620170593262
0.0018997788429260254
0.015172511339187622
0.012872964143753052
0.010350430384278297
0.050461769104003906
0.010960400104522705
-0.0008588656783103943
-0.07913133502006531
-0.005246102809906006
-0.00012592226266860962
0.0008042231202125549
2.995133399963379e-05
0.00028949975967407227
-0.0013248920440673828
-0.0009338781237602234
0.0003663599491119385
0.02232392132282257
-0.0016317367553710938
0.01618679240345955
-0.24497456848621368
0.030545860528945923
0.007177591323852539
0.007412970066070557
0.009376108646392822
0.028528332710266113
0.008160050958395004
0.016293615102767944
0.01660338044166565
-0.040058255195617676
0.006507083773612976
-0.04220137000083923
-0.7532140016555786
-0.06150764226913452
0.05448457598686218
0.017762944102287292
-0.023259639739990234
-0.0450606495141983
0.040092527866363525
-0.006325792521238327
-0.01648043841123581
-0.08282531052827835
0.0024399757385253906
0.0020834729075431824
-0.026429802179336548
0.010288044810295105
0.0017367899417877197
0.0020856857299804688
0.0033601224422454834
0.00798853486776352
0.0006947517395019531
0.0029619336128234863
0.005945529788732529
-0.0007629618048667908
0.0036176443099975586
-0.011706173419952393
-0.0702008530497551
-0.056056588888168335
-0.0011942684650421143
-0.04111234098672867
-0.01034855842590332
-0.0625651478767395
0.010212644934654236
-0.026493310928344727
-0.041213467717170715
0.08205878734588623
-0.010376393795013428
-0.016191542148590088
-0.05638474225997925
-0.005650341510772705
-0.012030437588691711
-0.017113247886300087
-0.014060750603675842
-0.010361135005950928
-0.015246778726577759
-0.01752418652176857
-0.011869728565216064
-0.006172299385070801
-0.017556607723236084
0.0037287920713424683
0.004969105124473572
0.0049893856048583984
0.006649672985076904
0.005278438329696655
0.0061402469873428345
0.00522313266992569
0.005803659558296204
0.003349393606185913
0.006474040448665619
0.016831355169415474
0.004989564418792725
0.006814673542976379
-0.09348869323730469
0.02160024642944336
0.014520823955535889
0.00036340951919555664
0.016317106783390045
0.019371896982192993
0.015416234731674194
-0.0011985339224338531
0.02143418788909912
-0.002669498324394226
0.011682003736495972
-0.0014956295490264893
-0.09423911571502686
0.015351325273513794
0.008120834827423096
-0.011037051677703857
0.005191996693611145
0.006883859634399414
0.002315431833267212
0.0008898377418518066
0.006247997283935547
0.032828137278556824
0.0005526244640350342
-0.0022435784339904785
-0.5834810733795166
0.019094735383987427
0.024845950305461884
-0.06062309071421623
0.013089656829833984
0.007523953914642334
0.01005476713180542
-0.018541693687438965
0.006829649209976196
0.011420533061027527
-0.008031770586967468
0.041833072900772095
0.9633179903030396
0.02531534433364868
-0.018992260098457336
0.024214059114456177
0.015671610832214355
0.03638118505477905
-0.003868997097015381
0.028882823884487152
0.021195203065872192
-0.002217233180999756
0.01481277123093605
0.0028877854347229004
0.08158060908317566
-0.01921778917312622
-0.0022042542695999146
0.003227829933166504
0.004818171262741089
-0.013789534568786621
0.0035880357027053833
-0.0030151307582855225
-0.000991910696029663
0.036596477031707764
-0.0019090771675109863
-0.03693339228630066
0.09877242892980576
-0.06934559345245361
-0.04057753086090088
-0.04826327785849571
-0.03902658820152283
-0.050018250942230225
-0.03160225227475166
-0.03289257735013962
-0.035959720611572266
0.07662644982337952
-0.042071834206581116
-0.012313604354858398
-0.05814456194639206
-0.0035118088126182556
-0.01278311014175415
-0.01612544059753418
-0.011292070150375366
-0.005977928638458252
-0.018053919076919556
-0.013669073581695557
-0.009187400341033936
0.009163320064544678
-0.01695677638053894
0.007783509790897369
-0.05648490786552429
0.012581586837768555
0.009767651557922363
0.01224672794342041
0.009475141763687134
0.012275278568267822
0.009686380624771118
0.008541107177734375
0.013906600885093212
0.03559860587120056
0.010857075452804565
0.03818845748901367
-0.42985257506370544
0.04418876767158508
0.0635995864868164
0.06502097845077515
0.04421660676598549
0.054518163204193115
0.06716234982013702
0.059370219707489014
0.052860528230667114
-1.1131961345672607
0.058799222111701965
0.007465153932571411
0.028184443712234497
0.011857684701681137
0.004181414842605591
0.0090712308883667
0.005222395062446594
0.011953189969062805
0.008802196010947227
0.007994234561920166
0.009186498820781708
-2.3752450942993164e-05
0.00911460816860199
-0.04709784686565399
-0.2822742164134979
-0.07669585943222046
-0.036617159843444824
-0.027495071291923523
-0.02962362766265869
-0.05833299458026886
-0.026698172092437744
-0.05070537328720093
-0.03873610496520996
-0.31571972370147705
-0.04704850912094116
0.01877780258655548
-0.10058295726776123
0.04873085021972656
0.019620642066001892
0.04959589242935181
0.021655917167663574
0.05781257152557373
0.01152828335762024
0.045215874910354614
0.04995831847190857
0.1556435227394104
0.028045162558555603
-0.05082082748413086
0.6789752840995789
-0.029769957065582275
-0.041997089982032776
-0.07656792551279068
-0.01708410680294037
-0.03805117309093475
-0.07280871272087097
-0.08178699016571045
-0.024680733680725098
-0.2387213408946991
-0.08571510761976242
-0.016125688329339027
-1.208121657371521
0.07359355688095093
0.05740615725517273
-0.015553638339042664
0.0786161720752716
0.06878574192523956
0.02049112319946289
-0.0394514799118042
0.084816575050354
-0.13391007483005524
0.009827852249145508
-0.00738900899887085
-0.05939769744873047
-0.003009498119354248
-0.0014434456825256348
-0.007441878318786621
-0.004075765609741211
-0.005425691604614258
-0.004617428407073021
-0.00694313645362854
-0.005123794078826904
-0.04272019863128662
-0.007261157035827637
-0.004120036959648132
-0.009932667016983032
0.0017678141593933105
-0.0037998706102371216
-0.0006832778453826904
-0.0045778751373291016
-0.0020482540130615234
-0.004117276519536972
-0.004179161041975021
-0.0016024112701416016
0.028289496898651123
-0.0029594898223876953
0.0144081711769104
-0.025489628314971924
0.027539879083633423
0.0075935982167720795
0.009074270725250244
0.011654466390609741
0.025038734078407288
0.00432664155960083
0.012760639190673828
0.01501135528087616
-0.10735763609409332
0.009431004524230957
-0.04428119212388992
-0.29282620549201965
-0.06957608461380005
-0.045518845319747925
-0.037077248096466064
-0.03597116470336914
-0.049028731882572174
-0.031783148646354675
-0.04740457981824875
-0.03735502064228058
-0.3008926510810852
-0.03181278705596924
-0.004678651690483093
-0.01943415403366089
0.005358219146728516
-0.0013016462326049805
-0.003471553325653076
-0.00185433030128479
0.0027083158493041992
-0.006144464015960693
-0.006711974740028381
0.0022592246532440186
0.009101316332817078
-0.004936151206493378
-0.03776735067367554
0.15975621342658997
-0.06096905469894409
-0.04352401942014694
-0.041867271065711975
-0.039823174476623535
-0.05459314584732056
-0.03754544258117676
-0.03605787456035614
-0.02997535467147827
0.16724535822868347
-0.04944092035293579
-0.02247259020805359
0.48248887062072754
0.029032498598098755
-0.0327170193195343
-0.09099823236465454
-0.04188627004623413
-0.00615161657333374
-0.06147203966975212
-0.04098771512508392
-0.033173710107803345
-1.0387252569198608
-0.055391132831573486
-0.01646631956100464
0.07587733864784241
-0.016003504395484924
-0.021253779530525208
-0.01573890447616577
-0.01764202117919922
-0.014308065176010132
-0.016656264662742615
-0.01841457188129425
-0.008432626724243164
0.035323262214660645
-0.018838271498680115
-0.0007168799638748169
-0.10007822513580322
0.006113961338996887
0.004645541310310364
-0.00031261146068573
0.0030749142169952393
0.0056893229484558105
0.0009193718433380127
0.0010773837566375732
0.004539847373962402
-0.0015897611156105995
0.0009711161255836487
-0.025571048259735107
0.015977608039975166
-0.026396363973617554
-0.021375030279159546
-0.024771898984909058
-0.0198841392993927
-0.02609267830848694
-0.025321632623672485
-0.02862250804901123
-0.023927748203277588
-0.05829811096191406
-0.028261542320251465
0.01981067657470703
-0.4404357671737671
0.02727609872817993
0.03578948974609375
0.02922728657722473
0.03036808967590332
0.029149837791919708
0.03590691089630127
0.018979191780090332
0.033071041107177734
-0.10320866107940674
0.0302046537399292
-0.003413928672671318
-0.03773963451385498
0.003013238310813904
0.00114363431930542
-0.0020213723182678223
-0.0004282332956790924
-0.00022413679107557982
0.0015730857849121094
-0.0034315288066864014
-0.0007449984550476074
0.06893225759267807
-0.001996740698814392
0.001443520188331604
-0.051478803157806396
0.008265167474746704
0.0007748007774353027
0.00013342499732971191
0.0012680292129516602
0.006468664854764938
-0.0016358643770217896
0.001120254397392273
0.0035134553909301758
0.03532886505126953
0.00048689544200897217
-0.00419008731842041
-0.05534514784812927
-0.0051419734954833984
-0.0007432103157043457
-0.003718733787536621
-0.0015318095684051514
-0.005342304706573486
-0.0003033876419067383
-0.005503474734723568
-0.0030274242162704468
0.024464040994644165
-0.0043592751026153564
-0.027811110019683838
-0.03514350950717926
-0.02501976490020752
-0.013991177082061768
-0.02570052444934845
-0.017920702695846558
-0.028572678565979004
-0.015317261219024658
-0.03571471944451332
-0.01900923252105713
-0.08701428025960922
-0.02979162335395813
-0.012351393699645996
0.4335620403289795
-0.046253472566604614
-0.003339111804962158
-0.022002875804901123
0.03262874484062195
-0.03609335422515869
-0.003645986318588257
-0.07773935794830322
0.023263096809387207
-0.017300963401794434
-0.0394558310508728
-0.013387024402618408
-0.10063675791025162
-0.011864237487316132
-0.007475610822439194
-0.013273775577545166
-0.008170098066329956
-0.013470232486724854
-0.008035421371459961
-0.017206914722919464
-0.009518861770629883
-0.014052137732505798
-0.012254387140274048
-0.007642298936843872
0.029390811920166016
-0.008750706911087036
-0.0068604592233896255
-0.010097503662109375
-0.005201846361160278
-0.008313983678817749
-0.007259279489517212
-0.009223967790603638
-0.005232632160186768
0.03237670660018921
-0.009307727217674255
0.0027825385332107544
0.05922672152519226
0.017051875591278076
0.014501824975013733
0.011658668518066406
0.014446698129177094
0.01202470064163208
0.01399281620979309
0.0030430778861045837
0.01856476068496704
0.027716726064682007
0.008213996887207031
-0.0009285956621170044
-0.012116491794586182
0.0003840923309326172
0.0012722611427307129
0.0028523802757263184
0.0005536079406738281
0.0009436905384063721
0.002115309238433838
0.00017717666923999786
0.0030300337821245193
-0.0019763782620429993
0.0013540387153625488
0.0339512825012207
0.030933044850826263
0.032411158084869385
0.012660115957260132
0.023661009967327118
0.025461992248892784
0.04490208625793457
0.021572023630142212
0.026955343782901764
0.034857749938964844
-0.04308072850108147
0.03259842097759247
-0.019543498754501343
-0.03353554755449295
-0.015808045864105225
-0.009415477514266968
-0.01846182346343994
-0.012153804302215576
-0.0204736590385437
-0.008280148729681969
-0.022219806909561157
-0.013794820755720139
-0.09389530122280121
-0.020154036581516266
-0.012669801712036133
-0.11974367499351501
-0.0494825541973114
-0.014699280261993408
-0.02071017026901245
-0.00847017765045166
-0.027324704453349113
0.009094923734664917
-0.02228054590523243
0.0009335875511169434
0.006212472915649414
-0.016962483525276184
-0.004853367805480957
0.012921810150146484
0.003435984253883362
0.00109042227268219
-0.0062263160943984985
-0.001732170581817627
0.0010204911231994629
-0.00414508581161499
-0.004654064774513245
-0.0003725886344909668
0.00884188711643219
-0.004403591156005859
0.05336315929889679
-0.48718714714050293
0.03755853325128555
0.02091193199157715
-0.024286329746246338
-0.008224427700042725
0.02921229600906372
0.02324497699737549
0.06083589792251587
-0.015360832214355469
0.20692597329616547
0.023604486137628555
-0.0019444823265075684
-0.029977768659591675
0.09709115326404572
-0.021617203950881958
-0.0244646817445755
-0.014095544815063477
0.06782671064138412
-0.06713471561670303
0.00618898868560791
0.014142930507659912
0.08155470341444016
-0.010884087532758713
-0.11023186892271042
0.08875831961631775
-0.08320996165275574
-0.06008224934339523
-0.10261191427707672
-0.06170417368412018
-0.07995879650115967
-0.08085362613201141
-0.11720037460327148
-0.05183897912502289
-0.2670648694038391
-0.09563815593719482
0.009717106819152832
-0.14177420735359192
0.024967491626739502
0.0021315813064575195
0.0066664814949035645
0.002212151885032654
0.017437897622585297
-3.616511821746826e-05
0.01477763056755066
0.005303144454956055
0.05502815544605255
0.006310474127531052
-0.010486006736755371
-0.1801692247390747
-0.0003170967102050781
-0.02475300431251526
-0.011037997901439667
-0.022801339626312256
-0.007111728191375732
-0.015924200415611267
-0.00918017327785492
-0.02072002738714218
0.0532362163066864
-0.010551273822784424
0.03211390972137451
-0.03423653542995453
0.06405842304229736
0.03604913502931595
0.025162458419799805
0.027321159839630127
0.049904078245162964
0.02788606286048889
0.039515599608421326
0.030847549438476562
0.10680389404296875
0.02332422137260437
-0.03191538155078888
-0.011877834796905518
-0.04362516105175018
-0.02536812424659729
-0.0296972393989563
-0.02545958198606968
-0.039157941937446594
-0.028956592082977295
-0.03696975111961365
-0.031655486673116684
-0.08467990159988403
-0.03496360778808594
0.005886435508728027
0.17131072282791138
0.0512271523475647
-0.0036733150482177734
-0.003170311450958252
0.003015756607055664
0.03143163025379181
-0.020173609256744385
-0.000441133975982666
0.012223780155181885
0.10604089498519897
-0.0026715993881225586
-0.008530616760253906
0.005859345197677612
-0.015438735485076904
-0.010464891791343689
-0.012476295232772827
-0.011808425188064575
-0.011319756507873535
-0.006878972053527832
-0.006283625960350037
-0.0064560770988464355
0.10827752947807312
-0.012113988399505615
-0.004853546619415283
0.018847867846488953
-0.003494665026664734
-0.002768874168395996
-0.0032768994569778442
-0.002879887819290161
-0.0020107775926589966
-0.001336216926574707
-0.0037685036659240723
-0.002074301242828369
0.03248903155326843
-0.0025265365839004517
-0.01835295557975769
0.14919370412826538
-0.03628626465797424
-0.010436899960041046
-0.0202348530292511
-0.016082406044006348
-0.032375454902648926
-0.008324384689331055
-0.020222365856170654
-0.01806528866291046
0.08332840353250504
-0.019298598170280457
0.0015260949730873108
-0.08388461172580719
-0.002075187861919403
0.0043318867683410645
0.006617367267608643
0.006767392158508301
0.0017880499362945557
0.007591605186462402
0.0007496476173400879
0.008138778619468212
0.047272443771362305
0.005043923854827881
-0.006697103381156921
-0.030924230813980103
0.0053397417068481445
0.0024808496236801147
-0.009350717067718506
-0.006536602973937988
-0.006558865308761597
-0.00844109058380127
-0.0058476924896240234
-0.004878999665379524
0.04791899770498276
-0.01593095064163208
0.008169293403625488
-0.20745712518692017
0.0022435784339904785
0.009440243244171143
0.008943259716033936
0.012262284755706787
0.009514883160591125
0.010737061500549316
0.003734111785888672
0.01445421576499939
0.014342546463012695
0.011050522327423096
-0.003269195556640625
0.017179906368255615
-0.003115840256214142
-0.002594083547592163
0.0009180158376693726
-0.000963941216468811
-0.001098036766052246
-0.0003990679979324341
-0.002719887299463153
-0.0010333061218261719
-0.05209686979651451
-0.0016726329922676086
-0.07307156920433044
-0.5171245336532593
-0.08038309216499329
-0.09278294444084167
-0.06944514811038971
-0.08588054776191711
-0.07656820863485336
-0.07207280397415161
-0.06758970022201538
-0.08075344562530518
-0.04037928581237793
-0.06702673435211182
0.0024424195289611816
-0.08121401071548462
-0.0027422308921813965
0.0014072060585021973
0.0012148171663284302
0.004457049071788788
0.0014105811715126038
0.0024526119232177734
-0.00029146671295166016
0.003956228494644165
0.012653261423110962
0.001775592565536499
0.00188540481030941
-0.14494307339191437
-0.004190206527709961
0.004015159793198109
0.005582094192504883
0.006447136402130127
0.0011483430862426758
0.007017672061920166
-0.0008343160152435303
0.0068471431732177734
0.06285803020000458
0.004681006073951721
0.023615635931491852
0.04994294047355652
0.0274655818939209
0.0013869404792785645
0.017621606588363647
0.005646437406539917
0.025703512132167816
0.004664689302444458
0.02513444423675537
0.009845539927482605
-0.030418455600738525
0.012953966856002808
-0.010763473808765411
0.03506387397646904
-0.038816213607788086
-0.021308541297912598
-0.021832674741744995
-0.01212109625339508
-0.02794039249420166
0.004685103893280029
-0.013531118631362915
-0.01235741376876831
0.01966805011034012
-0.01572449505329132
0.1251932829618454
0.975617527961731
0.09470785409212112
0.13774554431438446
0.12675315141677856
0.16124390065670013
0.12336145341396332
0.14427483081817627
0.1050676703453064
0.16415953636169434
0.4447667598724365
0.1348380446434021
0.01000058650970459
-0.20522068440914154
0.006761759519577026
0.014636263251304626
0.012960195541381836
0.011170685291290283
0.008948065340518951
0.01579807698726654
0.01033926010131836
0.010426878929138184
0.06456585228443146
0.010670065879821777
0.009000003337860107
-0.11540824174880981
0.008254945278167725
0.023235589265823364
0.016883790493011475
0.013067394495010376
0.0014553666114807129
0.021402329206466675
0.008093774318695068
0.016467392444610596
0.1308889240026474
0.005213119089603424
-0.01386648416519165
-0.018414974212646484
-0.012456014752388
-0.013505123555660248
-0.0115719735622406
-0.012984693050384521
-0.012208521366119385
-0.016288988292217255
-0.014057248830795288
-0.011970609426498413
-0.09293198585510254
-0.015938937664031982
-0.014738395810127258
0.01509936898946762
-0.025360286235809326
-0.01627344638109207
-0.020243316888809204
-0.019320596009492874
-0.02045297622680664
-0.013578951358795166
-0.012966752052307129
-0.015484116971492767
0.07790172100067139
-0.02168739214539528
0.004151605069637299
0.21623040735721588
-0.009793341159820557
-0.014264881610870361
-0.0034877322614192963
-0.01694515347480774
-0.005378007888793945
-0.01935727894306183
0.010493248701095581
-0.01519814133644104
0.1938008964061737
-0.014792084693908691
-0.0007568001747131348
0.009902223944664001
-0.02980947494506836
0.0011777877807617188
-0.002167940139770508
-0.0027194619178771973
-0.018006637692451477
0.00283677875995636
-0.006914615631103516
-0.0035531967878341675
-0.0033993422985076904
-0.006380677223205566
-0.015574097633361816
0.02738860249519348
-0.031678199768066406
-0.016463756561279297
-0.020553238689899445
-0.01869995892047882
-0.02513560652732849
-0.011299580335617065
-0.014400690793991089
-0.015586167573928833
0.11597102880477905
-0.023446470499038696
0.015008509159088135
0.3159556984901428
-0.0013998150825500488
-0.00690130889415741
-0.00475841760635376
0.0014116913080215454
-0.0005290806293487549
-0.01046249270439148
0.008880659937858582
0.001019105315208435
0.037427835166454315
-0.005899578332901001
-0.0018571466207504272
-0.09168288111686707
-0.0019405335187911987
4.395842552185059e-06
-0.0004103332757949829
-0.0006418377161026001
0.0005042180418968201
0.0023447349667549133
-0.0019643008708953857
0.00017844140529632568
0.04851406812667847
7.05718994140625e-05
-0.006196051836013794
-0.17767319083213806
0.002933293581008911
0.0004572868347167969
-0.0021445900201797485
-0.0002735257148742676
1.0699033737182617e-05
-0.004019260406494141
-0.007047981023788452
0.0006734132766723633
-0.14937205612659454
-0.0027052760124206543
-0.0051292479038238525
-0.048718154430389404
-0.0021033287048339844
0.0012305676937103271
0.0022362470626831055
0.0005495473742485046
-0.0023801326751708984
0.0006284427363425493
-0.0028026998043060303
0.0002509579062461853
-0.03725677728652954
-0.0007921196520328522
-0.05378633737564087
-0.12432821094989777
-0.07810544967651367
-0.05100136995315552
-0.04837240278720856
-0.045366302132606506
-0.07015302777290344
-0.04535764455795288
-0.06198035180568695
-0.04563608765602112
-0.2914494276046753
-0.060019999742507935
-0.0075310468673706055
-0.08101528882980347
-0.009961698204278946
-0.006184399127960205
-0.005469202995300293
-0.004012018442153931
-0.009010672569274902
-0.006617337465286255
-0.009823468513786793
-0.0061048418283462524
-0.027977168560028076
-0.007553428411483765
0.050145745277404785
-0.11100238561630249
0.06655639410018921
0.031362950801849365
0.056848108768463135
0.04982666298747063
0.05482679605484009
0.044480979442596436
0.044339925050735474
0.06723460555076599
-0.06177109479904175
0.0502089262008667
-0.010242398828268051
-0.0396818146109581
-0.0016358494758605957
0.0012187957763671875
-0.012070149183273315
-0.0029338300228118896
-0.004192054271697998
-0.003929495811462402
-0.014074459671974182
-0.00214540958404541
0.05878567695617676
-0.009580854326486588
-0.004392415285110474
0.01575348526239395
0.0012737270444631577
-0.003331124782562256
-0.005664408206939697
-0.00471121072769165
0.0006517171859741211
-0.006696715950965881
-0.003954082727432251
-0.0038521885871887207
0.06445097923278809
-0.005462780594825745
0.004397004842758179
0.1788068413734436
0.0020618662238121033
0.020450294017791748
0.036687642335891724
0.01944693922996521
0.01077936589717865
0.013058274984359741
0.02068197727203369
0.01868116855621338
-0.09414783120155334
0.015236318111419678
-0.08396640419960022
-0.47379764914512634
-0.07560718059539795
-0.040347278118133545
-0.047014713287353516
-0.04073402285575867
-0.06469988822937012
-0.05114831030368805
-0.07689094543457031
-0.043113917112350464
0.2284109890460968
-0.0735771656036377
0.0010900795459747314
-0.14766278862953186
-0.006716310977935791
0.0032907575368881226
0.005069911479949951
0.0034724175930023193
0.0007802024483680725
0.005514740943908691
0.0005448758602142334
0.002540498971939087
0.10055550187826157
0.003191225230693817
-0.014699272811412811
-0.014016330242156982
-0.015966150909662247
-0.004746446385979652
-0.01377803087234497
-0.011683791875839233
-0.01863151788711548
-0.013126961886882782
-0.0154828280210495
-0.014289766550064087
-0.05045488476753235
-0.019917577505111694
0.011624425649642944
-0.014150768518447876
0.015332482755184174
0.00899486057460308
0.011568248271942139
0.00911623239517212
0.016485214233398438
0.009374197572469711
0.012406647205352783
0.011599645018577576
0.0068166255950927734
0.013017795979976654
-0.009359419345855713
0.004596114158630371
-0.02029213309288025
-0.008424639701843262
-0.01271059364080429
-0.011719167232513428
-0.017010748386383057
-0.00462949275970459
-0.006637662649154663
-0.008851617574691772
0.09767846763134003
-0.012978684157133102
0.04957467317581177
0.2383560836315155
0.06766769289970398
-0.002129167318344116
0.011951550841331482
0.023760570213198662
0.06286242604255676
0.008972806856036186
0.04603588581085205
0.035622626543045044
0.04925641044974327
0.017047077417373657
0.009213745594024658
-0.12338715046644211
0.0041370689868927
0.012704223394393921
0.014230385422706604
0.015698323026299477
0.010743647813796997
0.018369153141975403
0.007521539926528931
0.016458913683891296
0.025039732456207275
0.014088153839111328
-0.03478632867336273
-0.2651199400424957
-0.05955815315246582
-0.028356283903121948
-0.021590285003185272
-0.030084192752838135
-0.042288899421691895
-0.02299325354397297
-0.034108251333236694
-0.03685396909713745
-0.27350303530693054
-0.038989365100860596
-0.001891404390335083
0.07442127168178558
0.0046936869621276855
0.0008070326875895262
-0.0006029605865478516
0.0003954172134399414
0.002637512981891632
-0.0014429688453674316
-0.0008724667131900787
0.0005417168140411377
-0.000800400972366333
-0.0010430365800857544
-0.007139876484870911
-0.02690090239048004
-0.001444786787033081
-0.007897377014160156
-0.007302671670913696
-0.008810438215732574
-0.003706897608935833
-0.010146096348762512
-0.0051104724407196045
-0.006430186331272125
-0.0622275173664093
-0.00854039192199707
-0.015838811174035072
-0.33314046263694763
0.0018440368585288525
-0.020278388634324074
-0.04693840071558952
-0.025447102263569832
-0.0034725219011306763
-0.03606700897216797
-0.018917560577392578
-0.020431101322174072
-0.015678822994232178
-0.025074422359466553
0.009827792644500732
-0.01987796276807785
0.01818189024925232
0.00877884030342102
0.010983169078826904
0.010021984577178955
0.017516613006591797
0.010048750787973404
0.010252922773361206
0.014136284589767456
0.014402493834495544
0.014703065156936646
0.0010863542556762695
-0.06893197447061539
0.0004982948303222656
0.004012063145637512
0.0009303689002990723
0.003223896026611328
0.0009864792227745056
0.00298917293548584
0.0013891905546188354
0.0041278451681137085
0.024396657943725586
0.001517176628112793
-0.0329325795173645
-0.37548166513442993
-0.04328431189060211
-0.023138675838708878
-0.018076688051223755
-0.03491741418838501
-0.03893309831619263
-0.020960092544555664
-0.015192486345767975
-0.043114423751831055
-0.35034456849098206
-0.03441262245178223
-0.00695323571562767
-0.16093817353248596
-0.008512884378433228
-0.0029734373092651367
0.0013744235038757324
-0.0025856345891952515
-0.00728955864906311
0.0010097771883010864
-0.004613414406776428
-0.003908276557922363
-0.044400811195373535
-0.0032313168048858643
-0.009725958108901978
-0.024654217064380646
-0.010498035699129105
-0.005650818347930908
-0.010413885116577148
-0.00048020482063293457
-0.011387288570404053
-0.008103996515274048
-0.014973640441894531
-0.0045660436153411865
-0.030538303777575493
-0.01092742383480072
0.011810660362243652
0.10229751467704773
0.020636379718780518
0.0033573508262634277
-0.0016406476497650146
0.020283356308937073
0.024976611137390137
-0.0012264400720596313
-0.001915574073791504
0.020742349326610565
0.04135444015264511
0.007131397724151611
0.007111981511116028
-0.05906765162944794
0.008493512868881226
0.00689852237701416
0.0041627055034041405
0.007277965545654297
0.005364209413528442
0.008170068264007568
0.004396162927150726
0.0070858001708984375
0.007329702377319336
0.006588737014681101
0.03595852106809616
0.1230522096157074
0.04987967014312744
0.020873555913567543
0.04323861747980118
0.01431015133857727
0.043686121702194214
0.024903252720832825
0.05468052625656128
0.028005450963974
0.047611892223358154
0.03703458607196808
0.024388104677200317
0.25099465250968933
0.016734719276428223
0.030139990150928497
-0.14641332626342773
0.009391874074935913
-0.02429499477148056
0.02325228601694107
-0.030898183584213257
-0.025322318077087402
-0.02561163902282715
0.003198876976966858
0.05841289460659027
0.02467980608344078
0.033384546637535095
0.08209149539470673
0.06651666015386581
0.04365496337413788
0.049962759017944336
0.09900134801864624
0.08038771897554398
0.05591464042663574
-0.38926392793655396
0.08820156753063202
0.005827561020851135
-0.07034629583358765
0.004680007696151733
0.005057275295257568
0.004907011985778809
0.005950182676315308
0.008794248104095459
0.004187673330307007
0.0054906681180000305
0.006180465221405029
0.009428858757019043
0.005733102560043335
-0.0031247511506080627
-0.03969111666083336
-0.017614006996154785
-0.0110817551612854
-0.02238154411315918
-0.017148330807685852
-0.020193420350551605
-0.007035166025161743
0.00022047758102416992
-0.025454044342041016
0.1579083949327469
-0.011738210916519165
-0.029172927141189575
0.011639825999736786
-0.031090885400772095
-0.018053263425827026
-0.026640892028808594
-0.030050963163375854
-0.035939037799835205
-0.026117386296391487
-0.023079097270965576
-0.031229041516780853
-0.023831665515899658
-0.03306706249713898
0.023088417947292328
-0.21748793125152588
0.01599562168121338
0.016976237297058105
0.03538358211517334
0.011765969917178154
0.021522223949432373
0.03490075469017029
0.026871874928474426
0.016888484358787537
0.054411619901657104
0.029429972171783447
-0.0037743747234344482
0.07016420364379883
-0.014598071575164795
-0.009492605924606323
0.009334176778793335
-0.010419517755508423
-0.005632616579532623
0.009642750024795532
0.007045567035675049
0.002120494842529297
-0.04811596870422363
0.017275599762797356
0.003251969814300537
-0.09942817687988281
-0.0029890239238739014
0.0025262832641601562
0.008937418460845947
0.006538011599332094
0.005889028310775757
0.005255192518234253
0.0040686726570129395
0.0074596405029296875
0.03425203636288643
0.004263185430318117
-0.023660004138946533
0.05753094330430031
-0.032910943031311035
-0.017368972301483154
-0.03239697217941284
-0.015609249472618103
-0.029895126819610596
-0.01872604340314865
-0.02932620793581009
-0.01713712513446808
0.12754219770431519
-0.026752665638923645
-0.030971109867095947
-0.23683227598667145
-0.023421168327331543
-0.034489333629608154
-0.0290147066116333
-0.019978627562522888
-0.02755686640739441
-0.03873733803629875
-0.045801661908626556
-0.008151054382324219
0.16405391693115234
-0.04287955164909363
-0.020624086260795593
-0.028868891298770905
-0.014526128768920898
-0.013926699757575989
-0.01962822675704956
-0.012990236282348633
-0.014799535274505615
-0.014155030250549316
-0.023241698741912842
-0.012800537049770355
-0.11016565561294556
-0.020487546920776367
-0.07885754108428955
-0.1602569818496704
-0.07156307995319366
-0.0629320740699768
-0.07335351407527924
-0.071388840675354
-0.07884393632411957
-0.07359494268894196
-0.07915912568569183
-0.07312768697738647
-0.04783989489078522
-0.08563724905252457
-0.03686577081680298
0.008830785751342773
-0.019878506660461426
-0.025645285844802856
-0.03577248752117157
-0.02603790909051895
-0.026659762486815453
-0.029806464910507202
-0.03655428811907768
-0.02556970715522766
-0.05443701148033142
-0.036319028586149216
-0.004933856427669525
-0.18518847227096558
-0.01819651573896408
-0.0024409592151641846
-0.006601870059967041
0.002819463610649109
-0.010426893830299377
0.006199344992637634
-0.01158662885427475
0.0034159799106419086
0.035297513008117676
-0.0034509599208831787
-0.011617355048656464
-0.007524847984313965
-0.019197136163711548
-0.015402562916278839
-0.015802621841430664
-0.016312599182128906
-0.014184057712554932
-0.010409325361251831
-0.008539843373000622
-0.01174771785736084
0.10701967775821686
-0.01697525382041931
0.051894411444664
-0.6882613301277161
0.07056748867034912
0.03290402144193649
0.03893968462944031
0.02378036081790924
0.05877934396266937
0.037231236696243286
0.07676956802606583
0.03563998267054558
0.1393435299396515
0.04989282786846161
0.002404123544692993
-0.12505760788917542
-0.013527270406484604
0.006682634353637695
0.012486666440963745
0.009065165184438229
0.0005877912044525146
0.014399558305740356
0.00021821260452270508
0.008658602833747864
0.10726463794708252
0.006350815296173096
-0.02134263515472412
-0.00841471552848816
-0.007539793848991394
-0.015473544597625732
-0.022719979286193848
-0.015066325664520264
-0.012547910213470459
-0.018655497580766678
-0.02621717005968094
-0.011273592710494995
-0.024978578090667725
-0.023603975772857666
0.002891361713409424
-0.0039743781089782715
0.005095720291137695
0.0032097697257995605
0.0035966113209724426
0.003207653760910034
0.005001485347747803
0.004481375217437744
-0.00035053491592407227
0.006120234727859497
0.02659928798675537
0.004226595163345337
-0.045515164732933044
-0.35541802644729614
-0.06248408555984497
-0.01403135061264038
-0.01965188980102539
-0.00507490336894989
-0.04177224636077881
-0.01717323064804077
-0.05084148049354553
-0.006944477558135986
0.38002684712409973
-0.0381854772567749
-0.01323467493057251
0.1502385288476944
-0.022272169589996338
-0.020939141511917114
-0.017299309372901917
-0.02345966175198555
-0.017500340938568115
-0.01678335666656494
-0.0069742873311042786
-0.017660900950431824
0.08037668466567993
-0.018219903111457825
0.031243056058883667
0.2515910565853119
0.02079540491104126
0.02290518768131733
0.0109209343791008
0.01927115023136139
0.02452416718006134
0.021957337856292725
0.02594706416130066
0.01647472381591797
0.1740925908088684
0.022196754813194275
0.006196498870849609
0.029628098011016846
3.987550735473633e-05
0.015175119042396545
0.010773658752441406
0.0004648268222808838
0.002797335386276245
-0.002512335777282715
0.020798921585083008
0.0025107264518737793
0.13916298747062683
-0.00031554698944091797
0.01287977397441864
-0.3772854804992676
0.031021952629089355
0.027026504278182983
0.01775476336479187
0.023776277899742126
0.028612613677978516
0.023453950881958008
0.013251885771751404
0.030743390321731567
-0.021155819296836853
0.02490168809890747
