-1.5999354124069214
3.434844493865967
1.532153844833374
2.146303415298462
2.7519099712371826
2.9189178943634033
3.684175491333008
2.784710645675659
3.1392908096313477
3.505073070526123
3.1183626651763916
2.915818452835083
2.41556978225708
1.9473885297775269
3.2253546714782715
4.197818279266357
2.7535574436187744
3.1922147274017334
2.0280978679656982
0.7851005792617798
2.422078847885132
4.708042621612549
1.931064248085022
3.9707045555114746
1.938061237335205
3.1726317405700684
2.4475481510162354
4.269513130187988
3.1980912685394287
3.469191789627075
1.3640602827072144
4.665125370025635
2.0777156352996826
4.26021146774292
2.5712690353393555
3.197415351867676
1.2452999353408813
2.8036060333251953
2.849790096282959
3.519846200942993
4.2306599617004395
3.8570504188537598
3.410151243209839
1.4951602220535278
1.4048889875411987
2.37947416305542
1.9033528566360474
2.8237407207489014
2.2638485431671143
1.7799086570739746
2.9023032188415527
2.578373432159424
0.5748348236083984
2.760950803756714
2.907794237136841
1.7640095949172974
1.0041108131408691
1.7147892713546753
1.6031335592269897
1.8190277814865112
2.845301866531372
2.765592098236084
3.3996121883392334
4.952624320983887
3.2905125617980957
3.1425602436065674
1.8771004676818848
3.508472204208374
2.5190699100494385
2.382242441177368
2.6795966625213623
1.950531005859375
2.429202079772949
1.3446283340454102
3.314960241317749
2.317744255065918
-2.840733766555786
2.7057435512542725
4.464633464813232
3.3577022552490234
3.4690558910369873
-0.649169921875
2.386195659637451
3.0548932552337646
2.9259846210479736
2.1258504390716553
4.45906400680542
1.4415916204452515
2.900533437728882
2.60424542427063
3.0011091232299805
1.7125475406646729
4.659029483795166
-0.7944148182868958
3.5880210399627686
1.5763208866119385
2.6708359718322754
1.3030824661254883
2.6386401653289795
2.5771830081939697
1.8300855159759521
1.1798787117004395
0.04442218691110611
2.4169769287109375
2.87953519821167
3.2645905017852783
3.1573173999786377
2.8163938522338867
1.2710118293762207
4.718525409698486
1.74127995967865
3.2839274406433105
2.1391093730926514
3.1815898418426514
3.3779168128967285
2.7639029026031494
3.112546920776367
2.739103078842163
3.4826583862304688
3.4028279781341553
2.631951332092285
4.305768013000488
2.0373566150665283
3.191917657852173
2.969789981842041
2.829080104827881
3.491208553314209
2.0713891983032227
1.9242348670959473
3.1052374839782715
3.9613983631134033
2.0793964862823486
2.4628686904907227
3.377169370651245
2.4198758602142334
3.4069318771362305
3.0758934020996094
4.638247013092041
4.254430770874023
3.972742795944214
1.7264701128005981
2.5120327472686768
2.01529598236084
2.7510011196136475
2.9033873081207275
2.3636772632598877
1.7268718481063843
1.8308098316192627
0.8326132297515869
4.041469573974609
2.814242124557495
2.6780765056610107
2.8236331939697266
3.6649744510650635
2.6966609954833984
2.3078548908233643
3.137420892715454
2.9292497634887695
2.3751113414764404
2.4144630432128906
2.4375500679016113
1.915347933769226
2.6782140731811523
1.8328593969345093
2.9141323566436768
2.9000813961029053
2.0356109142303467
3.9946775436401367
-4.112668037414551
2.6813347339630127
2.9598560333251953
2.332001209259033
2.748898983001709
3.155766248703003
3.163288116455078
1.980722188949585
3.834934711456299
1.8518729209899902
1.6277704238891602
1.1023144721984863
1.327870488166809
4.045414924621582
3.837171792984009
0.9249287247657776
1.8767703771591187
1.5109511613845825
2.5606024265289307
4.441520690917969
4.183591842651367
3.5547685623168945
3.6106021404266357
1.422724723815918
