0.030746378004550934
-0.009838059544563293
-0.015729084610939026
-0.009446322917938232
-0.010418474674224854
-0.004213467240333557
-0.013279491104185581
-0.005103781819343567
0.01809743233025074
-0.004285162314772606
-0.02222425863146782
-0.004639774560928345
-0.007137957960367203
-0.0018446147441864014
0.00010690093040466309
0.0007610246539115906
-0.00588832376524806
-0.006249392870813608
-0.03431476280093193
-0.022430557757616043
-0.0027915406972169876
0.0013180673122406006
-0.006430227309465408
-0.011705346405506134
-0.00860258936882019
-0.0023874789476394653
-0.0062996335327625275
-0.005060207098722458
0.004270890727639198
-0.0459868386387825
-0.0195184126496315
-0.004636724945157766
-0.01173633337020874
-0.0013300925493240356
-0.00315973162651062
-0.04439699649810791
-0.07072500884532928
-0.016155116260051727
-0.0021360572427511215
-0.019686639308929443
0.0325922966003418
-0.009031098335981369
-0.018464624881744385
-0.018361583352088928
-0.07661430537700653
-0.007304340600967407
-0.0027280449867248535
-0.003138013184070587
0.005037590861320496
-0.007399708032608032
-0.0029658377170562744
-0.02090340293943882
-0.13869915902614594
-0.0027105361223220825
-0.003889799118041992
-0.1336059719324112
-0.016581550240516663
0.0011711865663528442
0.0023514851927757263
-0.006490156054496765
-0.0031422264873981476
-0.0008710026741027832
-0.003343909978866577
0.002520129084587097
-0.010506808757781982
-0.010578954592347145
0.0011323078069835901
-0.017010293900966644
-0.1214260384440422
-0.003718513995409012
-0.05723658204078674
-0.012033648788928986
-0.0027944594621658325
-0.014246106147766113
-0.00655016303062439
-0.05022082105278969
-0.005941353738307953
-0.007355749607086182
9.276717901229858e-05
-0.0023883208632469177
-0.0023992061614990234
-0.0355563759803772
-0.0024040117859840393
-0.016402792185544968
-0.0347476452589035
-0.02398313768208027
-0.02038607746362686
-0.002717893570661545
-0.001268044114112854
-0.005743473768234253
-0.00490984320640564
-0.004990089684724808
-0.0026522434782236814
-0.4093969464302063
-0.0011673271656036377
-0.0021779462695121765
-0.0008178576827049255
-0.00489233061671257
-0.0017442554235458374
-0.0023018717765808105
-0.00270216166973114
-0.022685371339321136
-0.09166914969682693
-0.00078544020652771
-0.005406193435192108
-0.014437484554946423
-0.00355285732075572
-0.00863867998123169
-0.018538005650043488
-0.01358465850353241
-0.0045354291796684265
-0.019336871802806854
-0.10731203854084015
-0.08745497465133667
-0.02599717676639557
-0.016543813049793243
-0.007245689630508423
-0.0026500411331653595
0.018765557557344437
-0.004226475954055786
-0.008855339139699936
-0.0011517759412527084
-0.005506545305252075
-0.015064186416566372
-0.005123123526573181
-0.002857072278857231
-0.043515563011169434
-0.004120548255741596
-0.008143268525600433
-0.0060293227434158325
-0.027590088546276093
-0.024346347898244858
-0.0033194497227668762
-0.01902608573436737
-0.0004110261797904968
-0.002289503812789917
-0.015257485210895538
0.0010827966034412384
-0.003467246890068054
-0.0031088292598724365
-0.004428058862686157
-0.0019192397594451904
0.0035093799233436584
-0.028991855680942535
-0.0020953286439180374
-0.024140994995832443
-0.006355084478855133
-0.008620006032288074
-0.07534834742546082
-0.004687026143074036
-0.006273731589317322
-0.03047511726617813
-0.004238322377204895
0.0003641843795776367
0.016804605722427368
-0.0034371912479400635
-0.010826073586940765
-0.0018882080912590027
-0.0050744786858558655
-0.008308127522468567
-0.00428365170955658
0.00012421980500221252
-0.051638178527355194
0.004040353000164032
-0.003621436655521393
-0.018837574869394302
0.00023826956748962402
-0.0039354488253593445
0.0037216534838080406
0.07357548177242279
0.0011517880484461784
0.0025746263563632965
-0.041040778160095215
-0.024145379662513733
-0.020714079961180687
-0.003190338611602783
-0.0005769655108451843
-0.039726078510284424
-0.008828699588775635
-0.01538144052028656
-0.017374150454998016
-0.006748557090759277
-0.0016726235626265407
0.06900346279144287
-0.010279698297381401
-0.011994104832410812
-0.006825240328907967
0.001977697014808655
-0.003238573670387268
-0.0021100379526615143
0.022557947784662247
0.001124359667301178
-0.25226569175720215
0.07977915555238724
-0.02349838614463806
0.0658273696899414
0.1780688464641571
-0.015946686267852783
0.1157287061214447
-0.0015304982662200928
-0.50491863489151
0.0077860355377197266
-0.002871733158826828
-0.020251842215657234
0.004067517817020416
0.0090324766933918
0.05883130431175232
-0.6686269640922546
0.018978051841259003
0.12867371737957
0.25209933519363403
-0.060254067182540894
-0.0539366751909256
-0.5227220058441162
0.04102994129061699
0.1752089411020279
-0.017426729202270508
0.046686261892318726
-0.037032514810562134
0.14138810336589813
0.1255904585123062
0.09185782819986343
0.05406983941793442
0.03767039626836777
-0.05488954484462738
-0.004621729254722595
0.08296522498130798
0.14256992936134338
-0.3354130983352661
0.138727605342865
0.07280226796865463
0.13636185228824615
-0.6712254285812378
0.058638446033000946
0.05467985197901726
0.015280046500265598
0.17085158824920654
-0.0020600780844688416
0.048846881836652756
0.03092082217335701
-0.06257101893424988
0.059765540063381195
0.07138919085264206
-0.014320909976959229
-0.3682200610637665
0.06756158173084259
0.13954612612724304
-0.5239430665969849
0.07206010818481445
0.056266799569129944
0.08605422079563141
0.021821871399879456
0.0029245316982269287
0.051301516592502594
0.042078647762537
-0.07441657036542892
0.07211784273386002
-0.0529412180185318
0.056645892560482025
0.10292638838291168
0.18834757804870605
0.02626553177833557
-0.5660128593444824
-0.05108708143234253
0.01831318438053131
-0.01959920860826969
-0.15978597104549408
-0.42045897245407104
0.6038248538970947
0.14309269189834595
0.10109038650989532
0.024143710732460022
0.029655352234840393
0.3703763484954834
0.07473763078451157
0.022959191352128983
-0.6897850632667542
-0.46339288353919983
0.008143570274114609
0.08920323848724365
0.0739871934056282
0.0198112390935421
0.10172590613365173
0.09695055335760117
0.04468521475791931
-0.24997130036354065
0.058840833604335785
0.09501052647829056
0.049040354788303375
0.025838959962129593
0.037450555711984634
0.04111086577177048
0.05279415845870972
0.01021377369761467
0.3918764591217041
0.08253303170204163
0.030370458960533142
0.04010913521051407
0.006889656186103821
0.12733593583106995
0.08445760607719421
0.04856482148170471
0.09637348353862762
-0.6790131330490112
0.17072458565235138
0.05947195366024971
0.14067918062210083
0.12117461860179901
0.06790898740291595
0.04783915355801582
0.08195246756076813
0.025646841153502464
0.018978165462613106
0.05392022430896759
0.01752202957868576
0.04619777202606201
0.004263736307621002
0.026428768411278725
0.12929025292396545
-0.0032409876585006714
-0.0023501962423324585
0.02616134285926819
0.09835738688707352
-0.25588300824165344
0.0351184643805027
0.12531860172748566
0.06754902005195618
0.029429905116558075
0.0056806281208992004
0.008356770500540733
0.006166465580463409
-0.08511318266391754
0.03545256704092026
0.0509762316942215
-0.07358802855014801
0.12271644920110703
0.019780054688453674
-0.5382803082466125
0.10149727761745453
0.02344198152422905
0.3249377906322479
0.08192150294780731
0.012327799573540688
0.12144482135772705
0.06729836761951447
-0.026841504499316216
0.20314368605613708
-0.01423385739326477
-0.012240120209753513
-0.08190008997917175
0.043239396065473557
-0.39205819368362427
0.056409336626529694
0.060308970510959625
0.12502804398536682
-0.08611243963241577
0.031820863485336304
0.046645406633615494
-0.0026025623083114624
-0.02839130163192749
0.7811898589134216
-0.48472121357917786
0.06637206673622131
-0.10510972142219543
0.04709684103727341
0.11494150757789612
0.12916754186153412
0.016798853874206543
0.05348668992519379
0.2058952897787094
0.01957736164331436
-0.03791581094264984
0.12653593719005585
-0.0587843656539917
0.04047581925988197
-0.25572651624679565
0.02854521945118904
0.1153392344713211
0.010192662477493286
-0.7134798765182495
0.060730963945388794
-0.032883092761039734
0.05623866617679596
-0.03436870872974396
-0.05205930024385452
-0.004528522491455078
-0.008102871477603912
-0.006514616310596466
0.005828782916069031
-0.001622585579752922
-0.014656133949756622
-0.0022082962095737457
0.007351696491241455
-0.0037299692630767822
-0.011984927579760551
-0.0033824369311332703
-0.004149734973907471
0.0007167011499404907
0.0012836083769798279
-0.0016961842775344849
-0.004989655688405037
-0.0007821880280971527
-0.02753017097711563
-0.008906535804271698
-0.0009367205202579498
-0.00237860344350338
0.001565348356962204
-0.010112692601978779
-0.005164686590433121
-0.002529144287109375
-0.005638495087623596
-0.007313810288906097
0.001560509204864502
-0.03341574966907501
-0.012132756412029266
-0.007539565674960613
-0.016823939979076385
-0.0012804623693227768
-0.0022318214178085327
-0.0452885627746582
-0.010318483226001263
-0.017436981201171875
0.0008920468389987946
-0.013952493667602539
0.020167089998722076
-0.011878028512001038
-0.01816042698919773
-0.015335477888584137
-0.08153294026851654
-0.0070198699831962585
0.0017227381467819214
-0.00332685187458992
0.007592696696519852
-0.007708095014095306
-0.002467402257025242
0.007351011037826538
-0.13693463802337646
-0.0038321688771247864
-0.00397907942533493
-0.11770385503768921
-0.008404776453971863
0.005836769938468933
0.006611049175262451
-0.004607273265719414
-0.0017021051608026028
0.0014282464981079102
-0.0018207356333732605
0.000781714916229248
-0.002249300479888916
-0.011749140918254852
0.0078582763671875
-0.010130330920219421
-0.13080844283103943
-0.0020105168223381042
-0.04483063146471977
-0.005692370235919952
-0.001723259687423706
-0.004295282065868378
-0.00574909895658493
-0.01803913153707981
0.0006037056446075439
-0.0056243292056024075
-0.002894468605518341
-0.0005163773894309998
-0.0014682039618492126
-0.05047544464468956
-0.0009891502559185028
-0.02287788689136505
-0.024448005482554436
0.0017569735646247864
-0.01211889460682869
-0.0007050074636936188
-0.002424173057079315
-0.001507015898823738
-0.013850608840584755
-0.0035582855343818665
-0.004495933651924133
-0.4264993369579315
-0.003214791417121887
0.004302021116018295
0.0009541474282741547
0.003112107515335083
-0.002888835035264492
-0.0016714483499526978
0.002516917884349823
-0.020529791712760925
-0.07957439124584198
0.00012598931789398193
-0.003615090623497963
-0.0066938698291778564
-0.0024773329496383667
-0.0055009424686431885
-0.02005452662706375
-0.012237454764544964
-0.0005630198866128922
-0.01815974712371826
0.127786323428154
-0.055251721292734146
-0.016183219850063324
-0.02291199564933777
-0.003516457974910736
-4.8397108912467957e-05
0.02427530661225319
-0.0027901865541934967
-0.0025874637067317963
0.0005781892687082291
0.0007147863507270813
-0.009858410805463791
-0.005243763327598572
-0.001636601984500885
-0.031656816601753235
-0.0010537505149841309
-0.0023722872138023376
0.0006513670086860657
-0.023193225264549255
-0.01261221431195736
-0.002191605046391487
-0.007117465138435364
0.0010725781321525574
-0.0003477800637483597
-0.007310024928301573
0.001967689022421837
-0.0018936675041913986
0.0001241154968738556
-0.002919204533100128
-0.00037872791290283203
0.005384595133364201
-0.026151686906814575
-0.001896493136882782
-0.018051214516162872
-0.0009161531925201416
-0.0033513065427541733
-0.08435386419296265
-0.00588570162653923
-0.004859022796154022
-0.0326741598546505
-0.0021237432956695557
0.0007605105638504028
0.0300760418176651
-0.002104446291923523
-0.016943365335464478
0.0009089112281799316
-0.0034221168607473373
-0.0008926317095756531
-0.0054121315479278564
0.005222752690315247
-0.044019296765327454
0.005715534090995789
-0.0029177069664001465
-0.016528762876987457
0.0005907639861106873
-0.003090278245508671
0.003619810566306114
0.08133291453123093
0.002466142177581787
0.002131640911102295
-0.03196614980697632
-0.021679729223251343
-0.029549993574619293
0.0005773827433586121
-0.0009172558784484863
-0.03708116337656975
-0.007802300155162811
-0.006691925227642059
-0.01289205253124237
-0.005307987332344055
0.00010788626968860626
-0.01147574931383133
-0.0067612528800964355
-0.008989475667476654
-0.006768266670405865
0.00033432990312576294
-0.001221340149641037
-0.005168123170733452
0.01691479980945587
0.006997972726821899
0.02209334447979927
-0.007131233811378479
-0.002439212054014206
-0.0059843510389328
-0.010593190789222717
-0.003132754936814308
-0.009294089861214161
-0.0035488735884428024
-0.006855502724647522
-0.0031061023473739624
-0.012459618970751762
-0.003378346562385559
-0.004651561379432678
0.0021392405033111572
-2.174079418182373e-05
-0.00010383222252130508
-0.004876397550106049
-0.007093928754329681
-0.013804011046886444
-0.03155968338251114
-0.002454608678817749
-0.005836039781570435
-0.004294402897357941
-0.007597967982292175
-0.008260436356067657
-0.0006770044565200806
-0.00475718080997467
-0.007770180702209473
0.003989264369010925
-0.052027374505996704
-0.00030334293842315674
0.00250137597322464
-0.0006015598773956299
-0.0012594014406204224
-0.0012579411268234253
-0.03743357956409454
-0.0019464083015918732
-0.010085731744766235
-0.00016547739505767822
-0.010745301842689514
0.019053876399993896
-0.012080132961273193
-0.02365817129611969
-0.003354012966156006
0.009351298213005066
-0.0041401684284210205
-0.00045884400606155396
-0.0017989203333854675
0.00399036705493927
-0.004788240417838097
0.00034416094422340393
-0.00048362091183662415
-0.12517566978931427
-0.0016919523477554321
0.001994066871702671
-0.056333884596824646
-0.010064274072647095
0.0016559958457946777
0.003064662218093872
0.0031654536724090576
-0.002734549343585968
-0.0022426359355449677
-0.0049409642815589905
0.003498546779155731
-0.006164707243442535
-8.7738037109375e-05
0.004193101078271866
-0.01208842545747757
0.027517907321453094
-0.0022552472073584795
-0.004247093573212624
-0.0067060235887765884
-0.0028445199131965637
0.0033203158527612686
-0.005694106221199036
-0.015587873756885529
-0.004515247419476509
-0.00010360963642597198
-0.0016663405112922192
-0.0028090588748455048
-0.0007865913212299347
-0.010345705784857273
-0.002933993935585022
-0.011485159397125244
-0.013846034184098244
-0.03268909081816673
-0.010139815509319305
0.0002456754446029663
2.580881118774414e-05
-0.00658339262008667
-0.013217948377132416
-0.00018205493688583374
-0.0008500814437866211
-0.4432188868522644
-0.0003426000475883484
0.0008057206869125366
-0.0011237040162086487
0.0031060578767210245
0.0008516274392604828
-0.0022990629076957703
-0.00030300673097372055
-0.004692330956459045
-0.06288450956344604
0.0007273117080330849
-0.004076041281223297
-0.007176311686635017
-0.0012344419956207275
-0.010762091726064682
-0.0032487744465470314
-0.008572742342948914
0.0033772271126508713
-0.01786832883954048
-0.15684139728546143
-0.04802772030234337
-0.014083776623010635
-0.011910542845726013
-2.7224421501159668e-05
-0.001653417944908142
0.010157392360270023
-0.0033160075545310974
-0.004943713545799255
-0.001169651746749878
-0.00219784677028656
-0.005957311484962702
-0.004137113690376282
-0.0017326250672340393
-0.06071554124355316
-0.0022073984146118164
-0.005427807569503784
-0.006757277995347977
-0.018815845251083374
-0.036349669098854065
-0.0003335103392601013
-0.01108202338218689
0.00030414387583732605
0.0017194747924804688
-0.010825665667653084
0.0017985552549362183
-0.003358997404575348
-0.00461122952401638
-0.00221310555934906
-0.0008421540260314941
0.003535039722919464
-0.025509431958198547
-0.0008438676595687866
-0.017445091158151627
0.00010377168655395508
-0.004700062796473503
0.018470652401447296
-0.0031712837517261505
-0.0044530704617500305
-0.033090464770793915
-0.0041100382804870605
0.001130357850342989
-0.021653346717357635
-0.0009232088923454285
-0.007095275446772575
0.00017837435007095337
-0.0007998151704668999
0.0006436258554458618
-0.002065002918243408
0.0037613152526319027
-0.037727322429418564
0.004221402108669281
-0.0021666400134563446
-0.015088476240634918
0.0009361431002616882
-0.003914475440979004
0.0016272738575935364
0.07087288796901703
0.002095051109790802
0.0020972713828086853
-0.02298710308969021
-0.02525939792394638
-0.031373195350170135
-0.002726323902606964
-0.0006095059216022491
-0.03159279376268387
-0.0005193352699279785
-0.013322785496711731
-0.00992642343044281
-0.006818503141403198
-0.0016037970781326294
0.01271832175552845
-0.0075109004974365234
-0.0063676610589027405
-0.00458298996090889
0.000634235329926014
-0.0025904178619384766
0.0001658610999584198
0.020461484789848328
0.010345205664634705
0.11433612555265427
-0.008782811462879181
-0.014165796339511871
-0.008566804230213165
-0.018733421340584755
-0.0038170665502548218
0.0017680563032627106
-0.004986219108104706
0.033775970339775085
-0.003887280821800232
-0.02449589967727661
-0.004210725426673889
-0.006936885416507721
-0.006749406456947327
-0.00019741803407669067
0.0007044244557619095
-0.0068445950746536255
-0.005411386489868164
-0.04876403510570526
-0.033499203622341156
-0.0020982027053833008
-0.0017136558890342712
-0.005836585536599159
-0.013222440145909786
-0.010620854794979095
-0.0009293854236602783
-0.007001534104347229
-0.003992346115410328
0.002423129975795746
-0.025561943650245667
-0.02300315722823143
-0.0007720291614532471
-0.005382120609283447
-0.0022628530859947205
-0.0018366649746894836
-0.0340033620595932
-0.08612016588449478
-0.007331128232181072
-0.0034543201327323914
-0.018642999231815338
0.029023703187704086
-0.009756706655025482
-0.026920154690742493
-0.02003847062587738
-0.07127950340509415
-0.0049620866775512695
-0.0013892799615859985
-0.0019778162240982056
0.003392130136489868
-0.0038102716207504272
-0.0016334503889083862
-0.02505512535572052
-0.1078106239438057
-0.00039526820182800293
0.006999429315328598
-0.17424438893795013
-0.0176104549318552
5.4135918617248535e-05
0.0036990493535995483
-0.010807571932673454
-0.0040850043296813965
-0.0017269700765609741
-0.0030200183391571045
0.0032423511147499084
-0.009060680866241455
-0.00977277010679245
0.0016995519399642944
-0.017400607466697693
-0.057017043232917786
-0.004476850852370262
-0.0836888775229454
-0.014209490269422531
-0.003112862817943096
-0.018980108201503754
-0.0048281350173056126
-0.10181286185979843
-0.00404338538646698
0.001348845660686493
0.0021199118345975876
-0.0031263455748558044
-0.0018098503351211548
-0.0330188013613224
-0.002103082835674286
-0.01532386988401413
-0.028856046497821808
-0.04556514695286751
-0.02284940332174301
-0.003124035894870758
0.0011340007185935974
-0.007730752229690552
-0.006330326199531555
-0.004621465690433979
-0.0030635930597782135
-0.42430031299591064
-0.002004062756896019
-0.0052604153752326965
-0.002041533589363098
-0.0039273761212825775
0.0003148317337036133
-0.003830930218100548
-0.0018766969442367554
-0.019714243710041046
-0.13760437071323395
-0.001581043004989624
-0.005312877707183361
-0.012074463069438934
-0.0025257766246795654
-0.0068693384528160095
-0.018619805574417114
-0.013482697308063507
-0.006949499249458313
-0.024753570556640625
-0.1945837438106537
-0.10553015768527985
-0.024933170527219772
-0.016995420679450035
-0.009965993463993073
-0.004251986742019653
0.010471239686012268
-0.0035845041275024414
-0.010908342897891998
-0.0014037792570888996
-0.004812650382518768
-0.011899095959961414
-0.004245474934577942
-0.0023077726364135742
-0.04907992482185364
-0.0031301751732826233
-0.00930954609066248
-0.007566377520561218
-0.02708011120557785
-0.04933570325374603
-9.669922292232513e-06
-0.016338439658284187
0.0005909278988838196
-0.0030865296721458435
-0.021245699375867844
0.00347263365983963
-0.0035063265822827816
0.0003468059003353119
-0.001528073102235794
-0.001124267466366291
0.0031802579760551453
-0.036498524248600006
-0.0025910958647727966
-0.009421724826097488
-0.011774992570281029
-0.009922372177243233
-0.14649511873722076
-0.0020855069160461426
-0.005333494395017624
-0.033835601061582565
-0.004496365785598755
0.0008206292986869812
-0.007689550518989563
-0.0018252390436828136
-0.009377352893352509
-0.0022483617067337036
-0.0030721724033355713
-0.03010467439889908
-0.003056146204471588
0.0019108578562736511
-0.049607157707214355
0.004072427749633789
-0.004640534520149231
-0.017057660967111588
-0.00013052672147750854
-0.005388170480728149
0.013439610600471497
0.07617974281311035
0.0011019110679626465
0.0016942322254180908
-0.03752894699573517
-0.016543343663215637
-0.022255782037973404
-0.003585442900657654
0.0006075575947761536
-0.03400522097945213
-0.013164393603801727
-0.020910680294036865
-0.014903530478477478
-0.007159091532230377
-0.0005763908848166466
0.04953199625015259
-0.007170386612415314
-0.016074568033218384
-0.005754351615905762
0.0035518831573426723
-0.0041105374693870544
0.003104671835899353
0.0286660548299551
0.0019759684801101685
0.07607324421405792
-0.009282782673835754
-0.009612105786800385
-0.00951232947409153
-0.014431238174438477
-0.004768893122673035
-0.012235961854457855
-0.004607461392879486
-0.010188698768615723
-0.0037931129336357117
-0.01436733826994896
-0.003591656219214201
-0.006325436756014824
-0.00010269135236740112
3.960728645324707e-05
-0.0005812868475914001
-0.0064647383987903595
-0.009325958788394928
-0.023787543177604675
-0.029003798961639404
-0.004094518721103668
0.0002859756350517273
-0.004624422639608383
-0.006803758442401886
-0.00841452181339264
-0.0018611699342727661
-0.004030605778098106
-0.0013484731316566467
0.0016760416328907013
-0.06318201869726181
-0.004471644759178162
0.00031737983226776123
-0.0037336647510528564
-0.0014298856258392334
-0.0029175635427236557
-0.036347731947898865
-0.008677057921886444
-0.008582677692174911
-0.0008607804775238037
-0.016683414578437805
0.024790290743112564
-0.00931239128112793
-0.022932879626750946
-0.008091680705547333
0.0012018680572509766
-0.005780123174190521
-0.0025318339467048645
-0.0024530813097953796
0.004372764378786087
-0.007346699014306068
-0.0017088651657104492
-0.00830488745123148
-0.18333634734153748
-0.003042878583073616
-0.0011681299656629562
-0.026615528389811516
-0.01087072491645813
-0.000209171324968338
0.0021677017211914062
0.0023102611303329468
-0.0031391791999340057
-0.0006405338644981384
-0.001668304204940796
0.004280861467123032
-0.005712244659662247
-0.0043650902807712555
0.00123615562915802
-0.013619735836982727
-0.06017255783081055
-0.0026072412729263306
-0.02218589186668396
-0.007357105612754822
-0.0031261667609214783
0.002505198121070862
-0.0033780261874198914
-0.02690966986119747
-0.002117246389389038
-0.003919690847396851
-0.0003996342420578003
-0.0038330480456352234
-0.0022349394857883453
-0.02832929417490959
-0.0030726268887519836
-0.0139254629611969
-0.016974609345197678
-0.02802688628435135
-0.011405844241380692
-0.001208566129207611
-0.0017913952469825745
-0.004021847620606422
-0.008006729185581207
-0.003012698143720627
-0.002264156937599182
-0.47206592559814453
-0.0004214644432067871
1.946091651916504e-05
-0.0007212217897176743
-0.0008588060736656189
-0.0015393290668725967
-0.0037925541400909424
-0.0028762072324752808
-0.006114967167377472
-0.07988336682319641
-0.0009356588125228882
-0.00477290153503418
-0.009070813655853271
-0.00254889577627182
0.0034724287688732147
-0.003663673996925354
-0.011084839701652527
0.0003239065408706665
-0.019013062119483948
-0.1073572188615799
-0.036711014807224274
-0.02226094901561737
-0.014096999540925026
-0.0026838481426239014
-0.0008792105363681912
0.015028171241283417
-0.003631889820098877
-0.006420120596885681
-0.0012890025973320007
-0.0048369839787483215
-0.006353221833705902
-0.005259621888399124
-0.002452552318572998
-0.047166965901851654
-0.003482569009065628
-0.007147446274757385
-0.00769894290715456
-0.02253907173871994
-0.018562808632850647
-0.0037951190024614334
-0.020263448357582092
-0.0006908699870109558
-0.0013712719082832336
-0.01695280522108078
0.00241176038980484
-0.002767648547887802
-0.006326019763946533
-0.0043774619698524475
-0.001288868486881256
0.004270724952220917
-0.03294458985328674
-0.0003605261445045471
-0.016022004187107086
-0.0044289231300354
-0.006595507264137268
-0.011963412165641785
-0.0038249343633651733
-0.005973224528133869
-0.029512595385313034
-0.003306180238723755
0.0004558265209197998
0.001088753342628479
-0.0032814964652061462
-0.009667758829891682
-0.0005161762237548828
-0.0033623576164245605
-0.015409417450428009
-0.003491438925266266
-8.505838923156261e-05
-0.05214659869670868
0.005571119487285614
-0.0017246995121240616
-0.010851472616195679
0.0005893148481845856
-0.002831757068634033
0.004048041999340057
0.07461525499820709
0.00206756591796875
0.0004909969866275787
-0.04176681488752365
-0.029917672276496887
-0.013485491275787354
-0.0034783780574798584
-0.00197397917509079
-0.042209774255752563
0.0010448861867189407
-0.014838546514511108
-0.011317268013954163
-0.006142318248748779
-0.0024816058576107025
0.002693265676498413
-0.009808860719203949
-0.00413137674331665
-0.0043407827615737915
-7.886253297328949e-05
-0.003037169575691223
-0.0059224143624305725
0.02070695161819458
0.005837723612785339
0.03234948217868805
-0.0067158713936805725
-0.011877179145812988
-0.007261984050273895
0.002755209803581238
-0.002872418612241745
-0.00895199179649353
-0.0037477388978004456
0.015841573476791382
-0.003620576113462448
-0.021601885557174683
-0.004134677350521088
-0.00530199334025383
-0.0010278336703777313
-0.0006091594696044922
-0.002179063856601715
-0.0058036260306835175
-0.007420331239700317
-0.033187612891197205
-0.016821473836898804
-0.0016766265034675598
-0.0009443238377571106
-0.0005684457719326019
-0.013140618801116943
-0.007002018392086029
-0.002635970711708069
-0.005612287670373917
-0.00638958066701889
0.0018856823444366455
-0.035503823310136795
-0.016545193269848824
-0.005359277129173279
-0.01007157564163208
-0.001740461215376854
-0.0018762648105621338
-0.04720783978700638
-0.036242350935935974
-0.010736636817455292
-0.0003117024898529053
-0.020273104310035706
0.023465529084205627
-0.010440461337566376
-0.025200966745615005
-0.016174064949154854
-0.07824482768774033
-0.004710452631115913
-0.0011874213814735413
-0.003131270408630371
0.006295483559370041
-0.005946883000433445
-0.0028699561953544617
-0.0025916099548339844
-0.13257136940956116
-0.0028024613857269287
-0.003084704279899597
-0.1385640799999237
-0.010655831545591354
0.003098919987678528
0.0053662764839828014
-0.007874507457017899
-0.003972239792346954
0.0014357157051563263
-0.001744985580444336
0.0020451806485652924
-0.0037576183676719666
-0.010190367698669434
0.0038770860992372036
-0.016454629600048065
-0.11178143322467804
-0.003098882734775543
-0.06097296252846718
-0.00791287049651146
-0.0021128803491592407
-0.009756676852703094
-0.006040755659341812
-0.04511617124080658
-1.04513019323349e-05
-0.004449138883501291
-0.0017748959362506866
-0.0016330331563949585
-0.0018636882305145264
-0.03517773747444153
-0.0011627450585365295
-0.021471891552209854
-0.01708008348941803
-0.025556648150086403
-0.012317139655351639
-0.0013170316815376282
-0.0010484158992767334
-0.002923324704170227
-0.009460953995585442
-0.002923153340816498
-0.004441788420081139
-0.4463704526424408
-0.0028221160173416138
-4.9911439418792725e-05
-0.000370711088180542
0.0028023570775985718
-0.0014648661017417908
-0.0019569844007492065
-0.0006561875343322754
-0.023584119975566864
-0.09263133257627487
-4.5180320739746094e-05
-0.003923792392015457
-0.008172638714313507
-0.0026348475366830826
-0.0029734885320067406
-0.02004651166498661
-0.013192720711231232
-0.003322780132293701
-0.020046094432473183
0.0392875000834465
-0.06307661533355713
-0.021285859867930412
-0.02175368368625641
-0.006942663341760635
-0.0007795616984367371
0.021453820168972015
-0.0024675726890563965
-0.0045916736125946045
4.731118679046631e-06
-0.0031876079738140106
-0.01114906370639801
-0.0049682557582855225
-0.0022936370223760605
-0.034764669835567474
-0.0024608224630355835
-0.0058660805225372314
-0.00274847075343132
-0.02690817415714264
-0.025032009929418564
-0.0018457882106304169
-0.018467038869857788
0.0005959942936897278
-0.0010922998189926147
-0.014275696128606796
0.002429477870464325
-0.002543509006500244
0.00012926757335662842
-0.003122251480817795
-0.0005659852176904678
0.005277529358863831
-0.0355951189994812
-0.0017542019486427307
-0.02450980618596077
-0.00589597225189209
-0.004645630717277527
-0.10036249458789825
-0.003411614801734686
-0.006048884242773056
-0.03750482574105263
-0.003207065165042877
0.0004184544086456299
0.018932119011878967
-0.0033772140741348267
-0.015322495251893997
5.917251110076904e-05
-0.004050631076097488
-0.01147054135799408
-0.005331503227353096
0.0029289722442626953
-0.05395767092704773
0.006121523678302765
-0.003460243344306946
-0.017938822507858276
0.0012888610363006592
-0.0040087103843688965
0.009547948837280273
0.08979252725839615
0.0019205659627914429
0.002225036732852459
-0.0367351770401001
-0.01891503855586052
-0.020912203937768936
-0.00010556727647781372
-0.0013783308677375317
-0.032940804958343506
-0.008949867449700832
-0.011718936264514923
-0.013994671404361725
-0.006164036691188812
-0.001364772324450314
-0.013156905770301819
-0.007116090506315231
-0.010411337018013
-0.0060710906982421875
0.0013287533074617386
-0.002375316806137562
-0.0030483603477478027
0.023100197315216064
0.006135366857051849
0.06487812101840973
-0.009372005239129066
-0.004356918856501579
-0.007639691233634949
-0.012064948678016663
-0.004806986078619957
-0.011266589164733887
-0.004664257168769836
-0.0009876787662506104
-0.0038746073842048645
-0.016775032505393028
-0.0039712488651275635
-0.006157681345939636
0.0013911724090576172
-0.0009387880563735962
0.0002585463225841522
-0.006809066981077194
-0.007427319884300232
-0.019080257043242455
-0.03746228665113449
-0.003925449214875698
-0.0033341646194458008
-0.008123720064759254
-0.009411768056452274
-0.010026030242443085
-0.0010273735970258713
-0.005964897572994232
-0.004837904125452042
0.003107108175754547
-0.06491979956626892
-0.006958857178688049
0.0014543607831001282
-0.00024066120386123657
-0.0010529011487960815
-0.00127459317445755
-0.03329531103372574
-0.04862434044480324
-0.0043841078877449036
-0.0018551815301179886
-0.01619035005569458
0.02510007843375206
-0.008837644010782242
-0.029057342559099197
-0.007300090044736862
-0.014136731624603271
-0.005675159394741058
-0.0037332745268940926
-0.0013665594160556793
0.003341240808367729
-0.0042768120765686035
0.0002193748950958252
-0.02263704501092434
-0.12361093610525131
-0.001543339341878891
0.0022265613079071045
-0.07186517119407654
-0.013685882091522217
-0.001390017569065094
0.0008960999548435211
0.001703515648841858
-0.0036474615335464478
-0.003146335482597351
-0.0036291712895035744
0.0031708255410194397
-0.011263079941272736
-0.0015984568744897842
-0.0003273062175139785
-0.013623806647956371
-0.020969368517398834
-0.0029921457171440125
-0.02492879331111908
-0.010925225913524628
-0.0030028000473976135
-0.001902058720588684
-0.005687624216079712
-0.0318916030228138
-0.004691515117883682
-0.004968758672475815
0.002066334243863821
-0.00464581698179245
-0.0018401853740215302
-0.017574861645698547
-0.0032816678285598755
-0.01223556324839592
-0.017623141407966614
-0.05103342980146408
-0.01470935344696045
-0.0013376027345657349
-3.21120023727417e-05
-0.006816755048930645
-0.004588276147842407
-0.0011365339159965515
-0.00024375319480895996
-0.46985289454460144
-0.00011393427848815918
-0.002807334065437317
-0.002033078111708164
0.0005057603120803833
0.0005893036723136902
-0.0048631057143211365
-0.004079833626747131
-0.007633611559867859
-0.06739580631256104
1.101568341255188e-05
-0.005235005170106888
-0.013387455604970455
-0.0023320019245147705
-0.007417470216751099
-0.004215508699417114
-0.010378293693065643
0.00018380861729383469
-0.01920146495103836
-0.249703049659729
-0.06371406465768814
-0.01936030387878418
-0.010075584053993225
-0.00517379492521286
-0.003807663917541504
0.011522486805915833
-0.003921791911125183
-0.008175961673259735
-0.0014507342129945755
-0.006473676301538944
-0.010202102363109589
-0.004449069499969482
-0.002241654321551323
-0.05353441834449768
-0.004094794392585754
-0.009130243211984634
-0.010517625138163567
-0.021964535117149353
-0.0347398966550827
-0.001004055142402649
-0.01808573305606842
-0.0009860582649707794
-0.0008989050984382629
-0.020587757229804993
0.002005651593208313
-0.0037986338138580322
-0.005790717899799347
-0.002554960548877716
-0.0008794013410806656
0.0026310868561267853
-0.030490554869174957
-0.0021862946450710297
-0.022358112037181854
-0.004903718829154968
-0.009204555302858353
-0.00434160465374589
-0.0034386422485113144
-0.005744177382439375
-0.03075244277715683
-0.0036304742097854614
0.0007842052727937698
-0.01204560324549675
-0.0019344855099916458
-0.007793933153152466
-0.0020923689007759094
-0.002968728542327881
-0.006368231028318405
-0.0020106807351112366
0.0001521855592727661
-0.04249894618988037
0.0034074336290359497
-0.0036430060863494873
-0.015696600079536438
0.0001925453543663025
-0.005773797631263733
0.0030811280012130737
0.076203852891922
0.0013588815927505493
0.0017720982432365417
-0.032119184732437134
-0.025193877518177032
-0.02364804595708847
-0.005571948364377022
-0.00012599676847457886
-0.041132666170597076
-0.0007293075323104858
-0.021764177829027176
-0.010933004319667816
-0.008316799998283386
-0.0030439570546150208
0.04944900423288345
-0.009633846580982208
-0.008856885135173798
-0.004913216456770897
0.0014331340789794922
-0.003338247537612915
-0.0017689689993858337
0.022312812507152557
0.007426347583532333
0.020645001903176308
-0.008271455764770508
-0.015604354441165924
-0.006690070033073425
0.010670341551303864
-0.002679005265235901
-0.005450092256069183
-0.00462007150053978
0.04360409080982208
-0.0045936256647109985
-0.022544600069522858
-0.004745006561279297
-0.006418310105800629
-0.002318054437637329
0.0004237443208694458
0.0005739033222198486
-0.005565479397773743
-0.0036620348691940308
-0.03619762882590294
-0.025135532021522522
-0.0010505914688110352
-0.0005217567086219788
-0.0037770643830299377
-0.013553906232118607
-0.00987941399216652
-0.0017753802239894867
-0.008226609788835049
-0.009751942940056324
0.0042647384107112885
-0.019235027953982353
-0.02927865833044052
-0.00612679123878479
-0.012148577719926834
-0.0012088622897863388
-0.0034597665071487427
-0.048046477138996124
-0.08358213305473328
-0.014430660754442215
-0.002477351576089859
-0.01637236773967743
0.02871810644865036
-0.009422533214092255
-0.024550285190343857
-0.024185940623283386
-0.1104348823428154
-0.005155761726200581
0.00022497773170471191
-0.0024251118302345276
0.005045991390943527
-0.004873707890510559
-0.003334648907184601
-0.019626475870609283
-0.07081684470176697
-0.0021540112793445587
-0.0001735389232635498
-0.22847484052181244
-0.019476577639579773
0.004258781671524048
0.004603028297424316
-0.012539088726043701
-0.0032184645533561707
-0.0017715394496917725
-0.004074175842106342
0.00039442628622055054
-0.009681379422545433
-0.010864216834306717
0.005154155660420656
-0.014297768473625183
-0.09225714951753616
-0.003787010908126831
-0.08049637824296951
-0.01411258615553379
-0.003116108477115631
-0.02232467755675316
-0.008648578077554703
-0.0781124010682106
-0.005933322012424469
-0.0035584010183811188
0.0007919371128082275
-0.0014985278248786926
-0.0021907687187194824
-0.03633604943752289
-0.002438358962535858
-0.017953580245375633
-0.036126330494880676
-0.03811999037861824
-0.02339766174554825
-0.0028773080557584763
-0.0007752105593681335
-0.006820306181907654
-0.005234871059656143
-0.004907384514808655
-0.0032266234047710896
-0.39540794491767883
-0.001906082034111023
-0.0017516165971755981
-0.0013723699375987053
-0.006793282926082611
-0.0018196403980255127
-0.002220824360847473
0.00010900571942329407
-0.03291960433125496
-0.09837061166763306
-0.0008204728364944458
-0.00568847730755806
-0.012452110648155212
-0.0030553489923477173
-0.02006147801876068
-0.02745387889444828
-0.014327430166304111
-0.006441563367843628
-0.022252589464187622
-0.12279301881790161
-0.11593747138977051
-0.019397065043449402
-0.018221884965896606
-0.010891735553741455
-0.004619486629962921
0.014722688123583794
-0.0037426212802529335
-0.010168720036745071
-0.001036517322063446
-0.0030489182099699974
-0.013794466853141785
-0.004368914291262627
-0.0023952126502990723
-0.04095549136400223
-0.001935116946697235
-0.008155960589647293
-0.003918811678886414
-0.02803097665309906
-0.05005078762769699
0.00030669011175632477
-0.015904933214187622
-0.00030015408992767334
-0.0010136589407920837
-0.0155877023935318
0.0019998252391815186
-0.003606066107749939
0.0008442550897598267
-0.003364935517311096
-0.0016713812947273254
0.003904104232788086
-0.029360026121139526
-0.0035798996686935425
-0.025127582252025604
-0.010288631543517113
-0.008753359317779541
-0.12550869584083557
-0.003366813063621521
-0.005975579842925072
-0.03591263294219971
-0.0050766803324222565
0.0005431473255157471
0.005625192075967789
-0.001859232783317566
-0.013105973601341248
-0.0024140626192092896
-0.003802478313446045
-0.009845569729804993
-0.005008879117667675
0.0039146095514297485
-0.04003340005874634
0.004853091202676296
-0.00540480762720108
-0.02419339306652546
0.0005980134010314941
-0.007101461291313171
0.008322983980178833
0.07670390605926514
0.0006013363599777222
0.0034825801849365234
-0.03011297434568405
-0.021863028407096863
-0.0319504514336586
-0.00048596691340208054
0.00018730387091636658
-0.04016328975558281
-0.016323842108249664
-0.019690506160259247
-0.02160733938217163
-0.006467357277870178
-0.0006944388151168823
0.1076500415802002
-0.008603636175394058
-0.020234793424606323
-0.008568495512008667
0.002299980726093054
-0.0033441372215747833
0.0017850995063781738
0.02584943175315857
0.0019237790256738663
0.07053784281015396
-0.0079507976770401
-0.008818097412586212
-0.008284032344818115
-0.0129852294921875
-0.004039030522108078
-0.009793955832719803
-0.0038057565689086914
-0.0028651710599660873
-0.002604428678750992
-0.017388969659805298
-0.002823639428243041
-0.005423964932560921
-0.0008915811777114868
-0.00045546889305114746
-0.0003096535801887512
-0.00665935967117548
-0.006485484540462494
-0.02722635120153427
-0.02163909189403057
-0.002376928925514221
-0.0006067566573619843
-0.00339537113904953
-0.008855156600475311
-0.0057440996170043945
-0.0022573191672563553
-0.0041905418038368225
-0.002272561192512512
0.0012389793992042542
-0.04619736224412918
-0.007222458720207214
-0.00032924115657806396
-0.004095647018402815
-0.001357478555291891
-0.0007047131657600403
-0.024848729372024536
-0.01138826459646225
-0.003057822585105896
0.0001441463828086853
-0.019593439996242523
0.021450474858283997
-0.00832812674343586
-0.024311527609825134
-0.009963680058717728
-0.019016921520233154
-0.0037489314563572407
-0.0024643242359161377
-0.001850023865699768
0.006169302389025688
-0.006011314690113068
0.00022619962692260742
-0.0021931007504463196
-0.17200031876564026
-0.001982256770133972
0.0018679667264223099
-0.05963856726884842
-0.011487513780593872
1.3783574104309082e-06
0.0033628568053245544
0.0002254694700241089
-0.002986989915370941
0.00043764710426330566
-0.0008918344974517822
0.004359915852546692
-0.0058134254068136215
-0.006530470680445433
0.001829151064157486
-0.013249300420284271
-0.0662064179778099
-0.0024121254682540894
-0.040585532784461975
-0.007447168231010437
-0.0028204030822962523
0.0026081353425979614
-0.004615649580955505
-0.032796088606119156
0.0005655772984027863
-0.002295840997248888
0.000912204384803772
-0.0032119527459144592
-0.0015206634998321533
-0.025795109570026398
-0.0018304213881492615
-0.018107883632183075
-0.012093722820281982
-0.032568253576755524
-0.011753648519515991
-5.529727786779404e-05
-0.00039100460708141327
-0.00312592089176178
-0.0038099586963653564
-0.002803586423397064
-0.0026532039046287537
-0.49287277460098267
-0.0009950585663318634
-0.0001393333077430725
-0.00041419267654418945
0.0029891543090343475
-0.0009703189134597778
-0.004077397286891937
-0.002279505133628845
-0.006236821413040161
-0.09650348871946335
-0.0005234703421592712
-0.0034750625491142273
-0.006598465144634247
-0.002361610531806946
0.0025802887976169586
-0.005372576415538788
-0.010479569435119629
-0.001226969063282013
-0.02057144045829773
-0.050506118685007095
-0.04262503609061241
-0.02208329737186432
-0.01911521703004837
-0.000440746545791626
-4.1775405406951904e-05
0.018632210791110992
-0.0023693442344665527
-0.004446554929018021
-0.0007946789264678955
-0.0041513461619615555
-0.007930025458335876
-0.005170494318008423
-0.0014298893511295319
-0.044831160455942154
-0.0037134476006031036
-0.006372746080160141
-0.005600675940513611
-0.022765910252928734
-0.02130882441997528
-0.0022940076887607574
-0.01852002739906311
0.0010685455054044724
-0.0005356445908546448
-0.012867666780948639
0.0033546253107488155
-0.002804502844810486
-0.003914251923561096
-0.0029471591114997864
-0.00019286200404167175
0.003640219569206238
-0.031668521463871
0.00034159421920776367
-0.015752188861370087
-0.004669271409511566
-0.0068488046526908875
-0.06998856365680695
-0.0037255585193634033
-0.0061410414054989815
-0.028178706765174866
-0.001714847981929779
0.0010175257921218872
0.009097163565456867
-0.0025104358792304993
-0.013687312602996826
0.000171661376953125
-0.0026961863040924072
-0.015318915247917175
-0.002035006880760193
0.0011747032403945923
-0.060910411179065704
0.004395842552185059
-0.001564711332321167
-0.012641675770282745
0.0007055550813674927
-0.0017443150281906128
0.007781678345054388
0.08710197359323502
0.0024711526930332184
0.0003095269203186035
-0.03893713653087616
-0.016804687678813934
-0.012905865907669067
-0.003573962487280369
-0.0014788508415222168
-0.036548465490341187
-0.0003087073564529419
-0.013016179203987122
-0.009282045066356659
-0.006133900955319405
-0.0020854100584983826
-0.02289111167192459
-0.00933779776096344
-0.006104379892349243
-0.0038293451070785522
-0.0004100203514099121
-0.002861184999346733
-0.004796609282493591
0.02224542386829853
0.006886875722557306
-0.023412097245454788
0.12312731146812439
0.09713004529476166
0.015271618962287903
0.16847296059131622
0.05494830012321472
0.12893180549144745
0.047932785004377365
0.15905140340328217
0.08934387564659119
0.11874935030937195
0.11294973641633987
0.047345880419015884
0.05418025702238083
0.06597712635993958
-0.07142001390457153
0.049112096428871155
0.17424814403057098
0.08589515835046768
0.11416098475456238
0.09499767422676086
-0.1050741896033287
0.09445875883102417
0.1906093955039978
0.06735531985759735
0.07427842170000076
0.07926924526691437
0.23037688434123993
0.0997227132320404
0.14903932809829712
0.06523975729942322
0.20184284448623657
0.09469176828861237
0.010615766048431396
0.11332293599843979
0.11506371945142746
-0.30742937326431274
0.1435582935810089
0.06074324995279312
0.15269461274147034
-0.04696563258767128
0.1435190886259079
0.16512155532836914
0.08838385343551636
0.16999799013137817
0.029055416584014893
0.0343073308467865
0.08125044405460358
0.15310794115066528
0.057807356119155884
0.12803561985492706
0.10663028806447983
0.1274893581867218
0.07765468955039978
0.1282368004322052
0.1588725447654724
0.0748806744813919
0.03680717945098877
0.03917143493890762
0.07098458707332611
0.09779393672943115
0.10212297737598419
0.00695481151342392
0.010376693680882454
0.16196690499782562
0.06611265242099762
0.0446212962269783
0.14749890565872192
0.11868979036808014
0.08350610733032227
0.18622785806655884
0.03419460356235504
0.09091952443122864
0.06579004228115082
0.14836332201957703
0.1410103738307953
-0.022341854870319366
0.15412433445453644
0.1965426504611969
0.11273210495710373
0.11637963354587555
0.01008574292063713
0.10077985376119614
0.1069832444190979
0.2719288468360901
0.10504089295864105
-0.0368959866464138
0.07872898876667023
0.09874670952558517
0.10617183148860931
0.09045888483524323
0.08769233524799347
0.2262008786201477
0.14643049240112305
0.09056977927684784
0.054373599588871
0.06353357434272766
0.12756189703941345
0.11830053478479385
0.0807216614484787
0.04120408743619919
0.10212559252977371
0.13019290566444397
0.12206918001174927
0.006196752190589905
0.14686615765094757
0.029735326766967773
0.16393187642097473
0.05856720358133316
0.17333251237869263
0.05946891009807587
0.31203240156173706
0.12267433106899261
0.09603263437747955
0.14191044867038727
0.2094731479883194
0.12273430824279785
0.025573313236236572
0.25493261218070984
0.09690798819065094
0.06700071692466736
0.05930497497320175
0.07375453412532806
0.1693289875984192
0.02919439598917961
0.08707039058208466
0.21368782222270966
0.04074213653802872
0.05704787001013756
0.16529645025730133
0.16751375794410706
0.059020884335041046
0.02947113662958145
0.15452122688293457
0.056980252265930176
0.15404339134693146
0.08817513287067413
0.10495781898498535
0.05774599313735962
0.1810823678970337
0.05074979364871979
0.028759092092514038
-0.007094085216522217
0.14818629622459412
0.014219027012586594
0.14789989590644836
0.05205434560775757
0.023197267204523087
0.11712601780891418
0.1939278244972229
0.015697885304689407
0.1743360161781311
0.12739259004592896
0.0590265691280365
0.21041281521320343
0.08602775633335114
0.10960761457681656
0.018812289461493492
0.07682770490646362
0.0958135724067688
0.11855711787939072
0.018270164728164673
0.12903465330600739
-0.02852167747914791
0.010881658643484116
0.12818579375743866
0.012970387935638428
0.19141918420791626
-0.2294136881828308
0.17033371329307556
0.07903846353292465
0.13816532492637634
0.1192033514380455
0.1322973221540451
0.15097591280937195
0.13021904230117798
0.10567934811115265
0.10419442504644394
0.07942868024110794
0.1356113851070404
0.07838572561740875
0.05668114870786667
0.0969303771853447
-0.23779958486557007
0.04484374076128006
0.08590863645076752
0.10128185153007507
0.26061633229255676
0.09010972827672958
0.11358307301998138
0.21066328883171082
0.14285054802894592
0.07051920145750046
-0.00967516377568245
-0.012610502541065216
-0.008433125913143158
-0.02203941158950329
-0.004380114376544952
-0.010901536792516708
-0.004885688424110413
0.012873094528913498
-0.0037328489124774933
-0.020469971001148224
-0.004678554832935333
-0.007735973224043846
6.717443466186523e-05
-0.0010949373245239258
-0.0006902678869664669
-0.0075559429824352264
-0.004999734461307526
-0.03745812177658081
-0.033212751150131226
-0.004089388996362686
-0.0015421956777572632
-0.008009546436369419
-0.012110501527786255
-0.010308057069778442
-0.0022469819523394108
-0.0066539570689201355
-0.003384992480278015
0.003232531249523163
-0.0520114004611969
-0.01750998944044113
-0.00099220871925354
-0.005038037896156311
-0.00130443274974823
-0.001621738076210022
-0.029165243729948997
-0.07553670555353165
-0.008791446685791016
-0.0013842545449733734
-0.019626080989837646
0.028700456023216248
-0.00795571319758892
-0.027060074731707573
-0.014121806249022484
-0.06593868881464005
-0.006544820964336395
-0.003585144877433777
-0.0017266646027565002
0.0033669229596853256
-0.005397602915763855
-0.0011118650436401367
-0.022066429257392883
-0.10942348837852478
-0.0019312649965286255
0.001027725636959076
-0.1357971876859665
-0.018694795668125153
-0.0008607581257820129
0.0013735592365264893
-0.0036243442445993423
-0.004186250269412994
-0.0020463913679122925
-0.0025478005409240723
0.0030892938375473022
-0.009789489209651947
-0.005737774074077606
-0.001089140772819519
-0.01692969910800457
-0.08295029401779175
-0.0033315010368824005
-0.054142311215400696
-0.013352790847420692
-0.003392975777387619
-0.010384682565927505
-0.007168114185333252
-0.05166550353169441
-0.003078863024711609
-0.0049741994589567184
0.003085157833993435
-0.0042492300271987915
-0.002208724617958069
-0.031013868749141693
-0.002546563744544983
-0.01885369047522545
-0.02594374120235443
-0.052581384778022766
-0.01765628531575203
-0.003158949315547943
-0.00020524859428405762
-0.0066237784922122955
-0.00025707483291625977
-0.0037314221262931824
-0.0010420270264148712
-0.47526246309280396
-0.0012449473142623901
-0.0034306165762245655
-0.00232682004570961
-0.0015061236917972565
-0.0006936024874448776
-0.004959568381309509
-0.0036430656909942627
-0.019399628043174744
-0.08761398494243622
-0.00034355372190475464
-0.005984818562865257
-0.01467171311378479
-0.003032892942428589
-0.0065082162618637085
-0.016989674419164658
-0.012798607349395752
-0.004159815609455109
-0.02302171289920807
-0.13705313205718994
-0.07554170489311218
-0.02517826110124588
-0.013222560286521912
-0.006606142967939377
-0.00387510284781456
0.0189351886510849
-0.003269761800765991
-0.007919009774923325
-0.0011858493089675903
-0.0075862109661102295
-0.012304157018661499
-0.005782730877399445
-0.0024372264742851257
-0.04713756591081619
-0.0049837008118629456
-0.01123015582561493
-0.008470207452774048
-0.02680535800755024
-0.03206315636634827
-0.002159491181373596
-0.023053927347064018
-0.0002126544713973999
-0.001533307135105133
-0.020718559622764587
0.0026599615812301636
-0.0036445781588554382
-0.004230055958032608
-0.0036057978868484497
-0.0015509501099586487
0.002995431423187256
-0.04032399505376816
-0.00350971519947052
-0.03426782414317131
-0.007407955825328827
-0.00972258485853672
-0.06376583874225616
-0.0031951740384101868
-0.006338495761156082
-0.03422531485557556
-0.0037710368633270264
0.000448077917098999
-0.00269322469830513
-0.004098683595657349
-0.012893237173557281
-0.0016529932618141174
-0.004167728126049042
-0.010900638997554779
-0.002295400947332382
0.00011955946683883667
-0.05680235102772713
0.004367075860500336
-0.004508867859840393
-0.01859123259782791
0.0006937384605407715
-0.0035604462027549744
0.006618887186050415
0.08875449001789093
0.0012637004256248474
0.001860033255070448
-0.03930835425853729
-0.022130832076072693
-0.014267325401306152
-0.0055566225200891495
-0.0005315393209457397
-0.04550790786743164
-0.008691772818565369
-0.023133836686611176
-0.015891313552856445
-0.00836753100156784
-0.0023149100597947836
0.058402739465236664
-0.012118754908442497
-0.013040713965892792
-0.005902335047721863
0.0012479284778237343
-0.003239154815673828
-0.002649962902069092
0.02555190771818161
0.004397198557853699
