0.011058778502047062
-0.0017026880523189902
-0.02467113919556141
-0.0008104893495328724
0.03632499277591705
-0.0051074763759970665
0.0061081694439053535
-0.015802016481757164
0.020001545548439026
0.008242383599281311
0.023791400715708733
-0.007418605498969555
-0.029743961989879608
0.008363386616110802
-0.018625425174832344
-0.0008616739651188254
0.004468039609491825
-0.005746403243392706
0.014915605075657368
-0.00414698151871562
0.020899178460240364
-0.005685094278305769
0.025933753699064255
-0.002609887160360813
0.0002452752087265253
-0.00867710541933775
-0.0022073201835155487
0.019546862691640854
-0.010506987571716309
0.0022624232806265354
-0.024759886786341667
-0.004512554034590721
0.00417883787304163
-0.01095445267856121
0.02377406321465969
0.00456357654184103
-0.022655636072158813
0.008086632005870342
-0.017472710460424423
0.008058762177824974
-0.011669931001961231
-0.0013824441703036427
-0.004980493802577257
0.027370210736989975
-0.027441253885626793
0.02533477358520031
-0.010073410347104073
0.001093535334803164
0.00892055407166481
-0.0074556018225848675
0.0024364697746932507
5.3658801334677264e-05
-0.011058543808758259
0.012479178607463837
0.021874308586120605
-0.015006884932518005
-0.01250938605517149
0.00648312084376812
-0.006982753984630108
0.006928693503141403
-0.01868761144578457
-0.025786081328988075
-0.015909062698483467
-0.057615265250205994
-0.006653320509940386
0.0016209742752835155
-0.016165459528565407
0.01863630674779415
-0.003855295479297638
0.019596725702285767
-0.014483749866485596
0.014495095238089561
-0.004166186321526766
-0.030873317271471024
0.02846475876867771
0.0013474500738084316
-0.002631586976349354
-0.006973543670028448
0.009059807285666466
-0.006318273488432169
0.004244484938681126
0.01321693416684866
0.05750167369842529
-0.022016676142811775
0.012405186891555786
-0.054056566208601
-0.00020830827997997403
0.01062709465622902
-0.017426691949367523
0.024978680536150932
0.0030373907648026943
0.012778865173459053
-0.024890266358852386
-0.004588210955262184
-0.005372058134526014
-0.0013835849240422249
