-1.8002684116363525
-5.798323154449463
-2.336357355117798
-8.430853843688965
7.352380752563477
2.6887593269348145
13.605610847473145
-6.439489364624023
15.090179443359375
-5.536285877227783
5.677281856536865
-4.851953983306885
-3.00753116607666
8.525741577148438
5.884929180145264
2.24509596824646
9.583800315856934
-10.16160774230957
8.981095314025879
-7.0799360275268555
2.644584894180298
2.6389524936676025
-10.377912521362305
6.034191608428955
-7.409857273101807
-6.603448390960693
-2.2125277519226074
18.88665008544922
5.150658130645752
-0.009672953747212887
4.281398773193359
15.714845657348633
19.657474517822266
12.010132789611816
0.3195098638534546
-1.1546955108642578
19.062606811523438
2.467745780944824
-3.824753522872925
10.147318840026855
2.4857659339904785
7.913682460784912
-0.6262118220329285
8.98383617401123
-23.249399185180664
3.6676926612854004
16.325464248657227
6.712486743927002
-0.9144726991653442
-3.449312686920166
4.4692182540893555
-1.620082139968872
3.0188868045806885
11.164901733398438
-5.477431297302246
3.9665346145629883
0.3003179132938385
3.310486316680908
-12.95506763458252
-1.657934308052063
-2.812323570251465
-7.250418663024902
12.98438549041748
-14.743908882141113
0.4014444053173065
1.2774099111557007
-1.686130166053772
-2.4841325283050537
4.337258338928223
-2.399562120437622
2.2267086505889893
-1.5221986770629883
-4.343155860900879
8.669066429138184
-4.037976264953613
9.10196304321289
8.910873413085938
-4.749414920806885
4.910429000854492
-7.029703140258789
-2.575180768966675
-6.133632183074951
-21.22627830505371
-0.09329109638929367
-8.293804168701172
-22.663312911987305
1.2728345394134521
1.2336387634277344
-21.754756927490234
4.706779956817627
-0.039395421743392944
-7.039992332458496
-14.975707054138184
7.101298809051514
2.376817464828491
-4.054247856140137
