11.437643051147461
10.068333625793457
16.0119571685791
18.456905364990234
27.382009506225586
11.007476806640625
10.417247772216797
12.132394790649414
83.24256896972656
50.82429122924805
9.056720733642578
14.720388412475586
50.83690643310547
13.491869926452637
100.76519012451172
12.840263366699219
23.76871109008789
10.63066291809082
32.826202392578125
30.270755767822266
7.526383876800537
11.2661771774292
13.187732696533203
12.648172378540039
17.521190643310547
12.008655548095703
10.266060829162598
18.989805221557617
11.268763542175293
6.1273579597473145
14.818221092224121
14.433008193969727
18.179363250732422
10.15177059173584
12.266214370727539
13.702130317687988
57.92920684814453
7.4849853515625
10.61983871459961
20.677875518798828
17.739816665649414
36.770179748535156
11.579277992248535
16.62425422668457
43.17890167236328
17.37838363647461
44.10965347290039
12.692919731140137
12.670244216918945
14.242602348327637
11.201350212097168
15.803045272827148
46.46156311035156
17.25446891784668
18.637948989868164
8.926270484924316
12.806408882141113
15.986985206604004
6.982201099395752
36.7452507019043
9.777935028076172
74.85607147216797
9.127520561218262
189.2284698486328
19.633195877075195
14.663622856140137
12.266891479492188
18.79914093017578
10.416760444641113
237.77142333984375
36.99559783935547
71.22409057617188
10.390007972717285
16.271453857421875
75.91989135742188
19.048572540283203
16.76371955871582
42.899166107177734
16.023454666137695
69.03189086914062
12.782112121582031
4.292457580566406
160.48602294921875
8.826347351074219
21.39771842956543
181.18994140625
13.629491806030273
18.710996627807617
16.405088424682617
43.1152229309082
21.175182342529297
9.687216758728027
48.6174430847168
15.826750755310059
14.872716903686523
16.289369583129883
