27.818859100341797
20.356689453125
32.536582946777344
78.77364349365234
26.844200134277344
14.799088478088379
39.77183151245117
46.66761016845703
16.21943473815918
45.64407730102539
28.933895111083984
35.412052154541016
18.459144592285156
63.903926849365234
19.531612396240234
47.272029876708984
22.741548538208008
17.423599243164062
68.15367889404297
40.43932342529297
31.277545928955078
44.938690185546875
76.11298370361328
139.56539916992188
29.32269287109375
31.753244400024414
45.810340881347656
35.903263092041016
70.75591278076172
14.631890296936035
53.513641357421875
53.39453125
32.12177276611328
71.0369873046875
19.23868751525879
64.92134857177734
19.702899932861328
68.1241455078125
68.58882904052734
19.657655715942383
29.142841339111328
53.6264762878418
28.892776489257812
21.868623733520508
16.725086212158203
54.27974319458008
32.2921142578125
56.295772552490234
97.27167510986328
31.76858139038086
89.95437622070312
32.02252197265625
25.77699851989746
9.527223587036133
19.6885929107666
35.287166595458984
19.90314483642578
24.87081527709961
23.072166442871094
39.86899948120117
45.05293655395508
34.202857971191406
59.94767761230469
26.865320205688477
30.586734771728516
33.444000244140625
34.544586181640625
77.50581359863281
71.15059661865234
22.74025535583496
30.776716232299805
78.17931365966797
43.388328552246094
79.2441177368164
17.676414489746094
39.160282135009766
62.014041900634766
76.89802551269531
29.121734619140625
22.87429428100586
30.11513900756836
12.12569522857666
33.20698547363281
50.496986389160156
66.95881652832031
70.32286071777344
28.52653694152832
24.679092407226562
51.70032501220703
24.922136306762695
13.54754638671875
32.54936599731445
136.80282592773438
52.550628662109375
47.40428924560547
31.142101287841797
28.51258659362793
25.93107032775879
73.84721374511719
37.198455810546875
59.57160949707031
36.066795349121094
52.49608612060547
104.75336456298828
31.32429313659668
29.623092651367188
33.77876281738281
57.687530517578125
53.382545471191406
25.352285385131836
57.93146896362305
22.74859619140625
45.064666748046875
26.285364151000977
81.52948760986328
45.92800521850586
38.758338928222656
32.76026153564453
29.186635971069336
77.43269348144531
34.63334655761719
22.484304428100586
43.936580657958984
56.8883056640625
44.9958610534668
95.00653839111328
37.91828918457031
30.32015609741211
40.2784423828125
68.36032104492188
29.174808502197266
21.173236846923828
23.358976364135742
135.93753051757812
38.04017639160156
46.70841598510742
47.39536666870117
50.94473648071289
83.70254516601562
41.82844543457031
27.613868713378906
40.20615005493164
72.21849822998047
65.63306427001953
8.582442283630371
60.37566375732422
37.64681625366211
46.166080474853516
15.551968574523926
80.98976135253906
118.5048828125
42.33422088623047
33.73965072631836
11.166443824768066
25.526533126831055
57.28366470336914
55.6671257019043
48.40319061279297
25.844022750854492
56.330047607421875
59.027774810791016
48.15459442138672
20.78607177734375
70.39414978027344
27.780033111572266
32.64658737182617
70.7099380493164
40.30766296386719
66.80827331542969
33.9489631652832
33.64654541015625
41.9149169921875
78.67256164550781
42.661155700683594
23.007160186767578
41.59363555908203
39.231319427490234
23.94119644165039
56.104637145996094
24.371824264526367
59.677101135253906
35.48293685913086
41.11359405517578
23.259492874145508
82.45870971679688
86.99990844726562
42.178504943847656
29.433326721191406
40.96608352661133
40.54939651489258
29.070960998535156
16.365751266479492
18.397260665893555
48.70945358276367
34.66463851928711
27.377010345458984
22.99266242980957
24.30423927307129
22.044021606445312
37.01985549926758
27.387075424194336
87.29747772216797
51.44444274902344
57.892757415771484
30.011266708374023
70.73806762695312
93.40180206298828
40.14083480834961
52.923561096191406
31.210657119750977
29.0729923248291
15.975373268127441
91.44744873046875
42.18611145019531
61.015987396240234
50.81989669799805
35.5727424621582
35.49378204345703
29.464433670043945
27.389102935791016
127.99542236328125
121.27400970458984
20.207658767700195
25.128446578979492
16.787158966064453
27.087907791137695
49.8076286315918
45.70695114135742
23.417436599731445
65.5590591430664
70.52581787109375
64.61873626708984
16.375288009643555
44.24984359741211
22.50154685974121
32.11912536621094
27.510263442993164
34.00093460083008
66.37065124511719
36.752410888671875
34.435874938964844
35.49937438964844
83.64057922363281
47.559410095214844
30.615402221679688
28.457794189453125
23.23427391052246
32.77467346191406
72.911376953125
55.60288619995117
60.66743087768555
70.25285339355469
34.0157585144043
88.05464935302734
46.86661911010742
23.911758422851562
22.079774856567383
11.944267272949219
145.49630737304688
63.6278076171875
95.70616149902344
72.64863586425781
26.31941032409668
66.1387710571289
52.43336486816406
78.27093505859375
50.32011413574219
46.17461013793945
21.573862075805664
26.25406837463379
47.232177734375
24.239234924316406
59.47405242919922
43.20273971557617
27.149513244628906
28.17061424255371
61.491458892822266
49.89092254638672
34.38935470581055
76.32725524902344
54.55991744995117
15.482704162597656
43.361759185791016
16.00290298461914
70.01072692871094
27.18256187438965
60.31158447265625
19.39899253845215
46.90178680419922
102.64641571044922
44.05461120605469
32.667903900146484
36.56227111816406
44.08206558227539
29.082378387451172
40.40735626220703
34.29964065551758
26.395954132080078
46.030906677246094
32.903953552246094
33.41843795776367
39.82200622558594
48.36397171020508
45.81695556640625
95.47183227539062
28.861576080322266
36.5733642578125
33.56564712524414
59.87664794921875
33.783119201660156
75.8140640258789
55.10746765136719
62.5932731628418
39.88960647583008
25.022201538085938
31.698057174682617
17.137582778930664
82.27177429199219
57.70045471191406
18.721847534179688
54.15641784667969
67.58921813964844
67.22825622558594
24.522748947143555
33.49800491333008
54.71337127685547
28.36975860595703
29.360097885131836
29.182823181152344
53.74404525756836
48.35544967651367
7.889873504638672
36.00659942626953
51.23946762084961
54.95961380004883
27.35428237915039
93.11149597167969
39.760379791259766
30.743844985961914
29.600088119506836
87.87187194824219
49.02023696899414
48.56848907470703
16.091779708862305
49.762447357177734
67.9695816040039
23.32475471496582
19.60066032409668
19.372201919555664
42.03126907348633
39.78089141845703
35.616004943847656
27.99677085876465
53.32610321044922
25.823877334594727
19.488224029541016
45.579345703125
41.91215133666992
53.54429244995117
41.465789794921875
44.00711441040039
18.856061935424805
55.45494079589844
29.392026901245117
40.03789138793945
7.777709007263184
25.932044982910156
60.0724983215332
37.52701187133789
43.006412506103516
60.585899353027344
32.09175491333008
46.500064849853516
56.65300369262695
33.615234375
21.496700286865234
54.93081283569336
27.0112361907959
26.43762969970703
33.32979202270508
30.39725112915039
44.95576858520508
13.139691352844238
34.36139678955078
