-0.009639810770750046
-0.010857842862606049
0.019342314451932907
-0.026019776239991188
0.008016270585358143
0.002877587918192148
0.033009421080350876
0.007929705083370209
-0.03696547448635101
-0.011678489856421947
-0.03091534972190857
-0.006143066566437483
-0.03962673246860504
0.006046002265065908
-0.004415169358253479
-0.006607238203287125
-0.036163605749607086
0.013329440727829933
0.02912057563662529
0.0023716443683952093
-0.04581167921423912
0.014253842644393444
0.019731484353542328
0.03669672831892967
-0.007697065360844135
0.0030284225940704346
-0.0027813580818474293
-0.04254063218832016
-0.01137261651456356
-0.00958848837763071
0.029517749324440956
-0.018555374816060066
0.002629020484164357
-0.030355708673596382
-0.023034418001770973
0.022665180265903473
-0.024062803015112877
-0.009286324493587017
-0.00788828358054161
0.006874264683574438
-0.003975204657763243
-0.04312463477253914
-0.006632561795413494
-0.007696037646383047
-0.01315438374876976
-0.030407989397644997
-0.018680280074477196
-0.01574496366083622
0.006987425033003092
0.015318003483116627
-0.008107563480734825
0.020911158993840218
-0.013991285115480423
-0.0065624769777059555
-0.007164225913584232
-0.0019083622610196471
0.01598449796438217
0.011227084323763847
0.004061454441398382
-0.013129954226315022
-0.007103141397237778
-0.007811012212187052
-0.03122583217918873
-0.009844650514423847
-0.006375486496835947
0.0242313202470541
-0.0014192102244123816
0.007364001590758562
-0.024608628824353218
-0.013052322901785374
-0.01796109974384308
0.04092998057603836
-0.02431671880185604
0.02476622723042965
-0.01774100586771965
-0.02519688755273819
-0.017477234825491905
0.049064233899116516
0.004131488502025604
-0.0068121845833957195
0.007665744051337242
-0.011631792411208153
-0.01431159395724535
-0.004224489908665419
-0.025449715554714203
0.013578943908214569
-0.01845984160900116
0.020153097808361053
0.027483705431222916
-0.04529726505279541
-0.0007252583745867014
-0.003198930760845542
-0.0482780784368515
-0.0074699693359434605
-0.011548037640750408
-0.03560730069875717
-0.017879562452435493
-0.02365032397210598
-0.008851120248436928
0.031076129525899887
0.013284198008477688
-0.01135510765016079
-0.03043443150818348
0.031746577471494675
-0.023677296936511993
0.02870691940188408
-0.014829753898084164
0.00826803594827652
-0.01606837473809719
0.004579874686896801
0.029837217181921005
0.017015276476740837
-0.03636299818754196
7.356044807238504e-05
-0.004036551341414452
0.0040162913501262665
-0.0249114278703928
-0.01136859506368637
0.003460129490122199
0.01435029972344637
0.005871310830116272
-0.01735439896583557
-0.003497050842270255
-0.01917930133640766
-0.012962352484464645
0.019859684631228447
-0.013177020475268364
0.0011987303150817752
-0.008303225971758366
0.02000131830573082
-0.015669723972678185
-0.006514642387628555
0.01557642687112093
0.01959163323044777
-0.0018449366325512528
-0.0021101818419992924
-0.001087687211111188
0.003126861760392785
0.020645540207624435
0.026321979239583015
-0.0010959208011627197
-0.013592050410807133
-0.005678854882717133
0.0027160614263266325
0.017633900046348572
-0.01545033510774374
0.02000131830573082
0.011753067374229431
0.005634417291730642
-0.03656452149152756
-0.0064020282588899136
-0.006558693014085293
0.02774442359805107
-0.014237960800528526
0.025858022272586823
0.02696295455098152
-0.008905845694243908
-0.035756759345531464
0.00334098725579679
0.037185296416282654
-0.05047108605504036
-0.005584475584328175
-0.010995537042617798
0.021949680522084236
0.008191532455384731
-0.03407647833228111
-0.010087867267429829
0.011034831404685974
0.010521240532398224
-0.016397861763834953
0.003772672498598695
-0.003275585826486349
0.0340067557990551
-0.0020817224867641926
-0.0007367587531916797
-0.01798577792942524
-0.006195425055921078
-0.0016597836511209607
0.008172317408025265
0.002597982529550791
0.03541573882102966
0.016889771446585655
-0.009905087761580944
-0.020771121606230736
0.013575144112110138
0.0037308859173208475
-0.012484490871429443
0.0016313588712364435
-0.026036333292722702
-0.01894209533929825
-0.008736548945307732
0.004930916707962751
-0.022921213880181313
-0.013190163299441338
0.016449760645627975
-0.012923823669552803
-0.011187959462404251
0.023317456245422363
-0.004523949697613716
0.003864139085635543
-0.005772825330495834
0.003585303667932749
-0.004063368774950504
0.030683200806379318
-0.018138611689209938
0.01715823821723461
-0.021645480766892433
0.0028031901456415653
0.007537603843957186
-0.011205334216356277
0.0057170880027115345
-0.01112279761582613
0.012376251630485058
-0.021814990788698196
0.0021160030737519264
-0.0041057514026761055
0.001971906516700983
0.017584599554538727
0.0028416153509169817
0.00313200824894011
-0.03354676067829132
-0.002791771898046136
0.0014869506703689694
0.02014583721756935
0.005239588674157858
0.008803063072264194
-0.015485603362321854
0.007304492872208357
0.014359511435031891
-0.026864759624004364
-0.0011900517856702209
0.027525808662176132
0.006126714404672384
0.011540088802576065
0.0063284048810601234
-0.006754626985639334
-0.004681703634560108
-0.0022843785118311644
-0.018054714426398277
0.00277162017300725
0.0006611491553485394
-0.03392365574836731
-0.0014452228788286448
-0.014900834299623966
-0.003078703535720706
-0.06037238612771034
0.0093822181224823
-0.015986405313014984
0.012820863164961338
-0.013127106241881847
-0.003642445430159569
-0.029485240578651428
-0.009322511032223701
0.019012466073036194
-0.029673544690012932
0.0019355490803718567
0.010276302695274353
-0.007068369537591934
0.0012399980332702398
-0.006365999113768339
-0.009566659107804298
0.026856303215026855
-0.02764047682285309
0.022488323971629143
-0.014409513212740421
-0.015667365863919258
0.04089394956827164
-0.023020274937152863
0.0024155699647963047
-0.02726328931748867
-0.024180006235837936
-0.014302670024335384
0.0010832608677446842
-0.005135934334248304
-0.0008413618779741228
0.0049575939774513245
-0.007567314896732569
-0.012186504900455475
0.030907820910215378
-0.02343900129199028
0.007396039552986622
-0.017537830397486687
-0.014655671082437038
-0.010374873876571655
0.01258973777294159
-0.009996199980378151
0.017695395275950432
0.0025336318649351597
-0.04925220087170601
0.008210890926420689
0.009907949715852737
0.004499504342675209
0.031234895810484886
-0.02009686455130577
-0.004414843395352364
-0.024114318192005157
-0.0009518216829746962
0.019946755841374397
-0.03562365472316742
-0.025178872048854828
-0.0023421908263117075
-0.01912081241607666
-0.001100808847695589
-0.010837661102414131
-0.02699834294617176
0.009939118288457394
0.008620135486125946
-0.004235697444528341
-0.01215450931340456
-0.017075315117836
-0.01832623966038227
-0.03098207339644432
-0.004774834960699081
0.009326055645942688
-0.006558489985764027
-0.0025574963074177504
-0.006789471488445997
-0.008833589032292366
-0.03140822425484657
-0.016857685521245003
-0.09062721580266953
0.00854388065636158
0.010110127739608288
0.00027895410312339664
-0.015462400391697884
-0.028612595051527023
0.030994076281785965
0.012780755758285522
0.008730611763894558
-0.013323359191417694
-0.018878784030675888
-0.0005479960236698389
0.017866378650069237
0.005852005444467068
-0.009809275157749653
0.012073136866092682
-0.05940335988998413
-0.013606344349682331
-0.001460702158510685
-0.014675422571599483
0.027574338018894196
-0.03111359104514122
0.006508374121040106
-0.005674649961292744
-0.00532636558637023
-0.03597790002822876
-0.002169243758544326
-0.009016312658786774
0.004015105776488781
-0.014014125801622868
0.0010261449497193098
0.00318554462864995
0.016049882397055626
0.011306310072541237
-0.0036605524364858866
0.010028897784650326
0.013727420009672642
-0.003915983717888594
0.029339361935853958
0.004049547947943211
-0.03387467563152313
-0.010460623539984226
0.018540769815444946
-0.002790320897474885
0.013159914873540401
-0.009950118139386177
-0.00950644165277481
-0.025711603462696075
-0.010199357755482197
0.010692551732063293
-0.004830820951610804
0.007802656386047602
-0.004949910566210747
-0.022286681458353996
0.006811434403061867
0.03012089431285858
0.0158898513764143
0.0019763223826885223
-0.002357987454161048
-0.008592609316110611
-0.009235060773789883
-7.853685929148924e-06
-0.0025531912688165903
0.015524793416261673
