-0.3356720209121704
0.47160592675209045
0.2628590166568756
2.042360782623291
0.1166519820690155
0.34595754742622375
-0.31736382842063904
-2.116213798522949
0.13469438254833221
-0.0671728253364563
-0.02886800840497017
0.7578822374343872
-0.0270956102758646
0.5350832343101501
-1.0387706756591797
0.044563911855220795
0.22077661752700806
-1.8295834064483643
-0.6211801767349243
-3.272083282470703
1.115848183631897
0.30394819378852844
-2.0056192874908447
-0.4842110872268677
0.4426475763320923
1.1214772462844849
0.08519917726516724
-1.485029697418213
-0.34457969665527344
-3.261240005493164
-1.1111050844192505
0.20233555138111115
-0.028797874227166176
-0.11987452208995819
-0.471281498670578
1.1449092626571655
0.09411066770553589
-0.3022463619709015
0.13655999302864075
1.6583462953567505
0.8505528569221497
1.6945366859436035
-0.8131577372550964
0.5455597639083862
0.2114531397819519
-1.3500407934188843
0.27613207697868347
-0.15207743644714355
0.7170668244361877
1.1085442304611206
-2.493664503097534
-6.810642242431641
-0.002180605661123991
-0.7020919322967529
0.006965051405131817
-0.8259465098381042
1.0119274854660034
0.21410667896270752
-0.027441788464784622
0.21665750443935394
1.1379016637802124
-0.7836549878120422
-0.8953247666358948
-0.7637760043144226
0.22330114245414734
1.71086585521698
0.20439131557941437
-1.0566051006317139
1.8262485265731812
0.05492091551423073
-0.8543747663497925
0.18337543308734894
-0.7808797955513
1.118044137954712
-0.8103458285331726
-2.0730161666870117
-0.41509315371513367
-0.8815386891365051
-0.28777390718460083
-0.3047841489315033
0.5242527723312378
-1.918361783027649
-0.10908083617687225
0.36407390236854553
0.34396103024482727
-0.5026120543479919
1.1874878406524658
1.0883185863494873
-1.4546223878860474
0.10262715071439743
-0.2497260719537735
1.2389824390411377
-1.6858896017074585
-0.0843486338853836
-0.37675002217292786
0.010768750682473183
0.6108137369155884
1.8190165758132935
-1.8500750064849854
-0.07346124202013016
-2.0767369270324707
1.5253013372421265
0.7847328782081604
0.4960113763809204
0.07713613659143448
0.264858603477478
0.8276286125183105
-0.09822915494441986
-0.8700010180473328
-1.0572080612182617
0.5325691103935242
1.2148946523666382
0.03741573169827461
0.17298133671283722
0.14412228763103485
-1.361082911491394
-0.9957602620124817
-1.0191230773925781
-3.2847812175750732
0.21880538761615753
-0.8007867932319641
0.3568583130836487
0.707547664642334
0.15224599838256836
-0.39366331696510315
0.07097318023443222
0.9853491187095642
1.7737624645233154
-0.7969371676445007
0.12193644791841507
-0.9383897185325623
0.06384807825088501
-2.166303873062134
1.4497467279434204
-2.8157401084899902
-1.3089714050292969
0.4175211191177368
-0.12923021614551544
-0.9357738494873047
-2.764028310775757
0.1482149362564087
-0.21105483174324036
-0.26437926292419434
-0.2927362620830536
-0.32909971475601196
-0.8839748501777649
-0.4378573000431061
-1.7850006818771362
0.5542862415313721
2.0642731189727783
1.4628373384475708
-0.7481613755226135
0.953140139579773
-0.12216173112392426
2.212202548980713
0.1267053633928299
1.39161217212677
-0.1128799244761467
-0.06451969593763351
-0.4129664897918701
-1.9946368932724
-1.662250280380249
-0.7988585233688354
0.6004449725151062
0.2035408765077591
-0.5851180553436279
0.20072747766971588
-0.0394318588078022
-2.010730743408203
0.3564653992652893
0.2666291892528534
-0.34332212805747986
-0.7792226076126099
-2.4000439643859863
-0.09308519214391708
-0.9153193831443787
0.43133801221847534
-0.34821900725364685
0.021204151213169098
1.2430517673492432
-2.542691469192505
-1.5904377698898315
-0.23110951483249664
3.3498880863189697
-1.4806506633758545
-1.1921360492706299
-0.19259648025035858
-0.7459750771522522
0.3433409333229065
-0.5552088022232056
0.1923033744096756
-0.07806942611932755
0.442749559879303
-0.3826563060283661
-2.4713876247406006
-1.6082154512405396
0.24254858493804932
-0.06704830378293991
0.21152280271053314
0.4698399603366852
-0.9587622284889221
1.3237172365188599
-0.3922257125377655
-2.596222400665283
-0.11011053621768951
-1.6018575429916382
-1.2079997062683105
0.7480576038360596
-0.11931001394987106
0.2320246398448944
0.06653625518083572
-0.044711243361234665
1.0385921001434326
-0.044789914041757584
-1.9639712572097778
-1.5460491180419922
0.5965978503227234
-1.4010250568389893
2.0389721393585205
0.9840050935745239
-0.12776871025562286
-0.6705324649810791
0.014142238534986973
1.550337791442871
-0.15268637239933014
0.7294352054595947
-1.6501295566558838
-0.3249305188655853
-0.6497471332550049
-1.8158416748046875
0.04568418860435486
-1.47005295753479
-0.11093820631504059
1.447373628616333
0.26269614696502686
-0.058133501559495926
0.03226666525006294
1.2962521314620972
-2.5879898071289062
-0.2561000883579254
1.0116093158721924
-0.13656219840049744
-0.8041709661483765
-1.1750332117080688
1.2605127096176147
-0.36099642515182495
0.08511964231729507
1.00081205368042
-0.7789813280105591
-0.6474337577819824
0.16476312279701233
-0.20185567438602448
1.4420119524002075
-0.4573846757411957
-2.3750510215759277
0.11150100082159042
-0.6739033460617065
-1.2780463695526123
-1.4838422536849976
-4.199102878570557
-0.5249616503715515
-3.116560459136963
1.1135605573654175
1.5565303564071655
-0.2068333923816681
0.1505313217639923
1.518247127532959
-0.11297447979450226
0.7079163789749146
-0.21719926595687866
-2.067887306213379
0.00924594048410654
-2.3643245697021484
-0.7824164032936096
-0.11130449175834656
-0.9272345900535583
-2.5002479553222656
-0.2907014787197113
-1.4756871461868286
-0.17406514286994934
-1.7541195154190063
0.34337639808654785
0.012802492827177048
0.3827512264251709
0.05327519029378891
0.044217951595783234
-2.3499867916107178
-3.4375386238098145
0.006452786736190319
0.21373619139194489
1.4598782062530518
0.7833268642425537
-0.5004363059997559
-1.487239122390747
-0.2690848410129547
-0.6012493968009949
1.5905425548553467
0.12741892039775848
-0.9032638072967529
-1.818067193031311
0.9950416684150696
-0.09550707787275314
-0.9789926409721375
0.4085266888141632
0.9486451745033264
-1.7598365545272827
0.05451930686831474
0.19782096147537231
0.9619162082672119
-1.6745295524597168
-0.2447785884141922
-0.6012513041496277
0.17811070382595062
-0.599062442779541
0.6609143018722534
0.21529191732406616
-0.6544321775436401
-1.9324463605880737
-2.0341131687164307
1.4554020166397095
-0.3673749268054962
-0.4363439977169037
0.3019014000892639
-1.7776284217834473
0.22594882547855377
1.3683017492294312
0.8148190975189209
-0.11881674826145172
1.5821783542633057
0.06932441145181656
1.5659749507904053
-0.06739573180675507
-1.9759087562561035
-0.3211067020893097
-0.3813205361366272
1.3570581674575806
-0.6697453856468201
0.31362876296043396
-2.462141752243042
0.6129714846611023
-1.2375597953796387
-0.6760095357894897
1.294734001159668
-0.00809162762016058
0.22771035134792328
-1.6292126178741455
0.7902244329452515
0.27005183696746826
1.0572288036346436
-0.09917384386062622
-1.5504131317138672
-2.177694797515869
0.8313047885894775
-1.0950931310653687
1.3664551973342896
0.4381810128688812
0.7785242199897766
-0.4672795236110687
0.6785718202590942
1.4425660371780396
-1.2182440757751465
0.3383261263370514
-1.201257348060608
-2.815229892730713
0.0973803773522377
-0.20558875799179077
0.4471293091773987
-0.49687689542770386
-0.16193734109401703
0.004145079758018255
-0.5736761093139648
2.2241435050964355
-1.0098985433578491
-0.4947921931743622
-0.5769309997558594
1.3927819728851318
0.8046938180923462
-0.16759613156318665
-1.5968838930130005
0.05876435711979866
0.5454025864601135
-1.9909741878509521
0.40873420238494873
-3.2414562702178955
