-0.01644201949238777
-0.008969583548605442
0.13736307621002197
0.8347145915031433
-0.006419507320970297
0.003797102253884077
0.11021632701158524
-0.10376963764429092
0.001149574527516961
0.00041671228245832026
0.16809214651584625
-0.5686922073364258
0.0006656035548076034
0.19986438751220703
-0.13183167576789856
-0.3582964241504669
-0.010375752113759518
0.0071428995579481125
-0.07224864512681961
0.00903099961578846
-0.2386748492717743
-0.6587144732475281
-0.01951381005346775
0.11247162520885468
0.3149940073490143
0.14378267526626587
-0.7641907334327698
-0.1420370489358902
0.31283849477767944
-0.017191872000694275
-0.25739771127700806
-0.06299984455108643
0.0018023967277258635
0.0034367539919912815
0.021144947037100792
-0.45893752574920654
-0.010237577371299267
0.014016161672770977
-0.06085740774869919
0.04729675129055977
-0.05472966283559799
0.4176952838897705
-0.01789756491780281
-0.013368255458772182
0.03399420157074928
-0.12955252826213837
0.05599766969680786
-0.03372856229543686
0.44830620288848877
-0.6410970091819763
0.06417210400104523
-0.0054641892202198505
-0.0006505415076389909
-0.06630326062440872
-0.0058480435982346535
0.05384509265422821
-0.543471097946167
0.1481846421957016
-0.0023324210196733475
-0.016264716163277626
0.026613114401698112
-0.06975208222866058
0.08237582445144653
0.016525324434041977
-0.23705628514289856
-1.0550528764724731
-0.034647826105356216
-0.00983070395886898
-1.2654508352279663
-0.0023515690118074417
-0.0349847748875618
-0.0697215124964714
-0.015252135694026947
-0.7777401804924011
0.006016887724399567
-0.07826751470565796
0.004793224390596151
0.02965346910059452
-0.004765873774886131
-0.014485546387732029
-0.014111453667283058
-0.13625967502593994
-7.525971159338951e-05
-0.43576696515083313
0.11864142119884491
0.021227629855275154
-0.12815429270267487
-0.3965621888637543
-0.07643362134695053
-0.0050527374260127544
0.010888645425438881
-0.11782507598400116
-0.10171589255332947
-0.1684313416481018
0.23321565985679626
0.004288215655833483
0.1580124944448471
-0.16896255314350128
-0.04328519105911255
-0.005923891440033913
-0.08036184310913086
-0.8040568232536316
0.15367551147937775
-0.6343677043914795
0.04094399884343147
0.11970257014036179
-0.06047733500599861
-0.022192522883415222
0.07280116528272629
0.014721425250172615
0.33423319458961487
-0.5259603261947632
-0.0391739085316658
0.04562947526574135
0.05979494750499725
-0.04740028828382492
-0.01509964931756258
-0.10117074847221375
-0.013624314218759537
-0.0918004959821701
0.004621956963092089
-0.008488072082400322
0.32341867685317993
0.021508697420358658
0.12650305032730103
-0.025139767676591873
-0.631721556186676
-1.0983006954193115
0.11359553784132004
0.03625328093767166
-0.009953855536878109
0.0019470194820314646
-0.07944849878549576
0.8326531648635864
-0.05408821254968643
-0.05571143701672554
-0.0146415950730443
0.005765791516751051
0.033085841685533524
-0.019172336906194687
0.0617971271276474
-0.0031936888117343187
0.026049382984638214
-0.01301222387701273
0.0020149906631559134
0.03888135030865669
0.15371641516685486
-0.08921031653881073
-0.29621317982673645
-1.1180568933486938
0.8834754824638367
-0.05723324045538902
-0.4050264060497284
0.0012707120040431619
-1.176728367805481
-0.06963667273521423
0.4537681043148041
0.16529126465320587
0.0010528910206630826
-0.2006557285785675
-0.11480259150266647
-0.007379958406090736
0.006500930059701204
-1.0470253229141235
-0.00894000194966793
-0.13598406314849854
-0.07111944258213043
-0.003012770786881447
-0.10222968459129333
0.31586846709251404
0.009809914045035839
-0.0142567940056324
-0.1115150973200798
-0.07736209034919739
-0.09479856491088867
-0.023665104061365128
-0.48711925745010376
0.06851451098918915
0.015473778359591961
-0.08559168875217438
-0.06664721667766571
-0.07407012581825256
-0.00986840296536684
-4.3206257820129395
-0.13266636431217194
-0.08983007073402405
0.015653658658266068
-0.08516865223646164
-0.13243292272090912
0.09555385261774063
-0.021041030064225197
-0.0003554101276677102
-0.0031259183306246996
0.017365628853440285
-0.013228573836386204
0.06495461612939835
-0.017224011942744255
-0.0009813616052269936
0.02450217679142952
-0.4220130145549774
-0.0806378722190857
0.7525225877761841
-0.06182283163070679
-0.013221023604273796
0.0006076900172047317
-0.12147752940654755
-0.023420926183462143
0.10903189331293106
-0.0117215346544981
-0.09911605715751648
-0.0032447469420731068
-0.0019195056520402431
-0.6788445115089417
0.05071326345205307
-0.04417753219604492
0.00848651584237814
0.009935908950865269
-0.11062385886907578
-0.0915946215391159
-0.10338284075260162
0.2746972143650055
-0.0710679218173027
-0.003266192739829421
-0.14365097880363464
-0.0033628218807280064
-0.04512979835271835
-0.04913359135389328
0.00203700247220695
-0.019211914390325546
-0.11029147356748581
0.04468514397740364
0.013981567695736885
-0.0015680406941100955
0.10527461022138596
0.10686324536800385
0.005223102401942015
-0.006530392915010452
0.0534118227660656
-0.06868632137775421
-0.0014777739997953176
-0.04376919940114021
-0.046165674924850464
0.17385849356651306
-0.07122588157653809
-0.749149739742279
-0.19741496443748474
0.1657920777797699
-0.016762955114245415
0.04710160568356514
-0.013019796460866928
0.03355466201901436
-0.00026365858502686024
-0.04391292482614517
-0.08485803753137589
-0.014775482937693596
0.013066437095403671
-0.05093880742788315
-0.06591750681400299
0.09887048602104187
0.01688738912343979
-0.20480425655841827
-0.03519545868039131
0.20873089134693146
-0.9657852649688721
0.1899852454662323
0.03439438343048096
-0.6638996005058289
-0.026168696582317352
-0.07099813222885132
-0.010109110735356808
-0.06519457697868347
-0.4485180377960205
-0.09965869039297104
0.018395155668258667
-0.0008230827515944839
-0.03556856885552406
-0.06051028519868851
-0.003419330343604088
-0.08138200640678406
-0.013849765062332153
-0.08508946001529694
-0.007508974988013506
0.019361937418580055
0.06822174042463303
0.29919934272766113
-0.00401622848585248
-0.08762349933385849
-0.060519326478242874
0.010565029457211494
-0.08268418908119202
-0.04766492545604706
-0.03540069982409477
0.018618453294038773
-0.14115175604820251
-0.04352192208170891
0.015537864528596401
-0.7863606214523315
0.0027777438517659903
-0.022153785452246666
-0.10289619863033295
-0.42669054865837097
-0.11922230571508408
-0.08980574458837509
0.08402200043201447
0.6058680415153503
-0.11362117528915405
-0.0006516518187709153
-0.0060725221410393715
0.7047284245491028
-0.118939608335495
-0.0027429566252976656
0.001978055341169238
0.1087975949048996
0.00752765079960227
0.47903430461883545
-0.011971664614975452
-0.03851828724145889
-0.05493907630443573
-0.12199845165014267
-0.15469233691692352
-0.0016301573486998677
0.15616552531719208
0.19419480860233307
-0.09048127382993698
0.0008775684400461614
0.5639123916625977
-0.03816880285739899
-0.03852130472660065
0.8192442655563354
0.23367749154567719
-0.6157522201538086
-0.008439596742391586
-0.12459657341241837
0.14644403755664825
0.02941928431391716
-0.6926520466804504
0.03649519011378288
-0.03139404207468033
-0.07876600325107574
-0.027682475745677948
-0.07918718457221985
-0.0018309891456738114
-0.7628458738327026
0.002676526317372918
-0.24450421333312988
-0.11411558091640472
-0.03197528421878815
-0.011146873235702515
-0.1631125509738922
-0.020276112481951714
-0.026568956673145294
-0.0623486191034317
-0.549770712852478
0.0079868258908391
0.4100269675254822
0.012309645302593708
-0.3696707785129547
0.008557295426726341
0.13425371050834656
-0.6928951740264893
0.09899529814720154
0.0030754967592656612
-0.006085908506065607
-0.041256826370954514
0.05661601200699806
0.015213912352919579
-0.02063918486237526
-0.0009606004459783435
-0.0066887796856462955
-0.2918521761894226
0.01006672065705061
-1.162941813468933
0.08540373295545578
0.0018278235802426934
-0.04192245379090309
0.07285753637552261
-0.3232825994491577
0.001404875423759222
-0.12848283350467682
-0.0007394712301902473
0.01770085282623768
-0.006812903098762035
-0.07507434487342834
-0.057400938123464584
