1.1669386625289917
1.371375322341919
1.1903153657913208
0.9983250498771667
2.4115095138549805
0.6951457858085632
0.730078399181366
0.4577498435974121
1.3010627031326294
1.172306776046753
0.8431007862091064
1.03804612159729
1.495949625968933
1.0954008102416992
1.227657437324524
1.7408757209777832
1.2519595623016357
1.7389425039291382
1.436941385269165
3.5451719760894775
0.5122053027153015
1.881364107131958
4.672830581665039
1.311266303062439
1.2187772989273071
2.4248576164245605
1.901934266090393
0.46357572078704834
1.1664172410964966
4.902000904083252
0.8020130395889282
1.511428952217102
2.7266845703125
1.3417452573776245
0.47242510318756104
1.2399028539657593
1.1107840538024902
0.7723492383956909
0.6829707026481628
0.8370150327682495
0.9316394925117493
0.6017006039619446
0.19094061851501465
1.2855279445648193
0.7862881422042847
1.3168245553970337
1.3240199089050293
1.459468126296997
1.7451720237731934
2.157904863357544
0.8007571697235107
3.5213069915771484
1.655505895614624
0.18706727027893066
1.2092663049697876
0.8447372913360596
1.0250861644744873
1.1522446870803833
0.8605839610099792
1.9679783582687378
1.18478524684906
1.3861027956008911
1.1349658966064453
1.4907056093215942
0.9275322556495667
1.3413057327270508
3.541175127029419
6.177515506744385
1.2642687559127808
1.6255422830581665
2.8698952198028564
2.1066834926605225
3.6680331230163574
2.274358034133911
0.3797670602798462
1.2130887508392334
0.8224503993988037
0.6242159008979797
3.8702335357666016
0.8062065243721008
1.3636151552200317
3.3452401161193848
1.6497570276260376
1.5264710187911987
0.7958147525787354
0.7459856867790222
1.494114875793457
1.5824099779129028
0.7220519185066223
1.2608635425567627
0.5669078230857849
1.4066810607910156
0.4844712018966675
1.0548354387283325
0.6446477174758911
3.0769219398498535
1.1890662908554077
1.6483221054077148
1.819231629371643
1.2271981239318848
0.9192713499069214
2.20318341255188
0.9625651240348816
2.1111061573028564
1.3041625022888184
1.2919018268585205
1.4119914770126343
1.6139758825302124
1.5950301885604858
1.1355717182159424
1.200067162513733
2.047305107116699
4.704338550567627
1.2250500917434692
1.338415503501892
0.8136547803878784
0.5451371669769287
0.7612140774726868
3.051426410675049
1.4057729244232178
0.4667680263519287
1.1017069816589355
1.2642228603363037
1.375097393989563
1.7458181381225586
1.9582903385162354
1.7513651847839355
1.8243097066879272
1.3516095876693726
5.532804012298584
0.5119447708129883
2.499238967895508
0.4935333728790283
1.56568443775177
0.5924057960510254
1.2129796743392944
2.224055767059326
0.5966076850891113
0.9360239505767822
3.053558349609375
1.223853588104248
1.6124229431152344
0.8321313261985779
0.8608167171478271
0.4115603566169739
1.3008238077163696
1.4179080724716187
1.4946216344833374
0.5964176058769226
1.3024979829788208
1.5783352851867676
1.829721212387085
1.6060128211975098
0.7539169192314148
1.5573112964630127
1.0937472581863403
1.7657639980316162
0.7967907786369324
1.0424023866653442
1.1799359321594238
0.7443404793739319
0.6656785011291504
0.44395726919174194
2.4746618270874023
1.1947470903396606
0.42114365100860596
2.311408042907715
1.2323471307754517
0.667523980140686
0.9599822163581848
0.5796259045600891
1.322589635848999
0.9859203100204468
0.46142709255218506
0.4682246446609497
0.8822736740112305
3.224912405014038
1.216387152671814
1.4226009845733643
0.9748657941818237
0.8810024857521057
0.5936846137046814
2.087247133255005
1.0980254411697388
0.7879984378814697
0.6315064430236816
4.934353351593018
0.9971076250076294
0.6419264078140259
1.0666171312332153
2.2269060611724854
1.4599331617355347
1.1038341522216797
3.2355668544769287
2.1213159561157227
0.5088391900062561
1.442124843597412
1.119411587715149
1.1634526252746582
1.968727707862854
3.614393949508667
1.5408984422683716
3.319152355194092
3.4830448627471924
2.533383369445801
0.7878724932670593
1.5954962968826294
2.4730799198150635
1.462888479232788
1.9991846084594727
1.4200422763824463
1.429755687713623
2.2806317806243896
0.9344627261161804
0.7446695566177368
0.6039344072341919
1.2451512813568115
1.3037679195404053
1.3704279661178589
1.4106019735336304
1.4139995574951172
1.0974020957946777
1.8091983795166016
1.3901793956756592
1.0452574491500854
1.7095457315444946
1.6989706754684448
3.680622100830078
0.5630935430526733
0.7407463788986206
1.2772964239120483
1.9803297519683838
1.0836222171783447
3.2455835342407227
1.236858606338501
0.937862753868103
3.8137950897216797
2.741119146347046
2.201127052307129
1.3651481866836548
2.347153663635254
1.4235813617706299
1.7775397300720215
0.5610513091087341
2.238964080810547
1.0406999588012695
1.2328804731369019
1.7060520648956299
0.6722263693809509
3.5289714336395264
1.2776519060134888
1.6662375926971436
1.226183533668518
1.3899401426315308
2.541008472442627
1.8655956983566284
0.645746111869812
0.9289906024932861
1.9604978561401367
1.8770930767059326
1.366133451461792
2.578845739364624
0.8490634560585022
1.5965989828109741
1.4487231969833374
1.8530137538909912
1.4408127069473267
1.4611141681671143
1.0528128147125244
1.758985996246338
1.0150343179702759
1.946911334991455
1.4598461389541626
0.4327594041824341
1.5337084531784058
0.7447636127471924
1.369857907295227
1.4349323511123657
0.6203091740608215
0.83033287525177
0.5526137948036194
1.070766806602478
1.236014723777771
1.1868197917938232
1.7192038297653198
2.265636920928955
0.7832950949668884
3.3650946617126465
4.304561614990234
1.959466814994812
2.141434907913208
1.8124159574508667
1.698379397392273
0.6105399131774902
1.6438937187194824
2.9916396141052246
1.2708542346954346
1.5541911125183105
2.5970005989074707
0.49687957763671875
0.7056949734687805
0.5593003630638123
1.1155332326889038
1.3477802276611328
1.484237551689148
0.6480275392532349
1.43875253200531
1.059569001197815
0.8808923363685608
0.7910698056221008
0.7093784809112549
0.7957963943481445
1.189199447631836
0.9467261433601379
1.1199886798858643
2.7322440147399902
0.18368202447891235
2.0452322959899902
0.41187000274658203
1.1373064517974854
0.5062443614006042
1.3055745363235474
1.2301833629608154
1.3691879510879517
1.120375633239746
1.005562424659729
1.5272425413131714
1.2164244651794434
1.2839728593826294
1.4274147748947144
1.2038803100585938
0.3777174949645996
0.6404119729995728
1.474730372428894
1.4832838773727417
1.5241446495056152
1.7687978744506836
1.3228847980499268
1.4408693313598633
1.3261778354644775
0.7663846015930176
0.5002633929252625
1.3335278034210205
1.3295177221298218
0.750720202922821
0.5028665065765381
1.3076679706573486
1.2078304290771484
1.4649518728256226
1.3830983638763428
2.8184170722961426
1.7421221733093262
1.5907106399536133
3.521982431411743
1.0852739810943604
1.2732102870941162
1.094234585762024
0.5178595781326294
0.7928855419158936
1.69754159450531
0.7671436667442322
0.8783590197563171
1.2523181438446045
1.0408622026443481
1.3027422428131104
1.360635757446289
1.156369686126709
1.124433159828186
2.950801372528076
2.3890326023101807
0.7983635067939758
1.6841810941696167
0.5682348012924194
0.686742901802063
0.501139760017395
0.7076685428619385
0.967781662940979
3.7510852813720703
0.4351491928100586
1.4819210767745972
1.1907830238342285
3.4754209518432617
0.5647591948509216
1.3425358533859253
