0.002255678176879883
0.008882105350494385
0.012313008308410645
0.3310350179672241
0.004018545150756836
0.028092920780181885
0.13192975521087646
0.009863853454589844
0.0022066235542297363
0.005617916584014893
0.12459391355514526
0.36969125270843506
0.0015499591827392578
0.10931974649429321
0.003696143627166748
0.29626762866973877
0.003752410411834717
0.029815375804901123
0.01817077398300171
0.236649751663208
0.06653666496276855
0.966931164264679
0.03507155179977417
0.2347804307937622
0.2765998840332031
0.23827612400054932
1.3071227073669434
0.004507839679718018
0.3093358278274536
0.0044710636138916016
0.5274989604949951
0.0038926005363464355
0.004913508892059326
0.00761336088180542
0.041318535804748535
0.20744258165359497
0.0017361044883728027
0.009259819984436035
0.0041124820709228516
0.2603079080581665
0.04638272523880005
0.07889962196350098
0.004062652587890625
0.006914317607879639
0.055206477642059326
0.004750549793243408
0.007162213325500488
0.004687249660491943
0.4557642340660095
0.44459211826324463
0.004377841949462891
0.0018221139907836914
0.004140734672546387
0.0021068453788757324
0.0016157031059265137
0.08940589427947998
0.09409224987030029
0.06891030073165894
0.0013625621795654297
0.0035588741302490234
0.09349548816680908
0.008175134658813477
0.0861668586730957
0.049021363258361816
0.14982503652572632
0.1420053243637085
0.020170927047729492
0.03676950931549072
0.9555096626281738
0.0027039051055908203
0.02633911371231079
0.0043402910232543945
0.025754213333129883
0.5516676902770996
0.04654121398925781
0.022635340690612793
0.004483997821807861
0.11104792356491089
0.011446714401245117
0.0060721635818481445
0.007332563400268555
0.011584579944610596
0.0086250901222229
0.4289780855178833
0.021527886390686035
0.005295693874359131
0.044074058532714844
0.06296706199645996
0.05571472644805908
0.003834068775177002
0.04934811592102051
0.0718456506729126
0.004578530788421631
0.12258511781692505
0.28069329261779785
0.012991011142730713
0.038863420486450195
0.09778046607971191
0.014727950096130371
0.0051898956298828125
0.013310611248016357
0.2973635792732239
0.031155109405517578
0.9176451563835144
0.005820512771606445
0.026971399784088135
0.03154200315475464
0.0050334930419921875
0.0884702205657959
0.0438462495803833
0.3107520341873169
0.02070462703704834
0.04295790195465088
0.008255183696746826
0.005666136741638184
0.014818668365478516
0.05913454294204712
0.004366874694824219
0.028749287128448486
0.004385113716125488
0.019383609294891357
0.012814104557037354
0.10273051261901855
0.003429412841796875
0.1485857367515564
0.0036295056343078613
0.3749801516532898
0.12622570991516113
0.114116370677948
0.05663019418716431
0.02380847930908203
0.006345689296722412
0.005791664123535156
0.8879285454750061
0.009067058563232422
0.004215359687805176
0.005952954292297363
0.0018111467361450195
0.017710506916046143
0.006508827209472656
0.0075800418853759766
0.0015658140182495117
0.0032126307487487793
0.03126043081283569
0.01572561264038086
0.0616685152053833
0.22141146659851074
0.01578807830810547
0.16814875602722168
0.24828386306762695
0.7530789375305176
0.0083199143409729
0.06611526012420654
0.006670594215393066
0.35328173637390137
0.01729261875152588
0.3803063631057739
0.12756454944610596
0.0018448829650878906
0.4060724377632141
0.005523204803466797
0.003612995147705078
0.03914916515350342
2.5368824005126953
0.0053865909576416016
0.12388664484024048
0.004575788974761963
0.005882322788238525
0.00531160831451416
0.23800170421600342
0.035660743713378906
0.0036466121673583984
0.00982123613357544
0.01249915361404419
0.0588688850402832
0.056738853454589844
0.3692972660064697
0.11272644996643066
0.005693376064300537
0.11509418487548828
0.020353615283966064
0.025055766105651855
0.021120548248291016
1.0304275751113892
0.002524733543395996
0.006569385528564453
0.10995548963546753
0.007571756839752197
0.035278499126434326
0.14656072854995728
0.020914077758789062
0.0029599666595458984
0.009810030460357666
0.037893712520599365
0.017509937286376953
0.006218314170837402
0.00281679630279541
0.0017524361610412598
0.005002498626708984
0.39629316329956055
0.08464014530181885
0.7098125219345093
0.07270711660385132
0.029688656330108643
0.002543032169342041
0.0019544363021850586
0.029391705989837646
0.3426096439361572
0.009980738162994385
0.007431447505950928
0.0034246444702148438
0.002067089080810547
0.2382846474647522
0.03916746377944946
0.024587571620941162
0.004965066909790039
0.015283703804016113
0.009579122066497803
0.1500299572944641
0.05006587505340576
0.22793030738830566
0.06375634670257568
0.001740574836730957
0.11741441488265991
0.0017501115798950195
0.01640796661376953
0.009104371070861816
0.025558173656463623
0.028599441051483154
0.0027686357498168945
0.017361998558044434
0.06356322765350342
0.001344144344329834
0.2637990713119507
0.006392776966094971
0.0014628767967224121
0.004179894924163818
0.29717040061950684
0.005035579204559326
0.0020439624786376953
0.040867626667022705
0.003760218620300293
0.25110727548599243
0.019990146160125732
0.5541412830352783
0.23820072412490845
0.12672370672225952
0.04366600513458252
0.0072290897369384766
0.010654926300048828
0.004912197589874268
0.01719343662261963
0.10318440198898315
0.009048163890838623
0.05126076936721802
0.005286157131195068
0.0036411285400390625
0.002547740936279297
0.012645363807678223
0.06972771883010864
0.24668735265731812
0.01020127534866333
0.08958762884140015
0.78268963098526
0.267622172832489
0.010892510414123535
0.1884315013885498
0.004175364971160889
0.07093745470046997
0.0015279650688171387
0.01207822561264038
0.42341238260269165
0.004374563694000244
0.016052722930908203
0.0029172897338867188
0.05965214967727661
0.010385870933532715
0.0031656622886657715
0.01576310396194458
0.010523319244384766
0.003522515296936035
0.003464221954345703
0.0056247711181640625
0.007428288459777832
0.3352926969528198
0.002391815185546875
0.0076577067375183105
0.023987293243408203
0.013044297695159912
0.0054048895835876465
0.11565637588500977
0.022038161754608154
0.1694622039794922
0.0025891661643981934
0.006314218044281006
0.04584223031997681
0.10897946357727051
0.002328336238861084
0.014807581901550293
0.006128251552581787
0.18027275800704956
0.05617940425872803
0.004576683044433594
0.02853602170944214
0.2068914771080017
0.004353761672973633
0.006880640983581543
0.0051566362380981445
0.6010265946388245
0.004490971565246582
0.015948832035064697
0.00846099853515625
0.014813423156738281
0.053814053535461426
0.2834736704826355
0.009246408939361572
0.035340070724487305
0.009493350982666016
0.012376010417938232
0.05713909864425659
0.022618472576141357
0.13584017753601074
0.04739326238632202
0.0072054266929626465
0.005879342555999756
0.24582630395889282
0.018418490886688232
0.004344046115875244
0.10758602619171143
0.15801572799682617
0.26036953926086426
0.029206514358520508
0.00433504581451416
0.20756351947784424
0.03459745645523071
0.06856590509414673
0.049330055713653564
0.11506813764572144
0.009788691997528076
0.02157914638519287
0.016651272773742676
0.009332597255706787
0.5864606499671936
0.003152012825012207
0.20545542240142822
0.00395280122756958
0.022973299026489258
0.004455268383026123
0.04213911294937134
0.005998790264129639
0.015982210636138916
0.01859450340270996
0.4322012662887573
0.07508140802383423
0.2523847222328186
0.013503730297088623
0.10747641324996948
0.07958990335464478
0.044047772884368896
0.24728155136108398
0.00337904691696167
0.004037082195281982
0.04674553871154785
0.5676372647285461
0.006688833236694336
0.0015077590942382812
0.009980559349060059
0.014749109745025635
0.008405327796936035
0.22464191913604736
0.006241559982299805
0.41421544551849365
0.1407308578491211
0.007950127124786377
0.05499762296676636
0.1661292314529419
0.13301599025726318
0.03157389163970947
0.023331522941589355
0.003916323184967041
0.016539812088012695
0.023468375205993652
0.01363670825958252
0.0037093162536621094
