-0.8186595439910889
-2.083503246307373
-1.5776309967041016
1.1172410249710083
-1.0485481023788452
-0.002407483523711562
-0.6746708750724792
0.5590565800666809
-1.030441164970398
-0.5876417756080627
0.07555535435676575
0.530396580696106
-1.076585054397583
0.24342694878578186
-2.290189266204834
-0.34751343727111816
-0.9658090472221375
-0.6824722290039062
-0.652509868144989
-0.8452743887901306
0.6115390658378601
-0.506038248538971
-2.3402554988861084
0.47954925894737244
0.05026588961482048
-0.7494210004806519
-0.5985262989997864
0.41895627975463867
0.12787386775016785
-2.7517318725585938
1.424164056777954
0.6588561534881592
-1.0856480598449707
-0.4556882381439209
0.3038504719734192
0.8932627439498901
-0.43963494896888733
1.0717989206314087
1.1132014989852905
-0.2223181575536728
0.03502916917204857
1.2960302829742432
1.2050055265426636
-1.3150306940078735
-0.4185512065887451
0.20691058039665222
-1.049309253692627
-1.3573830127716064
0.3239096701145172
-1.0535666942596436
1.0994476079940796
-1.5866121053695679
-0.7373437881469727
1.4761333465576172
-0.17486341297626495
-0.7843018174171448
-0.36828768253326416
-1.538906455039978
0.39332476258277893
-2.5536205768585205
-0.841559648513794
-0.7401034235954285
1.119184970855713
0.14028990268707275
0.7805339097976685
-0.2052808403968811
-1.6617120504379272
-1.7935481071472168
0.06031041964888573
-1.0117930173873901
-1.6249972581863403
0.15161873400211334
-1.273325800895691
-1.4603840112686157
0.5957502126693726
0.49205830693244934
0.12504658102989197
-0.013171778991818428
-1.8146142959594727
-0.37287068367004395
-1.1328383684158325
-3.150141477584839
-0.8400691747665405
-0.43742141127586365
1.0499218702316284
0.9387245774269104
-1.5523370504379272
0.6824585795402527
-1.3048745393753052
-1.1456551551818848
-0.012403503060340881
-1.4560354948043823
0.520342230796814
0.7669399380683899
0.37258273363113403
-1.391254186630249
-2.0748395919799805
-1.5502973794937134
-0.27316462993621826
-1.5881487131118774
0.2045769840478897
-1.969871163368225
0.8201281428337097
-0.22633178532123566
-1.7669312953948975
-2.1185312271118164
-1.2873286008834839
-1.3398913145065308
-0.08329657465219498
-0.025330478325486183
0.5321478247642517
-0.3658874034881592
-2.3441505432128906
-1.1086724996566772
1.3739428520202637
0.15975947678089142
-0.31153595447540283
-0.2912599742412567
-0.3348691463470459
-0.08019481599330902
0.7526133060455322
-1.2759839296340942
0.3139907717704773
0.6849653720855713
-0.28000569343566895
0.6453122496604919
-0.7716570496559143
-1.997173547744751
0.08047622442245483
-1.1643924713134766
0.4304129481315613
-1.1080677509307861
0.2418423891067505
1.666723608970642
0.20831750333309174
0.3842974007129669
-1.326744794845581
0.9046601057052612
1.333534836769104
-0.6518366932868958
-1.807631015777588
-1.0940406322479248
1.104167103767395
1.0654972791671753
0.4792686104774475
-0.1727360635995865
-0.3680577576160431
-1.8673328161239624
0.32006192207336426
0.2828041613101959
0.8650516271591187
-2.4393889904022217
-0.9571895003318787
-0.44778671860694885
-1.2860605716705322
0.3838014602661133
0.39077866077423096
-0.4441032111644745
-0.31437498331069946
0.8993692994117737
-0.03668992966413498
0.2591816186904907
0.2748558521270752
-0.8391982316970825
-0.9186530113220215
0.9193370938301086
-0.44395712018013
-1.2827725410461426
-1.0659838914871216
-0.06280212104320526
0.382709264755249
-0.8222208619117737
-1.7976841926574707
-0.08269057422876358
1.0845140218734741
0.7888191938400269
-1.3973209857940674
-1.3282219171524048
-0.6468555927276611
-0.004307718016207218
0.2901747524738312
0.19129420816898346
-0.4095577299594879
-0.40733736753463745
0.20607922971248627
-0.5854292511940002
-2.550062417984009
-1.5925594568252563
0.6393381953239441
-0.5195783972740173
-0.9981077909469604
-0.7975918650627136
-1.2546203136444092
-0.6167826652526855
0.0405363030731678
1.2244503498077393
-1.3576728105545044
-0.3558807075023651
-0.7438749670982361
0.41084668040275574
-0.7042572498321533
0.9345536231994629
-0.5737366080284119
0.12210265547037125
-1.2830119132995605
0.2044554352760315
-0.12315120548009872
-0.3084440231323242
-0.1798030138015747
-1.4932337999343872
-1.2005127668380737
-1.2332676649093628
-1.7654056549072266
-0.46054184436798096
-0.3787812292575836
0.3985362648963928
-1.059266448020935
-0.6260765790939331
-0.6255173087120056
-1.3766313791275024
-0.0270069669932127
0.849134087562561
-2.043292999267578
-0.9601463675498962
-0.23374351859092712
-1.8095240592956543
-0.15418894588947296
-1.5217286348342896
0.19663569331169128
0.28349462151527405
-1.9798266887664795
0.37064650654792786
-0.038136765360832214
-0.7495392560958862
-1.3049219846725464
-0.16447849571704865
-1.661255121231079
-0.7914735674858093
0.21243080496788025
-0.4789288640022278
-1.6351219415664673
-1.3832569122314453
-0.3254462480545044
-0.08509554713964462
-0.7677043080329895
0.08331804722547531
-2.1379098892211914
-2.4044692516326904
1.0921047925949097
-1.8489962816238403
0.7851986289024353
-1.840018391609192
-0.5382277965545654
-2.460536003112793
-0.14048051834106445
-1.1138339042663574
0.43372976779937744
-1.2081483602523804
1.0666980743408203
0.2266768515110016
0.5702381134033203
-0.10079323500394821
-0.38955000042915344
-0.4727148115634918
0.3989933431148529
-0.32213151454925537
0.9889653325080872
-1.2721461057662964
-0.4036872088909149
-1.770498275756836
0.13364696502685547
-0.3869960308074951
-0.9933093786239624
1.1590726375579834
-0.5645509362220764
-1.429404377937317
0.04187041521072388
-0.8892501592636108
0.28791454434394836
1.0379678010940552
0.28783389925956726
-0.4795917868614197
-1.2921260595321655
-1.9018045663833618
0.3716064691543579
-1.292104959487915
0.2211802750825882
-1.0326406955718994
-2.58777117729187
-0.3858402371406555
-1.1351717710494995
-2.3446543216705322
-0.3163926303386688
0.6001629829406738
-0.6977153420448303
-0.9259968400001526
0.01120035070925951
-0.9073869585990906
-0.9348731637001038
0.15218445658683777
0.3137207329273224
0.7409932613372803
-2.418290853500366
-0.8772180676460266
-1.6437113285064697
-0.058881815522909164
-0.6155622601509094
-0.5841273069381714
1.001185655593872
0.25441277027130127
0.9961060881614685
0.21116891503334045
-1.8620774745941162
-0.34587550163269043
-2.0484390258789062
-1.7494369745254517
1.3800127506256104
0.06436523795127869
0.3258110284805298
-0.7237799763679504
0.7651035189628601
-0.39897993206977844
-1.8314028978347778
0.09902023524045944
-0.7105133533477783
0.7928703427314758
-1.0774035453796387
-1.5822668075561523
-1.4581551551818848
-0.14388318359851837
0.5442482233047485
0.5245875120162964
0.20366349816322327
-0.420721173286438
-0.9254344701766968
-1.4982913732528687
-0.3353936970233917
-0.7340660095214844
-0.0012414518278092146
-1.0325742959976196
0.31351056694984436
0.6602014899253845
0.20530276000499725
-1.5328352451324463
0.968184232711792
0.5592324733734131
-1.2246589660644531
-1.3952507972717285
-1.9737062454223633
-1.7289973497390747
-1.0019148588180542
-0.27930161356925964
-0.38620248436927795
-0.525124192237854
0.6953379511833191
-2.001044988632202
0.48257502913475037
0.8102867007255554
0.7692575454711914
0.36135581135749817
0.5129204392433167
-0.04013979062438011
0.02408675290644169
-2.9093401432037354
-1.6143215894699097
-1.1383899450302124
-1.2230373620986938
-0.39731892943382263
-1.4953457117080688
-0.37150081992149353
0.163425013422966
-1.3470112085342407
0.11906733363866806
0.5598419308662415
1.0875593423843384
0.1587778478860855
0.599848210811615
-1.984980583190918
0.5621846914291382
-1.1420620679855347
-0.759409487247467
-0.7860185503959656
0.44502583146095276
-0.5453413128852844
