0.5728891491889954
0.974585235118866
0.7758268117904663
-1.6735035181045532
-0.30207279324531555
0.8320822715759277
-0.6633063554763794
0.8601155281066895
0.8274162411689758
1.1120508909225464
-0.8987267017364502
-2.215254783630371
0.45587319135665894
-0.19642287492752075
-0.6331399083137512
-0.06568397581577301
0.4877943694591522
-0.2823576033115387
-0.20550504326820374
-0.2699916362762451
0.5953980684280396
1.2373857498168945
-1.2925280332565308
-0.1568962037563324
-1.8639856576919556
-0.8304893374443054
1.2047199010849
1.1185156106948853
-3.0627317428588867
-1.3413457870483398
-1.2187844514846802
-1.0886510610580444
-0.14951466023921967
0.20034468173980713
0.7880859375
-2.376006603240967
0.8482345938682556
0.3852667510509491
-2.6665637493133545
0.7293416261672974
0.6833071708679199
-1.9843299388885498
1.1252397298812866
0.7559210658073425
0.625970184803009
-1.928072452545166
0.7352750897407532
0.9559926986694336
-2.4713358879089355
0.16394682228565216
-0.04855433851480484
-0.9670881628990173
0.3386792838573456
-0.25812679529190063
0.2931051552295685
-1.2293205261230469
0.46595466136932373
0.955800473690033
-0.7739927172660828
1.146864891052246
0.49429163336753845
-0.8946376442909241
-1.7398464679718018
-0.013046066276729107
-1.0692641735076904
-1.4802650213241577
0.24987390637397766
-1.818057894706726
0.012363889254629612
0.28778478503227234
-1.1128486394882202
-1.4297685623168945
-1.3424800634384155
0.744728147983551
0.6917241215705872
-1.0332993268966675
1.071007251739502
-0.7556830048561096
-1.2187213897705078
0.8861026167869568
0.35364264249801636
-0.5110854506492615
0.08863373845815659
0.44086185097694397
-1.58906090259552
-1.125630497932434
1.1830638647079468
-2.8537862300872803
-0.49297288060188293
0.637738049030304
0.7950490117073059
0.7070135474205017
1.1020703315734863
-1.2961233854293823
0.7026592493057251
-0.34361305832862854
0.7108445763587952
0.8870335221290588
-0.7771444320678711
0.8346747159957886
0.6731446981430054
0.729611873626709
-0.7103390693664551
0.3155386447906494
0.9812688231468201
0.8674864172935486
0.5335319638252258
0.8578596711158752
-1.3429862260818481
-1.3284770250320435
-0.8520313501358032
-1.0308349132537842
-0.8249784708023071
0.660686731338501
1.6598165035247803
0.536319375038147
-0.2236049324274063
-0.4136773943901062
-0.35878419876098633
-1.7284228801727295
1.0507845878601074
0.769804835319519
-0.541782021522522
-1.0051053762435913
-0.4299636781215668
-0.6028942465782166
0.5222896933555603
0.16191403567790985
-0.21818695962429047
-2.0090882778167725
0.8122943043708801
-0.010929985903203487
1.0095206499099731
-2.577378273010254
-0.29789018630981445
-0.8467283248901367
-0.23886099457740784
0.38035017251968384
-1.5216896533966064
-1.3470181226730347
0.36886152625083923
0.9236180186271667
-1.0883255004882812
-1.5767979621887207
0.3415960371494293
-0.5606549978256226
-1.1201353073120117
-1.253727674484253
0.9014616012573242
0.6104081869125366
-1.2249561548233032
0.5922159552574158
0.40817689895629883
0.4803617000579834
0.7028735876083374
0.4601579010486603
-1.2336232662200928
0.5604303479194641
0.678704023361206
-2.2419748306274414
0.29708170890808105
0.8068694472312927
0.6637135744094849
1.5427519083023071
0.5243709683418274
0.43449071049690247
-0.7313768863677979
0.3746492564678192
-0.4932536780834198
-1.0545108318328857
0.03402125835418701
0.7320032715797424
-0.1047295406460762
-1.1021347045898438
0.35825997591018677
-0.13633929193019867
0.3725985586643219
-1.1156947612762451
-2.555811643600464
0.6528109312057495
-0.3440301716327667
0.061354994773864746
-0.29437991976737976
0.7356680035591125
1.349022626876831
-0.3629899024963379
-1.370047926902771
-0.7841822504997253
1.0460803508758545
0.3981356918811798
-1.030099868774414
0.49012303352355957
0.8956044912338257
-1.4449719190597534
-0.7395542860031128
-2.258608818054199
0.7606244087219238
0.4006279706954956
0.6518921852111816
0.30828753113746643
0.1867779642343521
-1.6830679178237915
-0.24711735546588898
-1.2537893056869507
-0.04742513224482536
1.3592311143875122
-0.8051548600196838
-0.737657368183136
-0.5839842557907104
-1.2275218963623047
0.8944047689437866
0.9826045632362366
1.3412714004516602
0.12677358090877533
-0.4928589463233948
0.5736223459243774
1.1770092248916626
-0.24761606752872467
0.7625412344932556
0.311941921710968
-0.17775487899780273
-0.966939389705658
0.9536960124969482
0.7354235649108887
0.600255012512207
0.8814831972122192
-0.9470341801643372
-1.3224878311157227
0.44125300645828247
0.903937578201294
1.321683645248413
-0.2423238456249237
0.377655565738678
-1.376182198524475
-0.3386276364326477
0.8350276947021484
-0.7212375402450562
-0.8940743803977966
-1.2060612440109253
1.1020660400390625
-0.30031564831733704
0.7545527815818787
-1.0603524446487427
-0.7476896047592163
-2.2385990619659424
0.9482646584510803
-0.12168396264314651
1.206519365310669
-0.06982413679361343
-0.8547993898391724
-1.1571078300476074
-1.3375458717346191
0.9807726144790649
0.40829572081565857
-0.7199909687042236
0.4546348750591278
0.061474621295928955
0.3530891537666321
-2.130666494369507
0.9391348361968994
-1.0329532623291016
-1.489496111869812
0.562996506690979
-0.12762770056724548
0.11808113753795624
-0.7439999580383301
-0.11155711859464645
0.8155885338783264
0.9251626133918762
1.1087710857391357
-0.4889615774154663
-0.203624427318573
-0.9676810503005981
-1.1797351837158203
-0.27196168899536133
-1.0826669931411743
-0.5494733452796936
0.9669350981712341
0.3950421214103699
-1.669731855392456
0.69605952501297
0.6555414795875549
1.078993797302246
0.9626458883285522
-0.5160938501358032
-0.10245832055807114
0.056954361498355865
-0.6100082993507385
-1.2506330013275146
-2.2789645195007324
0.29270049929618835
1.2276407480239868
-1.7957674264907837
0.5961011052131653
-1.4876784086227417
-1.4207203388214111
-0.014006059616804123
0.19628986716270447
-1.1828051805496216
-0.2646787166595459
0.7736018896102905
-0.10399491339921951
0.3443741798400879
0.8195537328720093
1.113745927810669
-0.7020211219787598
-0.3467622399330139
0.9395766258239746
-2.0255117416381836
0.41175952553749084
0.8056010007858276
1.1855363845825195
1.135219931602478
-0.4712068438529968
1.0652689933776855
-0.28114408254623413
-0.949954092502594
-1.2532321214675903
1.0190577507019043
0.7202597856521606
0.9975124001502991
-0.8254358768463135
1.3379319906234741
-0.9658487439155579
0.8288489580154419
-1.1083248853683472
0.32845890522003174
0.5429679155349731
0.4012357294559479
-1.3147822618484497
-0.585387110710144
0.45785680413246155
-0.5153765678405762
-0.48091644048690796
0.0647796094417572
0.48275214433670044
-0.10933440178632736
0.2562602460384369
-0.33535152673721313
0.11191431432962418
-1.549627661705017
0.9201308488845825
-1.5486369132995605
1.0812801122665405
-0.8550888299942017
1.0740231275558472
0.6801379323005676
0.6382493376731873
0.8391329646110535
0.9390683174133301
-2.353464126586914
-2.328795909881592
-0.32423165440559387
-1.4265178442001343
0.16213323175907135
0.34819743037223816
-0.291907399892807
1.207798719406128
-0.03549766540527344
-2.082704782485962
0.5630223155021667
0.7037941813468933
-0.6939878463745117
0.16153696179389954
0.5771083831787109
0.5408965945243835
0.862967848777771
0.5891602039337158
-1.2536741495132446
-0.5491176843643188
0.8220214247703552
0.36404258012771606
-0.7539817690849304
0.243637815117836
0.19311724603176117
0.762726902961731
-1.1710444688796997
-0.9418100118637085
0.45889732241630554
0.2814062535762787
0.23256705701351166
-1.1380481719970703
0.6859332323074341
-1.046116828918457
