-0.04507378116250038
-0.3979693353176117
-0.2928663492202759
1.0800602436065674
1.877424955368042
-1.4107664823532104
0.6565293073654175
-0.7830731272697449
1.1537971496582031
2.268218517303467
-1.0397610664367676
-0.34005090594291687
-3.333979368209839
0.4789373278617859
-0.9263964295387268
1.8368186950683594
0.7709724307060242
-1.6564421653747559
-0.41765084862709045
-0.150491863489151
-0.1031559556722641
-0.18415118753910065
1.4423847198486328
0.2933270037174225
-1.9099291563034058
-1.5042650699615479
-0.8717970252037048
0.16722682118415833
-0.7919307947158813
-0.3175446391105652
-1.3475438356399536
-0.25892603397369385
0.11432676017284393
-0.8556817173957825
-0.7311409115791321
0.4432489573955536
0.0757870078086853
0.3882240951061249
-0.40968137979507446
0.983797550201416
-1.1747053861618042
-0.3639788031578064
0.9217403531074524
0.3736955225467682
-2.513658046722412
0.6943459510803223
-0.9056100845336914
0.9433032274246216
1.384421706199646
-0.8805506229400635
-0.867900550365448
0.26792091131210327
1.10393226146698
-0.6387087106704712
0.44295522570610046
-1.035274863243103
-0.48823004961013794
0.2667097747325897
-0.2568056583404541
0.40518635511398315
-1.0143744945526123
-1.0378750562667847
-0.03519776090979576
-0.6709693670272827
1.4390078783035278
0.5804421305656433
0.05604005232453346
0.47281110286712646
0.6586238741874695
-1.0365452766418457
-0.9698548316955566
1.7578765153884888
0.3948897123336792
-1.4063092470169067
2.566956043243408
-0.11757110059261322
1.4400782585144043
-0.5944532155990601
0.3970232307910919
-0.5388942956924438
1.088258981704712
0.46226271986961365
1.3936975002288818
-1.678610920906067
0.6173419952392578
0.8466829061508179
0.6117940545082092
-0.10768840461969376
0.06146421283483505
2.75272274017334
0.39979472756385803
1.7187983989715576
0.05885089561343193
0.799244225025177
-0.13136661052703857
-0.5492414832115173
