0.229803204536438
0.22347450256347656
0.2520628571510315
0.2036958932876587
0.2697707414627075
0.17296898365020752
0.21573030948638916
0.2505040764808655
0.23363780975341797
0.6560918092727661
0.2153821587562561
0.16633987426757812
0.4864497184753418
0.2714879512786865
0.4368765354156494
0.3884115219116211
0.1975284218788147
0.306957483291626
0.23753905296325684
0.18952542543411255
0.20281225442886353
0.27704477310180664
0.272186279296875
0.15623241662979126
0.2555288076400757
0.1959538459777832
0.1385481357574463
0.32069361209869385
0.23999333381652832
0.20059019327163696
0.38094258308410645
0.16342157125473022
0.1711685061454773
0.4232966899871826
0.18247544765472412
0.15756458044052124
0.31024980545043945
0.2949864864349365
0.45615947246551514
0.18325698375701904
0.20296132564544678
0.269156813621521
0.3182539939880371
0.24793630838394165
0.29270321130752563
0.22626656293869019
0.2846302390098572
0.3096492886543274
0.18324875831604004
0.2801471948623657
0.34306466579437256
0.3718690872192383
0.37316572666168213
0.43050146102905273
0.1486353874206543
0.41439980268478394
0.173242449760437
0.3980093002319336
0.26927316188812256
0.29145312309265137
0.3121606111526489
0.2861328721046448
0.23048996925354004
0.413657546043396
0.40288102626800537
0.2047656774520874
0.15383923053741455
0.3806552290916443
0.23020821809768677
0.48405003547668457
0.3135744333267212
0.45901238918304443
0.27725112438201904
0.19725757837295532
0.3225499391555786
0.22568202018737793
0.29235196113586426
0.501392126083374
0.23053759336471558
0.3150135278701782
0.3250422477722168
0.43079495429992676
0.2337769865989685
0.19375163316726685
0.21227949857711792
0.42610859870910645
0.1377355456352234
0.21333926916122437
0.17307573556900024
0.372273325920105
0.1768617033958435
0.3437883257865906
0.36025846004486084
0.29592013359069824
0.19490253925323486
0.1648576855659485
