2.036318778991699
2.365795850753784
2.0148699283599854
1.4650417566299438
1.5901892185211182
1.5145081281661987
1.9181935787200928
2.4190452098846436
0.8499530553817749
2.310835123062134
1.7901158332824707
1.2245279550552368
1.9626758098602295
1.9281461238861084
1.2784197330474854
3.604252576828003
1.5206395387649536
2.9089839458465576
1.0187560319900513
1.027784824371338
2.6042778491973877
2.1594574451446533
2.1344833374023438
1.2329214811325073
1.9871258735656738
1.5654542446136475
1.2566207647323608
2.171539545059204
2.3259224891662598
2.2447047233581543
2.9851114749908447
1.3436641693115234
1.2078090906143188
3.6122994422912598
1.462897539138794
1.2975696325302124
1.1791051626205444
3.0017588138580322
3.6988818645477295
1.2269387245178223
1.459001064300537
1.1288361549377441
2.2379238605499268
1.8377997875213623
1.2278077602386475
1.523248553276062
1.1899082660675049
2.572896957397461
1.495644450187683
2.469931125640869
3.0118303298950195
2.889042615890503
1.5308154821395874
2.762986660003662
0.991872251033783
3.865717887878418
1.4203145503997803
2.923335313796997
2.86371111869812
1.343467116355896
2.5367650985717773
0.9534480571746826
2.4252657890319824
0.765349268913269
3.2625668048858643
1.6576941013336182
1.3724313974380493
2.65999436378479
2.3325819969177246
0.8341379165649414
1.4975038766860962
1.4501092433929443
2.607819080352783
1.4465795755386353
1.2412179708480835
1.4775590896606445
2.1167287826538086
2.185788631439209
1.703446865081787
0.96809983253479
2.7678604125976562
4.305294990539551
0.575485110282898
1.8589708805084229
1.137582778930664
0.9526650309562683
1.1509977579116821
1.3817799091339111
1.243481159210205
1.6350338459014893
1.1996636390686035
3.059412717819214
1.3085753917694092
2.2733569145202637
1.6834596395492554
1.1516999006271362
