1.1800869703292847
0.4377329349517822
0.5834521651268005
0.5628300905227661
0.41821420192718506
1.2485597133636475
0.8812099099159241
0.20064139366149902
0.19677698612213135
0.8187636137008667
0.5931368470191956
1.1994569301605225
0.9343471527099609
0.6043682098388672
0.9882560968399048
1.181836485862732
1.6927947998046875
1.161146879196167
1.2199397087097168
1.084195852279663
0.9048746824264526
1.2813159227371216
1.235071063041687
0.6650937795639038
0.9911434650421143
0.6032046675682068
0.7687519788742065
0.2090267539024353
2.2680933475494385
2.799327850341797
0.5263818502426147
0.3051934242248535
0.7503160834312439
0.6731764078140259
1.0256136655807495
0.614510178565979
1.818791389465332
0.5032719969749451
1.2617343664169312
0.4084823727607727
1.921775221824646
0.1833043098449707
1.2691102027893066
0.7072486877441406
1.7268401384353638
0.1375114917755127
1.3184025287628174
0.39525359869003296
1.1327356100082397
1.0202723741531372
0.39725208282470703
0.39818066358566284
0.3531007170677185
0.258469820022583
1.6889392137527466
0.2179955244064331
1.0739041566848755
0.553023636341095
0.4691618084907532
0.5328705310821533
0.3009827136993408
0.4794348478317261
0.8071920275688171
1.1035144329071045
1.0503714084625244
0.5073866844177246
0.2918282151222229
1.5130929946899414
0.17254412174224854
1.650224208831787
1.2116199731826782
1.9719600677490234
0.7068751454353333
0.4668033719062805
1.221735954284668
0.9338912963867188
0.31365668773651123
0.24305009841918945
2.1652798652648926
0.21345925331115723
1.3241355419158936
0.2934824228286743
0.7747805118560791
-0.563183069229126
0.5796283483505249
1.6229859590530396
0.5279048085212708
0.9380669593811035
1.3084403276443481
0.18990027904510498
0.6405231356620789
1.4226187467575073
1.395800232887268
0.7991572022438049
1.1525980234146118
1.2698359489440918
1.5565518140792847
1.6572686433792114
0.24294769763946533
1.1604160070419312
0.3763387203216553
0.22716528177261353
0.98563152551651
1.1808634996414185
0.4552975296974182
1.7872414588928223
0.3047451972961426
0.445814847946167
0.9348823428153992
0.33940446376800537
1.1111408472061157
1.1438407897949219
0.4226105213165283
0.2154516577720642
1.9274804592132568
1.3070573806762695
1.435227632522583
2.214646577835083
0.22214752435684204
1.3439404964447021
0.5623315572738647
0.5139934420585632
0.8822965621948242
1.4492263793945312
0.6441357135772705
0.9567098021507263
0.3409264087677002
0.8674709796905518
1.0993025302886963
0.6577068567276001
0.2615635395050049
0.2308005690574646
0.4099925756454468
0.7449055314064026
0.3713510036468506
1.6285032033920288
1.018926739692688
1.24288010597229
1.3890634775161743
0.5952219367027283
1.3494294881820679
1.5716421604156494
0.7450825572013855
1.0876377820968628
0.6346675157546997
0.667943000793457
1.2361745834350586
0.21278756856918335
0.9293664693832397
0.3614614009857178
1.9310725927352905
0.9298312664031982
1.3448517322540283
0.8262644410133362
0.8425396680831909
1.2842986583709717
1.5150089263916016
0.5551671981811523
1.0291390419006348
0.18409132957458496
1.0610435009002686
0.740505576133728
1.7885180711746216
1.3444734811782837
0.19156181812286377
0.774058997631073
-0.16445589065551758
0.23975062370300293
0.7147089838981628
0.19959545135498047
0.9360652565956116
0.2752213478088379
1.117315649986267
1.0178699493408203
1.9693344831466675
0.5641607642173767
0.27429771423339844
1.5345691442489624
1.00514817237854
0.994111955165863
0.2619040012359619
0.9270598888397217
0.9783311486244202
0.193040132522583
0.9464067220687866
0.2676743268966675
0.2641153335571289
0.2707279324531555
1.1668404340744019
0.46113085746765137
1.3347724676132202
1.4191031455993652
0.6615811586380005
1.250916838645935
1.552416443824768
0.7785946726799011
0.5762544870376587
0.2524440884590149
0.30628323554992676
0.35368287563323975
1.10977303981781
1.3898414373397827
1.4302259683609009
0.3463413715362549
0.7932356595993042
0.296625018119812
1.4861221313476562
0.9313098788261414
1.325381875038147
1.4453825950622559
0.3222843408584595
0.2427119016647339
1.3935798406600952
0.31490594148635864
0.31055915355682373
0.1922314167022705
0.22154808044433594
0.5547116994857788
1.231447458267212
2.4780824184417725
0.4069490432739258
0.5439725518226624
0.8565585613250732
0.7967411279678345
0.5377513766288757
0.39737027883529663
1.5817183256149292
1.0328737497329712
0.9370744824409485
0.6308801174163818
0.37394630908966064
0.9374974370002747
2.0484678745269775
0.4102895259857178
0.45412176847457886
0.18955528736114502
0.19331777095794678
0.6514738202095032
1.5416721105575562
1.1400573253631592
1.1217107772827148
0.3436930775642395
1.3899073600769043
0.22898846864700317
1.2360913753509521
0.9593520164489746
0.42279690504074097
0.449226975440979
0.41663289070129395
1.462125539779663
0.17318540811538696
0.9776073694229126
0.5239497423171997
2.5409820079803467
1.0726858377456665
1.3319838047027588
0.8914081454277039
0.24399453401565552
1.9067505598068237
1.0665369033813477
1.2550348043441772
1.016422152519226
1.6209311485290527
0.8539365530014038
0.9413882493972778
0.20406770706176758
1.4427324533462524
1.3243279457092285
1.3372093439102173
1.2229132652282715
0.7926077842712402
1.026496410369873
0.4459073543548584
0.8723506331443787
1.2190840244293213
1.0339205265045166
1.81175696849823
1.5804221630096436
1.5925265550613403
0.18479472398757935
1.3048981428146362
1.8702030181884766
1.3262311220169067
0.8712792992591858
0.7572211027145386
0.18356841802597046
0.4823111295700073
1.7411434650421143
0.14868175983428955
0.786888837814331
0.33541184663772583
0.8320171236991882
1.3459782600402832
0.3021951913833618
1.6179256439208984
0.5403806567192078
1.5198746919631958
0.446170449256897
1.6635022163391113
0.41854214668273926
0.7766821980476379
0.2886054515838623
0.9047200679779053
0.8855273127555847
1.0938575267791748
0.2802838087081909
2.0833077430725098
0.7176069021224976
0.8934853672981262
1.4962629079818726
1.9305974245071411
0.35607099533081055
1.4810596704483032
1.0465325117111206
0.3025592565536499
0.9560995697975159
-0.2461949586868286
1.2633088827133179
0.4786180257797241
0.2537751793861389
0.20952439308166504
0.7756549119949341
0.3124503493309021
1.0528653860092163
1.1284645795822144
1.1886086463928223
1.7656487226486206
1.7891590595245361
0.6817911863327026
1.2425898313522339
0.43651914596557617
0.45637476444244385
0.7308607697486877
0.17554140090942383
1.1260839700698853
1.9395897388458252
0.34964603185653687
1.0869758129119873
1.4638129472732544
1.6727896928787231
0.20621782541275024
-0.2161397933959961
1.1812916994094849
0.23798805475234985
0.31337064504623413
0.3457084894180298
0.37507688999176025
2.136610746383667
1.1317530870437622
0.9097033739089966
0.18751156330108643
1.3528993129730225
1.1970040798187256
1.188782811164856
0.7999681830406189
0.2452315092086792
1.1252304315567017
1.355769157409668
1.817321538925171
1.6155049800872803
0.26906001567840576
0.4363158345222473
0.2899967432022095
0.5399672389030457
0.7146405577659607
1.2128185033798218
1.547966718673706
0.7881979942321777
0.988206148147583
1.6185411214828491
1.5377265214920044
0.22526991367340088
1.3179596662521362
1.5494943857192993
0.29078876972198486
0.9296496510505676
0.22202253341674805
0.7964141964912415
0.32446080446243286
0.9086570739746094
0.3446733355522156
0.40078020095825195
0.3900669813156128
1.2088841199874878
