-3.002307415008545
0.09099394083023071
-0.5544459819793701
0.802780270576477
0.2927384376525879
-0.06276340782642365
-0.6325674653053284
0.07993217557668686
0.45392268896102905
1.5989636182785034
-2.203552484512329
-0.03915952518582344
0.052537091076374054
0.006926631089299917
-1.3250221014022827
0.6934328079223633
-1.4836227893829346
-1.166837215423584
-0.22480584681034088
0.2717902660369873
-0.982244074344635
-1.3741421699523926
0.5299727320671082
0.16030848026275635
-0.17837566137313843
3.0559754371643066
-0.22699007391929626
0.19220387935638428
-0.6293330192565918
-0.29090628027915955
-0.863353431224823
-1.3298351764678955
-1.4247756004333496
-2.7407937049865723
-0.8988900780677795
-3.5950419902801514
0.3514098525047302
-0.3117866814136505
-0.5976229906082153
-0.19768059253692627
-0.5201557278633118
0.7286486625671387
-1.1842195987701416
-1.3489782810211182
-0.8497471809387207
0.621708333492279
-1.7042149305343628
0.1702946424484253
-0.8953166007995605
0.8257394433021545
-0.2707395553588867
-1.1930192708969116
-1.5324294567108154
-0.20883400738239288
-0.22749073803424835
-0.3189220726490021
0.806694746017456
-0.30514898896217346
-0.8428395986557007
-0.9543429017066956
-1.1186939477920532
-0.4560723900794983
0.5365357995033264
0.080156110227108
0.3100724518299103
0.6577449440956116
0.2697727680206299
-0.12667715549468994
3.287177324295044
-0.6836982369422913
-1.8067350387573242
-0.057201605290174484
-0.4420238733291626
-1.1234638690948486
-2.082749128341675
-1.0020322799682617
0.4218513071537018
-0.6024250984191895
-0.28225401043891907
-2.535618305206299
-0.37999728322029114
0.6685441732406616
2.938197135925293
-0.8330506682395935
0.4136454463005066
0.787878155708313
0.22940871119499207
-0.231879323720932
0.1500423550605774
-0.5533871650695801
-0.5761423110961914
-0.8812047839164734
1.1079407930374146
-1.8646786212921143
0.6794971227645874
-0.652739942073822
-1.0827897787094116
-0.6335530281066895
-0.07554639875888824
0.2807227075099945
-1.9888203144073486
0.47029343247413635
-0.5117283463478088
0.4420725703239441
0.7892445921897888
-0.9319603443145752
0.4297427237033844
1.5676023960113525
-0.5890260338783264
0.11178520321846008
0.44451984763145447
0.7327418923377991
-3.0082170963287354
0.05639735236763954
-2.359421491622925
-0.6302428841590881
-0.24799293279647827
-0.0020389058627188206
-0.7011416554450989
-0.9489924311637878
-0.7156447768211365
-1.9316328763961792
0.33550211787223816
0.5340035557746887
0.5248702764511108
-2.613495111465454
-0.6920475363731384
0.7724613547325134
0.5579581260681152
-0.8447718620300293
0.24824808537960052
0.2845282554626465
-0.20370258390903473
1.1446762084960938
-0.4527651369571686
-2.9379355907440186
-0.3796256482601166
-1.07655930519104
0.12693822383880615
0.32756519317626953
-0.505858838558197
-1.536159634590149
-2.842038869857788
-1.0808690786361694
-0.23968861997127533
0.03358720615506172
-0.23144254088401794
-0.5912942290306091
0.4684453308582306
-1.9949791431427002
-0.5105454921722412
-0.5984443426132202
-0.9398381114006042
0.2230347841978073
-0.4542660117149353
-0.2509474754333496
-1.5403863191604614
0.32225051522254944
-2.3896310329437256
-1.11404550075531
-0.2929812967777252
-0.35139647126197815
0.017863929271697998
-1.0077025890350342
-0.5931310057640076
-0.5283936262130737
-0.4806153476238251
0.5685826539993286
-0.7147424221038818
-0.5492064356803894
-0.7086028456687927
-0.7710138559341431
-0.44556352496147156
0.12799300253391266
0.10149305313825607
-0.5417073369026184
-0.010270483791828156
0.025895215570926666
-1.562847375869751
-0.7128578424453735
0.26116108894348145
-1.0946749448776245
-1.2105655670166016
-0.10854436457157135
-0.8392733931541443
-1.8566107749938965
-0.4739190936088562
-0.009671750478446484
-2.111170530319214
-1.4293392896652222
-0.2780897617340088
-0.2977645695209503
-0.24343210458755493
-0.3221730589866638
-3.097198247909546
-1.2137559652328491
-2.0358664989471436
1.085127353668213
-0.4911893606185913
0.7368959188461304
-1.2709600925445557
0.13027779757976532
-0.8110309839248657
-1.1291828155517578
0.3273721933364868
-0.2546716630458832
-0.5227100253105164
0.12641699612140656
-0.13285931944847107
0.4633983373641968
-0.3763365149497986
-0.7542324066162109
-0.2712950110435486
-1.0012377500534058
0.5268021821975708
0.5722975730895996
-0.13568022847175598
0.05245813727378845
-0.7704153060913086
-0.05477246269583702
-0.3405323326587677
-0.5859111547470093
-0.9382809400558472
0.11670411378145218
3.5673017501831055
0.006864810828119516
-1.4662965536117554
0.49454253911972046
-1.5156546831130981
-0.43511781096458435
-2.5758347511291504
-2.2160146236419678
0.13627947866916656
0.38810503482818604
-0.39693567156791687
-0.21474437415599823
5.521377086639404
-0.9160357713699341
-0.9305367469787598
-1.5954644680023193
-0.21042375266551971
-0.5678839087486267
-0.8029298782348633
0.19616031646728516
-0.9178754687309265
-0.28171321749687195
-0.5536633133888245
-0.6409666538238525
-2.2173469066619873
-1.1577107906341553
-2.111294746398926
-0.048778217285871506
0.36012566089630127
-0.9209674000740051
-0.41125309467315674
-0.8278021216392517
-0.3633774220943451
-1.4851971864700317
-3.7420403957366943
0.27906501293182373
-0.5997087955474854
0.2902505099773407
0.0785493552684784
-0.7358605861663818
0.1019899919629097
4.15218448638916
0.40045222640037537
-0.5108290910720825
0.7653170228004456
-0.557306706905365
-0.008850938640534878
-0.7698772549629211
-1.2356771230697632
-0.35573911666870117
-0.3731328845024109
0.13412819802761078
1.2281346321105957
0.0009008683264255524
-0.6499038338661194
0.34297314286231995
-0.6083220839500427
0.2537021040916443
-0.9317510724067688
-1.225298523902893
0.49038273096084595
0.45135509967803955
0.13237982988357544
1.9748660326004028
-0.14154328405857086
0.33515700697898865
-1.3050434589385986
1.2722461223602295
0.13154512643814087
-0.7948037385940552
0.6281202435493469
-0.8844700455665588
-0.246800497174263
0.06423790752887726
-0.19783447682857513
-0.0786505714058876
-0.0992908850312233
-0.4566405117511749
0.37340569496154785
-3.122978925704956
-1.2129597663879395
-0.32559046149253845
-0.1563078910112381
-2.9441747665405273
-1.9745550155639648
0.2951684296131134
-0.26369917392730713
-1.203497290611267
-1.7888355255126953
-0.376526802778244
0.16511380672454834
-0.7423744201660156
0.32637566328048706
-1.4638499021530151
-0.008780363947153091
0.5792081356048584
0.8463102579116821
-0.7989465594291687
-1.854858160018921
-0.6366800665855408
-0.29022645950317383
0.5850091576576233
-3.027374267578125
-0.347220778465271
-0.5797416567802429
-2.538726329803467
0.6178282499313354
-0.20774713158607483
0.6144905090332031
1.4045491218566895
0.2604500353336334
0.450374037027359
0.22785136103630066
-1.5799574851989746
0.18855060636997223
-3.3805201053619385
0.504206120967865
1.2743358612060547
-0.2439715713262558
-0.7370485663414001
-2.296783208847046
0.3839989900588989
-2.940843105316162
0.1767183095216751
-1.4346861839294434
0.5447136759757996
-1.638026475906372
-0.5889950394630432
-1.450415849685669
-0.5442883372306824
0.23882760107517242
-0.9204779267311096
-0.37019360065460205
1.2115960121154785
-2.8423213958740234
0.21077106893062592
-0.7502628564834595
0.8484010100364685
-0.8434938192367554
2.948718309402466
0.461874395608902
-5.177972316741943
0.04195192828774452
-0.24825480580329895
-1.0339609384536743
-4.265989303588867
-0.5938676595687866
-0.3220135569572449
-4.628567695617676
-0.6677236557006836
1.2551268339157104
1.1924607753753662
-0.09438304603099823
0.5906693935394287
-1.5127613544464111
-2.1715087890625
-1.5713979005813599
-0.2974507212638855
0.2959473133087158
-0.5479913949966431
