-0.10548562556505203
0.9742819666862488
1.3522087335586548
-0.3266138732433319
0.09309963881969452
-1.6905405521392822
-0.7757141590118408
0.009944711811840534
0.008341558277606964
-1.5890427827835083
-0.21662785112857819
-1.476378083229065
0.633543074131012
1.5610616207122803
2.0511999130249023
-1.658613681793213
-2.074549674987793
-2.197423219680786
-0.4816635549068451
-0.9593732953071594
-1.249248743057251
-0.4713157117366791
-1.0046205520629883
1.1477879285812378
-1.2100988626480103
0.1804245412349701
-2.119323968887329
0.5698465704917908
-0.9880689382553101
0.9242767691612244
-0.6235613226890564
-0.25596117973327637
1.347029685974121
-0.9907094836235046
-1.4970085620880127
1.0035383701324463
2.409135103225708
1.6092829704284668
-1.524924874305725
-0.0819859653711319
-0.671843945980072
0.19341880083084106
-1.0345898866653442
-0.6483205556869507
1.6766160726547241
-0.003332281718030572
1.592023491859436
0.6932834386825562
-1.582632303237915
-1.6814391613006592
0.007483660709112883
0.38712191581726074
0.12422038614749908
0.5107571482658386
0.21669118106365204
-0.025931360200047493
-0.5807231664657593
0.4835203289985657
0.13148285448551178
1.0332558155059814
-0.06491590291261673
0.11752548068761826
-0.32073432207107544
-0.29239949584007263
0.3153836727142334
2.0757863521575928
0.1995086818933487
-1.6189382076263428
0.061502307653427124
-4.116296768188477
-1.238808274269104
0.7101136445999146
-1.439939260482788
0.6265866160392761
-0.9874931573867798
1.2619926929473877
0.7949724793434143
0.18899255990982056
0.7967551946640015
-0.12674936652183533
-1.2342171669006348
0.08871541917324066
0.5200166702270508
-0.12190850079059601
2.1467161178588867
-0.008020018227398396
1.9179108142852783
-0.9745133519172668
0.7611647248268127
-0.030754169449210167
0.09045110642910004
-2.0273334980010986
2.0622386932373047
-0.9669392108917236
-0.6218809485435486
-0.9302296042442322
-1.3411437273025513
0.9683636426925659
0.1462414711713791
-0.17395532131195068
-0.24127338826656342
-0.16860654950141907
-0.8451514840126038
-1.931663990020752
0.07709082961082458
-4.615602493286133
0.06191784143447876
0.7672387957572937
-0.8686529397964478
1.1809591054916382
-3.14182448387146
-1.2487218379974365
-0.6253928542137146
-0.07840986549854279
0.5353275537490845
-1.5438587665557861
-1.856605887413025
-0.17743457853794098
0.5785538554191589
-1.7610738277435303
0.40524178743362427
-0.563287615776062
-0.6745843291282654
0.19069163501262665
1.2915610074996948
-1.221451759338379
-0.10421048849821091
-0.822896420955658
1.2668695449829102
0.7656435966491699
1.177462100982666
-0.05825194716453552
0.07527461647987366
-0.3222564458847046
1.625083565711975
-4.185504913330078
1.0727757215499878
-0.9122563600540161
-2.0992558002471924
0.9571978449821472
-1.088756799697876
-0.14112748205661774
-1.7013276815414429
-0.6945950388908386
-0.44830477237701416
1.4188717603683472
-0.5268697142601013
-0.33396726846694946
-1.216323971748352
0.5209654569625854
-0.8427287340164185
1.664728045463562
0.8908169269561768
0.5902673602104187
0.7460571527481079
-1.378357172012329
1.859736442565918
0.9302077293395996
-1.1930869817733765
0.08818699419498444
-1.4311847686767578
-1.2081748247146606
-3.508993148803711
1.9802910089492798
-0.07593173533678055
-0.7717037200927734
-0.18619956076145172
0.47316014766693115
-0.34284040331840515
0.1317404806613922
0.44522204995155334
-0.021790646016597748
0.316525399684906
-0.7206485867500305
1.9626736640930176
1.5322210788726807
-0.025091877207159996
-2.986121892929077
-1.0521353483200073
-1.2894901037216187
0.0766717940568924
1.97627592086792
2.0883893966674805
0.04787813127040863
-0.8981291651725769
-0.2742319107055664
0.2699231505393982
0.6170329451560974
-2.116037130355835
-0.06220847740769386
-0.9227201342582703
-0.8757386207580566
0.8707018494606018
0.2013382464647293
-0.9941487908363342
1.301508903503418
-0.7645899653434753
0.03837912157177925
0.6364248991012573
0.8583892583847046
-1.2640883922576904
0.9617876410484314
-1.134986400604248
-0.032753389328718185
1.8422825336456299
-0.13853780925273895
-3.2222959995269775
-0.38243603706359863
0.1661292016506195
0.3355300724506378
1.530802845954895
0.005370782688260078
-0.3969496786594391
0.21324492990970612
-0.0074499682523310184
0.14082831144332886
0.0219278447329998
2.361602544784546
-0.29384058713912964
0.12115651369094849
2.054229497909546
1.1116076707839966
2.0575830936431885
1.6148487329483032
0.03863837569952011
-0.32720333337783813
-1.768298864364624
-0.25323888659477234
-1.839807152748108
0.39605751633644104
-0.2477603703737259
-1.6759036779403687
0.4968215227127075
0.8192405700683594
1.3033264875411987
-0.24624226987361908
0.374144583940506
-0.31713855266571045
-0.4364740550518036
0.06425070762634277
-1.2576427459716797
0.19947701692581177
-0.4546063244342804
-0.2746376097202301
-0.658125102519989
1.7682775259017944
0.28228485584259033
-0.4547869861125946
-0.20204384624958038
-0.616690993309021
0.11490976065397263
0.5340659618377686
0.6507996320724487
-0.5875540971755981
-1.1808940172195435
-2.0340821743011475
-0.47046080231666565
-0.20239463448524475
-1.6377763748168945
0.8503170013427734
-0.8777510523796082
1.8104658126831055
-0.5933610200881958
-1.2093147039413452
-1.0067143440246582
0.05625670403242111
1.2507450580596924
1.3397600650787354
-0.48634350299835205
-1.4114420413970947
0.33503007888793945
-1.8201020956039429
0.3562581539154053
1.5718111991882324
-1.5081945657730103
-2.6955759525299072
-2.938586473464966
2.2623937129974365
0.11023132503032684
-0.1558355689048767
-2.019129991531372
-0.09259867668151855
-0.7466779947280884
-1.479356288909912
-0.06600651890039444
0.25727108120918274
1.0143848657608032
-3.2015538215637207
0.13369420170783997
-0.30893513560295105
-0.5646184086799622
1.4200356006622314
-1.5651127099990845
0.29068976640701294
1.9071255922317505
0.41923946142196655
1.145458459854126
1.0124778747558594
-4.117984294891357
-0.29794415831565857
-1.3158609867095947
-0.09817488491535187
-1.5498666763305664
-0.9559100270271301
-1.8410547971725464
0.5253605842590332
-0.04643755033612251
0.05070394650101662
0.1887398362159729
1.2982020378112793
0.528220534324646
0.013156893663108349
-2.538731813430786
1.4634901285171509
0.9867149591445923
-1.3203015327453613
0.1215587705373764
-1.3092797994613647
0.7148664593696594
-0.07178809493780136
0.019312690943479538
-0.4538489580154419
-0.4558160603046417
0.15451392531394958
-2.289151668548584
1.7467730045318604
-0.6157782673835754
-0.8312616944313049
1.884223461151123
-1.6942211389541626
0.17974835634231567
0.2889679968357086
-1.0675721168518066
0.18527600169181824
-1.0107790231704712
0.78822261095047
0.8450410962104797
1.2143548727035522
-1.8631051778793335
-0.5182163715362549
0.3281340003013611
-0.29521527886390686
-2.542933225631714
0.2432263344526291
-0.10230102390050888
0.5862262845039368
0.6237260699272156
2.441352605819702
1.0010287761688232
1.5885212421417236
0.10167224705219269
-0.5401942729949951
-2.2122790813446045
-0.8516544699668884
-1.1475878953933716
-0.21177437901496887
0.9982153177261353
0.6079517006874084
1.6280797719955444
0.582934558391571
-0.05948353186249733
0.7610807418823242
0.6754851937294006
1.5087586641311646
-0.7381092309951782
0.006648861337453127
-2.5492708683013916
0.9568792581558228
0.10157209634780884
1.5013747215270996
0.5318679809570312
-0.18217210471630096
-0.9940519332885742
0.34389278292655945
0.8133523464202881
-0.5245243310928345
-0.0022460552863776684
1.3163058757781982
-0.1384822428226471
0.22488483786582947
-0.5124256610870361
0.7766442894935608
-0.4958595931529999
1.1860636472702026
