-0.029601559042930603
0.005565941333770752
0.05601382255554199
0.015499256551265717
0.027135491371154785
0.006887108087539673
0.009287714958190918
0.1624423712491989
-0.02479994297027588
-0.0033043324947357178
-0.020604662597179413
0.01431727409362793
-0.017286181449890137
-0.016210734844207764
0.0007447302341461182
-0.07597577571868896
-0.036748483777046204
-0.06960470229387283
0.02667701244354248
-0.04223059117794037
0.022310972213745117
-0.022224947810173035
0.0034791231155395508
0.0047416090965271
-0.07504595816135406
-0.016091451048851013
-0.1512071192264557
-0.0892392098903656
-0.04931157827377319
-0.1007436215877533
0.05871397256851196
-0.025870859622955322
-0.03467239439487457
0.0028282105922698975
-0.0013245344161987305
0.004167795181274414
0.027513578534126282
0.048777639865875244
0.008793532848358154
0.011992305517196655
-0.06673029065132141
-0.006336480379104614
-0.019518792629241943
-0.04948258399963379
0.02284488081932068
0.1545310914516449
0.014885902404785156
0.01021432876586914
-0.014380812644958496
0.013858437538146973
0.015966355800628662
-0.04942065477371216
-0.05577433109283447
-0.05636352300643921
0.004180490970611572
-0.003468826413154602
-0.014121845364570618
0.00534646213054657
0.04579770565032959
-0.06938445568084717
0.00997459888458252
-0.00681372731924057
-0.00931084156036377
0.028318971395492554
0.0404144711792469
0.012949183583259583
0.054396554827690125
0.03957466036081314
0.022771060466766357
-0.06063723564147949
0.025996632874011993
-0.0026032431051135063
-0.047755494713783264
0.09240895509719849
0.0003754273056983948
0.014349013566970825
0.06218773126602173
-0.03261497616767883
-0.00039421766996383667
0.054025694727897644
0.0017056893557310104
-0.10743510723114014
0.002579841762781143
-0.0052055418491363525
0.016086459159851074
-0.10347913205623627
0.036679938435554504
0.015329599380493164
-0.066750168800354
0.1166103258728981
0.012510120868682861
-0.0023237839341163635
0.03828530013561249
-0.013900615274906158
-0.01708841323852539
0.08607763051986694
0.013509564101696014
0.027528002858161926
0.013206243515014648
-0.007362067699432373
0.01641106605529785
0.012088552117347717
0.0026656389236450195
-0.08994455635547638
-0.038669317960739136
-0.0702407956123352
0.002142190933227539
-0.03054291009902954
0.0686713457107544
-0.025381095707416534
0.0766545832157135
0.10306611657142639
0.0346599817276001
0.007339932024478912
-0.004889756441116333
0.052133262157440186
0.024673454463481903
-0.05447421595454216
0.055054500699043274
-0.032963916659355164
-0.0035657286643981934
0.021448194980621338
-0.03402864933013916
0.004336178302764893
-0.0513913631439209
0.010787993669509888
-0.0008957982063293457
0.034505099058151245
-0.0041411519050598145
0.045468226075172424
0.026433147490024567
0.015855133533477783
0.028478413820266724
0.06738755106925964
-0.04833364486694336
0.0004952847957611084
0.036894917488098145
-0.030605435371398926
-0.01649560034275055
0.10577960312366486
0.005485445261001587
0.010851919651031494
0.0034500956535339355
0.03260636329650879
-0.13017070293426514
0.0008696317672729492
-0.11731821298599243
0.018170684576034546
0.005157053470611572
0.07912735641002655
0.00343245267868042
0.0039460062980651855
-0.037407755851745605
0.005918040871620178
0.1919635385274887
0.04523961991071701
0.03642173856496811
0.02777683734893799
-0.1145612895488739
-0.009362220764160156
0.11443399637937546
0.0064331889152526855
0.10077396780252457
0.014695703983306885
-0.10086381435394287
-0.27415862679481506
0.026202887296676636
-0.05367279052734375
-0.06034445762634277
-0.023840248584747314
-0.08083683252334595
0.0498676672577858
-0.0007443862850777805
-0.06390497088432312
0.024474620819091797
-0.003817513585090637
0.0010287761688232422
0.0894726812839508
-0.005878627300262451
-0.03795585036277771
0.014949791133403778
0.07590657472610474
0.009631156921386719
-0.023784011602401733
-0.010789990425109863
0.021166950464248657
0.15545567870140076
-0.0015029758214950562
-0.007079616189002991
0.048130571842193604
-0.05333486199378967
-0.01755666732788086
0.0091877281665802
0.02291002869606018
0.09036359190940857
-0.04999202489852905
0.03736919164657593
0.02287214994430542
0.02350062131881714
0.0283098965883255
-0.008082330226898193
0.031509920954704285
0.015201270580291748
-0.012058913707733154
0.054457470774650574
0.061536818742752075
-0.17997169494628906
-0.1622961163520813
0.018648147583007812
-0.02549847960472107
0.23509812355041504
-0.03135738521814346
0.014506280422210693
0.1243850588798523
-0.01082133874297142
0.003192991018295288
-0.03402972221374512
0.07813656330108643
-0.0001913607120513916
-0.10047203302383423
-0.05708141624927521
0.05166634917259216
-0.010071992874145508
-0.014971792697906494
0.005229681730270386
-0.299785315990448
-0.0648987889289856
0.010195285081863403
0.01975071430206299
0.01759546995162964
0.056164104491472244
-0.001760140061378479
-0.086946040391922
-0.0246850848197937
-0.05799631029367447
-0.002690434455871582
-0.0182996466755867
0.02193748950958252
-0.004387695342302322
-0.10973601043224335
0.04258584976196289
0.005338847637176514
-0.04402756690979004
0.05100834369659424
-0.008363276720046997
-0.009958427399396896
0.02172890305519104
-0.00585252046585083
0.018416941165924072
-0.04370081424713135
-0.008435726165771484
-0.08625459671020508
0.00557553768157959
-0.05670350790023804
-0.018665045499801636
0.08465585112571716
-0.06713220477104187
0.03197568655014038
0.08164942264556885
-0.017152994871139526
0.251737117767334
-0.015185240656137466
-0.0015978366136550903
0.016142606735229492
0.014801077544689178
0.005354791879653931
0.012264177203178406
0.014734268188476562
0.044143497943878174
0.009679257869720459
-0.018491730093955994
0.02446700632572174
-0.0917239785194397
-0.04379856586456299
0.009043335914611816
0.03686010092496872
0.0018771663308143616
0.03901579976081848
0.25045862793922424
0.023248985409736633
-0.00042247772216796875
-0.029061272740364075
0.05879124999046326
-0.006224930286407471
-0.0351107195019722
0.26898643374443054
-0.04279626905918121
0.008151978254318237
0.012459754943847656
-0.051678091287612915
-0.030609995126724243
-0.028884857892990112
-0.02349013090133667
0.03932720422744751
-0.010904714465141296
0.02209271490573883
-0.017989631742239
-0.03442502021789551
-0.11222362518310547
0.0513615608215332
0.02511979639530182
0.06313282251358032
-0.10013919323682785
-0.022807881236076355
0.03838396072387695
0.04579240083694458
-0.08433160185813904
-0.15141338109970093
-0.0008365325629711151
-0.01642271876335144
-0.05383602902293205
-0.09182006120681763
0.0543668270111084
-0.007934655994176865
0.0838465690612793
0.048465728759765625
-0.046112388372421265
0.05551984906196594
-0.003025934100151062
-0.043242454528808594
0.04806378111243248
-0.09960490465164185
-0.11682987213134766
-0.04362189769744873
0.20028415322303772
0.007334232330322266
-0.029575765132904053
0.01253315806388855
0.002944767475128174
0.038526952266693115
-0.02046799659729004
-0.21196532249450684
0.012512356042861938
0.02020910382270813
-0.12774312496185303
-0.030146241188049316
0.05943387746810913
0.003125302493572235
-0.02346479892730713
-0.016438007354736328
0.004043102264404297
0.03741937875747681
0.016082555055618286
-0.05637073144316673
0.03571885824203491
0.05644960701465607
0.016370952129364014
-0.06796542555093765
-0.019475102424621582
-0.09667256474494934
-0.002566814422607422
0.024550199508666992
0.02210003137588501
0.009212315082550049
0.010972678661346436
0.026873581111431122
0.005619823932647705
0.01332247257232666
-0.003755684942007065
-0.021332569420337677
0.16047674417495728
-0.010845303535461426
0.09414893388748169
-0.0717390775680542
-0.015731483697891235
0.014696836471557617
0.012037083506584167
0.05361011624336243
0.08969712257385254
0.013245373964309692
0.06343361735343933
0.055395036935806274
0.04594266414642334
-0.05082175135612488
-0.000600665807723999
0.018501460552215576
-0.17314428091049194
0.021663814783096313
0.09480273723602295
0.0022086352109909058
0.05065132677555084
-0.0676422044634819
0.12707330286502838
0.10227358341217041
-0.07636414468288422
-0.09902039170265198
0.31894105672836304
0.036499105393886566
-0.08614988625049591
0.09747311472892761
0.24884405732154846
0.0909203290939331
-0.004255175590515137
-0.013518363237380981
0.07513755559921265
0.05067357420921326
0.022587254643440247
0.017016172409057617
-0.06413807719945908
-0.06156724691390991
-0.05406022071838379
-0.11981990933418274
-0.058384090662002563
-0.07465072721242905
0.07416582107543945
0.09444630146026611
-0.05746712535619736
-0.20803654193878174
-0.05223275348544121
-0.02236872911453247
0.23159945011138916
0.3467170000076294
-0.10674887895584106
-0.14546382427215576
0.07202820479869843
0.25466662645339966
-0.0884077176451683
0.060952842235565186
0.042046189308166504
-0.024974055588245392
-0.03789567947387695
-0.16335587203502655
0.06483429670333862
0.06435185670852661
-0.07626968622207642
0.0053032636642456055
0.04393458366394043
0.011378675699234009
-0.02379801869392395
0.16162124276161194
-0.06886318325996399
-0.4212527871131897
0.050513893365859985
-0.014004707336425781
-0.20310655236244202
-0.05661115050315857
0.012089401483535767
-0.05456015095114708
0.023343637585639954
-0.020108629018068314
0.0023863613605499268
-0.01634875312447548
0.21705317497253418
-0.12499666213989258
-0.010993421077728271
0.14738835394382477
0.002775028347969055
0.027712184935808182
0.1204407811164856
0.10393310338258743
-0.020567506551742554
0.09208038449287415
0.008441358804702759
0.1351132094860077
0.12795358896255493
-0.032863080501556396
-0.031183481216430664
-0.1114150881767273
0.04154706001281738
0.09692249447107315
0.33285194635391235
-0.14632362127304077
-0.005911007523536682
-0.021319687366485596
-0.1477660834789276
-0.10268507152795792
0.020812958478927612
0.020595014095306396
-0.07553935050964355
-0.12319853901863098
-0.16739220917224884
-0.008282899856567383
0.015249490737915039
-0.13698673248291016
0.13073383271694183
-0.06158950924873352
-0.029445752501487732
0.044901371002197266
0.0050588250160217285
0.23587895929813385
0.10730940103530884
-0.010525017976760864
0.12850505113601685
-0.05379462242126465
0.03544318675994873
0.04367023706436157
-0.021828770637512207
0.0007812231779098511
-0.058581531047821045
-0.038955241441726685
0.047176897525787354
0.013312816619873047
0.10751670598983765
0.07261532545089722
0.10932338237762451
-0.04301052540540695
0.07636910676956177
0.08734416216611862
-0.018858779221773148
0.07293791323900223
0.05771595239639282
-0.07439862936735153
-0.04395020008087158
0.09693705290555954
0.043520256876945496
0.044347524642944336
0.0329018235206604
0.03987717628479004
-0.061569809913635254
0.02676469087600708
0.01975846290588379
0.13585585355758667
0.017285332083702087
0.03339734673500061
0.06573611497879028
-0.30087366700172424
0.08334594964981079
0.09116172790527344
0.08220680058002472
0.071377694606781
0.03754627704620361
0.3139311373233795
0.11195957660675049
0.21732819080352783
0.08982425928115845
0.07649028301239014
0.043691813945770264
0.1463889181613922
-0.1001545637845993
0.030226945877075195
-0.026435740292072296
0.11288394778966904
-0.018643314018845558
0.12246984243392944
0.09221446514129639
-0.03905554115772247
0.06233006715774536
0.07306849956512451
-0.24420154094696045
0.19494406878948212
0.048452019691467285
0.27181190252304077
0.07180744409561157
0.1531597375869751
-0.10112400352954865
0.08533576130867004
-0.004972860217094421
-0.012678325176239014
-0.11677005887031555
-0.22162047028541565
0.10999493300914764
-0.07610106468200684
0.0019589364528656006
-0.2317156195640564
-0.04170047491788864
0.08439379930496216
0.029443442821502686
-0.19809412956237793
-0.1466781497001648
-0.31553155183792114
0.10148584842681885
0.022503018379211426
-0.1430806815624237
-0.15566521883010864
0.11695390939712524
0.41006264090538025
-0.1077776551246643
0.11546354740858078
-0.03257673978805542
0.08294209837913513
-0.06297146528959274
-0.02237412892282009
0.14496900141239166
0.053579434752464294
-0.08211508393287659
-0.14618432521820068
0.08032137900590897
-0.05245955288410187
0.19193869829177856
-0.0932120531797409
0.07366833090782166
0.0621374249458313
0.216165691614151
-0.03781537711620331
0.062095023691654205
-0.04615461826324463
0.06715716421604156
0.09333963692188263
0.49590998888015747
0.029386252164840698
-0.1888112872838974
0.00927656888961792
0.007451862096786499
-0.1236477941274643
0.01113581657409668
0.2019454687833786
0.03129826486110687
-0.11292284727096558
-0.07878784835338593
-0.09067727625370026
0.14797215163707733
-0.20001108944416046
-0.010488055646419525
-0.10932153463363647
0.059455275535583496
-0.43619757890701294
-0.002172570675611496
-0.053081631660461426
0.028187960386276245
-0.020851880311965942
-0.030439674854278564
0.06590500473976135
0.045107826590538025
0.12883839011192322
0.14653943479061127
0.06659293174743652
-0.1613272875547409
0.024771474301815033
-0.07377684116363525
-0.5816775560379028
-0.04490631818771362
0.045468807220458984
0.007642224431037903
-0.061587169766426086
0.06726434826850891
0.0033823251724243164
-0.15657472610473633
-0.03337165713310242
0.06210494041442871
-0.030962388962507248
0.053822606801986694
0.0038607120513916016
0.040918052196502686
-0.070320725440979
0.014240413904190063
-0.22422385215759277
0.025165081024169922
-0.11337578296661377
-0.07958873361349106
0.11778959631919861
-0.10176610201597214
0.03646981716156006
0.14397290349006653
0.04017281532287598
-0.1374761462211609
0.016008339822292328
0.0509953498840332
0.05922293663024902
0.11364239454269409
0.0025817155838012695
-0.019089937210083008
-0.12929514050483704
0.14358875155448914
0.11718252301216125
0.13879573345184326
0.10662517696619034
-0.1083756685256958
-0.03317207098007202
0.023346126079559326
0.2036963403224945
0.0839303582906723
-0.04818284511566162
-0.16217172145843506
0.01492607593536377
0.0560784786939621
-0.12650856375694275
-0.10016827285289764
0.01519918441772461
0.03970366716384888
-0.026864856481552124
-0.138910174369812
0.05617639422416687
-0.033110618591308594
0.21713519096374512
-0.1948297917842865
-0.07061859965324402
0.03603634238243103
0.09630632400512695
-0.043834686279296875
0.06238579750061035
0.06921780109405518
-0.039663463830947876
0.1256580650806427
0.014764933846890926
0.05219763517379761
-0.08200182020664215
0.02496376633644104
0.03867901861667633
0.1401125192642212
-0.053222090005874634
-0.20439845323562622
-0.1820557415485382
0.03549081087112427
-0.05258673429489136
-0.12156873941421509
0.16369763016700745
-0.009994268417358398
-0.010710716247558594
0.24669089913368225
0.04695798084139824
-0.012068182229995728
0.10329513251781464
-0.08391690254211426
0.1647711843252182
-0.020879626274108887
-0.11814260482788086
0.14085227251052856
0.12246716022491455
-0.08542102575302124
0.08130171149969101
-0.12855446338653564
0.03672999143600464
-0.06794129312038422
0.1258428692817688
-0.003619268536567688
0.04249274730682373
-0.006785660982131958
-0.02884305641055107
-0.2274136245250702
-0.08158422261476517
-0.025700092315673828
0.07109802961349487
0.18473367393016815
0.02050691843032837
-0.18879935145378113
0.047191739082336426
0.15247203409671783
-0.3250335156917572
0.10534033179283142
0.05728703737258911
-0.055298566818237305
-0.10619005560874939
0.01911449432373047
-0.11252248287200928
0.030062377452850342
0.07712222635746002
0.05999290943145752
-0.1943095177412033
0.0050376057624816895
0.18185535073280334
0.022749871015548706
-0.0003046207129955292
-0.013994306325912476
-0.11100935935974121
0.06305038928985596
-0.030226832255721092
0.35833436250686646
-0.1899416148662567
0.03010457754135132
0.06160104274749756
0.037920624017715454
0.13613349199295044
0.10221916437149048
-0.007779628038406372
0.2675522565841675
-0.09185207635164261
0.14502525329589844
-0.10073143243789673
-0.024845607578754425
0.022108256816864014
-0.23668046295642853
-0.0121002197265625
-0.0122222900390625
0.0337069034576416
-0.04073669761419296
-0.10473477840423584
0.08149164915084839
0.044945359230041504
-0.04537326097488403
0.022932887077331543
0.045062318444252014
0.0331132635474205
-0.019414424896240234
-0.012110292911529541
0.015066355466842651
-0.0046168118715286255
-0.014960160478949547
0.007525086402893066
-0.017573408782482147
0.017827868461608887
0.05647963285446167
0.020579159259796143
0.006103187799453735
-0.10119578242301941
-0.04646581411361694
-0.04892706871032715
0.0376092866063118
-0.04913848638534546
0.08717840909957886
0.3632153868675232
0.002845466136932373
0.00623774528503418
-0.03181371092796326
0.007192552089691162
0.039721280336380005
-0.03981029987335205
-0.04646579921245575
-0.06559330224990845
0.04457634687423706
-0.0691167414188385
-0.02158123254776001
0.01807466149330139
0.0005987882614135742
-0.0064318180084228516
0.005304440855979919
0.07444560527801514
0.019314110279083252
0.00800400972366333
-0.07964878529310226
-0.021975040435791016
-0.03633183240890503
-0.0424235463142395
0.0498058944940567
-0.02379167079925537
0.004299536347389221
-0.009008407592773438
-0.05978567898273468
0.006538867950439453
-0.04894089698791504
-0.023098815232515335
0.05889184772968292
-0.042649805545806885
0.017194151878356934
-0.0027639269828796387
-0.020244240760803223
0.016266196966171265
0.05975557863712311
0.1615963727235794
-0.005014948546886444
-0.06964932382106781
-0.019767403602600098
-0.064037024974823
0.029920190572738647
-0.11887902021408081
-0.0478365421295166
0.024810612201690674
0.01973501592874527
-0.05702674388885498
0.02710402011871338
0.050707876682281494
0.024363696575164795
-0.018723033368587494
0.016744673252105713
0.0038992539048194885
0.042142629623413086
0.09496131539344788
-0.008237775415182114
-0.025429189205169678
-0.002175658941268921
0.07887765020132065
0.007989823818206787
0.08509373664855957
0.016074955463409424
-0.10065097361803055
0.11994341015815735
0.0198974609375
-0.0018809810280799866
0.07312598824501038
0.00871027261018753
0.03139127790927887
-0.008505761623382568
-0.03130683675408363
-0.011282235383987427
0.08455416560173035
0.03993258997797966
-0.08166897296905518
-0.00693725049495697
-0.012068867683410645
0.021637797355651855
-0.05749741196632385
-0.01258423924446106
-0.06502196192741394
-0.041550032794475555
-0.03346036747097969
0.00031310319900512695
-0.014678776264190674
0.06788736581802368
0.017084911465644836
-0.09512802958488464
-0.14181815087795258
0.04141122102737427
-0.003659665584564209
0.003938198089599609
0.06444703042507172
0.04933899641036987
-0.05842045694589615
0.009813845157623291
0.04367133602499962
-0.020359814167022705
-0.0010964572429656982
-0.03956497088074684
-0.0032368693500757217
-0.04801154136657715
0.026401199400424957
-0.0033050477504730225
0.012447535991668701
0.02442227303981781
0.0665147602558136
-0.016523897647857666
-0.22596901655197144
0.04627546668052673
0.04340390861034393
0.019416391849517822
0.009479492902755737
-0.014698375016450882
-0.14555111527442932
0.0013152062892913818
0.06445688009262085
-0.005429714918136597
0.011171907186508179
0.03028768301010132
0.017022088170051575
-0.10541479289531708
-0.03800225257873535
-0.08480753004550934
-0.020275473594665527
0.013635575771331787
-0.010799497365951538
-0.015745140612125397
0.03478337079286575
-0.010893493890762329
0.017094656825065613
0.023616492748260498
0.04577895998954773
0.03952071815729141
0.02363649010658264
-0.06440212577581406
0.028661184012889862
-0.08300405740737915
0.019014298915863037
-0.08108735084533691
0.013460218906402588
-0.06921057403087616
-0.054117895662784576
0.04473191499710083
-0.03274950385093689
-0.23473292589187622
-0.1328015923500061
0.06001569330692291
0.08354228734970093
0.005435790866613388
-0.08613419532775879
-0.06596268713474274
-0.05621644854545593
7.528066635131836e-05
-0.1239837184548378
-0.017917126417160034
-0.027952417731285095
0.016188323497772217
0.03333035111427307
0.07460030913352966
-0.005153879523277283
0.007693827152252197
-0.030273258686065674
-0.020957350730895996
-0.008612662553787231
0.0034053027629852295
0.04034101963043213
-0.047077476978302
-0.006060302257537842
0.011844217777252197
0.02890440821647644
-0.21891455352306366
-0.06262004375457764
0.03756058216094971
0.041253551840782166
0.1597689390182495
-0.02848142385482788
0.0032750368118286133
0.005345817655324936
0.010735571384429932
-0.07027591019868851
-0.0411301851272583
0.17748960852622986
0.18087933957576752
-0.06862819194793701
0.023419827222824097
-0.03522464632987976
-0.06240101158618927
-0.02790367603302002
-0.007833212614059448
-0.057183682918548584
-0.027299165725708008
-0.12649136781692505
-0.022855430841445923
0.02503281831741333
0.0012539401650428772
-0.09134246408939362
0.20374292135238647
-0.03478218615055084
0.02656427025794983
-0.021969377994537354
0.0059822797775268555
0.03225928544998169
-0.060752928256988525
-0.009688735008239746
0.026477038860321045
0.03068709373474121
0.06499031186103821
0.004741162061691284
-0.049376823008060455
0.017636656761169434
-0.05074825882911682
-0.09802442789077759
-0.0126991868019104
0.018950700759887695
0.00027970969676971436
0.06195080280303955
-0.0037170350551605225
-0.049494773149490356
-0.041583091020584106
-0.016986846923828125
-0.016693592071533203
0.007905185222625732
0.026759028434753418
-0.01703590154647827
0.019820809364318848
-0.014131160452961922
-0.006595209240913391
-0.07402724027633667
0.008799076080322266
-0.0568777434527874
0.00027310848236083984
0.043641090393066406
-0.06456887722015381
0.031094610691070557
-0.1843799650669098
-0.0006303489208221436
-0.008692413568496704
0.03608900308609009
-0.007234036922454834
0.006202250719070435
0.020098626613616943
0.0025313496589660645
-0.019403845071792603
-0.006598904728889465
0.07267040014266968
0.013477683067321777
-0.017855405807495117
0.054358601570129395
0.1019449532032013
0.03301684558391571
0.012713909149169922
-0.013774365186691284
0.015138453803956509
0.003996133804321289
-0.05159015953540802
0.009939461946487427
0.011721909046173096
-0.03452157974243164
0.04401189088821411
-0.015086114406585693
-0.019068390130996704
-0.1624646782875061
-0.04207007586956024
0.016396835446357727
-0.017216593027114868
-0.013802915811538696
-0.05557608604431152
-0.0005872249603271484
-0.09209185838699341
-0.033104538917541504
0.0008201524615287781
0.008964315056800842
-0.00829857587814331
0.06169212609529495
0.034733355045318604
-0.006974175572395325
0.026884878054261208
-0.07421320676803589
-0.13557511568069458
-0.007896266877651215
0.03488212823867798
-0.01874077320098877
-0.0388091504573822
-0.14551261067390442
-0.0030776672065258026
-0.009469568729400635
-0.0420987494289875
0.015234142541885376
0.034556373953819275
0.041005611419677734
0.06831824779510498
0.004718102514743805
0.10457134246826172
0.025127708911895752
0.03366488218307495
0.026640698313713074
-0.0700899064540863
-0.10941940546035767
0.008119761943817139
-0.05943286418914795
-0.22910109162330627
-0.03301825374364853
-0.008737623691558838
0.007415711879730225
-0.0025955885648727417
0.05437353998422623
-0.007690548896789551
0.06670181453227997
0.011651784181594849
0.02044229581952095
-0.09747597575187683
-0.03456311672925949
-0.04385572671890259
-0.009862542152404785
-0.026419758796691895
-0.0043901801109313965
0.1348511427640915
-0.0818513035774231
0.0313267707824707
-0.02463674545288086
0.01956360787153244
0.06412088871002197
-0.0066661536693573
0.01835465431213379
-0.02475036308169365
-0.09458830952644348
-0.010254502296447754
0.030131608247756958
0.028158187866210938
-0.005164653062820435
0.00976763665676117
-0.02310556173324585
-0.005125284194946289
0.001173555850982666
-0.005932115018367767
-0.018611609935760498
-0.006496794521808624
-0.02576390840113163
0.04026961326599121
-0.04780130088329315
-0.03420742601156235
0.03366243839263916
0.010504007339477539
-0.007748246192932129
0.0797041803598404
0.02570927143096924
-0.04941490292549133
-0.0604286789894104
-0.13110560178756714
-0.048905909061431885
0.0009994804859161377
0.014264199882745743
0.034243643283843994
0.049719929695129395
0.03445836156606674
-0.016832947731018066
0.04656350240111351
0.0819682776927948
0.05049718916416168
-0.1747341752052307
-0.14602965116500854
-0.05753731727600098
-0.012625560164451599
0.020831286907196045
0.028204292058944702
0.0794893354177475
-0.0658532977104187
0.21868066489696503
-0.007281363010406494
-0.018557846546173096
0.029737919569015503
0.06546637415885925
-0.003913760185241699
-0.032499998807907104
-0.05253344774246216
-0.1325809359550476
-0.06783929467201233
-0.13066595792770386
-0.04530295729637146
-0.06605488061904907
0.25547581911087036
-0.07213598489761353
-0.0786077231168747
-0.21095117926597595
-0.061995938420295715
-0.033026307821273804
0.10392811894416809
0.053091347217559814
-0.10456132888793945
-0.12830238044261932
0.07000014185905457
0.007328897714614868
-0.0759546160697937
0.07008412480354309
0.06004363298416138
-0.011630728840827942
-0.03521472215652466
0.2852790057659149
0.07069846987724304
0.043988972902297974
-0.08946475386619568
-0.010196358896791935
0.021160677075386047
0.00363004207611084
-0.02312082052230835
0.249234139919281
-0.0720604658126831
0.012378454208374023
0.014836683869361877
0.01876664161682129
0.19106315076351166
-0.07674673199653625
-0.08635303378105164
-0.016237616539001465
0.042753443121910095
-0.013806996867060661
-0.02377278357744217
-0.007455170154571533
0.1827901005744934
-0.22733785212039948
0.008151590824127197
-0.27943336963653564
0.036089926958084106
0.09368079900741577
0.0886983871459961
-0.02350693941116333
0.35080331563949585
0.08019822835922241
0.005014479160308838
0.11832832545042038
0.11818760633468628
0.017893552780151367
-0.032305777072906494
-0.1270689070224762
0.06418345123529434
0.09618443250656128
-0.019568875432014465
0.1760692149400711
-0.016115307807922363
0.32179224491119385
-0.11484420299530029
0.06579357385635376
0.022793784737586975
0.06913250684738159
0.503940224647522
-0.08736838400363922
0.28518766164779663
-0.023034900426864624
-0.410356342792511
-0.02302524447441101
0.2438620775938034
0.05251416563987732
-0.03317618370056152
0.027369320392608643
0.03579449653625488
0.020764701068401337
0.09965342283248901
0.023388653993606567
-0.2407989799976349
-0.05051742494106293
0.04686078429222107
0.030856430530548096
0.24674183130264282
-0.06210862100124359
-0.04804182052612305
-0.2952609360218048
0.0093536376953125
-0.026679322123527527
0.11985665559768677
0.06612038612365723
0.19722437858581543
-0.06750056147575378
0.07907891273498535
0.1033974289894104
0.003939270973205566
0.09861835837364197
0.06978580355644226
-0.08189414441585541
0.2538749575614929
-0.04549217224121094
0.14759168028831482
0.015228897333145142
0.0784648060798645
0.014606744050979614
-0.109458327293396
0.0072439610958099365
0.007196299731731415
0.13290530443191528
0.0054520368576049805
0.03143683075904846
0.08923690021038055
0.10401565581560135
0.1359812468290329
0.123342365026474
-0.14539209008216858
0.07975220680236816
0.027209565043449402
-0.0330452024936676
0.09839126467704773
0.06579238176345825
0.08627357333898544
0.08953112363815308
0.06903117150068283
0.12436056137084961
-0.20169907808303833
0.3653942048549652
-0.053946733474731445
0.1721900999546051
-0.024897515773773193
0.060410648584365845
0.026872724294662476
-0.029560208320617676
0.374935507774353
0.07706570625305176
0.18369640409946442
-0.004560798406600952
0.04352814704179764
-0.10562509298324585
0.032921046018600464
-0.2775537073612213
-0.011846095323562622
0.07255876064300537
0.16161879897117615
-0.03172063082456589
-0.18170128762722015
0.008303821086883545
0.04909273982048035
-0.0012899041175842285
0.2634395956993103
0.13737955689430237
0.39320108294487
0.10958372056484222
0.019029736518859863
0.07525026798248291
-0.13551221787929535
0.3338371813297272
0.1487705111503601
-0.012372612953186035
0.16592645645141602
-0.13583023846149445
0.12503483891487122
-0.08130943775177002
-0.02638748288154602
0.1548156440258026
0.2893475294113159
-0.05519819259643555
-0.13039574027061462
-0.03239142894744873
0.08963707089424133
0.07455942034721375
-0.093997523188591
-0.07903166115283966
0.05550426244735718
0.01201629638671875
0.1592743843793869
-0.08483472466468811
0.059855520725250244
0.06584218144416809
-0.18256248533725739
0.46897947788238525
0.048439398407936096
-0.003012418746948242
0.061005353927612305
0.20132775604724884
-0.11159452795982361
-0.19712409377098083
-0.10380154103040695
0.009481936693191528
0.017961978912353516
-0.1379643678665161
-0.007097605615854263
-0.023766636848449707
-0.259019136428833
0.24237024784088135
-0.17556750774383545
-0.21344375610351562
0.14916053414344788
0.36020681262016296
0.0036693215370178223
-0.14478304982185364
-0.021684736013412476
-0.09567026793956757
-0.005462169647216797
0.0052390191704034805
0.023928537964820862
0.08840977400541306
0.06268676370382309
0.07848000526428223
0.05870702862739563
0.10964572429656982
0.1599949151277542
0.05660802125930786
-0.12426009774208069
-0.08075608313083649
0.0012590885162353516
0.041219331324100494
-0.04626801609992981
0.05015397071838379
0.011529147624969482
0.36677271127700806
0.09510886669158936
0.09458386898040771
-0.11031503975391388
-0.42375773191452026
0.04975596070289612
-0.16984619200229645
0.06740999966859818
0.03398710489273071
0.04310248792171478
-0.10748893022537231
-0.003967225551605225
-0.10979951918125153
0.04229586198925972
-0.11804008483886719
-0.09564059972763062
0.06635741144418716
-0.12306356430053711
0.18239203095436096
0.1754854917526245
0.05122685432434082
0.11301529407501221
-0.04104326665401459
0.07173722982406616
-0.007935881614685059
0.17219340801239014
0.013091892004013062
-0.0720018744468689
-0.08963203430175781
0.12556985020637512
-0.018588609993457794
-0.1396964192390442
0.12963783740997314
0.1363353133201599
-0.023456692695617676
0.01827758550643921
0.11054471135139465
0.06429708003997803
-0.07279760390520096
-0.13356776535511017
0.07176539301872253
0.07197600603103638
-0.14485704898834229
0.012681260704994202
-0.13729742169380188
0.023272275924682617
-0.08804970979690552
-0.02091139554977417
0.07078973948955536
-0.10052401572465897
0.08653610944747925
0.10360313206911087
-0.03831613063812256
0.027457356452941895
0.3081199824810028
0.04568535089492798
0.06300884485244751
0.08254418522119522
-0.07838567346334457
0.24266177415847778
0.03428518772125244
0.05296885967254639
0.002443969249725342
0.05323004722595215
0.019317924976348877
0.11066752672195435
0.3819497227668762
-0.13048599660396576
-0.17460709810256958
0.027623414993286133
-0.04711751639842987
-0.1206066906452179
-0.11307603120803833
-0.04372161626815796
0.0365154892206192
-0.037923917174339294
-0.19351859390735626
0.12625184655189514
0.07613541185855865
-0.08912834525108337
-0.0036640167236328125
0.03041255474090576
-0.09959641098976135
-0.5354802012443542
-0.4665118455886841
-0.1757495403289795
0.048246920108795166
-0.15821225941181183
0.12001848220825195
0.005990549921989441
0.14691776037216187
0.0040702223777771
-0.1373215913772583
-0.0016646385192871094
-0.024229824542999268
-0.11557838320732117
-0.09048968553543091
0.34175458550453186
0.047269463539123535
0.03855592757463455
0.008764177560806274
-0.31569111347198486
0.16831742227077484
0.03070405125617981
0.03874528408050537
0.07132001221179962
0.0703953206539154
-0.023907892405986786
-0.08333861827850342
0.002883121371269226
-0.10914456844329834
0.011742651462554932
0.07722112536430359
0.07316000759601593
-0.1782739758491516
-0.018581390380859375
0.03321653604507446
0.030904076993465424
-0.0029181838035583496
-0.030515968799591064
-0.10063087940216064
-0.2277839034795761
-0.011308789253234863
-0.06986302137374878
-0.21624967455863953
0.0007255971431732178
0.042942751199007034
0.05601269006729126
0.09789752960205078
0.14410066604614258
0.03385049104690552
-0.1627354621887207
0.29101502895355225
0.15267136693000793
-0.12813782691955566
-0.04615318775177002
-0.007502168416976929
-0.04552176594734192
0.026829898357391357
0.331802099943161
0.006743818521499634
0.11656630039215088
0.35700854659080505
0.16437649726867676
0.014495879411697388
0.5652521848678589
-0.4784339666366577
-0.40508028864860535
-0.5901808142662048
-0.5676326751708984
0.2709082365036011
-0.3773888945579529
-0.43876180052757263
-0.454026997089386
-0.564868688583374
0.3762677013874054
0.271505743265152
0.547482430934906
-0.38937821984291077
-0.3421580493450165
0.43961867690086365
-0.2501538395881653
0.034189820289611816
-0.4366433620452881
-0.13237422704696655
-0.16972576081752777
-0.057361096143722534
-0.3157358765602112
0.46233293414115906
-0.2669554650783539
-0.43320050835609436
0.2698628902435303
-0.29205843806266785
-0.04977524280548096
-0.1262580305337906
0.32863152027130127
0.26883047819137573
0.5930328965187073
0.5002524256706238
0.33402323722839355
0.5650083422660828
0.6128312349319458
-0.258769690990448
0.2482471764087677
0.3335442543029785
-0.1725073903799057
-0.5404403805732727
-0.5246098637580872
0.5123183131217957
0.45101335644721985
0.17315232753753662
-0.35237008333206177
0.3564636707305908
0.42704278230667114
-0.558892011642456
-0.05202274024486542
0.7308741807937622
-0.44841960072517395
-0.24729028344154358
0.43634340167045593
-0.46002596616744995
-0.4113554358482361
0.4864051342010498
-0.42717650532722473
0.19770151376724243
0.47492948174476624
0.35495200753211975
0.38243207335472107
0.38934892416000366
0.284889280796051
0.1936282515525818
-0.22451019287109375
0.19712185859680176
-0.5740513801574707
0.3580116629600525
0.24278295040130615
0.5910881161689758
-0.16311371326446533
-0.3135691285133362
0.32985201478004456
0.3754582405090332
-0.35866034030914307
-0.32321056723594666
0.46024495363235474
-0.4107029438018799
-0.08269517123699188
0.5380350947380066
-0.5122997164726257
-0.6134903430938721
-0.5075417160987854
0.4066433608531952
-0.41288670897483826
-0.47932007908821106
0.17074021697044373
-0.4916548728942871
0.1859273910522461
0.32110705971717834
0.6309897303581238
0.3947097361087799
0.343201220035553
0.1398523896932602
0.16587141156196594
0.4577694535255432
0.22985103726387024
-0.17016565799713135
0.5190258622169495
0.3402366638183594
-0.49546271562576294
0.34735167026519775
-0.26091429591178894
0.4400325417518616
0.4641638994216919
-0.3636718690395355
-0.452495813369751
0.46122267842292786
0.2218894362449646
0.31078094244003296
0.4212459325790405
0.3713696300983429
0.4700984060764313
0.1686461865901947
0.20517289638519287
-0.07565611600875854
-0.4675997495651245
0.27540209889411926
0.31305405497550964
0.4048658013343811
0.3592303693294525
0.38864558935165405
-0.2968651056289673
0.3980053961277008
0.5276679396629333
-0.5969225764274597
0.5640942454338074
-0.4934269189834595
0.49838966131210327
0.404410719871521
-0.031677842140197754
0.25261741876602173
0.1916179656982422
0.2677101790904999
0.5955743193626404
-0.11520794034004211
0.17728734016418457
-0.38707149028778076
0.24316826462745667
0.3354828953742981
0.3469398021697998
-0.600147545337677
0.4786407947540283
-0.42006003856658936
0.4980660676956177
0.5373305678367615
-0.47124260663986206
0.435820072889328
0.37871208786964417
-0.3908298909664154
-0.24186968803405762
0.33335405588150024
0.19510899484157562
0.11074556410312653
0.41658732295036316
-0.4394855201244354
0.3770034909248352
0.13339927792549133
0.36924272775650024
0.23577994108200073
0.10825344920158386
0.49078989028930664
0.46069660782814026
0.15451377630233765
0.2832795977592468
-0.38515034317970276
0.1520637422800064
0.01916050910949707
-0.0582319051027298
-0.6262099742889404
0.40164923667907715
0.23478089272975922
-0.2817216217517853
-0.17854726314544678
0.26384538412094116
0.2809988260269165
0.22499698400497437
-0.17840036749839783
0.25341659784317017
-0.41195178031921387
-0.345902681350708
0.32097935676574707
-0.4759867787361145
0.35402584075927734
-0.42151033878326416
-0.4629063904285431
0.27155601978302
0.2874349355697632
-0.17812004685401917
-0.13679513335227966
0.3936590552330017
-0.45341652631759644
0.4130944609642029
0.32688388228416443
0.3717733323574066
0.31731754541397095
-0.41604411602020264
-0.38510316610336304
0.31490862369537354
0.6137170195579529
0.3670683801174164
0.3321004807949066
-0.38051921129226685
0.11039972305297852
-0.16751396656036377
0.5448145866394043
0.3249053359031677
-0.0423102080821991
-0.5468839406967163
-0.42411521077156067
0.2817581593990326
0.1909017115831375
-0.32361212372779846
-0.34580138325691223
0.3502044081687927
-0.442861407995224
0.45866453647613525
-0.12843163311481476
-0.5435380339622498
0.2984039783477783
-0.4391367435455322
-0.4251652956008911
-0.6117584705352783
0.3260371685028076
0.36335253715515137
0.3958074152469635
0.3809579610824585
0.26999256014823914
0.4338757395744324
0.46209126710891724
-0.192968487739563
-0.4177436828613281
-0.42646169662475586
0.3427090346813202
-0.48895928263664246
0.3537544906139374
0.45859894156455994
-0.012338846921920776
0.2551805078983307
0.6069654822349548
0.4425804316997528
0.3308464288711548
0.34950894117355347
-0.3523174822330475
0.3317357301712036
0.5091471672058105
0.5187007188796997
0.5046436786651611
0.514089047908783
0.26409852504730225
0.4093211889266968
-0.06696328520774841
-0.2635684013366699
0.12542414665222168
-0.22738467156887054
0.25802627205848694
0.4129524230957031
0.5822576284408569
-0.058045536279678345
-0.3376237452030182
0.4204474687576294
0.3592720031738281
-0.6388599276542664
-0.5701103210449219
-0.4786185920238495
-0.3174648880958557
-0.23229488730430603
-0.5415723919868469
0.32267922163009644
0.15344685316085815
0.22770074009895325
-0.4231443405151367
-0.4944320023059845
0.29326242208480835
0.26695990562438965
0.5360265970230103
-0.14449463784694672
0.3383183479309082
0.36908480525016785
0.020243942737579346
0.024287305772304535
0.34040316939353943
-0.5552436113357544
-0.3187934160232544
-0.375508189201355
0.1857854723930359
-0.5481864809989929
0.29731133580207825
0.3796142041683197
-0.394670307636261
0.3445713520050049
-0.07384422421455383
0.5992746949195862
0.31733593344688416
-0.6376729607582092
-0.2251763790845871
0.1735057234764099
0.5338430404663086
0.3194262981414795
0.5220962762832642
0.4427247643470764
0.38292649388313293
0.0856853723526001
-0.26198846101760864
-0.08599381148815155
0.4501252770423889
0.46323347091674805
-0.36024168133735657
-0.09231138229370117
0.22141724824905396
0.4090905785560608
0.49069643020629883
-0.4045456051826477
-0.09278398007154465
-0.4210100471973419
0.2175622284412384
-0.22286301851272583
0.3482387363910675
0.3875770568847656
0.4893319010734558
0.426544725894928
0.1652987003326416
0.2955658435821533
0.5234724879264832
0.4221653342247009
0.29081830382347107
-0.5587556958198547
-0.37033364176750183
-0.5069600343704224
0.5286573171615601
-0.5916833281517029
-0.5518249273300171
0.0654945969581604
-0.19883929193019867
-0.42277780175209045
0.44423747062683105
0.171552836894989
0.3296961188316345
0.28341439366340637
0.4071236848831177
0.33498552441596985
0.3771759271621704
0.35309073328971863
0.2350006103515625
0.6019678115844727
-0.3602256178855896
0.4017779231071472
0.3699147701263428
0.5427236557006836
0.1628093421459198
0.21416473388671875
0.11414873600006104
-0.4681084454059601
0.3977411985397339
0.5596257448196411
-0.5993067622184753
0.5065793991088867
-0.3131065368652344
0.30120378732681274
-0.4589330852031708
-0.31385132670402527
0.17266684770584106
-0.40656721591949463
0.20875772833824158
0.247115820646286
0.416930615901947
-0.687262773513794
0.43394386768341064
-0.10664872825145721
-0.30957433581352234
0.3673805594444275
-0.23845845460891724
-0.38869890570640564
-0.5260859727859497
0.41647598147392273
0.46292218565940857
-0.1818220615386963
0.4042111039161682
0.30904102325439453
-0.3687054514884949
0.2782311737537384
0.320406049489975
-0.08139210939407349
-0.03709399700164795
-0.04253882169723511
0.03445488214492798
0.03518672287464142
0.1179572343826294
-0.09913301467895508
-0.12734317779541016
-0.05505615472793579
-0.01953694224357605
0.06818485260009766
0.02011604607105255
0.015768811106681824
-0.07451432943344116
-0.1470496654510498
0.052406907081604004
-0.056883685290813446
-0.1301443874835968
-0.03368335962295532
-0.05321866273880005
-0.1065780520439148
0.005555078387260437
-0.07198357582092285
-0.20566970109939575
-0.11631917953491211
-0.02848043292760849
0.09681664407253265
-0.027744904160499573
-0.08018374443054199
-0.07756093144416809
0.05583007633686066
-0.13880963623523712
-0.04770466685295105
0.052624911069869995
0.04920041561126709
-0.007767021656036377
-0.013180136680603027
0.217993825674057
0.08422493934631348
0.06436935067176819
-0.10065054893493652
0.006360255181789398
0.02738843858242035
-0.005573391914367676
-0.026005923748016357
-0.09942629933357239
-0.08508303761482239
-0.09063452482223511
-0.0029815025627613068
0.006773471832275391
-0.24342985451221466
-0.26767492294311523
0.23765724897384644
-0.06120270490646362
0.0447314977645874
0.0036405958235263824
-0.02506113052368164
-0.03560635447502136
-0.05758971348404884
0.1996070146560669
0.03546091914176941
0.143070787191391
0.001377493143081665
-0.04117310047149658
0.05471409857273102
-0.17893952131271362
-0.09508249163627625
0.0821295976638794
-0.014744281768798828
-0.04221072793006897
0.11283951997756958
-0.02837193012237549
0.30566030740737915
0.14456534385681152
0.04571697115898132
0.07033687829971313
0.0026807188987731934
-0.18372225761413574
-0.025135695934295654
-0.06270954012870789
-0.13900893926620483
0.02742183208465576
0.007125496864318848
0.09600825607776642
-0.05923326313495636
-0.10100051760673523
0.34167027473449707
-0.025240182876586914
-0.050298601388931274
0.30352678894996643
-0.27779313921928406
0.048195190727710724
-0.002620518207550049
0.0053438544273376465
0.026961326599121094
-0.025015175342559814
0.11088711023330688
-0.004273355007171631
0.15831997990608215
-0.07810485363006592
0.03713562339544296
-0.432279497385025
0.19472715258598328
-0.013649053871631622
-0.047514647245407104
-0.1328807771205902
0.028963029384613037
-0.05186375975608826
0.11382442712783813
0.06598390638828278
0.23082423210144043
0.08130738139152527
0.08537772297859192
0.08760806918144226
0.016397446393966675
0.102577805519104
0.07816533744335175
-0.06707746535539627
-0.06719774007797241
0.09653925895690918
0.14444544911384583
0.021177783608436584
0.010419189929962158
-0.005890488624572754
-0.1273801326751709
0.023215707391500473
-0.0006283372640609741
0.07611356675624847
-0.018525540828704834
-0.02502131462097168
0.07381924986839294
-0.01766624115407467
0.12510482966899872
0.08800617605447769
-0.052967049181461334
0.09433269500732422
0.04148048162460327
0.03274497389793396
0.0858631432056427
-0.07044188678264618
0.08587606251239777
0.06723427772521973
0.06663000583648682
0.13496461510658264
0.13926073908805847
-0.09196280688047409
0.019484886899590492
-0.6909593343734741
-0.02026057243347168
0.09109100699424744
0.0016761422157287598
0.3741261959075928
-0.1346258521080017
0.08999866247177124
0.12511515617370605
0.012714624404907227
0.03361716866493225
-0.10832099616527557
0.08655756711959839
0.21770329773426056
0.056295692920684814
0.08583208918571472
0.26607638597488403
-0.03653305768966675
-0.11899736523628235
0.11993134021759033
0.051394861191511154
-0.006906658411026001
-0.3980792760848999
-0.20593252778053284
-0.07482635974884033
0.08010973036289215
0.03951558470726013
0.037602148950099945
-0.11137189716100693
0.22793930768966675
0.13044710457324982
0.14845561981201172
0.23568768799304962
-0.1093512773513794
-0.13174045085906982
-0.08911807090044022
0.35961806774139404
-0.250059574842453
0.28946906328201294
-0.1930149793624878
0.10541760921478271
-0.02576690912246704
0.030406832695007324
0.058002397418022156
-0.09103095531463623
0.2569524943828583
0.03876805305480957
-0.012574046850204468
-0.2759632170200348
-0.1430770754814148
0.06205683946609497
0.08825528621673584
-0.1266484558582306
-0.02067744731903076
0.07270568609237671
0.017724692821502686
0.08199641108512878
0.029622837901115417
-0.06225260719656944
0.2682156562805176
0.1133362352848053
-0.015916377305984497
-0.011563897132873535
-0.10476845502853394
0.03974923491477966
0.24607732892036438
-0.28402945399284363
0.21444576978683472
0.21260970830917358
0.1859789490699768
-0.20018401741981506
0.35012567043304443
0.00040608644485473633
-0.13910886645317078
-0.04871547222137451
0.032001614570617676
0.43088918924331665
-0.01467575691640377
0.027781248092651367
0.13086728751659393
-0.016610682010650635
0.03457781672477722
0.057759642601013184
0.08925424516201019
0.15022391080856323
0.053909286856651306
-0.050277769565582275
0.3541770577430725
0.03613297641277313
0.13570356369018555
-0.03742837905883789
0.0189872607588768
0.01147472858428955
-0.10970127582550049
0.08136743307113647
-0.440320760011673
-0.17096008360385895
0.0842728242278099
0.0530773401260376
-0.05417221784591675
0.05835041403770447
0.02887403964996338
0.023041874170303345
-0.11713805794715881
0.021030426025390625
-0.07769344747066498
0.01979692280292511
-0.09984099864959717
-0.09295433759689331
0.12101912498474121
-0.11159202456474304
0.16702783107757568
-0.2111043930053711
0.018954545259475708
0.011524707078933716
0.34272778034210205
0.040266454219818115
-0.018738985061645508
0.16579940915107727
0.006071150302886963
-0.0702207088470459
-0.09469592571258545
0.11455860733985901
-0.03723549842834473
-0.014841139316558838
0.13940995931625366
0.21321015059947968
0.3460705876350403
0.020089685916900635
0.08575274795293808
0.0889572948217392
0.010468065738677979
0.26283812522888184
0.07901664078235626
0.057636380195617676
-0.11666712164878845
-0.045561373233795166
-0.028384685516357422
0.006217896938323975
-0.10123023390769958
-0.005834389477968216
0.09461769461631775
-0.07844536006450653
-0.005841165781021118
0.10027727484703064
0.0004099905490875244
0.05980905890464783
-0.27008548378944397
-0.009831368923187256
0.04132044315338135
0.05815112590789795
0.38868629932403564
0.17459075152873993
0.010845746845006943
0.07373495399951935
0.023034006357192993
-0.07274198532104492
0.046947844326496124
0.11651763319969177
-0.06632469594478607
-0.12233644723892212
0.16494177281856537
0.03426389396190643
-0.022912710905075073
-0.12272214889526367
-0.02133747935295105
-0.041493505239486694
0.02691859006881714
0.042391836643218994
-0.2280547022819519
-0.13740691542625427
0.09704121947288513
-0.12455940246582031
0.11595949530601501
-0.4263573884963989
0.05492540821433067
0.16093575954437256
0.10683530569076538
0.14550268650054932
0.11348606646060944
-0.16793256998062134
0.11151397228240967
0.027104496955871582
0.1435128152370453
-0.004618614912033081
-0.10933727025985718
-0.018552381545305252
-0.01990906149148941
-0.12413066625595093
-0.09528208523988724
-0.0017653107643127441
0.028088033199310303
0.06038998067378998
0.051865190267562866
-0.0013827532529830933
-0.25090694427490234
0.06691920757293701
-2.5033950805664062e-05
0.08529462665319443
0.08162039518356323
-0.011233985424041748
-0.12261372804641724
0.01660144329071045
-0.10653938353061676
0.014614373445510864
0.08946651220321655
0.11790546029806137
0.05991020053625107
-0.07388150691986084
0.007823452353477478
-0.02048453688621521
-0.009289264678955078
-0.03182440996170044
-0.0956253707408905
0.16517013311386108
-0.0040814876556396484
-0.07467204332351685
-0.2057207226753235
-0.010536789894104004
0.02478194236755371
0.04437541589140892
0.08605912327766418
0.12600046396255493
0.02993035316467285
-0.16512876749038696
-0.07438459247350693
-0.15055525302886963
-0.09946112334728241
-0.06301912665367126
0.008771955966949463
0.06634843349456787
0.07442319393157959
-0.04327203333377838
-0.017106663435697556
0.12585893273353577
0.1018683910369873
-0.1422068476676941
0.017846375703811646
-0.037313658744096756
0.013354863971471786
0.016261935234069824
0.04040071368217468
-0.004286468029022217
0.001346435397863388
0.002492845058441162
0.003983438014984131
-0.04016523063182831
0.016680210828781128
-0.010030224919319153
0.03572620451450348
0.038481175899505615
0.06000471115112305
-0.025358492508530617
-0.12085847556591034
-0.024048104882240295
-0.036058247089385986
0.018872320652008057
-0.06349977850914001
-0.0280284583568573
-0.047168463468551636
-0.01191789098083973
-0.014195084571838379
-0.05178523063659668
0.00615227036178112
0.0818517655134201
0.046477317810058594
-0.04826286807656288
-0.065676748752594
0.05720981955528259
0.17124199867248535
-0.01920810341835022
0.018993258476257324
0.006262242794036865
0.00020334124565124512
0.013688057661056519
0.13503578305244446
0.01487443596124649
-0.005703866481781006
-0.06716468185186386
0.0006593838334083557
-0.010222524404525757
-0.051421940326690674
0.0637483224272728
-0.03477603197097778
-0.0016438663005828857
-0.009988255798816681
0.029999397695064545
0.011961884796619415
0.11002878844738007
-0.009640917181968689
-0.01607060432434082
0.025118350982666016
0.027007460594177246
-0.01862543821334839
-0.015565857291221619
0.008186876773834229
0.03541825711727142
-0.03824067860841751
0.01386462152004242
-0.13393136858940125
-0.019655659794807434
-0.05114626884460449
-0.009817779064178467
0.023953557014465332
0.01671367883682251
0.026671648025512695
0.01036486029624939
-0.07628500461578369
0.01628107577562332
0.016544729471206665
-0.14028875529766083
-0.033534035086631775
0.00040161609649658203
0.0028000175952911377
-0.03002941608428955
0.10923808813095093
-0.016068190336227417
0.06456214189529419
-0.005571901798248291
0.018923521041870117
0.0027199238538742065
0.09860777854919434
0.05516570806503296
-0.09693050384521484
0.11130082607269287
-0.004377782344818115
-0.018884040415287018
-0.017169177532196045
0.041661158204078674
0.025849223136901855
-0.007970869541168213
-0.009764224290847778
-0.0045999884605407715
-0.05367022752761841
0.04219388961791992
-0.06565788388252258
-0.09060055017471313
-0.01666504144668579
0.014049400575459003
0.014670848846435547
0.018202364444732666
-0.10315575450658798
-0.039696093648672104
-0.14423587918281555
0.0018842071294784546
-0.022983968257904053
0.05120465159416199
0.018168628215789795
-0.03052663803100586
-0.1290266066789627
0.04575395584106445
0.0011802315711975098
0.02810254693031311
0.05357876420021057
0.08538329601287842
-0.042012959718704224
0.05075782537460327
0.013206303119659424
0.028815537691116333
0.0004720427095890045
-0.006094126030802727
-0.020582839846611023
-0.035559624433517456
0.02565145492553711
0.011682212352752686
0.06167566776275635
0.045126378536224365
0.06653940677642822
-0.014404714107513428
0.0465000718832016
0.02532351016998291
0.061188340187072754
-0.1895967572927475
0.009103119373321533
0.005938977003097534
0.005092740058898926
0.0639205053448677
0.03478759527206421
0.0027202293276786804
0.007661044597625732
0.022507309913635254
0.021093368530273438
-0.13147534430027008
0.02285096049308777
-0.1578577160835266
-0.04412119835615158
0.020723700523376465
0.02243703603744507
-0.034698307514190674
0.0077431052923202515
0.03044259548187256
0.0203855037689209
-0.12597018480300903
0.05790567398071289
0.031361714005470276
0.08266100287437439
-0.04189270734786987
-0.06977540254592896
-0.0847998857498169
0.02368074655532837
-0.09864550828933716
0.02050730586051941
-0.10392540693283081
-0.014799248427152634
-0.07340031862258911
0.014088630676269531
0.22899675369262695
0.06120094656944275
0.04142667353153229
0.0860779881477356
0.018871530890464783
0.05042503401637077
0.0055449604988098145
-0.05145173519849777
0.006372213363647461
-0.07170559465885162
0.006853073835372925
-0.025994516909122467
-0.010935574769973755
-0.0762602761387825
-0.025183826684951782
0.006783604621887207
0.02718403935432434
0.03276219218969345
0.005798378959298134
-2.872943878173828e-05
-0.005209028720855713
0.04615354537963867
-0.05300077423453331
0.0004935264587402344
0.01288151741027832
0.013387560844421387
-0.1957363486289978
-0.08733011782169342
0.041441768407821655
0.019218940287828445
0.10517549514770508
0.033957839012145996
0.0012654811143875122
0.029226168990135193
0.027488142251968384
0.07580310851335526
-0.022072046995162964
-0.24920040369033813
0.1379207968711853
-0.09430817514657974
0.030796470120549202
0.006022006273269653
-0.048472777009010315
-0.07664313912391663
-0.018045231699943542
-0.05160699784755707
-0.009202701970934868
0.1087057814002037
-0.033043503761291504
0.0027095824480056763
-0.003906264901161194
-0.051408521831035614
0.35171523690223694
0.056117862462997437
0.021582871675491333
-0.02684950828552246
-0.0013386011123657227
0.04686689376831055
-0.05913364142179489
-0.0006848573684692383
0.026276595890522003
0.03169703483581543
0.07407847046852112
-0.014773458242416382
-0.04910397529602051
-0.03943181037902832
0.04134148359298706
0.023756325244903564
0.00050334632396698
0.021435990929603577
0.009870827198028564
0.051142893731594086
-0.0873510017991066
-0.1279025673866272
-0.08468583226203918
0.055735766887664795
-0.013610601425170898
0.02841821312904358
0.029394835233688354
-0.005725523456931114
0.009768158197402954
-0.062456101179122925
-0.012502223253250122
-0.07965770363807678
0.004610389471054077
-0.06112265586853027
-0.007824748754501343
0.047253042459487915
-0.0478036031126976
0.0350305438041687
-0.16580235958099365
0.02876316010951996
-0.16559869050979614
0.04673805087804794
0.0030794739723205566
0.007625311613082886
0.037565797567367554
0.012661963701248169
-0.002999246120452881
0.01690629869699478
0.078412264585495
0.024862170219421387
-0.05534646287560463
0.03710593283176422
0.10474604368209839
-0.03785806894302368
0.0025121942162513733
-0.047744035720825195
0.010489903390407562
0.03260102868080139
0.02760927379131317
-0.0812956690788269
0.036543190479278564
-0.028695404529571533
-0.09115965664386749
0.02807241678237915
-0.016400225460529327
-0.17837439477443695
0.06586325168609619
0.03572961688041687
-0.01307988166809082
-0.09688842296600342
0.03203028440475464
-0.005392290651798248
0.011631190776824951
-0.027781814336776733
0.021480083465576172
0.019906222820281982
-0.019646108150482178
-0.0414699912071228
0.11767232418060303
0.012115777470171452
0.03999608755111694
-0.10778748989105225
-0.11055219173431396
-0.022993743419647217
0.01543676108121872
-0.009681463241577148
-0.027794331312179565
-0.16118058562278748
-9.378790855407715e-05
-0.02532261610031128
-0.04510241746902466
-0.13125520944595337
0.03704756498336792
0.02950763702392578
-0.05468636751174927
0.03393349051475525
0.12739259004592896
0.04704517126083374
-0.0036638379096984863
-0.22949039936065674
-0.009534567594528198
-0.08970150351524353
-0.07931938767433167
0.058602750301361084
-0.2025635838508606
-0.010146401822566986
-0.02534341812133789
-0.009032458066940308
0.007432997226715088
0.05805422365665436
-0.005625024437904358
0.11497404426336288
0.025495827198028564
0.011438757181167603
-0.02582186460494995
-0.029104765504598618
0.03632500767707825
-0.022068291902542114
-0.025836067274212837
-0.00480981171131134
-0.11594796180725098
0.05042755603790283
0.018147587776184082
0.030402734875679016
0.0025033950805664062
0.04200935363769531
-6.80088996887207e-05
0.045863211154937744
-0.01008296012878418
-0.09002725780010223
-0.01719290018081665
0.02086043357849121
0.02638566493988037
-0.028072774410247803
0.011235594749450684
0.014018386602401733
-0.0022032931447029114
-0.0010187625885009766
-0.021824121475219727
-0.029776543378829956
-0.038052916526794434
-0.010799837298691273
-0.005078434944152832
-0.03921717405319214
-0.036960989236831665
0.031655967235565186
0.003179609775543213
0.02987620234489441
0.07369732111692429
0.05131274461746216
0.13190609216690063
0.061060160398483276
-0.14243392646312714
-0.06933511048555374
-0.018498480319976807
0.022816956043243408
0.056099116802215576
0.04493135213851929
0.08210521936416626
-0.004699766635894775
-0.10355937480926514
0.09738826751708984
-0.05325847864151001
-0.1200975552201271
-0.12788617610931396
-0.1052011251449585
-0.057782046496868134
0.056365519762039185
-0.006167113780975342
0.07319951057434082
0.2599744200706482
-0.1845312863588333
0.002619341015815735
-0.022197231650352478
0.05153524875640869
0.07086136937141418
0.0040814876556396484
0.2920888066291809
0.4217684864997864
0.08878128230571747
-0.050214678049087524
-0.1468127965927124
-0.04602012038230896
-0.05395341292023659
-0.056467004120349884
-0.019158124923706055
-0.035661548376083374
-0.2193250060081482
-0.03803861141204834
-0.037907183170318604
0.22481535375118256
-0.12476308643817902
-0.0952911525964737
-0.11566239595413208
0.0670236349105835
-0.1968483328819275
-0.059485405683517456
0.04253107309341431
0.02436387538909912
0.0002543628215789795
-0.022681236267089844
-0.23809954524040222
0.10467945784330368
0.0660167932510376
-0.08354728668928146
-0.005936294794082642
0.05435696244239807
-0.012885183095932007
-0.019393205642700195
-0.23841577768325806
-0.0842597484588623
0.014422178268432617
-0.032725900411605835
0.008537739515304565
0.23205885291099548
-0.3287142217159271
-0.008004933595657349
0.3557688593864441
0.04653237760066986
-0.008499819785356522
-0.01879146695137024
-0.030965089797973633
-0.05708548426628113
-0.05710935592651367
-0.02378692850470543
-0.09866106510162354
0.03736144304275513
-0.01915079355239868
0.08732768148183823
0.1939590871334076
0.062465064227581024
0.07774928212165833
0.019481658935546875
0.12880577147006989
0.11151918768882751
-0.03270348906517029
0.09188979864120483
0.14866602420806885
0.06062593683600426
0.08805278688669205
-0.014763951301574707
0.26658332347869873
-0.026348359882831573
0.008902370929718018
-0.12719741463661194
-0.20003944635391235
0.028202205896377563
0.004112690687179565
-0.08830845355987549
-0.13384704291820526
-0.19006086885929108
-0.03238213062286377
-0.016153931617736816
0.011065080761909485
-0.13944345712661743
0.08359768986701965
-0.02708292007446289
-0.008543431758880615
-0.02559235692024231
-0.09046733379364014
0.12301874160766602
-0.03813186287879944
-0.25989577174186707
-0.08031003177165985
0.02630627155303955
0.04813578724861145
-0.026921242475509644
0.022355712950229645
-0.06944167613983154
0.12261587381362915
0.03696123883128166
-0.01740841567516327
0.11509659141302109
0.05063095688819885
0.15632957220077515
0.10060994327068329
0.09543776512145996
0.08364427089691162
0.003912925720214844
0.06540378928184509
0.13181662559509277
-0.05848127603530884
-0.02088111639022827
0.07673981040716171
0.015103846788406372
0.039029303938150406
0.02313922345638275
0.006868600845336914
-0.0892099142074585
0.020387709140777588
0.012324035167694092
0.09328365325927734
-0.018967151641845703
0.19731736183166504
0.07359258830547333
0.10645782947540283
0.12295421957969666
0.09598182886838913
0.26261067390441895
0.09468935430049896
0.030784567818045616
-0.08250368386507034
0.09977656602859497
-0.016463756561279297
0.08701413869857788
0.05977541208267212
0.08791109919548035
0.1280369758605957
0.12203359603881836
0.02774098515510559
0.10540342330932617
0.10659009218215942
-0.026491880416870117
0.06195935234427452
0.04329010844230652
-0.07397234439849854
-0.04824945330619812
0.034154027700424194
-0.080535888671875
0.14926636219024658
0.020877178758382797
0.3291856646537781
0.06739884614944458
-0.24851033091545105
0.10910214483737946
0.08635604381561279
-0.08385521173477173
-0.0014098882675170898
-0.07235059142112732
0.17348746955394745
-0.5074713826179504
0.40387845039367676
0.14519059658050537
0.2828670144081116
-0.007591903209686279
0.09088069200515747
0.03582441806793213
0.15933838486671448
-0.09716947376728058
-0.20717430114746094
0.06380940228700638
0.11171025037765503
-0.15222309529781342
-0.10268674790859222
-0.28867805004119873
0.05887015163898468
-0.07409051060676575
-0.2070678472518921
-0.0699358880519867
0.06107199192047119
0.14953827857971191
-0.0049744099378585815
0.095981664955616
0.051142096519470215
-0.0692661702632904
-0.11342841386795044
0.03888440132141113
-0.0517154335975647
-0.21499788761138916
-0.1696954369544983
0.06898242235183716
0.07452757656574249
0.07069747149944305
-0.025185227394104004
0.07386615872383118
-0.08513153344392776
0.07425066828727722
0.01941157877445221
0.007875204086303711
-0.06586194038391113
0.008560478687286377
0.027600765228271484
-0.013832032680511475
-0.09161249548196793
0.01667991280555725
-0.07521316409111023
0.08593836426734924
-0.129084512591362
0.2502687871456146
0.1428445279598236
-0.14410912990570068
-0.18764042854309082
-0.009260237216949463
-0.066096231341362
0.019000619649887085
0.04083007946610451
-0.060456544160842896
-0.039646267890930176
0.03673163056373596
-0.08097641915082932
0.08327433466911316
0.03807002305984497
0.0557532012462616
0.10018959641456604
0.15903282165527344
0.05928778648376465
-0.11376619338989258
-0.028584975749254227
0.2619245648384094
0.020449930801987648
-0.05274847149848938
0.051711976528167725
0.022778179496526718
0.06971755623817444
0.09770378470420837
-0.3281431198120117
-0.12988442182540894
-0.03321234881877899
0.07323402166366577
0.4306775629520416
0.07558055967092514
0.026253625750541687
0.03572008013725281
-0.08577068150043488
-0.009496964514255524
-0.13288378715515137
0.028346747159957886
-0.10882735252380371
-0.11356489360332489
0.15176141262054443
-0.1074368953704834
0.0513407438993454
-0.16915319859981537
0.018596947193145752
0.1841527223587036
-0.1005505919456482
0.01850143074989319
0.058200061321258545
0.13150984048843384
0.0012293756008148193
0.05917351692914963
-0.09705007076263428
0.1312171369791031
0.11886508017778397
-0.20707067847251892
0.13812501728534698
-0.11486828327178955
-0.0390392541885376
0.02571474015712738
0.23609422147274017
0.09790605306625366
-0.04103418439626694
0.035386741161346436
-0.4974169433116913
0.0441250205039978
-0.10733252018690109
0.2885188162326813
0.012210994958877563
0.0039899349212646484
0.0026073455810546875
0.3690081834793091
0.09372887015342712
-0.00020609796047210693
-0.1855829358100891
0.08374333381652832
-0.04816402494907379
0.08575369417667389
-0.03376999497413635
-0.048169851303100586
0.0571933314204216
0.050624601542949677
-0.0655057355761528
0.11083132028579712
-0.005798187106847763
0.07947841286659241
-0.2148658037185669
-0.041151631623506546
0.041330814361572266
0.14919352531433105
-0.03862980008125305
-0.12718465924263
0.16554605960845947
0.026731550693511963
-0.03373938798904419
-0.1279640942811966
0.14214062690734863
-0.0262984037399292
-0.020803451538085938
-0.019894957542419434
0.05716526508331299
0.2436085343360901
0.0923134982585907
-0.0980268120765686
-0.337505578994751
0.10698549449443817
0.12247538566589355
0.1392236053943634
0.04043827950954437
0.18647079169750214
0.02885580062866211
-0.22770333290100098
0.012162622064352036
-0.04813985526561737
0.11709591746330261
0.004161357879638672
0.044320471584796906
-0.016546159982681274
-0.009750433266162872
-0.002092897891998291
-0.07023671269416809
-0.0016257911920547485
0.02578750252723694
0.18230921030044556
0.03879272937774658
0.06418128311634064
0.02319788932800293
0.11411672830581665
0.07015731930732727
0.06802421808242798
0.09386521577835083
-0.03669871389865875
-0.0855984091758728
0.01578885316848755
-0.11103777587413788
0.0007973313331604004
0.0804818868637085
0.12019747495651245
0.058897554874420166
-0.039617955684661865
0.0929926261305809
-0.0015646442770957947
0.012663722038269043
-0.044748008251190186
-0.07618164271116257
-0.17530718445777893
-0.02576376497745514
-0.003577589988708496
-0.17658519744873047
0.010481327772140503
0.03298792243003845
0.048793286085128784
0.06704932451248169
0.12225845456123352
-0.0015247762203216553
0.09442973136901855
0.06018856167793274
-0.13874797523021698
-0.11335518956184387
-0.030925065279006958
0.027164161205291748
0.05495089292526245
0.02206099033355713
-0.040489792823791504
0.010672569274902344
-0.1957741379737854
-0.12554799020290375
-0.05072988569736481
-0.01975351572036743
-0.05789723992347717
0.01808476448059082
0.02075374126434326
0.021360665559768677
0.0377347469329834
0.027134835720062256
0.015362140722572803
0.10978972911834717
-0.0035396218299865723
-0.0009999950416386127
0.003005415201187134
0.031048178672790527
-0.014003455638885498
0.040696144104003906
0.001535387709736824
0.073030024766922
-0.03357124328613281
-0.018307507038116455
0.031498655676841736
-0.05558143928647041
0.01588861644268036
-0.017573684453964233
-0.013635337352752686
-0.039802998304367065
-0.05110645294189453
0.01961645483970642
-0.0456802099943161
0.07023721933364868
-0.05054399371147156
-0.06730195879936218
0.032720111310482025
-0.06484374403953552
0.005239695310592651
0.013919204473495483
0.009495079517364502
-0.0006125718355178833
0.043821536004543304
0.054354313760995865
0.01794251799583435
0.012932062149047852
-0.05244359374046326
-0.007037043571472168
-0.017791301012039185
-0.034547366201877594
0.013489417731761932
-0.3910319209098816
0.00831863284111023
0.0662098228931427
-0.03032715618610382
0.0030814707279205322
0.03481137752532959
-0.025038402527570724
0.02377098798751831
0.07126179337501526
0.014501482248306274
-0.015268728137016296
-0.003125786781311035
0.016737937927246094
-0.06933079659938812
0.06993237137794495
0.004812955856323242
0.035879552364349365
-0.02647256851196289
-0.058149755001068115
-0.008176207542419434
-0.18886107206344604
-0.0444018729031086
0.03906626999378204
0.016534473747015
-0.0009324550628662109
0.045719653367996216
-0.017416074872016907
-0.009842455387115479
0.17274987697601318
-0.0054242052137851715
0.00205056369304657
-0.036997199058532715
-0.030865609645843506
0.002577364444732666
-0.03404068946838379
-0.010119497776031494
-0.12572801113128662
0.011494874954223633
0.028061270713806152
0.024092167615890503
-0.08726531267166138
-0.006093621253967285
0.00484997034072876
0.03546491265296936
0.1388266235589981
-0.13562904298305511
0.007375925779342651
0.020608052611351013
0.009944379329681396
-0.00830337405204773
-0.07519671320915222
0.005131863057613373
0.03218651935458183
0.002006739377975464
-0.012864366173744202
0.016421392560005188
-0.025661177933216095
-0.00924229621887207
0.11203457415103912
-0.03455710411071777
0.012219548225402832
-0.009873025119304657
-0.011563897132873535
0.07056015729904175
-0.012807361781597137
0.05171722173690796
0.10790488123893738
0.040870849043130875
-0.024423062801361084
0.01959698647260666
0.03508007526397705
0.062243491411209106
-0.043192267417907715
-0.012288272380828857
0.03498709201812744
0.0049537718296051025
0.0035007894039154053
-0.02467048168182373
-0.04386678338050842
-0.046010956168174744
0.017155766487121582
0.004571393132209778
0.03666451573371887
0.03304183483123779
0.08018383383750916
0.023960888385772705
0.005375456530600786
0.043446481227874756
0.056118547916412354
0.0011684298515319824
0.014734804630279541
0.030431434512138367
0.0901874303817749
0.02844560146331787
0.0533670037984848
-0.02785038948059082
0.023635178804397583
0.023456424474716187
0.025221943855285645
0.04932042956352234
-0.02732241153717041
-0.12013489007949829
-0.06697110086679459
-0.005918681621551514
-0.023071393370628357
-0.004515036940574646
0.06955696642398834
0.028018325567245483
0.02615458518266678
-0.03344082832336426
0.045035481452941895
0.0382198691368103
0.06643912196159363
-0.030089635401964188
-0.009370952844619751
-0.07915854454040527
0.010951951146125793
0.03716036677360535
0.03905196487903595
-0.07176554203033447
0.2360120713710785
-0.05714363232254982
0.028165608644485474
0.037236690521240234
0.017726480960845947
0.018750250339508057
0.07029944658279419
0.015320956707000732
0.053788721561431885
0.031003251671791077
0.03347891569137573
-0.013466864824295044
-0.08667731285095215
0.041757822036743164
-0.02546793222427368
-0.02667778730392456
0.03356781601905823
0.06827650219202042
-0.1647423356771469
0.02002197504043579
0.009344145655632019
0.21141478419303894
0.017039701342582703
-0.015746593475341797
0.041794031858444214
-0.04810243844985962
-0.0208309143781662
0.023293912410736084
-0.002474237233400345
0.0029730498790740967
-0.09372276067733765
0.02910931408405304
0.031361162662506104
-0.044127143919467926
-0.0055747926235198975
0.004495114088058472
0.011130273342132568
0.03622737526893616
0.04433068633079529
-0.032217442989349365
-0.034802697598934174
0.4358559250831604
-0.10752350836992264
0.0373651385307312
-0.019961893558502197
0.28282493352890015
-0.003936842083930969
0.005316540598869324
0.07600386440753937
0.1357656717300415
0.014626353979110718
-0.2468152642250061
0.08114541321992874
-0.0029068589210510254
-0.04017150402069092
-0.03223639726638794
0.0054814815521240234
0.02159339189529419
-0.008757606148719788
-1.8881168216466904e-05
-0.05347064137458801
-0.031139254570007324
-0.02453269064426422
0.03118482232093811
0.033390164375305176
0.06434857845306396
0.01924234628677368
-0.04087880253791809
0.05333763360977173
0.049146175384521484
0.030649304389953613
-0.008135497570037842
0.0042345523834228516
0.011953949928283691
0.04347306489944458
0.06289684772491455
0.1391390562057495
-0.08237867057323456
-0.01804560422897339
-0.0023775994777679443
-0.059092164039611816
0.03955507278442383
-0.006587952375411987
0.005380570888519287
-0.07169562578201294
-0.02264106273651123
-0.028504464775323868
-0.001365959644317627
-0.044501110911369324
-0.007253766059875488
0.044066473841667175
-0.05124753713607788
0.03251396119594574
-0.10243789851665497
-0.013729646801948547
-0.05033717304468155
0.03224703669548035
0.014615833759307861
0.010442405939102173
0.02613106369972229
0.0002288520336151123
0.006534487009048462
0.030571628361940384
0.06901596486568451
0.0045822858810424805
0.06283056735992432
0.02862558513879776
-0.056237027049064636
0.04577338695526123
0.00046002864837646484
0.04440341889858246
0.011548072099685669
0.023305431008338928
0.048849672079086304
-0.08048427104949951
0.05545836314558983
-0.04165166616439819
-0.004515469074249268
-0.014635294675827026
-0.024587690830230713
0.2281198799610138
0.03427618741989136
0.03262493014335632
0.01540142297744751
-0.12496484816074371
0.07051295042037964
0.011278234422206879
-0.055106401443481445
-0.02161601185798645
0.021284759044647217
-0.001791447401046753
-0.02975711226463318
0.03419540077447891
-0.17887574434280396
0.023617297410964966
0.041204601526260376
0.0513453483581543
0.10475677251815796
-0.007524579763412476
0.024365313351154327
-0.06670212745666504
-0.049508631229400635
0.10543538630008698
0.02150610089302063
-0.01547330617904663
-0.04071652889251709
-0.011853069067001343
0.01387178897857666
0.010873794555664062
-0.05286288261413574
0.029642600566148758
0.001560896635055542
0.039255645126104355
0.03112208843231201
0.030179262161254883
-0.08560314774513245
0.07421904802322388
-0.034295398741960526
0.026152431964874268
0.034881144762039185
0.031062424182891846
-0.019157830625772476
0.02756299078464508
-0.016779184341430664
0.04866049066185951
-0.02591899037361145
-0.19218960404396057
0.02419683337211609
0.019424282014369965
-0.030380606651306152
-0.056555747985839844
-0.05195516347885132
-0.019964732229709625
-0.026531606912612915
0.06310504674911499
0.014207184314727783
-0.06156638264656067
0.006734311580657959
0.01693791151046753
0.01971694640815258
0.06378817558288574
0.023341810330748558
-0.02177441120147705
-0.011853128671646118
-0.08308340609073639
-0.0030788183212280273
0.0222741961479187
0.05773165822029114
-0.033400654792785645
-8.71419906616211e-05
-0.06287381052970886
0.00845983624458313
0.012797117233276367
-0.01380091905593872
-0.01849186420440674
-0.08471423387527466
0.0003170967102050781
-0.04645794630050659
-0.032062873244285583
-0.0258023738861084
0.032676488161087036
0.028590083122253418
0.03284265846014023
0.07898032665252686
0.01853010058403015
0.29074862599372864
-0.07528471946716309
-0.12204879522323608
-0.06922981142997742
-0.011270225048065186
0.03485068678855896
-0.0726805031299591
0.04314234107732773
-0.01431940495967865
-0.00545346736907959
-0.12472514063119888
-0.07455617189407349
-0.31319648027420044
0.10054147243499756
