0.05451136827468872
0.05657011270523071
0.05339747667312622
0.006137669086456299
0.01601719856262207
0.015301346778869629
0.004278898239135742
0.0025616884231567383
0.0031784772872924805
0.0014437437057495117
0.015230834484100342
0.011547386646270752
0.16319477558135986
0.06240183115005493
0.23414331674575806
0.009819090366363525
0.011475443840026855
0.008541226387023926
0.04743880033493042
0.010798513889312744
0.00257718563079834
0.056851089000701904
0.01745384931564331
0.061258137226104736
0.018220603466033936
0.023128807544708252
0.005688846111297607
0.004483044147491455
0.1508379578590393
1.6726837158203125
0.006539762020111084
0.002913355827331543
0.092349112033844
0.01034390926361084
0.007996857166290283
0.07718932628631592
1.1498857736587524
0.08067077398300171
0.018238961696624756
0.009714305400848389
0.21974068880081177
0.00397336483001709
0.021919548511505127
0.013228237628936768
0.5482103228569031
0.0014881491661071777
0.48797422647476196
0.01680755615234375
0.007659792900085449
0.0034374594688415527
0.006537199020385742
0.018458187580108643
0.0076607465744018555
0.0064460039138793945
0.3297238349914551
0.0028980374336242676
0.030156731605529785
0.030350804328918457
0.00853729248046875
0.04770863056182861
0.006321370601654053
0.011968493461608887
0.0173606276512146
0.038680434226989746
0.11350482702255249
0.0914454460144043
0.0032709240913391113
0.016956329345703125
0.0025600790977478027
0.0345456600189209
0.01290351152420044
0.4949384927749634
0.0018841028213500977
0.016528844833374023
0.026423156261444092
0.22950387001037598
0.015622913837432861
0.0029795169830322266
0.3662987947463989
0.001437544822692871
0.027659595012664795
0.00471949577331543
0.07328671216964722
0.008740663528442383
0.19592267274856567
0.1149282455444336
0.10862195491790771
0.014457643032073975
0.1481015682220459
0.0019407272338867188
0.020510613918304443
0.01657027006149292
0.7185510396957397
0.0064133405685424805
0.024814069271087646
0.020266950130462646
0.040938496589660645
0.2701195478439331
0.0026943087577819824
0.04555845260620117
0.014008283615112305
0.001353919506072998
0.005484640598297119
0.004694640636444092
0.017997384071350098
0.021798312664031982
0.008013248443603516
0.029726386070251465
0.006471574306488037
0.04181182384490967
0.007627904415130615
0.011780500411987305
0.009843826293945312
0.002993762493133545
0.4232969284057617
0.007622182369232178
0.012636899948120117
0.20279759168624878
0.006641864776611328
0.024422407150268555
0.05722147226333618
0.006188094615936279
0.012688219547271729
0.14662373065948486
0.17392253875732422
0.011200785636901855
0.009594738483428955
0.0077432990074157715
0.3677617311477661
0.03731644153594971
0.03309035301208496
0.002702951431274414
0.009390532970428467
0.03669083118438721
0.0425761342048645
0.006890356540679932
0.4068899154663086
0.019361495971679688
0.004867911338806152
0.03049767017364502
0.04560995101928711
0.23127257823944092
0.0031151175498962402
0.012522459030151367
0.015741169452667236
0.07314610481262207
0.0694882869720459
0.0032236576080322266
0.003917336463928223
0.03798037767410278
0.1476542353630066
0.1527801752090454
0.14790046215057373
0.13114261627197266
0.07319724559783936
0.03817039728164673
0.7147688269615173
0.04315680265426636
0.008008301258087158
0.0015497803688049316
0.007451653480529785
0.004396677017211914
0.03534454107284546
0.41872143745422363
0.0010420680046081543
0.015246570110321045
0.0013551115989685059
0.00609743595123291
0.02883249521255493
0.0024036765098571777
0.06809085607528687
0.0020896196365356445
0.1392928957939148
0.009908735752105713
1.3622089624404907
0.08155274391174316
0.004952788352966309
0.005361199378967285
0.008558034896850586
0.006725668907165527
0.0021810531616210938
0.25963354110717773
0.26424092054367065
0.001698911190032959
0.0045511722564697266
0.002089202404022217
0.004230916500091553
0.01259613037109375
0.005426585674285889
0.010470688343048096
0.03025573492050171
0.03906065225601196
0.10453903675079346
0.15642285346984863
0.09497570991516113
0.08529716730117798
0.010057210922241211
0.006518185138702393
0.014386773109436035
0.020643532276153564
0.013374686241149902
0.35720962285995483
0.07178974151611328
0.011423647403717041
0.18963295221328735
0.0035430192947387695
0.03476512432098389
0.04173874855041504
0.1066998839378357
0.1442735195159912
0.03418093919754028
0.0020172595977783203
0.020118236541748047
0.007070779800415039
0.004021704196929932
0.0022293925285339355
0.0020464658737182617
0.1826189160346985
0.051010966300964355
1.0857192277908325
0.07874220609664917
0.04335087537765503
0.17131006717681885
0.19525527954101562
0.02643454074859619
0.003490746021270752
0.021598100662231445
0.07195448875427246
0.002709031105041504
0.07981538772583008
0.022776544094085693
0.007074952125549316
0.8440917134284973
0.023279547691345215
0.044042229652404785
0.0014568567276000977
0.007115483283996582
0.019742071628570557
0.14639538526535034
0.07330411672592163
0.010679066181182861
0.011266469955444336
0.04316431283950806
0.0011063218116760254
0.05330532789230347
0.21817684173583984
0.024236619472503662
0.008284151554107666
0.014277219772338867
0.02374666929244995
0.002299785614013672
0.06285965442657471
0.04072582721710205
0.6257112622261047
0.015339791774749756
0.039706289768218994
0.04730808734893799
0.0036087632179260254
0.08867383003234863
0.30368322134017944
0.024550020694732666
0.14035159349441528
0.2185913324356079
0.004533648490905762
0.004469096660614014
0.004346489906311035
0.43104803562164307
0.3562732934951782
0.04179108142852783
0.010779201984405518
0.03749549388885498
0.006754755973815918
0.013658225536346436
0.1618000864982605
0.005848288536071777
0.009405374526977539
0.010847032070159912
0.6205057501792908
0.10360020399093628
0.0013415813446044922
0.0038405656814575195
0.24134433269500732
0.021233677864074707
0.0014963746070861816
0.056260883808135986
0.0027540922164916992
0.044812798500061035
0.005607008934020996
0.0033150911331176758
0.01467221975326538
0.0037273168563842773
0.16255652904510498
0.016257107257843018
0.004673421382904053
0.8344864845275879
0.030787408351898193
0.43243932723999023
0.03471481800079346
0.018120944499969482
0.010904014110565186
0.0033795833587646484
0.0027253031730651855
0.005156397819519043
0.005073964595794678
0.012881100177764893
0.007640719413757324
0.42579925060272217
0.04284936189651489
0.10119163990020752
0.4403812885284424
0.5594633221626282
0.0042632222175598145
0.011411309242248535
0.27872586250305176
0.019734323024749756
0.0032854080200195312
0.002604961395263672
0.013122200965881348
0.0353127121925354
0.0032563209533691406
0.001765906810760498
0.019371867179870605
0.0041724443435668945
0.058220744132995605
0.003718852996826172
0.6720227003097534
0.09541827440261841
0.09613633155822754
0.19319486618041992
0.003755927085876465
0.01955556869506836
0.013478517532348633
0.004965782165527344
0.0037208199501037598
0.011030197143554688
0.5204163193702698
0.01672840118408203
0.2644800543785095
0.04492837190628052
0.10828244686126709
0.0029897689819335938
0.002489626407623291
0.03418689966201782
0.003585636615753174
0.007466912269592285
0.022621989250183105
0.023377835750579834
1.7997201681137085
0.1539701223373413
0.12573003768920898
0.003458678722381592
0.06381016969680786
0.007367491722106934
0.008732438087463379
0.005385875701904297
0.0030440092086791992
0.24543064832687378
0.3126779794692993
0.47400063276290894
0.5388928651809692
0.003084540367126465
0.036218106746673584
0.014019548892974854
0.1318417191505432
0.0052828192710876465
0.08174186944961548
0.003749072551727295
0.26232391595840454
0.065651535987854
0.5724928379058838
0.17430990934371948
0.001686394214630127
0.03378903865814209
0.4879826307296753
0.016606271266937256
0.025386393070220947
0.0021800994873046875
0.25315582752227783
0.0034096240997314453
0.0473136305809021
0.002873837947845459
0.02665656805038452
0.0036662817001342773
0.14719128608703613
