3.84133243560791
0.998953640460968
1.75930655002594
1.3790748119354248
1.3718947172164917
0.9830142259597778
0.43997788429260254
1.6037935018539429
0.7038322687149048
0.5186114311218262
1.863437294960022
1.0746954679489136
0.9845011234283447
1.414587378501892
1.1455355882644653
3.7066221237182617
0.4160703420639038
0.2550649046897888
0.521235466003418
2.127061367034912
0.29158931970596313
0.3930068016052246
0.33573657274246216
0.6812048554420471
0.9511171579360962
1.0804744958877563
1.2732083797454834
1.6461337804794312
0.729110836982727
1.4820245504379272
0.9761173129081726
1.120222568511963
0.6837480068206787
1.164764165878296
0.8584675192832947
0.6524121165275574
0.7449793815612793
1.1103498935699463
0.5528836846351624
1.5033124685287476
1.733229160308838
1.0537314414978027
0.4139728546142578
2.215144634246826
0.8937868475914001
1.107816219329834
2.776573657989502
0.9316357970237732
2.656092405319214
0.48669564723968506
1.9122828245162964
3.7560572624206543
1.028710961341858
1.064807653427124
0.6165730357170105
0.9523277878761292
0.43648648262023926
1.4757530689239502
1.3846561908721924
0.7741115689277649
0.5856056213378906
1.2450065612792969
1.714938759803772
2.2285878658294678
0.6659039855003357
1.2213231325149536
1.059242844581604
0.9173492789268494
0.7601898908615112
3.095398187637329
0.8885244727134705
0.6380005478858948
0.671977698802948
1.6811071634292603
0.6948449015617371
0.8902508020401001
1.1107453107833862
1.7215837240219116
0.8369179368019104
0.889900267124176
0.4523547887802124
1.3570594787597656
0.6664910316467285
1.6324435472488403
1.5332229137420654
0.5849194526672363
1.1811637878417969
0.4077932834625244
0.4895802140235901
1.8734561204910278
1.5452204942703247
0.37653303146362305
0.7410942316055298
0.7160828709602356
0.6308549046516418
0.708461344242096
0.9832375645637512
1.1211225986480713
1.0620311498641968
0.6776930689811707
1.152215838432312
1.3237661123275757
0.36711394786834717
2.8063406944274902
1.6574478149414062
4.433994770050049
1.2871006727218628
1.7490501403808594
0.5388784408569336
1.265140414237976
1.4534727334976196
2.6332809925079346
1.345908284187317
1.0656496286392212
1.2135778665542603
0.7764309048652649
0.6791715621948242
2.166454792022705
1.5323566198349
0.4292416572570801
0.995050311088562
0.8379036784172058
1.7498304843902588
1.3539578914642334
1.4292988777160645
1.232918381690979
0.9054103493690491
0.48148679733276367
0.7186782956123352
1.7881615161895752
1.167182445526123
1.1661063432693481
0.8814146518707275
0.2853119969367981
0.9890841841697693
0.6279318332672119
1.0809760093688965
0.24239075183868408
1.2818597555160522
1.3065766096115112
1.5464818477630615
0.5736452341079712
0.9573272466659546
0.66816645860672
3.1659996509552
1.0762214660644531
2.525697708129883
1.0824044942855835
0.5114932060241699
1.0453373193740845
0.6169738173484802
2.244826555252075
0.8697063326835632
1.1543426513671875
0.71883225440979
0.48648953437805176
0.9101048707962036
1.3652209043502808
2.592447519302368
1.0774952173233032
2.4107346534729004
0.3699007034301758
3.868502616882324
0.8787644505500793
0.8748874068260193
0.37012696266174316
1.533949851989746
1.0379061698913574
0.7223449945449829
1.2083598375320435
0.8471325635910034
0.7645100951194763
0.8825481534004211
0.5664471983909607
1.8021355867385864
0.8159363269805908
1.3277409076690674
2.2402162551879883
0.266357421875
0.7738835215568542
0.9708637595176697
1.4027581214904785
1.3579447269439697
1.2930283546447754
0.3867412805557251
1.1549128293991089
2.131679058074951
0.7006538510322571
0.3709522485733032
1.3660428524017334
1.320338249206543
0.2971231937408447
1.2092032432556152
0.6520916819572449
3.357588768005371
0.6031379103660583
1.1694358587265015
0.6572301983833313
1.0915842056274414
1.3419692516326904
0.505992591381073
0.6276623606681824
0.5317226648330688
0.9140956997871399
1.0517882108688354
0.9271432161331177
3.8310258388519287
2.5858235359191895
0.8055595755577087
0.7095698118209839
1.2803606986999512
1.4616320133209229
0.22175264358520508
1.352548360824585
2.1051416397094727
1.4811382293701172
1.6082707643508911
1.121329426765442
0.5013967752456665
1.8717987537384033
1.3767449855804443
0.8771727085113525
2.28912353515625
1.3353668451309204
0.8256915211677551
1.183106780052185
2.705986261367798
0.8573592305183411
0.6585509181022644
0.9405295252799988
1.58254873752594
0.5028825402259827
1.46930730342865
1.241287350654602
1.2082180976867676
1.2561126947402954
1.2491366863250732
0.9005386233329773
0.9612006545066833
0.4223445653915405
1.7965590953826904
4.005087375640869
0.28131377696990967
1.606495976448059
0.8394833207130432
1.0785086154937744
1.065421462059021
0.7222565412521362
1.1195225715637207
0.250454306602478
0.8344724178314209
0.5220533013343811
0.9532637596130371
2.3131911754608154
1.010634183883667
0.4927569031715393
1.027276635169983
0.9106280207633972
3.932183027267456
1.1716057062149048
0.42087167501449585
1.6973248720169067
0.8879691362380981
0.630192756652832
0.7125055193901062
1.2926554679870605
1.0172137022018433
1.660536289215088
1.4131211042404175
0.5331011414527893
1.276673436164856
0.7375324964523315
1.2273259162902832
1.1846821308135986
0.47664499282836914
0.6414865255355835
0.7849518656730652
0.7346432209014893
0.5079127550125122
1.3567993640899658
0.5848443508148193
1.158022165298462
0.39069509506225586
0.2824060320854187
0.7943912744522095
1.2699097394943237
1.0615516901016235
1.0355072021484375
0.9598494172096252
1.3111249208450317
1.372014045715332
0.6247680187225342
2.150524139404297
1.0502638816833496
0.6304106712341309
1.411433219909668
0.9511727094650269
0.927217423915863
3.118837356567383
0.9306784272193909
0.8873474597930908
1.3724889755249023
2.721630096435547
0.7472515106201172
0.44418805837631226
1.0334511995315552
0.9042835831642151
3.567697763442993
1.2316893339157104
2.6068975925445557
1.6550147533416748
1.0857629776000977
0.9818248748779297
0.9015962481498718
1.2666009664535522
0.19837498664855957
1.8653404712677002
0.40600425004959106
0.7480151057243347
0.9662348628044128
1.0368211269378662
3.1977312564849854
0.7226225733757019
0.4854397177696228
3.0035321712493896
0.7180710434913635
0.33723509311676025
0.6574246883392334
1.199919581413269
0.5715503692626953
0.6622478365898132
1.2184189558029175
0.20725339651107788
1.2604553699493408
0.41241002082824707
1.7998290061950684
1.0657943487167358
0.5800615549087524
0.7193102240562439
1.0094507932662964
1.0806156396865845
1.1409224271774292
0.34927332401275635
1.0423976182937622
1.312200903892517
0.9387153387069702
0.6800605058670044
1.6133131980895996
1.0137953758239746
1.1117560863494873
0.6482653617858887
0.43086910247802734
0.3900141716003418
0.1697152853012085
0.5460801124572754
1.2385255098342896
0.8798582553863525
0.9907121658325195
1.2904229164123535
1.9971892833709717
1.6322741508483887
0.6161025166511536
1.4546095132827759
1.3945252895355225
0.32946401834487915
0.8905176520347595
0.5902001857757568
0.9508963227272034
1.290639042854309
0.5395715236663818
0.9757185578346252
1.1430470943450928
3.1985344886779785
1.9511079788208008
1.6836589574813843
0.6732024550437927
1.1346869468688965
0.5710580348968506
1.0438156127929688
1.0157952308654785
1.0458741188049316
1.278482437133789
0.9726526141166687
0.9362254738807678
