0.004037051927298307
-0.5182617902755737
-0.1128639206290245
0.025279207155108452
-0.05022791028022766
-0.08730384707450867
0.005031694658100605
-0.0041766357608139515
-0.00806104950606823
0.13765297830104828
-0.009116770699620247
-0.07528578490018845
0.36327436566352844
-0.15497052669525146
-0.3974716365337372
-0.03014061413705349
0.06606671959161758
0.09475523233413696
-0.0377892330288887
0.05731251463294029
-0.012055453844368458
0.022929051890969276
0.045288871973752975
-0.3337796628475189
0.10304687917232513
-0.09503699839115143
-0.16370144486427307
-0.02853001467883587
-0.1896391063928604
-1.140973687171936
-0.12110970914363861
-0.018427202478051186
0.3218536972999573
-0.14922699332237244
-0.08811943233013153
0.415945827960968
1.3518929481506348
0.13171155750751495
-0.07627406716346741
0.00012120420433348045
-0.1888883113861084
-0.06551605463027954
0.025786902755498886
-0.0457782968878746
0.7890759706497192
-0.00011222797184018418
-0.881335973739624
-0.024659844115376472
-0.06514114886522293
0.09823373705148697
0.0014477273216471076
-0.009412272833287716
-0.02990252710878849
-0.014699762687087059
0.38258010149002075
0.0005962406285107136
0.002560834400355816
0.16180360317230225
-0.013258175924420357
0.09049706161022186
-0.004594651982188225
0.014876164495944977
0.00014703469059895724
0.03536808118224144
0.2549710273742676
0.09730306267738342
0.004770997911691666
-0.048431023955345154
-0.01952987350523472
-0.02131611481308937
-0.10868213325738907
0.5652459859848022
0.0006867220508866012
-0.03874610364437103
-0.03801305964589119
0.7712462544441223
-0.027946949005126953
-0.011821295134723186
0.42991146445274353
0.005993163213133812
0.044767070561647415
0.015034599229693413
-0.18660837411880493
-0.005072314757853746
-0.30649805068969727
-0.1561499983072281
0.09797569364309311
0.07261905074119568
-0.23994028568267822
0.00020637550915125757
0.013517437502741814
-0.052782878279685974
1.1042249202728271
-0.0698799267411232
0.0016708924667909741
-0.010305270552635193
-0.019393611699342728
0.38150516152381897
-0.004071660339832306
-0.07895760983228683
-0.05184129625558853
-0.0017500835238024592
0.01497618481516838
-0.029048513621091843
-0.0509081594645977
0.00369781325571239
0.030764304101467133
-0.2847647964954376
-0.02233120985329151
0.6367824077606201
-0.10680202394723892
-0.04344215244054794
-0.15678416192531586
-0.018944431096315384
0.44753557443618774
-0.09612762928009033
-0.08891865611076355
-0.2952229380607605
-0.10258320719003677
-0.05704338476061821
0.19644489884376526
-0.07988613098859787
-0.03716450184583664
0.1832979917526245
-0.8487765789031982
-0.09007684886455536
-0.01203756220638752
0.003221670864149928
0.7046478986740112
-0.03374916687607765
0.719892144203186
-0.003572380170226097
0.039858169853687286
-0.018231991678476334
0.19803279638290405
-0.04623417556285858
0.714872419834137
-0.0016357102431356907
-0.08987755328416824
0.012404847890138626
-0.014496233314275742
0.22755227982997894
-0.14597125351428986
0.002257795073091984
-0.01501630712300539
-0.17837932705879211
0.014912492595613003
-0.02186216227710247
0.0986550971865654
0.2833402752876282
0.11437170207500458
-0.12035582214593887
-0.01226721704006195
0.3183654546737671
0.13885170221328735
-0.05759669840335846
1.1754356622695923
0.061727046966552734
-0.06594635546207428
-0.0037218222860246897
-0.04970237985253334
-0.12239666283130646
-0.025790337473154068
0.8854821920394897
0.009181421250104904
-0.019441980868577957
0.003869701409712434
-0.03855989873409271
-0.003674568608403206
-0.005409420933574438
0.09822637587785721
0.0018244549864903092
0.22610971331596375
-0.020671779289841652
-1.40070378780365
-0.2704133987426758
0.0028509246185421944
-0.04112648963928223
-0.0477885864675045
0.13860034942626953
0.004817106295377016
-0.14959175884723663
-0.20310920476913452
-0.0008616701816208661
0.0029305696953088045
-0.028332404792308807
-0.013071172870695591
-0.2229260951280594
-0.09198819100856781
0.011824838817119598
0.013910636305809021
-0.009984223172068596
0.43408116698265076
-0.20262758433818817
0.004448726307600737
-0.40796589851379395
-0.1343933641910553
0.02216305583715439
-0.10056571662425995
-0.0010028802789747715
-0.07926790416240692
0.5569942593574524
-0.02308054454624653
0.009757265448570251
-0.18150262534618378
-0.005012049805372953
-0.017139561474323273
0.007277241442352533
0.17022843658924103
-0.29377874732017517
-0.186615452170372
-0.004150605294853449
-0.025991369038820267
0.06667464226484299
-0.0016638758825138211
-0.027627229690551758
0.0008000712841749191
0.02688061259686947
0.061773814260959625
-0.6396165490150452
-0.25896111130714417
-0.04744445160031319
-0.11162184178829193
-0.8004234433174133
-0.04339403286576271
-0.020476941019296646
-0.018577760085463524
0.05974195525050163
-0.1383226066827774
0.23587892949581146
-0.09164943546056747
-0.13195766508579254
-0.6947352290153503
-0.09695976972579956
-0.24684511125087738
0.004492955282330513
-0.15817523002624512
-0.024125467985868454
0.128448486328125
0.06804707646369934
-0.08376017957925797
-0.0033475852105766535
-0.051728300750255585
-0.0022985218092799187
0.01362046878784895
-0.34672027826309204
0.134221151471138
-0.07440406829118729
-0.034931931644678116
-0.008131803944706917
0.03337845951318741
-0.22583600878715515
0.2561580240726471
-0.37778282165527344
0.08619748800992966
-0.08529632538557053
0.025206293910741806
-0.058207474648952484
0.004918023943901062
0.5388365387916565
-0.0015662501100450754
-0.08985452353954315
0.11611784994602203
-0.0916985347867012
0.002792015206068754
-0.02084674872457981
-0.6982388496398926
-0.8287097811698914
0.04688455909490585
0.03845929726958275
0.031825222074985504
-0.14067552983760834
0.10200711339712143
-0.27359744906425476
0.06052091345191002
-0.13533148169517517
-0.06675545871257782
1.0157203674316406
0.04343050718307495
0.0032783038914203644
-0.11501444876194
-0.286253958940506
0.003496713237836957
-0.04423730820417404
-0.05459131300449371
-0.05930405482649803
-0.13706561923027039
-0.05636012554168701
-0.057256706058979034
0.0002097955293720588
-0.08547709882259369
-0.67857825756073
-0.044949740171432495
-0.0034496074076741934
1.0333220958709717
0.17739596962928772
-0.5288495421409607
-0.014474439434707165
-0.04435322806239128
-0.05615584924817085
-0.14419400691986084
-0.005975950509309769
-0.04020509868860245
-0.07516507804393768
-0.10901854187250137
-0.03300292417407036
-0.46416792273521423
0.01821734756231308
0.1573212742805481
-0.6969285011291504
-0.5942972302436829
0.007631825748831034
-0.03844672441482544
0.7436431646347046
-0.11048436164855957
0.051553238183259964
-0.0055601708590984344
-0.08361858129501343
-0.2801588177680969
-0.003002315992489457
-0.0006357790553011
-0.015356367453932762
-0.021921446546912193
-0.016818273812532425
-0.03308188542723656
1.2021315097808838
-0.07226916402578354
0.09033223986625671
-1.0622808933258057
-0.04189807549118996
-0.0795992910861969
0.04013359919190407
0.11844295263290405
-0.06169414520263672
0.06872168183326721
-0.6339274644851685
-0.08247793465852737
0.601533055305481
-0.038468778133392334
0.10800259560346603
-0.01975240744650364
-0.03916376456618309
-0.0897098183631897
0.02174515835940838
-0.017890801653265953
0.2817094326019287
0.2233526110649109
-1.7694450616836548
0.3597091734409332
-0.5050819516181946
0.03520822897553444
0.05482839420437813
-0.10875628888607025
0.010432064533233643
0.1088758185505867
-0.052050910890102386
0.5482062697410583
-0.4106268882751465
0.5680340528488159
-0.5614686608314514
-0.002305775647982955
-0.3123098909854889
-0.02785128727555275
-0.8910055160522461
0.07235229015350342
0.1302449256181717
-0.06273601204156876
0.6574340462684631
0.016389615833759308
0.837058961391449
0.21136757731437683
0.010397038422524929
-0.0028489555697888136
-0.4940461218357086
-0.3258287012577057
0.011165803298354149
0.0018967509968206286
0.7587020397186279
-0.009652313776314259
0.12329898774623871
-0.03132197633385658
-0.07230386883020401
-0.026079365983605385
0.31901589035987854
