-1.974338173866272
-1.7131025791168213
0.2673047184944153
-0.9595233201980591
-1.9338122606277466
-0.38042446970939636
-0.266255646944046
-0.04655075445771217
-0.9030059576034546
0.5481245517730713
-0.6148927807807922
-0.9756610989570618
-1.0666306018829346
0.1660708338022232
0.37745925784111023
-1.0544614791870117
-0.48123785853385925
0.5928763747215271
-1.7885693311691284
-1.7998305559158325
0.31491532921791077
0.029319746419787407
-0.6898241639137268
0.27354204654693604
0.11009674519300461
-1.3213986158370972
-0.588970959186554
-0.5494163632392883
-1.826828122138977
0.3121330738067627
-0.5410661101341248
0.2541608512401581
-0.9892122149467468
0.4692096412181854
-0.5937827229499817
-0.7717021107673645
-1.4924657344818115
-0.3985995054244995
0.6870596408843994
0.004149164073169231
0.47867587208747864
-2.1053667068481445
-0.43927493691444397
-1.0175182819366455
-1.5009191036224365
-0.9956430792808533
-0.33928579092025757
-0.002442452125251293
-1.978007197380066
-1.1013126373291016
-0.3620770573616028
-1.5212775468826294
0.40965187549591064
0.21093659102916718
-1.043841004371643
-0.7936326861381531
-0.3143387734889984
-0.12182807177305222
-0.33068570494651794
-0.08581129461526871
-1.1772207021713257
-0.3029620945453644
-1.0670523643493652
-1.5127545595169067
-1.0316030979156494
0.34372180700302124
0.23029287159442902
-1.2275357246398926
-2.0735678672790527
-0.912506639957428
-1.4550893306732178
-1.1175614595413208
-0.2710738182067871
-0.5857105255126953
-0.564773440361023
0.9795570373535156
0.3048992455005646
-0.2867130637168884
-1.0237621068954468
0.35585421323776245
0.1694405972957611
0.2857772707939148
-2.599069833755493
-1.6276987791061401
-0.177324116230011
0.31044507026672363
-0.005868458189070225
-1.4359196424484253
-0.08273907005786896
-0.529624342918396
-0.8901846408843994
0.2398023158311844
-1.1120021343231201
-0.39263153076171875
-0.1355222910642624
-0.2582009434700012
-1.3644722700119019
-0.9963721036911011
0.17561116814613342
-0.6083919405937195
0.9215590357780457
0.5384955406188965
0.2286064624786377
-1.718687891960144
0.18893419206142426
-2.095228672027588
-0.3588753044605255
-0.9499452114105225
-0.14171305298805237
0.860572338104248
-0.9995805621147156
-2.141024589538574
0.19705016911029816
0.3074016869068146
-1.1334648132324219
-0.255418062210083
-0.010162523947656155
-0.900270938873291
0.18780715763568878
0.2708466053009033
0.05525369197130203
-1.5421206951141357
-1.2706494331359863
-1.651350736618042
0.7588108777999878
-1.2595657110214233
-1.6285020112991333
0.22547192871570587
-0.9794604778289795
-0.2739284634590149
0.9713747501373291
-0.2514251470565796
0.508649468421936
0.1726466566324234
-0.13212944567203522
1.1562883853912354
-1.9482015371322632
0.2602804899215698
-1.046457052230835
-0.10250521451234818
-1.229366421699524
0.16058367490768433
-0.9601678252220154
-0.36682647466659546
-1.6712803840637207
0.5896976590156555
-2.1481502056121826
-0.16041168570518494
-0.5107005834579468
0.5142322182655334
-1.0887812376022339
-0.7595723867416382
0.0034653593320399523
0.3850827217102051
0.008385682478547096
0.26922735571861267
-1.271706461906433
-0.013605738990008831
-1.3453521728515625
0.48948371410369873
-1.925553321838379
-0.8019397258758545
-1.406356692314148
-1.6266648769378662
0.4000878930091858
0.31812700629234314
0.3369821608066559
-0.011073683388531208
-0.6330472826957703
-0.27631136775016785
-0.8199401497840881
-0.5839182734489441
-0.8713584542274475
-0.5965152382850647
0.11116176843643188
0.7472350001335144
0.276153564453125
-1.5321834087371826
0.6600493788719177
0.06148907169699669
0.058767758309841156
0.2451133280992508
0.6306589245796204
0.0895799770951271
0.000620195351075381
0.15331903100013733
-0.7463381886482239
-1.9219632148742676
-0.1922236829996109
-0.07437173277139664
0.40313708782196045
-0.12439370900392532
0.324230432510376
-0.9343260526657104
-1.2925584316253662
-1.2623190879821777
-0.2022557407617569
-2.6495978832244873
0.4169706404209137
0.44172316789627075
0.5099612474441528
-0.969031572341919
-0.9210920333862305
0.5379003286361694
0.06661571562290192
0.1976097822189331
-1.5509140491485596
-1.8009288311004639
0.13740301132202148
-2.0388882160186768
-0.04243699088692665
0.11600517481565475
-1.8187892436981201
-0.16655641794204712
-0.3194628953933716
0.12992937862873077
-0.11768628656864166
0.029842454940080643
-0.12609320878982544
0.045507047325372696
0.0382506363093853
0.38201963901519775
-0.3291410803794861
-1.802107572555542
-1.4399834871292114
-0.1991463303565979
-1.5024553537368774
-0.14511355757713318
-1.2101484537124634
0.6429688334465027
1.2902404069900513
0.6044971942901611
0.20265012979507446
0.3007955849170685
0.21511971950531006
0.021528800949454308
-2.7362310886383057
-0.14987070858478546
-1.1033793687820435
0.13820591568946838
-1.86710786819458
-1.462550163269043
-0.4025235176086426
-0.03456844016909599
-0.7706722021102905
0.07332153618335724
0.25472259521484375
-1.6507912874221802
0.5777421593666077
0.16238152980804443
-1.7489845752716064
-0.2726040780544281
-0.5252217650413513
0.6834738850593567
-1.1455583572387695
0.06421119719743729
0.2330104261636734
0.3403410315513611
-1.5347801446914673
-2.374549388885498
0.028208404779434204
-0.021931206807494164
-0.9123134613037109
0.25242486596107483
-0.23106105625629425
-1.7634636163711548
-2.0402541160583496
-0.46488991379737854
-0.5403907299041748
-1.4798444509506226
0.22498132288455963
0.1264292299747467
-0.3080964982509613
0.47021785378456116
-0.2783316969871521
-0.816893458366394
0.13072066009044647
-1.4840697050094604
-0.3858768343925476
0.28923335671424866
0.10494941473007202
-0.18459033966064453
0.07813455909490585
0.165645033121109
-1.529910922050476
-0.10970144718885422
0.559650719165802
-1.342297911643982
-2.154076337814331
-0.34894004464149475
-0.23948988318443298
-1.3844654560089111
-1.9747817516326904
0.352956086397171
-1.3250782489776611
-0.55583655834198
-1.0012691020965576
0.48427635431289673
-1.656640887260437
-1.562450885772705
-0.0702618956565857
0.2900466322898865
-1.7090455293655396
-2.909742593765259
-0.035773865878582
0.07377297431230545
-0.09797509759664536
-1.7956334352493286
-0.5424877405166626
-0.4949558973312378
0.560791552066803
0.1040271520614624
0.08184906840324402
-1.318849802017212
-0.5835322737693787
-0.19998730719089508
-0.32322123646736145
0.3056495487689972
-1.5635026693344116
-0.18923930823802948
0.2872883677482605
-1.6929996013641357
0.08971720188856125
0.02498461864888668
-1.8294810056686401
-2.082596778869629
-0.16882632672786713
-0.44956082105636597
-1.9704819917678833
0.37622079253196716
-1.3929145336151123
0.15338169038295746
0.6014197468757629
0.0032496193889528513
0.3393634855747223
-0.2834436595439911
0.2693311274051666
-0.2588401734828949
-0.8368220925331116
-0.6134099364280701
0.49584394693374634
0.1854545921087265
0.45366644859313965
0.2005898803472519
0.024950098246335983
0.4191299080848694
-1.442562460899353
0.4115865230560303
-2.6787328720092773
-2.4651143550872803
-1.2122124433517456
-1.6656057834625244
-0.21693331003189087
-0.4865247905254364
-0.8027267456054688
-0.0034958645701408386
-1.2785078287124634
-1.4715033769607544
-1.6761600971221924
1.0265953540802002
-0.31009185314178467
-0.696546733379364
0.02803892269730568
-0.29099515080451965
-0.5779746770858765
-2.0133891105651855
-0.7915752530097961
0.5896368622779846
-0.4558267295360565
-1.9594361782073975
-0.5795037150382996
0.18226604163646698
-1.7149691581726074
0.09124131500720978
-0.7542368769645691
-1.1949951648712158
0.24381102621555328
-0.03253341466188431
-0.08564680814743042
-0.9936456084251404
-0.9057455062866211
0.06942477077245712
0.14059585332870483
0.20296072959899902
