0.04979819059371948
0.04343390464782715
0.058311522006988525
0.04714304208755493
0.06514912843704224
0.04729396104812622
0.03830230236053467
0.07054126262664795
0.054409682750701904
0.09562385082244873
0.05191010236740112
0.03395986557006836
0.0788922905921936
0.04523646831512451
0.08504313230514526
0.06303751468658447
0.06980985403060913
0.0655972957611084
0.053385376930236816
0.05580025911331177
0.04341667890548706
0.0531773567199707
0.054064929485321045
0.03516089916229248
0.046314775943756104
0.038668930530548096
0.03718644380569458
0.049567461013793945
0.042353034019470215
0.044010818004608154
0.07866799831390381
0.04111737012863159
0.03933572769165039
0.07039773464202881
0.04804420471191406
0.03652101755142212
0.06274151802062988
0.05521392822265625
0.06392431259155273
0.04452061653137207
0.04174536466598511
0.05227845907211304
0.05542534589767456
0.057463765144348145
0.08855170011520386
0.03490203619003296
0.057366907596588135
0.04211455583572388
0.03190255165100098
0.0981292724609375
0.044668376445770264
0.054577767848968506
0.06703507900238037
0.04859572649002075
0.03568434715270996
0.09548753499984741
0.04800546169281006
0.07844823598861694
0.042376577854156494
0.04409825801849365
0.05948197841644287
0.06216156482696533
0.050537824630737305
0.0969088077545166
0.06271755695343018
0.04490673542022705
0.033553242683410645
0.06157886981964111
0.05671113729476929
0.1015058159828186
0.0640038251876831
0.08103984594345093
0.04242473840713501
0.04253077507019043
0.09916722774505615
0.03736615180969238
0.05104529857635498
0.07635760307312012
0.045548439025878906
0.07313477993011475
0.05715733766555786
0.07333022356033325
0.07788896560668945
0.0667075514793396
0.037193238735198975
0.09808850288391113
0.029986023902893066
0.04476737976074219
0.045799851417541504
0.05789262056350708
0.03772318363189697
0.06777715682983398
0.0703544020652771
0.058261990547180176
0.03609931468963623
0.0357356071472168
