0.0649758130311966
0.10104713588953018
-0.2273246943950653
-0.0209211353212595
-0.050731901079416275
0.2837446928024292
0.102620430290699
0.6008513569831848
0.11208704113960266
0.4394990801811218
-0.06001375615596771
0.12311816215515137
-0.01029167603701353
-0.11420552432537079
-0.02375604212284088
-0.14026901125907898
-0.15722709894180298
0.42515215277671814
0.008830590173602104
0.10413571447134018
0.27938252687454224
0.13747556507587433
-0.34567931294441223
0.06907321512699127
-0.11260057985782623
0.011046727187931538
-0.02317989431321621
0.021612437441945076
0.18197380006313324
-0.2649732828140259
-0.2857384979724884
0.03264693170785904
-0.047323670238256454
0.3168262839317322
-0.17001956701278687
-0.053282834589481354
0.014387967996299267
-0.2283160388469696
-0.21512362360954285
0.12856760621070862
0.09071115404367447
0.061322737485170364
0.32633742690086365
-0.042321231216192245
-0.17765672504901886
-0.07703196257352829
-0.0908246710896492
0.10092316567897797
-0.21934343874454498
0.2093314677476883
0.2539997696876526
-0.15314844250679016
0.24348576366901398
-0.32661163806915283
-0.031000947579741478
0.1778702437877655
0.21770136058330536
-0.13257405161857605
0.5767812132835388
0.22365613281726837
0.040732286870479584
0.0013384346384555101
0.12327942997217178
0.1360788196325302
-0.16661767661571503
-0.4070287048816681
0.0038364159408956766
0.03384600952267647
0.3414256274700165
0.0007310837972909212
-0.031328558921813965
-0.252669095993042
-0.1645478457212448
-0.11270184814929962
0.11241979897022247
0.15318255126476288
-0.01671372912824154
0.09328588098287582
0.20743197202682495
-0.06839389353990555
-0.5225789546966553
0.7104353904724121
-0.03687300533056259
0.10667338967323303
0.10245762765407562
-0.1040976271033287
0.12005501985549927
0.08104719966650009
0.014836772345006466
-0.06890944391489029
0.035819776356220245
-0.07324979454278946
-0.1304580718278885
0.008142170496284962
-0.18972863256931305
0.1373768299818039
