1.2347984313964844
1.1165140867233276
1.670515537261963
0.289700448513031
1.3624902963638306
2.109623670578003
2.340142250061035
0.5509667992591858
0.1520124077796936
0.1559773087501526
-0.19306457042694092
0.6025022268295288
0.4396909475326538
0.1667870283126831
-0.20276355743408203
0.8128676414489746
0.7511237263679504
1.465620756149292
2.259289264678955
2.1482205390930176
1.8699915409088135
0.1922473907470703
1.7843416929244995
0.4089502692222595
0.6351040005683899
0.303507924079895
1.2316129207611084
0.2619539499282837
0.9192436933517456
1.3543646335601807
0.1277604103088379
0.27720963954925537
1.247736930847168
1.0096831321716309
1.7349377870559692
1.4017539024353027
0.5557323098182678
0.3379226326942444
-0.1326761245727539
0.1592923402786255
0.930414617061615
0.7503185272216797
1.7430696487426758
1.707685112953186
1.3281033039093018
0.764308512210846
0.181565523147583
0.7226806282997131
0.6378931999206543
0.8786962628364563
1.79351806640625
0.7732014656066895
1.3883068561553955
0.7072056531906128
0.2231624722480774
0.37127381563186646
0.8195372223854065
2.1674933433532715
1.1105157136917114
1.2049187421798706
0.5028021931648254
0.24201160669326782
1.4878288507461548
0.3475229740142822
0.21340423822402954
0.8132210373878479
0.5806094408035278
1.1289970874786377
1.2713252305984497
0.8467151522636414
1.57564115524292
1.61045241355896
-0.13633394241333008
0.17328953742980957
0.2924414873123169
1.0124114751815796
0.32761555910110474
0.24842941761016846
0.8883700966835022
0.46380746364593506
1.7133466005325317
0.3994330167770386
1.0748530626296997
1.7287317514419556
0.5111122727394104
1.0621999502182007
0.9694430232048035
0.9344714879989624
0.42938315868377686
1.2944159507751465
1.1222338676452637
0.3339991569519043
1.596117377281189
1.6150484085083008
0.2985130548477173
1.1741211414337158
1.1134387254714966
0.23396146297454834
0.657794177532196
0.3778383731842041
1.0646090507507324
1.6064300537109375
1.8312466144561768
1.231343150138855
0.4066643714904785
2.2169911861419678
0.26218676567077637
0.7662639617919922
1.5560299158096313
1.2673871517181396
0.9247471690177917
0.5215633511543274
0.8071092367172241
0.3127298355102539
0.5480152368545532
0.6893849968910217
2.195326328277588
1.3590121269226074
0.4948768615722656
1.2290050983428955
1.3056526184082031
0.20095908641815186
1.3103666305541992
1.0430502891540527
0.29069626331329346
0.17128640413284302
0.5320572853088379
0.9499559998512268
0.20383644104003906
0.6405514478683472
1.905444622039795
1.6340826749801636
0.7976582050323486
1.4798763990402222
0.5060839653015137
0.7957609295845032
0.43244874477386475
1.2981009483337402
0.30390191078186035
-0.1720120906829834
0.26964402198791504
0.19235283136367798
0.8079069256782532
1.1948890686035156
0.20742952823638916
2.4875781536102295
2.0330379009246826
0.2088390588760376
2.003383159637451
0.8325690627098083
2.399477481842041
1.099103331565857
0.3735954761505127
1.3808754682540894
0.4520939588546753
1.248409390449524
0.17681097984313965
0.7946280837059021
0.9307138919830322
1.2657220363616943
0.19751089811325073
0.4970908761024475
0.168118417263031
1.2899185419082642
1.6964378356933594
1.1957061290740967
1.8286432027816772
1.1869302988052368
2.2907609939575195
1.038091778755188
1.4788026809692383
0.9471945762634277
1.5664949417114258
1.9614360332489014
0.25084352493286133
2.192509174346924
0.15300005674362183
2.088151693344116
1.869749665260315
0.7451705932617188
0.17894256114959717
0.7967466115951538
0.12750792503356934
1.0897585153579712
0.26742905378341675
0.9933286309242249
0.2810705900192261
0.7411438822746277
0.6592118740081787
0.21730643510818481
0.6795924305915833
0.3613489270210266
0.6580595374107361
1.622353196144104
-0.13807213306427002
2.2615113258361816
1.1171290874481201
1.700281023979187
0.15453386306762695
1.4778538942337036
1.0606199502944946
0.20096516609191895
0.9910351037979126
0.1391381025314331
1.7084569931030273
0.37458521127700806
0.7146223783493042
0.9084123969078064
1.027351975440979
0.8773042559623718
0.2230015993118286
2.589725971221924
0.681900143623352
1.7451138496398926
1.9385464191436768
0.8447712659835815
0.12794971466064453
0.46990466117858887
0.8352912068367004
0.5140233635902405
0.16637206077575684
0.629698634147644
1.245418667793274
0.18933093547821045
0.9412557482719421
0.2647116780281067
0.22347474098205566
0.33146417140960693
1.4353476762771606
0.1547015905380249
1.0778224468231201
1.8487387895584106
1.1443512439727783
0.8209061026573181
1.068068265914917
0.9381877183914185
1.4431664943695068
0.8714354634284973
1.0118277072906494
0.9020664691925049
0.39135289192199707
1.2786164283752441
1.0905351638793945
2.271195650100708
1.1969218254089355
0.8177477121353149
0.17570018768310547
-1.0362720489501953
0.2292088270187378
0.2846106290817261
1.0850138664245605
1.233834981918335
0.36721324920654297
0.27634358406066895
0.18784797191619873
1.5151631832122803
0.46555763483047485
0.4280315637588501
1.166480541229248
0.14990520477294922
1.193077802658081
0.2540081739425659
1.2021279335021973
0.20004820823669434
0.1712205410003662
0.3150738477706909
0.4644079804420471
0.7550013661384583
1.3067598342895508
1.0613939762115479
0.6136220693588257
0.16535258293151855
0.305194616317749
0.15476477146148682
2.2866098880767822
1.2406777143478394
0.3189876079559326
0.44919848442077637
1.7445788383483887
1.4324333667755127
1.5388078689575195
0.33696699142456055
0.8315988183021545
0.5802115201950073
0.45018720626831055
1.1261849403381348
0.5334254503250122
0.2636857032775879
1.7942075729370117
0.16328120231628418
0.22241580486297607
0.24371850490570068
0.5235840678215027
0.3224361538887024
2.548034429550171
0.7468674778938293
0.7368678450584412
0.7419859766960144
1.401631236076355
0.2373429536819458
1.6951384544372559
1.2039130926132202
0.39190125465393066
0.5004978179931641
2.172049045562744
1.7775143384933472
0.38119298219680786
1.6361229419708252
1.167634129524231
0.20221251249313354
1.1243325471878052
1.2676153182983398
0.5536701679229736
1.149701476097107
2.085186719894409
2.2789125442504883
0.16118502616882324
1.4023897647857666
1.0114914178848267
0.25210094451904297
1.0080820322036743
0.9254132509231567
0.18021154403686523
0.31206464767456055
0.2351144552230835
-0.1250549554824829
0.4185253381729126
2.0719332695007324
0.8245419263839722
0.9106515645980835
1.562914490699768
1.0373167991638184
0.32259559631347656
2.1447646617889404
0.3478323221206665
1.95124351978302
0.8470354080200195
0.32969844341278076
0.15005141496658325
1.512393832206726
0.3064919710159302
0.6637641191482544
1.9412038326263428
0.48618704080581665
0.6894440054893494
0.7921414971351624
1.8227572441101074
0.24878811836242676
0.36642539501190186
1.9129374027252197
0.6444775462150574
0.2855542302131653
0.7705876231193542
1.336121678352356
1.377947211265564
1.2848258018493652
0.25738728046417236
1.0125597715377808
0.3111882209777832
0.34140968322753906
0.5996468663215637
0.2701714038848877
0.5757343173027039
0.318989634513855
0.7803961038589478
0.17683595418930054
2.5184905529022217
1.8968946933746338
1.2914425134658813
0.17682242393493652
0.5010566115379333
3.3985846042633057
1.0676337480545044
0.4043341875076294
2.4482421875
0.16098523139953613
0.1807273030281067
1.4622588157653809
1.0447158813476562
0.627099871635437
0.5107353329658508
1.784430980682373
1.5655148029327393
2.2124528884887695
0.19609296321868896
1.9086682796478271
1.8535563945770264
0.8286353349685669
1.9577131271362305
1.8220585584640503
2.0920610427856445
0.7001951336860657
1.2973498106002808
1.5004812479019165
0.1761082410812378
1.3961316347122192
1.8289499282836914
0.4342690110206604
0.8437873125076294
1.0127124786376953
0.13894754648208618
0.602414608001709
0.3677569627761841
1.4360969066619873
0.19270944595336914
0.142333984375
0.12584173679351807
0.3815690875053406
0.8307771682739258
1.425462007522583
1.4870156049728394
0.17868942022323608
0.6752501726150513
1.0232871770858765
1.0376662015914917
0.14925843477249146
1.6211107969284058
0.960250735282898
0.2960728406906128
1.4480773210525513
1.9301888942718506
2.6869590282440186
0.40946388244628906
0.8054033517837524
0.14813631772994995
1.0690163373947144
1.6354676485061646
1.1981691122055054
1.1507648229599
0.6198005676269531
0.945911705493927
0.46766483783721924
3.622279644012451
0.718324601650238
1.6772575378417969
0.24059057235717773
0.3471623659133911
2.197286367416382
0.4088621139526367
1.8715263605117798
0.8896270990371704
0.2782076597213745
1.3228377103805542
2.3415024280548096
2.0171451568603516
1.837933897972107
-0.44449615478515625
1.020519495010376
1.7030693292617798
-0.1518847942352295
1.2226673364639282
0.2013413906097412
1.509671688079834
0.7740551829338074
0.7191381454467773
0.4990549087524414
0.9232226610183716
0.3371775150299072
1.54924476146698
1.1026577949523926
1.3741320371627808
0.6967805624008179
0.39148175716400146
0.1635412573814392
1.5731369256973267
0.7708439230918884
0.7030566930770874
0.19970691204071045
2.054715394973755
0.772427499294281
2.2677900791168213
0.5364533066749573
0.5490962266921997
0.31517815589904785
0.2922021150588989
0.19535422325134277
1.2277833223342896
0.8412126898765564
2.0112295150756836
0.749122679233551
1.4374877214431763
0.1358218789100647
1.1328071355819702
0.4522911310195923
0.47739458084106445
0.7362862825393677
0.9571717381477356
0.35860496759414673
0.643717885017395
0.6452559232711792
1.7257474660873413
2.0981059074401855
3.060927152633667
0.5192149877548218
0.4341963529586792
1.52750563621521
0.7100550532341003
1.5507029294967651
1.1938480138778687
0.8934224247932434
1.134021520614624
0.22767674922943115
0.25016486644744873
0.1442621350288391
0.32350969314575195
1.5452032089233398
2.2048425674438477
0.4047495722770691
-1.1069211959838867
0.7249608635902405
1.242637038230896
0.2833314538002014
0.4266203045845032
0.546360194683075
0.9732924699783325
1.231309175491333
0.8149869441986084
0.4824906587600708
0.4877445697784424
0.7400639653205872
0.3247344493865967
0.33358848094940186
0.846422016620636
0.7896080613136292
0.3296699523925781
0.8853561878204346
1.0880076885223389
0.6844810247421265
1.062970757484436
1.5484819412231445
0.8635105490684509
1.0062847137451172
0.14854824542999268
1.0268778800964355
0.18531686067581177
0.6981282830238342
0.4657937288284302
0.8920016884803772
1.7315027713775635
1.4676127433776855
0.22311770915985107
1.0852692127227783
0.9069320559501648
0.8856849670410156
0.3120208978652954
0.7097175121307373
0.8171500563621521
0.42712903022766113
1.1437970399856567
1.4243614673614502
0.7069003582000732
1.1158174276351929
0.8761880993843079
0.4322313070297241
0.6226075291633606
0.676883339881897
1.2254928350448608
0.173484206199646
1.5878206491470337
1.5458961725234985
1.2774074077606201
0.5605493783950806
0.6226375699043274
1.7531723976135254
0.2075347900390625
0.47665631771087646
0.5270598530769348
1.291475772857666
1.0213595628738403
0.23675775527954102
0.3366483449935913
0.25267648696899414
0.2002071738243103
0.18136155605316162
0.8126363158226013
1.9064180850982666
