39.97005844116211
143.8345489501953
68.61351776123047
101.12876892089844
46.15876388549805
96.48336791992188
160.31326293945312
169.60829162597656
105.76905822753906
167.61419677734375
32.057552337646484
36.23023223876953
56.77093505859375
33.24612045288086
46.535369873046875
114.28150177001953
58.66388702392578
53.14750671386719
74.58629608154297
134.95428466796875
72.50942993164062
125.66375732421875
53.5789680480957
67.6238784790039
52.186973571777344
43.551300048828125
57.98839569091797
96.24747467041016
81.2171401977539
111.79022216796875
24.324033737182617
36.76479721069336
78.07038879394531
80.06343841552734
87.19650268554688
128.98619079589844
53.95390319824219
45.97895050048828
32.628475189208984
47.728660583496094
83.68145751953125
60.135765075683594
48.84728240966797
138.8983154296875
113.27007293701172
85.34415435791016
39.869354248046875
44.61086654663086
97.42731475830078
80.42961120605469
56.37089157104492
118.38787841796875
81.74211120605469
44.27958679199219
64.28536987304688
66.77860260009766
53.33034133911133
54.96150207519531
62.58256149291992
68.49127197265625
95.95389556884766
43.6787223815918
45.22230911254883
61.817657470703125
49.95499038696289
49.68925476074219
112.97267150878906
70.50382995605469
115.59943389892578
40.44849395751953
99.02909088134766
67.84333038330078
51.05229187011719
93.77083587646484
117.00629425048828
33.376068115234375
66.15452575683594
78.57874298095703
71.44598388671875
60.15795135498047
72.19723510742188
73.81623077392578
50.42921447753906
54.086639404296875
105.92704772949219
81.66597747802734
56.22970199584961
33.16067886352539
92.33360290527344
55.93098831176758
69.1467056274414
50.118709564208984
35.90684127807617
46.91169738769531
55.37163543701172
45.25595474243164
67.34295654296875
37.006324768066406
37.19043731689453
56.713356018066406
128.4203643798828
40.22059631347656
88.73358154296875
96.07553100585938
40.78675079345703
125.79558563232422
78.09333801269531
81.81532287597656
65.74674987792969
51.0689697265625
51.18710708618164
49.94208526611328
67.32433319091797
64.92042541503906
63.7134895324707
67.82093048095703
70.48234558105469
101.06102752685547
90.00550842285156
56.86309814453125
65.6347427368164
55.613250732421875
134.6107940673828
161.91761779785156
37.69828414916992
78.14479064941406
71.81891632080078
114.47406005859375
111.04409790039062
42.080902099609375
62.21123123168945
72.77993774414062
81.75405883789062
212.73228454589844
141.064453125
39.044227600097656
45.26715087890625
60.00912094116211
82.29044342041016
32.60756301879883
46.13777160644531
44.076053619384766
51.24961471557617
65.92558288574219
70.98072814941406
114.83821868896484
137.01487731933594
42.73902893066406
43.56644058227539
112.08563995361328
62.31660079956055
42.74482345581055
43.481361389160156
50.418312072753906
54.10003662109375
43.26731872558594
97.0879898071289
227.62188720703125
79.13838958740234
68.38378143310547
65.26569366455078
74.1475830078125
73.09781646728516
58.801353454589844
126.59099578857422
50.69569778442383
94.18434143066406
123.30877685546875
105.19373321533203
89.72738647460938
58.3373908996582
59.99065399169922
56.88351058959961
62.23880386352539
104.7337875366211
102.31181335449219
35.92161560058594
57.1195182800293
155.52163696289062
41.001277923583984
54.36400604248047
132.378173828125
32.89476776123047
87.98394012451172
54.22863006591797
64.2442398071289
61.7650146484375
95.59952545166016
85.51065826416016
86.4264907836914
65.78668212890625
40.25986862182617
113.06409454345703
101.53892517089844
16.72749900817871
56.77169418334961
56.00356674194336
56.477203369140625
71.5039291381836
78.48162078857422
34.672523498535156
47.419708251953125
46.18687438964844
66.91275024414062
90.30047607421875
68.50655364990234
175.48190307617188
27.79560089111328
111.51470947265625
49.46561813354492
78.3755874633789
91.21624755859375
49.04270935058594
42.058040618896484
99.0490493774414
71.16302490234375
31.695409774780273
61.157596588134766
45.38733673095703
105.51860046386719
133.79983520507812
55.16708755493164
83.2887954711914
42.212623596191406
69.55945587158203
139.89134216308594
69.27244567871094
29.206449508666992
115.31136322021484
58.97576904296875
39.77690887451172
83.58145141601562
57.41275405883789
119.71623992919922
45.103759765625
125.2068099975586
88.1437759399414
71.64501953125
64.05282592773438
49.14909362792969
189.17625427246094
115.14972686767578
41.999839782714844
203.28390502929688
74.46753692626953
77.697021484375
86.38363647460938
36.69476318359375
65.23976135253906
69.32706451416016
53.55560302734375
55.846153259277344
70.41463470458984
71.87015533447266
64.55711364746094
77.68301391601562
114.84820556640625
146.2307891845703
85.43803405761719
28.399660110473633
230.0537109375
63.94771194458008
52.60778045654297
41.61079788208008
89.14100646972656
105.25310516357422
73.56221008300781
92.36637115478516
91.26959991455078
49.04326248168945
35.77854537963867
35.2870979309082
80.96033477783203
78.30506896972656
43.5327262878418
205.63902282714844
101.91997528076172
39.69890213012695
187.71771240234375
57.301727294921875
43.81533432006836
50.84219741821289
74.04232025146484
38.356895446777344
118.26036071777344
102.91362762451172
43.460899353027344
91.9681396484375
300.3262634277344
102.3869857788086
47.863006591796875
60.409366607666016
111.25811004638672
47.98653030395508
114.88400268554688
44.931278228759766
71.32467651367188
38.59788513183594
107.69363403320312
49.72574996948242
76.20439147949219
150.2246551513672
72.09937286376953
55.032432556152344
104.73358917236328
30.18842124938965
38.33848571777344
91.06112670898438
32.27598190307617
59.68528366088867
114.37690734863281
57.11403274536133
54.9040412902832
54.25612258911133
57.15216064453125
76.39595031738281
88.74878692626953
38.37381362915039
33.50436019897461
43.08477783203125
33.868282318115234
19.140579223632812
51.07927322387695
97.28135681152344
127.91881561279297
29.190044403076172
34.86824035644531
72.4746322631836
48.25188064575195
105.2925033569336
75.96854400634766
83.33182525634766
66.93508911132812
80.24884033203125
61.64321517944336
88.83960723876953
45.2056770324707
29.474740982055664
69.71974182128906
74.13458251953125
60.264137268066406
133.0022430419922
51.82023620605469
55.19696807861328
214.33314514160156
66.2859878540039
83.44647979736328
33.856422424316406
33.906890869140625
68.5277328491211
44.28242111206055
139.0672149658203
68.9476547241211
33.476104736328125
41.274627685546875
45.390865325927734
65.58802032470703
37.05839920043945
260.98248291015625
99.19808197021484
61.62599563598633
42.60044479370117
66.55806732177734
148.76136779785156
59.86750411987305
29.211654663085938
106.79798126220703
65.50679016113281
55.684871673583984
115.39874267578125
42.54586410522461
52.76285934448242
59.41925048828125
50.719871520996094
94.21435546875
75.68936157226562
105.34986114501953
53.243614196777344
61.97896957397461
58.67444610595703
70.91342163085938
89.39264678955078
55.84731674194336
59.71571731567383
70.27102661132812
297.5568542480469
41.34191131591797
79.89617156982422
74.92898559570312
58.33784103393555
88.68545532226562
65.2457046508789
57.43000030517578
70.71729278564453
78.29093170166016
119.90775299072266
39.25386428833008
102.35823059082031
47.86162567138672
84.73278045654297
50.224727630615234
41.01857376098633
40.22926712036133
209.1946563720703
84.17799377441406
84.60619354248047
36.05159378051758
64.02154541015625
68.1640853881836
97.25897979736328
77.21772766113281
40.20744323730469
39.48801803588867
62.21470642089844
55.672672271728516
40.267669677734375
107.53085327148438
61.860191345214844
134.03135681152344
58.11525344848633
105.04185485839844
36.223453521728516
74.56574249267578
69.83078002929688
29.151193618774414
72.32437133789062
107.15514373779297
41.77363204956055
73.72135925292969
52.48058319091797
27.164121627807617
101.19869232177734
48.38901901245117
35.65985107421875
101.29719543457031
129.0224609375
62.47412109375
60.01857376098633
68.55977630615234
82.86428833007812
43.55677032470703
137.4632568359375
83.65939331054688
50.63044738769531
53.544349670410156
71.35676574707031
45.51161193847656
64.48143005371094
77.91993713378906
59.06190872192383
53.41329574584961
57.643653869628906
43.69807815551758
93.49984741210938
46.72918701171875
127.0274658203125
135.6031494140625
47.81917953491211
158.49111938476562
41.68080139160156
59.7707405090332
71.58849334716797
101.37319946289062
39.5780143737793
39.0313720703125
80.25030517578125
49.65256881713867
36.338043212890625
119.73424530029297
56.928245544433594
74.93557739257812
45.056705474853516
31.94353675842285
117.90396881103516
54.1472282409668
84.32203674316406
35.38276290893555
74.04336547851562
55.79542922973633
76.83221435546875
81.88304901123047
49.35820388793945
102.90206146240234
49.098670959472656
29.191932678222656
66.2291259765625
91.3228988647461
85.35835266113281
35.14981460571289
36.82241439819336
98.2315902709961
100.05211639404297
68.88865661621094
79.09418487548828
41.135398864746094
72.3169937133789
44.955299377441406
120.85723114013672
42.43605041503906
179.82713317871094
77.53868103027344
104.3292007446289
44.61894989013672
72.033203125
66.56446075439453
93.99272155761719
86.06175231933594
109.66485595703125
44.74036407470703
67.31095123291016
52.178916931152344
40.00493621826172
98.3489990234375
26.7814884185791
112.26856994628906
150.48602294921875
162.50320434570312
62.71267318725586
41.63326644897461
98.9244384765625
73.67753601074219
63.570411682128906
66.6521987915039
56.18986129760742
69.89346313476562
49.71968078613281
97.66268920898438
41.52598571777344
51.00279998779297
67.61475372314453
137.8079833984375
77.62445068359375
83.38085174560547
36.56098556518555
110.1426773071289
62.46504592895508
35.19630432128906
17.63286590576172
91.75593566894531
193.2301483154297
41.79147720336914
91.89262390136719
73.08186340332031
75.29412078857422
76.4998550415039
35.3742561340332
152.3172149658203
47.68018341064453
69.56177520751953
102.94342803955078
76.81729888916016
87.99398040771484
54.035308837890625
159.214111328125
111.20548248291016
96.40491485595703
99.4421157836914
69.20366668701172
96.24273681640625
48.160850524902344
86.37218475341797
88.40768432617188
94.92464447021484
48.589256286621094
29.063976287841797
57.73860549926758
56.93658447265625
96.73483276367188
63.72857666015625
42.368812561035156
77.43196868896484
35.92301940917969
49.6517219543457
61.20112228393555
50.61835861206055
60.060272216796875
