-1.1375336647033691
0.5467637777328491
0.2039957195520401
-1.1337889432907104
-0.048086438328027725
-0.04091361165046692
-1.078682780265808
0.9320789575576782
-0.6113599538803101
0.3487323224544525
-0.9700748920440674
-0.6653527617454529
-0.4676542282104492
-0.5527187585830688
-0.9004659056663513
0.6942761540412903
-0.7840735912322998
-0.6403374671936035
0.18663538992404938
0.40708762407302856
-0.40552183985710144
-0.49302738904953003
0.33601123094558716
-0.050220634788274765
-0.97959965467453
-0.28599104285240173
-0.5722517371177673
-0.1742740273475647
0.376842200756073
0.3269311189651489
-1.2685595750808716
-0.34978052973747253
-0.8237902522087097
0.5779560208320618
0.4421481192111969
0.4013669192790985
-0.6158406734466553
0.2931554615497589
-0.903361976146698
1.4399904012680054
1.1253265142440796
0.9265947341918945
-0.12650342285633087
0.2554168701171875
0.47323036193847656
-0.019603656604886055
-0.6705021858215332
-0.5467902421951294
-0.5231126546859741
0.12303752452135086
0.1089826375246048
0.6199982166290283
0.9369288682937622
0.9080355167388916
-1.041594386100769
-1.213682770729065
0.4303702712059021
0.394509881734848
0.2212703377008438
0.31374022364616394
0.13313914835453033
0.632702112197876
-0.4872935116291046
-1.1276644468307495
-0.1437198966741562
-1.8781805038452148
0.7703201770782471
0.29668503999710083
0.6856410503387451
0.39846423268318176
0.2117081582546234
0.6713717579841614
-1.103753924369812
0.331753134727478
0.29820600152015686
0.820057213306427
-0.8373965620994568
0.34090837836265564
-0.9125303030014038
-0.24365666508674622
-0.012386666610836983
-1.3261626958847046
0.18312056362628937
0.09790398180484772
-0.11920196563005447
0.4089289903640747
-0.18532270193099976
0.11068031936883926
0.4192866384983063
1.2043200731277466
-1.7209714651107788
1.3143138885498047
0.4268675744533539
1.182380199432373
-1.0605965852737427
-0.41481366753578186
-0.3911053240299225
-0.44135889410972595
-0.871307909488678
-1.6786843538284302
0.33462950587272644
1.0123647451400757
0.1970447599887848
-0.5548943281173706
-0.12728101015090942
0.23516333103179932
0.13373324275016785
0.09623061865568161
0.3281949758529663
0.747171938419342
0.2833714783191681
-0.8526440858840942
0.8076042532920837
-0.7777734994888306
0.44594529271125793
0.7179512977600098
0.43898120522499084
0.2860040068626404
0.3622904121875763
-0.48884010314941406
0.33723020553588867
-0.4672533869743347
0.16751274466514587
-0.06796526908874512
-1.0278286933898926
-0.43111953139305115
0.2721099257469177
0.8255054950714111
-0.43463924527168274
-1.4973673820495605
0.027769532054662704
0.7338440418243408
0.2809866666793823
-1.0384050607681274
0.8148517608642578
0.8890253305435181
-0.9788915514945984
0.7593544125556946
-0.3789244294166565
-1.065661072731018
-1.09467613697052
-0.5246618986129761
0.9015848636627197
0.9602773189544678
0.18494370579719543
0.4594692885875702
0.23644936084747314
0.26480695605278015
-0.6397569179534912
0.4457598030567169
0.20326967537403107
-0.7525035738945007
-0.5857282280921936
0.2420930564403534
0.3565707206726074
-0.8713167309761047
-0.6571179032325745
0.7609318494796753
-0.48257046937942505
-0.27577295899391174
-0.8523675203323364
0.5130646824836731
-0.6393294334411621
0.26849615573883057
0.3776070177555084
-0.9431644082069397
0.8511291742324829
0.44493618607521057
0.8402033448219299
-0.30481863021850586
0.6549317836761475
0.7551063895225525
0.36953893303871155
-1.062440276145935
0.4408060610294342
0.4524388015270233
-1.0351895093917847
0.718963086605072
0.43101418018341064
-0.7351314425468445
-0.3475504517555237
0.4597698152065277
0.5701509714126587
-0.7526919841766357
-1.098728895187378
-1.6046112775802612
-0.8382914662361145
-0.15945816040039062
-0.9993674755096436
-0.38614097237586975
-0.6646038889884949
-1.5197436809539795
0.4907520115375519
-1.1213866472244263
-0.840261697769165
-0.05285990238189697
-0.1521591693162918
0.020243538543581963
-0.6438474059104919
0.3839154541492462
0.44503673911094666
1.1182363033294678
-0.24507445096969604
0.4819624125957489
0.13185268640518188
-0.16472049057483673
-0.46642589569091797
-0.17451418936252594
0.5109629034996033
-1.8480868339538574
-0.3396715521812439
0.8974443078041077
0.5235865116119385
-0.07078301906585693
0.2978614866733551
-0.9444237351417542
-0.9484448432922363
-1.6167086362838745
0.7364639639854431
0.840828537940979
1.1502271890640259
-0.31980979442596436
0.16046345233917236
-0.6705263257026672
0.3725925385951996
-1.2754063606262207
0.011782157234847546
-0.954005777835846
0.49103832244873047
-0.5548237562179565
0.10899084061384201
-0.11522697657346725
1.0966699123382568
-0.718990683555603
-4.059649467468262
0.8152596950531006
0.46293795108795166
0.09045667946338654
0.2917554974555969
0.33080393075942993
-1.6937992572784424
0.4859749376773834
-0.46718594431877136
-0.5058534741401672
0.13419248163700104
-0.7770414352416992
-0.6057824492454529
-0.7948842644691467
0.6972768306732178
-0.7939950227737427
0.4506387412548065
0.8095727562904358
0.5571866035461426
-0.7102338075637817
-0.6755303144454956
1.0819307565689087
1.6768327951431274
0.8462795615196228
0.6012094616889954
-0.6332321763038635
0.6430642604827881
-0.7096748948097229
0.2114933431148529
-0.8728266954421997
-0.3741985261440277
1.140395998954773
0.15001972019672394
-1.9388024806976318
0.53355473279953
-1.1465940475463867
-0.7437995672225952
-0.7938457727432251
0.31989508867263794
-0.4825604557991028
0.330340713262558
0.9664821624755859
0.4976308345794678
-0.6489612460136414
0.8072556853294373
-0.4714055359363556
-1.10043203830719
-0.6165812015533447
-0.011842448264360428
-0.7087326049804688
0.9385128617286682
0.5600636005401611
0.05251343548297882
-0.3410733938217163
-1.066347360610962
0.8568726778030396
-0.5505980849266052
-0.8660619258880615
0.5326500535011292
-1.0591787099838257
0.39817121624946594
0.2676067054271698
0.5126931667327881
-0.5205831527709961
0.6389744281768799
-0.3055599629878998
-0.7019421458244324
0.7285997271537781
-1.2684897184371948
-0.3269836902618408
0.13741692900657654
-1.4275271892547607
-0.42301446199417114
0.9659481048583984
-0.8632692694664001
-0.16947883367538452
0.7352533340454102
-0.8495940566062927
-1.5348694324493408
1.0636727809906006
0.289220929145813
-0.6109098792076111
-0.6293575763702393
-0.21468840539455414
-1.026610016822815
-0.4674980640411377
-0.7459286451339722
0.5950987339019775
-0.4410572648048401
-0.4633859097957611
0.6178557276725769
-0.6399248838424683
-0.01002654992043972
0.1582556664943695
-0.3811724781990051
1.0442613363265991
-0.8738630414009094
-0.5945536494255066
-0.3904387354850769
0.14370889961719513
-0.5202522277832031
-0.443848192691803
-0.25940775871276855
-0.855716347694397
0.03174907714128494
-1.1638177633285522
0.6804108619689941
0.4605586528778076
-0.9395173788070679
-0.13957688212394714
0.7021076083183289
0.33051732182502747
0.5625184774398804
-0.9556881785392761
-0.7392194867134094
-0.028716659173369408
-0.8072779178619385
-0.916739821434021
-0.002484479919075966
-2.299657106399536
-0.7549890279769897
-1.2361699342727661
-0.011047855950891972
0.7564065456390381
0.23898249864578247
0.5057986378669739
-3.1082892417907715
-0.7039810419082642
-0.816959023475647
0.48482540249824524
-0.26132652163505554
-1.033795952796936
0.3916624188423157
0.5347985625267029
-1.139398217201233
-0.525297224521637
-0.9700609445571899
-1.1096405982971191
0.4916156232357025
-0.6988759636878967
-0.4735827147960663
0.061808958649635315
0.8038870692253113
-0.7960095405578613
0.4795486330986023
-1.0426602363586426
-0.4270959496498108
-0.0854606181383133
0.18507474660873413
0.5191091895103455
-0.19879916310310364
-1.074283242225647
0.47091591358184814
0.7381618022918701
-0.2114475965499878
-0.31127992272377014
0.13179732859134674
0.21705740690231323
-0.8611668944358826
0.16709347069263458
-0.5810058116912842
-0.03560904785990715
-1.8730875253677368
-1.2148849964141846
0.15833404660224915
0.15040472149848938
-0.37887758016586304
-1.122020959854126
-0.37174880504608154
-1.0785636901855469
-0.5887322425842285
0.7209070920944214
-0.925492525100708
0.4137378931045532
-0.7956575155258179
0.24670228362083435
0.31369903683662415
-0.3653792440891266
-3.204181432723999
-1.171248197555542
-0.9293879866600037
-0.5300253629684448
-0.4650822579860687
-1.2238878011703491
-1.2819292545318604
0.023297859355807304
0.4619040787220001
0.673601508140564
0.22421549260616302
-0.5124049782752991
-1.2176146507263184
0.42921265959739685
-1.015560507774353
0.468041330575943
-1.0015935897827148
0.11247843503952026
0.004903822671622038
0.5133789777755737
-2.427834987640381
-0.3136688768863678
0.11712706834077835
1.260225772857666
0.4165479838848114
0.914563000202179
0.09705833345651627
0.43089044094085693
-0.821715772151947
-0.9016685485839844
1.0466433763504028
-0.39590173959732056
-0.12562179565429688
-0.8693355917930603
-0.7612624168395996
-0.32851049304008484
0.32957547903060913
-0.5691977739334106
-0.5482459664344788
-0.5730037689208984
-0.7217585444450378
-0.15275540947914124
0.07040153443813324
0.5505995750427246
0.2857316732406616
-1.1373465061187744
0.6671940684318542
-2.2724764347076416
0.02511722780764103
-1.198949933052063
0.35771968960762024
-1.6224381923675537
-0.5766863822937012
-0.2991234064102173
-1.267646074295044
0.882247805595398
0.47966888546943665
0.35735267400741577
0.3741241693496704
-0.8729847073554993
-1.3385199308395386
0.37473785877227783
-0.7721937894821167
0.8373358249664307
-1.0364623069763184
0.5678182244300842
-0.4265725910663605
-0.05773365497589111
-1.1598840951919556
-1.037327527999878
-0.6390166878700256
-0.8268290758132935
-1.3293659687042236
-0.985046923160553
-0.4031103551387787
0.11226637661457062
-0.7889974117279053
0.048337507992982864
0.31663915514945984
0.543653666973114
-1.7248777151107788
0.5407724380493164
0.12097401171922684
-0.8596017956733704
-1.2247010469436646
0.6772894263267517
0.14046858251094818
-0.011677909642457962
-1.2705354690551758
0.1299968957901001
-0.4662488102912903
-0.850553572177887
-0.7232211232185364
0.16838333010673523
0.3459203541278839
-1.0892200469970703
-0.7854882478713989
-0.7603822946548462
0.8817886710166931
0.490922212600708
0.7307087182998657
-3.4878523349761963
0.47069981694221497
-0.4439871907234192
0.41650980710983276
0.4582313597202301
-0.7008696794509888
0.46752092242240906
0.658359169960022
0.3274904191493988
-1.282630205154419
0.6357687711715698
-0.6199901700019836
-1.1153184175491333
0.4148004651069641
-1.269070029258728
-0.2554428279399872
-0.5531359910964966
-0.4225669503211975
0.14346514642238617
-0.49047577381134033
0.6804983019828796
0.8192420601844788
-1.4269652366638184
-1.1753956079483032
-0.22820790112018585
-0.4113212823867798
-1.1229931116104126
-1.059511661529541
0.5844139456748962
-1.7514338493347168
0.9877431392669678
0.5515055060386658
-3.0956921577453613
0.8238543272018433
-1.055751085281372
0.6737630367279053
0.6091368794441223
0.10380897670984268
-0.5374205708503723
-1.3163847923278809
0.534618079662323
-0.1585526019334793
0.5448576807975769
0.05184818059206009
1.0882313251495361
0.28955718874931335
-0.2840704023838043
0.4772346615791321
0.7454404830932617
1.0069873332977295
-0.04758923500776291
-0.5892372131347656
0.08842279762029648
-0.16953837871551514
0.46715477108955383
0.5759674310684204
-1.0575988292694092
-1.5585654973983765
-0.9255185127258301
-0.16342751681804657
-0.6150192618370056
-0.7647843956947327
0.2177809774875641
