0.38084733486175537
0.6584250330924988
0.393139123916626
0.014903903007507324
0.018249154090881348
1.7859598398208618
4.051143646240234
0.047358810901641846
0.004799485206604004
0.0055588483810424805
0.002566397190093994
0.06388461589813232
0.05604511499404907
0.002486109733581543
0.0036981701850891113
0.07754874229431152
0.191850483417511
1.1423312425613403
0.8446372151374817
2.1634111404418945
0.008052289485931396
0.007048845291137695
0.5794713497161865
0.014620840549468994
0.08751147985458374
0.007063388824462891
0.5596023797988892
0.03128540515899658
0.24886953830718994
0.29760468006134033
0.0021250247955322266
0.006308436393737793
0.8420961499214172
0.40944355726242065
0.8269992470741272
0.7359084486961365
0.1374129056930542
0.012952446937561035
0.0021988749504089355
0.00393599271774292
0.21496176719665527
0.10737758874893188
0.5381781458854675
0.16256839036941528
0.43690812587738037
0.16164594888687134
0.003638029098510742
0.02706289291381836
0.38018691539764404
0.008977532386779785
0.2761270999908447
0.045736074447631836
0.2478395700454712
0.0587158203125
0.011680305004119873
0.01170259714126587
0.23148632049560547
0.8140813708305359
0.026850581169128418
0.3189709186553955
0.014264523983001709
0.0039293766021728516
0.06869465112686157
0.013578355312347412
0.003044605255126953
1.463011622428894
0.0559086799621582
0.026088416576385498
0.09589129686355591
0.012850761413574219
0.49291086196899414
0.5598782300949097
0.0032674670219421387
0.0020676255226135254
0.02909111976623535
0.08018779754638672
0.00942683219909668
0.006692230701446533
0.042984843254089355
0.09313297271728516
0.26441043615341187
0.009794890880584717
0.44670963287353516
0.43154579401016235
0.06223022937774658
0.17702674865722656
0.00420302152633667
0.020569324493408203
0.00956028699874878
0.11615246534347534
0.5847706198692322
0.016534745693206787
0.03082573413848877
0.9496101140975952
0.0070261359214782715
0.33290988206863403
0.527127206325531
0.003743767738342285
0.07498419284820557
0.007905960083007812
0.6314754486083984
0.7832159399986267
0.6249579787254333
0.016063928604125977
0.005566835403442383
1.3291617631912231
0.008055388927459717
0.031248867511749268
0.22673898935317993
0.09565550088882446
0.4403347969055176
0.04543864727020264
0.32552051544189453
0.038415610790252686
0.06510114669799805
0.0499272346496582
0.7095842957496643
0.15233635902404785
0.0194433331489563
0.4936298131942749
0.3366237282752991
0.005604267120361328
0.07910364866256714
0.6576399803161621
0.005270838737487793
0.005271434783935547
0.049546658992767334
0.022745907306671143
0.008615195751190186
0.02120453119277954
0.9820060729980469
0.6897022128105164
0.43352460861206055
2.483419895172119
0.021077454090118408
0.026677966117858887
0.01204913854598999
0.18697357177734375
0.01185518503189087
0.0028820037841796875
0.009332060813903809
0.005246758460998535
0.23957890272140503
0.18645614385604858
0.0052176713943481445
2.5878071784973145
1.0646520853042603
0.0033611655235290527
0.8577122688293457
0.00563812255859375
0.9034827351570129
0.3320690393447876
0.010947167873382568
0.2463371753692627
0.010806679725646973
0.3630589246749878
0.005028724670410156
0.04648017883300781
0.022950410842895508
0.14874935150146484
0.005312144756317139
0.01698625087738037
0.0040007829666137695
0.054511308670043945
0.3296698331832886
0.4185481071472168
0.3682037591934204
0.6896280646324158
1.490193486213684
0.009418487548828125
1.1216537952423096
0.5049217939376831
0.40457093715667725
1.5169185400009155
0.0072784423828125
0.9575666785240173
0.0022353529930114746
0.9124385714530945
0.6984063386917114
0.17001372575759888
0.0030865073204040527
0.09990733861923218
0.0014390349388122559
0.015945136547088623
0.012149930000305176
0.039375126361846924
0.005410254001617432
0.41369104385375977
0.13582509756088257
0.008472204208374023
0.18767523765563965
0.008259177207946777
0.05935108661651611
0.03028571605682373
0.0017619729042053223
0.4752349853515625
0.3865087032318115
0.2893480062484741
0.0029610395431518555
0.00821143388748169
0.029070019721984863
0.0038565993309020996
0.23400866985321045
0.003936350345611572
0.4522029161453247
0.015166223049163818
0.4498591423034668
0.20395910739898682
0.3562440276145935
1.2775726318359375
0.004547119140625
1.1017287969589233
0.0027486681938171387
0.2844998240470886
0.49104905128479004
0.13134485483169556
0.0024929046630859375
0.023574888706207275
0.04307103157043457
0.041523873805999756
0.0029312968254089355
0.024968624114990234
0.054500579833984375
0.0036064982414245605
0.007731616497039795
0.01955050230026245
0.004998743534088135
0.0044329166412353516
0.36888211965560913
0.003151237964630127
0.1929723024368286
0.8960466980934143
0.1323840618133545
0.5217433571815491
0.031796932220458984
0.11895668506622314
0.5231092572212219
0.12926959991455078
0.12298554182052612
0.0040822625160217285
0.023521125316619873
0.5446648597717285
0.010262846946716309
1.599810242652893
1.2176954746246338
0.3888322114944458
0.004040241241455078
0.3271024227142334
0.005229294300079346
0.01725703477859497
0.07073163986206055
0.12363886833190918
0.011557281017303467
0.007211625576019287
0.00564342737197876
0.09117472171783447
0.04122936725616455
0.06701594591140747
0.028513073921203613
0.0016798973083496094
1.0911890268325806
0.004369795322418213
0.2232353687286377
0.0030878186225891113
0.0069495439529418945
0.006454408168792725
0.00876086950302124
0.020940065383911133
0.34996354579925537
0.047356247901916504
0.11418569087982178
0.0027397871017456055
0.007654726505279541
0.004823923110961914
0.6267373561859131
0.03351503610610962
0.007770240306854248
0.00719761848449707
2.1220273971557617
0.12612998485565186
1.1591356992721558
0.008187651634216309
0.012932956218719482
0.12338680028915405
0.021875977516174316
0.07914823293685913
0.05188840627670288
0.008092880249023438
4.40415620803833
0.003972232341766357
0.007850825786590576
0.004415392875671387
0.055117011070251465
0.004446983337402344
1.234817385673523
0.0793793797492981
0.016488313674926758
0.17530012130737305
0.01175469160079956
0.0070792436599731445
1.3187795877456665
0.4548785090446472
0.009326815605163574
0.036933958530426025
0.21847748756408691
0.5146159529685974
0.006537914276123047
0.46192944049835205
0.5346899032592773
0.007628500461578369
0.12458980083465576
0.4286786913871765
0.020799994468688965
0.12196296453475952
0.4812495708465576
0.7175423502922058
0.005322158336639404
0.2234477996826172
0.21319472789764404
0.006920874118804932
0.5317164659500122
0.15059149265289307
0.003921806812286377
0.011953771114349365
0.004687905311584473
0.002028167247772217
0.005942046642303467
0.43587589263916016
0.1923445463180542
0.006908059120178223
0.9798438549041748
0.006993710994720459
0.007551133632659912
0.49474000930786133
0.012590646743774414
0.6376981139183044
0.16148686408996582
0.011251568794250488
0.0029619336128234863
1.2541476488113403
0.005538046360015869
0.03391212224960327
0.13282853364944458
0.026203274726867676
0.1274346113204956
0.0035620927810668945
1.157077431678772
0.00452953577041626
0.011981427669525146
0.4683294892311096
0.022370457649230957
0.0195314884185791
0.07945144176483154
0.028459787368774414
0.7415587306022644
0.3135029077529907
0.005471944808959961
0.166390061378479
0.014515340328216553
0.03758823871612549
0.005177319049835205
0.005370378494262695
0.10264283418655396
0.011142075061798096
0.17094498872756958
0.002460002899169922
1.4160959720611572
0.10576105117797852
0.8516930341720581
0.005257904529571533
0.0862131118774414
2.082197427749634
0.10683190822601318
0.006421446800231934
1.164685606956482
0.004148960113525391
0.010049819946289062
1.0092747211456299
0.008275508880615234
0.022288024425506592
0.11778557300567627
1.2199822664260864
0.20611560344696045
0.8796687126159668
0.004601895809173584
5.029148578643799
1.1583422422409058
0.28861260414123535
0.8295533657073975
1.0175371170043945
1.0332330465316772
0.047919511795043945
0.6496338248252869
0.09524452686309814
0.0036689043045043945
0.016800224781036377
0.3669602870941162
0.06814771890640259
0.08805787563323975
0.006286561489105225
0.0030202269554138184
0.057190001010894775
0.006690621376037598
2.214982748031616
0.006419956684112549
0.005261063575744629
0.0015640854835510254
0.014692246913909912
0.3155848979949951
1.1107383966445923
0.010834157466888428
0.0034827589988708496
0.01994878053665161
0.3842707872390747
0.33665716648101807
0.003245830535888672
0.010356664657592773
0.28256356716156006
0.025929808616638184
0.05402803421020508
1.3586958646774292
0.17712634801864624
0.014784157276153564
0.3382002115249634
0.0026167631149291992
0.06583642959594727
1.4767735004425049
0.2739688754081726
0.5549797415733337
0.048922181129455566
0.13637971878051758
0.03175932168960571
1.7584364414215088
0.12915807962417603
0.014353513717651367
0.007159292697906494
0.007545053958892822
0.17772650718688965
0.01385575532913208
0.5166113376617432
0.08122855424880981
0.015082955360412598
0.24988007545471191
0.8404210209846497
0.5822883248329163
0.00741499662399292
0.00653994083404541
9.054888725280762
0.6749492883682251
0.003341972827911377
0.42793720960617065
0.006121635437011719
0.5757763981819153
0.5503153204917908
0.22741389274597168
0.02182871103286743
0.04875612258911133
0.015231430530548096
1.1184881925582886
0.30053573846817017
0.17705178260803223
0.016678214073181152
0.015611648559570312
0.004846632480621338
0.4015439748764038
0.3090907335281372
0.18834465742111206
0.002304255962371826
1.0210418701171875
0.01386880874633789
1.0825235843658447
0.04761463403701782
0.03374040126800537
0.02739173173904419
0.007636606693267822
0.004135847091674805
0.42286789417266846
0.18890392780303955
0.7931625843048096
0.362471342086792
1.332525610923767
0.002732396125793457
0.015612661838531494
0.06733953952789307
0.04083055257797241
0.09669053554534912
0.439750075340271
0.005531728267669678
0.313199520111084
0.019281506538391113
0.9407332539558411
1.8286323547363281
0.44153064489364624
0.11928987503051758
0.0063773393630981445
1.056684136390686
0.187116801738739
0.44119131565093994
0.027858197689056396
0.03000462055206299
0.9604663848876953
0.0037189722061157227
0.008330702781677246
0.003049910068511963
0.008426070213317871
0.13478809595108032
1.3661335706710815
0.05017507076263428
0.28943097591400146
0.024462223052978516
0.13594257831573486
0.023903369903564453
0.018376052379608154
0.3455677628517151
0.48725926876068115
0.9285367727279663
0.07609033584594727
0.11557936668395996
0.0062403082847595215
0.028403759002685547
0.011422216892242432
0.014387071132659912
0.23886752128601074
0.006170749664306641
0.011215507984161377
0.0559849739074707
0.0777968168258667
0.15991276502609253
0.3373833894729614
0.2063102126121521
0.6486934423446655
0.09972012042999268
0.0034373998641967773
0.0044310688972473145
0.003461182117462158
0.10851985216140747
0.07927632331848145
0.12447673082351685
0.01483011245727539
2.3669660091400146
0.007358193397521973
0.26843011379241943
0.5883165001869202
0.3685997724533081
0.005503416061401367
0.01398247480392456
0.08844661712646484
0.05354362726211548
0.5174841284751892
0.4658099412918091
0.06967753171920776
0.778048574924469
0.13897442817687988
0.01449674367904663
0.19053858518600464
0.021154582500457764
0.596402108669281
0.002188265323638916
0.6080412864685059
0.1918603777885437
0.014283299446105957
0.06941097974777222
0.040278494358062744
0.39394664764404297
0.003365457057952881
0.014503777027130127
0.010345041751861572
0.5218133926391602
0.29586660861968994
0.013507485389709473
0.03469187021255493
0.006704807281494141
0.004366159439086914
0.004653632640838623
0.010921180248260498
0.7324687838554382
