2.4494824409484863
1.2264338731765747
0.8536940217018127
1.366670846939087
0.7679516673088074
1.439220905303955
2.068964719772339
0.8879275321960449
2.446289300918579
1.4014774560928345
1.83013916015625
1.8831298351287842
1.6133321523666382
1.7563271522521973
1.7908481359481812
0.9830572009086609
1.7141109704971313
2.0976929664611816
0.7474391460418701
0.9829230308532715
0.9980596899986267
2.6744608879089355
1.0472770929336548
0.9364391565322876
1.9158989191055298
1.475587010383606
1.336658239364624
1.170222282409668
1.1115294694900513
0.9439550638198853
1.827331304550171
1.2742466926574707
1.933640480041504
1.0273679494857788
1.0799188613891602
0.7957463264465332
2.0159661769866943
1.0500671863555908
1.8742858171463013
0.6911981105804443
0.7231160998344421
0.702544629573822
1.1746271848678589
0.6795091032981873
0.8282890319824219
1.6326206922531128
1.6811577081680298
1.1545106172561646
1.715349555015564
0.9894382357597351
0.73358553647995
0.6731207370758057
0.6577482223510742
0.5871078372001648
1.3546297550201416
1.5478664636611938
0.8651795983314514
0.680213212966919
0.8178913593292236
0.7682012915611267
0.9291048049926758
0.8771037459373474
2.982355833053589
3.7776405811309814
1.473039984703064
2.0326004028320312
1.7404311895370483
0.6704137921333313
0.6888352036476135
0.8665275573730469
0.8467909693717957
0.9549857974052429
1.9149425029754639
1.104333519935608
1.052820086479187
0.5380151271820068
1.4077174663543701
1.2220338582992554
2.667942523956299
1.1767200231552124
0.9486551880836487
1.237771987915039
0.9516391754150391
1.5434573888778687
1.2595534324645996
0.6583943367004395
0.7992967367172241
1.7018612623214722
0.7845034003257751
0.39062637090682983
1.7704737186431885
1.0152803659439087
1.9570086002349854
1.321985125541687
1.2980417013168335
1.0802280902862549
1.1900172233581543
1.331192135810852
1.6411820650100708
1.4865221977233887
1.278831958770752
1.105331301689148
0.8576976656913757
2.7119698524475098
1.071959376335144
0.8929089903831482
1.240301251411438
0.6813943982124329
1.1079223155975342
0.5794529914855957
1.0207780599594116
1.3362078666687012
0.7767091393470764
1.595700979232788
0.9596909880638123
0.6506703495979309
0.9738333821296692
1.1324633359909058
1.09575355052948
1.4281785488128662
0.7509918212890625
1.2181330919265747
0.9452134966850281
1.2300224304199219
1.7124055624008179
2.223025321960449
0.7777451872825623
0.6292613744735718
2.3713297843933105
3.188080310821533
0.9525343179702759
0.7338613271713257
1.1666444540023804
1.699001669883728
0.7869993448257446
0.638001024723053
1.3574849367141724
0.6598129272460938
1.173311471939087
1.7919145822525024
1.8121521472930908
1.4982227087020874
1.3546123504638672
0.7021872997283936
1.3205856084823608
1.0686085224151611
1.2443923950195312
1.0521249771118164
2.097069501876831
0.7098514437675476
1.0607274770736694
1.5766208171844482
1.8827747106552124
0.7969790697097778
0.8259145021438599
1.2351763248443604
1.5708431005477905
0.7081972360610962
1.5260748863220215
1.542580008506775
1.5440117120742798
1.0756374597549438
2.249678611755371
0.7205215692520142
0.8970922827720642
1.9041130542755127
1.100901484489441
1.0951770544052124
0.7594286203384399
3.528876543045044
0.8892548680305481
0.8540010452270508
1.113917589187622
2.4109625816345215
0.8615776896476746
0.712657630443573
1.816729187965393
0.7430528402328491
0.8001937866210938
1.619030237197876
1.8032957315444946
0.7651569843292236
1.1374231576919556
4.452130317687988
1.384614109992981
3.9739153385162354
1.3808422088623047
1.1976873874664307
2.0524632930755615
2.2060890197753906
2.0406811237335205
1.3583216667175293
0.8403322696685791
4.64590311050415
1.8668084144592285
1.456361174583435
1.2581019401550293
0.8655633330345154
2.113377094268799
1.2018139362335205
1.4105416536331177
0.9083076119422913
1.1798219680786133
1.2234371900558472
0.966561496257782
1.430134654045105
1.53201162815094
1.1079858541488647
0.9913610816001892
1.9666306972503662
1.3422338962554932
0.6740174889564514
0.8742622137069702
1.1593852043151855
0.8187737464904785
1.3069583177566528
1.875288724899292
1.2502368688583374
0.6613745093345642
1.0895847082138062
1.639477014541626
1.1277412176132202
1.360626220703125
1.4120453596115112
0.7850247025489807
1.6600438356399536
1.2300922870635986
1.2952659130096436
1.3883932828903198
2.056199073791504
0.7982469201087952
1.0927202701568604
0.5862994194030762
1.6327093839645386
3.110793352127075
0.8777891993522644
0.7755780220031738
0.9555379748344421
0.7739707231521606
0.928393542766571
1.585335373878479
0.8805621266365051
1.5951054096221924
1.1515640020370483
1.847629189491272
1.498365044593811
2.401414394378662
1.6076411008834839
1.0280442237854004
1.3045302629470825
0.8104130625724792
0.6172927021980286
1.1775665283203125
1.738224744796753
2.4394848346710205
0.6543954014778137
0.6301522254943848
1.0112107992172241
0.9023258090019226
1.8003249168395996
1.0975087881088257
2.0190975666046143
0.8309301137924194
1.945673942565918
2.318979501724243
0.8255376815795898
1.2675955295562744
2.5620570182800293
0.9617087244987488
1.8970000743865967
1.3503508567810059
2.259124279022217
1.371829867362976
2.5555882453918457
1.291411280632019
4.034535884857178
0.8072765469551086
1.1751322746276855
1.005309820175171
2.7683815956115723
2.0302493572235107
1.9541560411453247
2.3465206623077393
1.6522084474563599
0.9877834916114807
1.3300471305847168
0.9425306916236877
1.3830338716506958
1.8740984201431274
1.3296282291412354
2.2476370334625244
1.5848790407180786
0.9813358783721924
1.5697145462036133
0.877691388130188
0.829759955406189
0.7442699670791626
1.4389079809188843
2.3029797077178955
1.3253350257873535
1.9135925769805908
1.3187483549118042
1.540529727935791
1.6204923391342163
0.6411872506141663
2.1896584033966064
1.7657737731933594
0.7079782485961914
1.4929401874542236
1.267874836921692
0.6875250935554504
1.2825144529342651
3.0186431407928467
0.5839042663574219
1.3201335668563843
1.6740795373916626
2.7380573749542236
0.8784116506576538
1.2946535348892212
1.2421131134033203
1.5916768312454224
0.6697155237197876
1.4244862794876099
1.0996663570404053
1.1686537265777588
1.813225269317627
1.0058711767196655
0.9145740270614624
1.68362295627594
0.7608036994934082
1.8333457708358765
3.4218602180480957
1.2970645427703857
1.2528867721557617
1.3729356527328491
1.486717700958252
1.0274518728256226
1.5243562459945679
1.3130255937576294
1.6678953170776367
0.9780392050743103
1.4830615520477295
3.412297010421753
1.1138274669647217
1.036978006362915
0.8971818089485168
0.9044048190116882
2.023358106613159
1.9701008796691895
2.1884539127349854
1.4512966871261597
1.4509354829788208
0.850163459777832
4.8829145431518555
1.9639089107513428
2.213493585586548
1.3051656484603882
0.7104044556617737
1.1490302085876465
1.2963923215866089
1.5400575399398804
1.6969817876815796
2.099680185317993
1.0145952701568604
1.3156477212905884
1.9671175479888916
1.4069534540176392
0.8683881759643555
1.9143410921096802
2.686227321624756
1.6430460214614868
2.6495282649993896
0.7079654932022095
2.222367525100708
1.6121960878372192
1.4050416946411133
1.202284336090088
2.198662281036377
1.0928573608398438
2.1884541511535645
1.1863216161727905
0.9626356363296509
1.1048945188522339
1.1320875883102417
1.378129243850708
1.8618501424789429
0.9554716944694519
0.9543930292129517
1.782251238822937
1.3692656755447388
1.0807877779006958
0.9620277881622314
1.8634974956512451
0.7959780097007751
2.3182778358459473
2.943563938140869
4.866100311279297
1.4358779191970825
0.9612434506416321
1.837033987045288
1.6330832242965698
1.8509448766708374
1.105034589767456
1.646312952041626
1.6580747365951538
1.2292145490646362
2.1953132152557373
1.1583614349365234
2.100412130355835
1.1786961555480957
1.9501653909683228
1.4380617141723633
2.373028516769409
2.8322999477386475
1.131309986114502
1.5468177795410156
2.6978790760040283
2.0690784454345703
1.638188123703003
0.9432540535926819
1.0511298179626465
1.5347023010253906
1.0875170230865479
1.4143234491348267
1.9258058071136475
0.7986913919448853
1.7443203926086426
0.7123801708221436
1.5486202239990234
1.1933995485305786
1.145301342010498
1.890554666519165
3.5653374195098877
1.2328104972839355
2.469036340713501
0.6695429086685181
1.089179515838623
0.8344016671180725
1.6016225814819336
1.4904513359069824
1.2021667957305908
1.4245973825454712
0.594111979007721
1.791857361793518
1.1512869596481323
2.7107787132263184
1.2114934921264648
1.5983641147613525
0.9053313136100769
2.2257258892059326
1.247430443763733
2.177133560180664
1.3231165409088135
2.0134031772613525
1.9896349906921387
0.7329061031341553
0.9396005868911743
1.2903188467025757
0.8358569741249084
2.2474329471588135
0.6895691156387329
2.7950594425201416
0.8548520803451538
1.9433319568634033
2.1596157550811768
1.589278221130371
1.7298390865325928
1.055761694908142
1.3353370428085327
0.7097452878952026
0.8371703028678894
1.2195128202438354
1.2530808448791504
1.0911014080047607
1.4158622026443481
0.938809871673584
1.741814374923706
0.8262516856193542
1.7023005485534668
1.4592225551605225
2.170985460281372
1.9578322172164917
4.111304759979248
1.704158067703247
1.7955083847045898
1.5402582883834839
1.835130214691162
1.5619686841964722
1.3312475681304932
0.8604347705841064
0.980840265750885
0.9870697259902954
3.914935350418091
1.1238596439361572
0.8846758008003235
2.3150417804718018
1.869087815284729
1.3695828914642334
0.9682813286781311
0.8768683671951294
1.8340879678726196
1.3825349807739258
1.910197138786316
1.9097799062728882
1.1294548511505127
0.6427901983261108
1.0470417737960815
1.369244933128357
1.5198684930801392
2.011960983276367
0.5983172655105591
0.9962261319160461
0.9788298010826111
2.247509241104126
0.9874498248100281
1.631163239479065
1.2319450378417969
0.8531332015991211
1.1430013179779053
0.8726884126663208
1.18088698387146
0.6900696754455566
2.3208200931549072
0.7507451176643372
1.2994328737258911
2.1667401790618896
0.9445027112960815
2.3216042518615723
1.1221492290496826
2.6225178241729736
1.4911917448043823
0.7327067852020264
2.3560471534729004
0.6383043527603149
1.1542859077453613
1.986309289932251
1.9050421714782715
1.2797898054122925
3.484104633331299
1.689049482345581
2.2365329265594482
0.8382318615913391
1.6776587963104248
0.8624032735824585
1.1372089385986328
1.7617751359939575
0.844891369342804
1.9722847938537598
0.9619413018226624
0.9038611054420471
0.8508451581001282
1.3161139488220215
2.4626684188842773
0.9004949927330017
1.316835880279541
0.914677619934082
1.3266518115997314
1.376078486442566
1.0228044986724854
0.8008202910423279
2.551278591156006
0.8803924918174744
0.8358504772186279
0.946336030960083
1.591485857963562
1.5220667123794556
0.8570497632026672
0.9132741689682007
0.8949538469314575
1.6009498834609985
1.8072402477264404
1.3730895519256592
1.621902346611023
2.2008187770843506
1.237833023071289
0.9979902505874634
