-0.1562766432762146
-0.8265036344528198
0.17707408964633942
0.05134529620409012
-0.06886642426252365
-1.7350865602493286
-3.3192505836486816
0.046736326068639755
-0.0023714525159448385
-0.04077513515949249
-0.01434926874935627
-0.3641965985298157
-0.03146057575941086
-0.016041334718465805
-0.01798325404524803
0.07982470095157623
-0.5249788165092468
-0.11478456854820251
0.32373151183128357
1.0502291917800903
-0.05858609452843666
-0.0003274661139585078
0.554890513420105
0.025532159954309464
-0.12599016726016998
-0.007748884614557028
0.5393162369728088
-0.4074707627296448
-0.40714120864868164
0.12726019322872162
-0.01692817732691765
0.000514308805577457
-0.12624384462833405
-0.7661631107330322
-0.5193921327590942
0.8325116634368896
-0.1917484700679779
-0.00402459129691124
-0.011948377825319767
0.0012377694947645068
-0.14849470555782318
0.009381536394357681
-0.8187484741210938
0.11749622970819473
0.4843752980232239
-0.39691653847694397
0.015193300321698189
-0.0010713301599025726
-1.6543750762939453
-0.08034922927618027
0.1649840623140335
0.028818996623158455
-0.3509052097797394
-0.0012417971156537533
0.08823370933532715
-0.014354860410094261
0.15742254257202148
0.5572987794876099
-0.02951245754957199
0.34321704506874084
0.00399057986214757
0.004027277696877718
-0.08177866786718369
0.006601244211196899
-0.0050532156601548195
-2.131152629852295
0.11213672161102295
-0.06139666587114334
-0.005902550648897886
0.05335993319749832
0.5149111151695251
0.2417149394750595
-0.054082147777080536
0.033564936369657516
-0.2711053788661957
-0.0043686870485544205
0.001621764269657433
-0.012009736150503159
0.013586385175585747
0.3202919661998749
0.18811075389385223
-0.05387324094772339
0.047957003116607666
-0.4723990261554718
0.2662768065929413
0.20305831730365753
-0.10735149681568146
0.03262791037559509
-0.03570075333118439
-0.06503895670175552
1.0150526762008667
-0.00012791155313607305
0.03567895665764809
1.1601680517196655
0.003513042349368334
0.28729382157325745
0.5134627223014832
0.00028050821856595576
-0.025450311601161957
-0.03133886680006981
0.26668843626976013
1.079893946647644
0.2369655817747116
-0.076601542532444
-0.020687798038125038
0.5738869309425354
0.007449082564562559
-0.0006616150494664907
-0.2991739809513092
-0.005650083068758249
-0.1690765917301178
0.17491482198238373
-0.8280413150787354
-0.19089005887508392
0.0053491429425776005
0.055993977934122086
0.27972397208213806
-0.08659405261278152
-0.002325173234567046
-0.5515666007995605
0.2760026752948761
0.01389398891478777
0.04813672602176666
-1.4884840250015259
-0.00038327451329678297
-7.017517054919153e-05
0.14294007420539856
-0.14357733726501465
-0.0022542241495102644
-0.004852999933063984
0.6760352849960327
0.3285248577594757
-0.10320080071687698
2.436628818511963
0.01722712814807892
0.001384139177389443
0.0213317908346653
0.009969932027161121
0.03579388186335564
-0.00954250805079937
-0.04477588087320328
0.024343932047486305
-0.7692533731460571
-0.21594050526618958
0.00278509221971035
-1.435752511024475
0.6227022409439087
-0.008544824086129665
-1.020295262336731
-0.16817490756511688
-0.6464791893959045
-0.20726414024829865
-0.0013773321406915784
0.17407023906707764
-0.038499779999256134
0.2761193811893463
0.009106207638978958
-0.02990579977631569
-0.03654659539461136
0.134882390499115
0.03394153714179993
0.007691860198974609
-0.0013902270002290606
-0.051695309579372406
0.15743207931518555
-0.10986236482858658
0.30510106682777405
-1.028455138206482
-0.9449644684791565
-0.07278855890035629
0.04106007516384125
0.16989193856716156
0.46726521849632263
-0.30144426226615906
-0.002471842570230365
0.39342397451400757
-0.007187273818999529
-0.6085517406463623
0.41483762860298157
-0.21176984906196594
0.001020536758005619
0.09166011959314346
-0.0002120060962624848
-0.05795880779623985
0.10608842968940735
-0.007786199916154146
-0.02089860290288925
-1.408677577972412
-0.08254648000001907
-0.00044062556116841733
-0.06480826437473297
-0.03325216844677925
0.11136581003665924
-0.004477988462895155
-3.607070539146662e-05
-0.48384127020835876
-0.7190143465995789
0.2393048107624054
-0.00019147121929563582
-0.09643623977899551
-0.0016737263649702072
0.000653930357657373
-0.11717414110898972
-0.0005801945808343589
0.3647439777851105
-0.03518551588058472
-1.5325464010238647
-0.1151440292596817
-0.6202520728111267
-1.8623055219650269
0.010443177074193954
0.017505494877696037
-0.17791065573692322
-0.36186331510543823
0.3590063750743866
0.17603714764118195
-0.02769189327955246
0.03488529101014137
0.018071305006742477
0.060989778488874435
0.01975192315876484
0.03208274021744728
-0.056334830820560455
0.0033186953514814377
-0.14013415575027466
0.10262580960988998
0.0070679327473044395
-0.01345701515674591
0.29618602991104126
-0.0015473876846954226
0.14702725410461426
-1.368187665939331
0.001208691974170506
-1.6241437196731567
-0.11534196883440018
0.1298668384552002
0.6655242443084717
0.23063533008098602
0.004254389554262161
-0.149777352809906
0.006896315608173609
0.42155584692955017
-0.07499947398900986
0.7958997488021851
-0.19348403811454773
-1.4462417364120483
0.00021920596191193908
-0.10161489993333817
-0.012482664547860622
0.10007823258638382
-0.0017332497518509626
0.0020325537770986557
-0.004844216629862785
0.02730124443769455
-0.0034364312887191772
-0.003514450043439865
0.039186742156744
0.07929008454084396
-0.06766413897275925
0.004829090088605881
-1.1174086332321167
0.00416564429178834
0.19497717916965485
1.7981185010285117e-05
-0.001947750337421894
0.005162153393030167
-0.05044301971793175
-0.0723455399274826
-0.3731594979763031
-0.13165383040905
0.2735762894153595
0.00022380212612915784
-0.012009351514279842
-0.001098715583793819
-0.44407984614372253
-0.08176714181900024
-0.0029635827522724867
-0.031353775411844254
-1.7636345624923706
-0.10170605778694153
-0.24284633994102478
0.021147003397345543
-0.040327366441488266
-0.20288284122943878
-0.01239127479493618
0.009532113559544086
0.13434286415576935
0.022825175896286964
3.1155402660369873
-0.0078000291250646114
-0.004053905606269836
-0.004110075067728758
0.09085787087678909
-0.0017938535893335938
0.5263960957527161
0.027496259659528732
-0.07816309481859207
-0.12200659513473511
-0.08302406966686249
0.0025419637095183134
-0.1936008632183075
0.36952143907546997
-0.020427316427230835
0.1136951670050621
0.20664501190185547
-0.3359927535057068
-0.006218781694769859
0.13861645758152008
-0.1615564376115799
0.034584783017635345
0.06197230517864227
0.48840051889419556
-0.0028096691239625216
0.00020025151025038213
0.41113170981407166
-0.9915857315063477
-0.0042980327270925045
0.15425324440002441
0.17911311984062195
0.07227729260921478
-0.3515889644622803
0.00945140141993761
0.00024377298541367054
0.002735282527282834
-0.00515434704720974
0.0008850559243001044
-0.01754659414291382
0.2840620279312134
-0.021409153938293457
0.14433492720127106
-1.383551836013794
-0.07397987693548203
0.014273162931203842
0.20909483730793
0.07630466669797897
0.680838406085968
0.2594621181488037
0.005723485257476568
-0.03580484539270401
-2.1048359870910645
-0.0032739276066422462
0.00400941725820303
-0.1258266419172287
0.02655177377164364
0.034004103392362595
-0.11271145939826965
0.8019935488700867
0.0008141177822835743
-0.012579552829265594
0.32015031576156616
0.019810760393738747
0.06209815666079521
0.09859918802976608
0.003399471752345562
-0.14409798383712769
-0.02083187736570835
0.026049334555864334
0.028915531933307648
0.02892112545669079
0.02086653932929039
-0.17465008795261383
-4.2828476580325514e-05
-0.5147827863693237
0.0053474935702979565
0.3658849596977234
-0.00017895690689329058
0.7612665295600891
-0.12014390528202057
-0.19714051485061646
-0.0007934710010886192
-0.7057179808616638
-1.0193439722061157
-0.0024053507950156927
-0.01118807215243578
-0.9490743279457092
0.022633660584688187
-0.00021945778280496597
-0.17955927550792694
-0.14385129511356354
0.002746666083112359
-0.8752622008323669
0.7858117818832397
-0.31709325313568115
-0.5752000212669373
-0.00038964097620919347
3.3889999389648438
0.7989381551742554
-0.021747689694166183
-0.5129668116569519
-0.3808678090572357
0.5385715365409851
0.1263357251882553
-0.09663716703653336
0.020756090059876442
0.0019070806447416544
-0.08835959434509277
0.03443487361073494
0.3110041320323944
0.0885661318898201
-0.1092412993311882
-0.057332128286361694
-0.03624182567000389
-0.0011917778756469488
2.2085087299346924
-0.061242107301950455
-0.0004062261141370982
0.018667342141270638
0.055090758949518204
-0.15915456414222717
-1.4678436517715454
-0.06532575935125351
-0.0035894529428333044
-0.3045538663864136
-0.13204076886177063
0.6748836040496826
-0.03109928034245968
-0.06300556659698486
-0.20861949026584625
0.1374323070049286
-0.01855422556400299
-0.9564242362976074
0.10797683149576187
0.016760213300585747
-1.2143489122390747
-0.03086920455098152
-0.04728785902261734
-2.293246269226074
0.22246834635734558
-1.1367459297180176
-0.09323322772979736
0.09728243947029114
0.07580450177192688
-1.3337215185165405
0.1958024650812149
-0.061526864767074585
-0.09170237928628922
-0.016254477202892303
-0.1978982537984848
0.03356918320059776
0.2647835314273834
0.02558702975511551
0.01457469817250967
-0.3521306812763214
-0.8478265404701233
0.41638922691345215
-0.01998094841837883
-0.018909377977252007
-9.319889068603516
0.3363473415374756
7.719364657532424e-05
0.3750144839286804
-0.002544788410887122
0.3445891737937927
-0.048286546021699905
-0.05060679838061333
0.003403594484552741
0.0050892760045826435
0.08746090531349182
-1.0958588123321533
-1.0632175207138062
0.07462672889232635
-0.020831363275647163
0.015885205939412117
-0.15806756913661957
-0.11955923587083817
0.020943403244018555
-0.5210348963737488
0.0020310240797698498
0.5994532108306885
-0.07864755392074585
0.5605345368385315
0.10251041501760483
0.07814788073301315
-0.1704126000404358
0.017179811373353004
-0.005817054305225611
-0.14894527196884155
0.2687546908855438
-0.7691283226013184
-0.04730299115180969
-0.49131473898887634
-0.023575101047754288
-0.05102713778614998
-0.5725404024124146
-0.08959192782640457
0.21864646673202515
-1.335014820098877
0.0014025848358869553
0.18137094378471375
-0.006731003522872925
0.12706145644187927
1.1152675151824951
-0.7071728110313416
-0.030860276892781258
-0.021558910608291626
-0.21118386089801788
-1.0891518592834473
0.3213757276535034
-0.03883672133088112
-0.03394962102174759
-2.6222968101501465
0.0015340002719312906
2.086011227220297e-05
-4.838262248085812e-05
-0.0013894650619477034
0.11720601469278336
0.7151016592979431
0.26257026195526123
-0.10800614207983017
0.001260773977264762
0.007001382764428854
0.05998307093977928
-0.013037536293268204
0.04492226988077164
0.5017349123954773
-1.1758944988250732
-0.09239955246448517
-0.7966076731681824
-0.010280667804181576
-0.0025706549640744925
0.0545327365398407
0.010284828022122383
-0.13813267648220062
0.07085668295621872
0.01775505207479
0.011263646185398102
0.022926760837435722
-0.13294723629951477
0.2616825997829437
-0.26939988136291504
-1.672821044921875
0.06811879575252533
-0.0012686684494838119
0.11455897986888885
0.15979836881160736
-0.4268328547477722
-0.19337089359760284
-0.14174099266529083
-0.03365633264183998
2.4104061126708984
-0.02345600165426731
-0.48572275042533875
-2.5362637042999268
-0.004172481596469879
-0.00019066814274992794
-0.22399236261844635
0.0340714193880558
-0.08943093568086624
-1.0544277429580688
0.45904484391212463
0.12035775184631348
-2.0042715072631836
-0.084700807929039
-0.013465819880366325
0.5683526992797852
0.06124136969447136
0.29185840487480164
0.019103629514575005
0.4291146695613861
0.16258421540260315
-0.07665495574474335
0.10053636878728867
-0.004160796757787466
0.19179858267307281
-0.00934950727969408
-0.007886580191552639
-0.05058639124035835
0.4652492105960846
-0.31972014904022217
-0.13674351572990417
-0.33541515469551086
0.02255253680050373
-0.04756373539566994
-0.0014441815437749028
-0.06546613574028015
0.5870421528816223
