0.20635685324668884
0.4450015127658844
1.4439070224761963
2.518470048904419
1.3212255239486694
1.8801707029342651
1.5404514074325562
2.419116973876953
0.39002618193626404
1.6216288805007935
1.1786731481552124
1.3407942056655884
1.1053134202957153
1.764444351196289
1.1015633344650269
0.4054805636405945
3.3209147453308105
0.35917237401008606
1.6663594245910645
2.049438953399658
0.44728994369506836
-0.21775025129318237
1.200027346611023
2.1102712154388428
0.992847204208374
0.981719434261322
1.9546594619750977
2.5389556884765625
3.1131534576416016
1.53382408618927
2.0971717834472656
1.645573377609253
1.5076144933700562
1.728140115737915
0.8413521647453308
2.134326457977295
0.5089708566665649
1.1948572397232056
1.0518338680267334
1.4545903205871582
2.973693609237671
1.8940258026123047
2.291203022003174
1.5206621885299683
2.664508104324341
0.06736695766448975
0.43472450971603394
0.9810671210289001
1.3435282707214355
0.4708179831504822
1.373854160308838
1.823023796081543
1.5149552822113037
1.3872592449188232
2.108214855194092
0.378691166639328
2.153134346008301
1.6754343509674072
0.603978157043457
1.9629052877426147
1.8036869764328003
1.214187741279602
0.1473093330860138
-1.611737847328186
1.1972582340240479
2.858574151992798
-3.9832067489624023
2.7122015953063965
1.8994747400283813
1.1317241191864014
2.786874294281006
0.8438825011253357
1.4351617097854614
1.6666762828826904
1.1562968492507935
0.9725296497344971
1.2108484506607056
1.7756086587905884
0.10609042644500732
1.949605941772461
1.215463399887085
2.2830066680908203
2.17690372467041
0.25249674916267395
1.6462513208389282
2.590672016143799
-0.3265567719936371
0.18680524826049805
2.966787815093994
1.099341630935669
2.6318652629852295
1.3939555883407593
1.418357253074646
-2.794271945953369
0.9875952005386353
1.431053638458252
1.6949820518493652
1.3698773384094238
1.3448972702026367
1.0641567707061768
2.188427448272705
-2.603421926498413
1.1649847030639648
-2.4347758293151855
1.1644623279571533
2.3587334156036377
1.482883334159851
1.6143877506256104
1.9556385278701782
2.644240140914917
1.3710808753967285
1.1647146940231323
1.6156989336013794
1.8248814344406128
1.4645131826400757
2.842292547225952
0.6293531656265259
3.2568368911743164
0.8306581377983093
1.349539875984192
2.379546642303467
1.86461341381073
1.4273265600204468
1.896562099456787
1.2253230810165405
0.1522202342748642
1.960984468460083
2.476461410522461
0.21427465975284576
-0.7795777916908264
1.6203536987304688
2.411086082458496
2.1783056259155273
2.759591579437256
2.1055338382720947
1.6772456169128418
-0.38754698634147644
1.9705865383148193
2.372856616973877
1.7154117822647095
1.1641731262207031
1.2619410753250122
-1.1325780153274536
3.0088717937469482
1.1570165157318115
1.734673261642456
-3.405778408050537
1.1308836936950684
0.9046082496643066
1.0371599197387695
2.9202802181243896
1.552324891090393
-0.04774931073188782
1.257838487625122
1.7297816276550293
1.8830523490905762
1.6567994356155396
3.3769400119781494
1.8938910961151123
-0.9354793429374695
1.6409249305725098
2.7302184104919434
0.46177974343299866
1.7143747806549072
2.02773118019104
0.45288199186325073
1.4112892150878906
3.359910726547241
2.947943925857544
-2.438575267791748
1.8416683673858643
1.5695934295654297
-1.2412292957305908
-0.10945048183202744
2.485832452774048
1.9360506534576416
1.8047641515731812
1.7155259847640991
1.8170502185821533
1.3618978261947632
0.5973705649375916
1.8715481758117676
1.9219285249710083
-2.278047561645508
1.7978087663650513
-2.5967533588409424
1.7792092561721802
2.692789077758789
0.7599483132362366
0.09807731211185455
0.5446762442588806
1.8936046361923218
1.7561423778533936
-1.7410237789154053
1.5622178316116333
2.1192116737365723
2.3467350006103516
0.7213867902755737
0.5707098841667175
-0.9115521907806396
-1.4580436944961548
1.462270736694336
1.5491465330123901
1.0320844650268555
1.4965498447418213
1.7130097150802612
2.6485941410064697
1.9171948432922363
2.215036153793335
2.627713918685913
1.8884764909744263
2.578058958053589
0.6484889984130859
2.2344672679901123
1.8274494409561157
1.9842842817306519
1.7267967462539673
2.6651711463928223
2.15966796875
0.3699450194835663
-1.308734655380249
0.9822527766227722
1.9828808307647705
1.9916247129440308
0.7975212335586548
1.9896386861801147
2.0155529975891113
1.6405962705612183
-3.033963203430176
0.2377847582101822
1.5313738584518433
2.451605796813965
2.1812751293182373
1.8826954364776611
0.7854117155075073
1.583785891532898
2.1357421875
1.9784597158432007
2.0664379596710205
0.0025082945358008146
2.940084457397461
1.9741840362548828
-1.3545176982879639
2.7312374114990234
0.8975387811660767
1.2137569189071655
-0.05161730572581291
1.4318406581878662
-0.3576565682888031
1.929079294204712
1.7797536849975586
1.9375476837158203
1.4264470338821411
-0.14848028123378754
0.3090997040271759
1.6398242712020874
3.968019723892212
2.52482533454895
1.874538540840149
1.1833009719848633
2.03851318359375
0.3449316620826721
2.334656000137329
0.6883721947669983
-0.012036695145070553
1.3055410385131836
1.8232301473617554
-1.6227006912231445
2.1604182720184326
0.4560559391975403
1.4783387184143066
-0.20404137670993805
0.9388555884361267
0.18372578918933868
1.7114198207855225
-2.284081220626831
3.1410202980041504
0.7238189578056335
1.9485576152801514
-0.937432050704956
0.4914824366569519
-0.14947783946990967
-2.786238670349121
1.4350687265396118
1.4668679237365723
-1.5358643531799316
1.3483885526657104
2.3078410625457764
2.570888042449951
0.035688191652297974
0.10304678976535797
1.260683536529541
1.3902512788772583
1.3483833074569702
1.3782521486282349
0.8587307333946228
0.19522890448570251
1.5791611671447754
-1.9148985147476196
1.0932366847991943
1.1711291074752808
-3.6936168670654297
0.8922069668769836
0.8925440311431885
2.3369650840759277
-0.5107281804084778
0.1096133291721344
2.927210569381714
1.8216698169708252
1.9155765771865845
1.825989842414856
1.5536404848098755
-0.699096143245697
2.384690523147583
-2.658982515335083
0.0916716605424881
-0.4401668608188629
1.2837885618209839
1.9187638759613037
1.2364081144332886
1.2224111557006836
2.0198419094085693
1.5892956256866455
1.964594841003418
1.0872820615768433
1.7399951219558716
1.5037074089050293
1.9787276983261108
0.5152076482772827
1.3711965084075928
1.5407698154449463
-2.055300712585449
1.4054222106933594
1.0229988098144531
1.0430567264556885
-1.477230429649353
1.3664745092391968
0.5218868851661682
2.136500120162964
2.1710991859436035
0.2593350410461426
0.6059818267822266
1.0324732065200806
1.8781501054763794
1.6632150411605835
1.2032415866851807
1.7164828777313232
0.18694637715816498
0.02251715213060379
-1.1639007329940796
0.7741672396659851
2.6534063816070557
1.5854758024215698
-0.06376158446073532
0.5696584582328796
0.09640023112297058
1.111183524131775
1.6548579931259155
2.564218521118164
2.139380693435669
1.666313648223877
0.46144455671310425
0.4520210027694702
1.1040799617767334
1.8555442094802856
0.25603872537612915
-3.4833083152770996
1.7393323183059692
1.221404790878296
-0.3828493356704712
1.0958328247070312
1.9260942935943604
2.328460931777954
-0.18200236558914185
2.2559309005737305
1.3545387983322144
1.4779285192489624
-0.12313827127218246
0.6048070788383484
0.8226250410079956
0.5369898676872253
2.358001947402954
1.250892996788025
2.0939571857452393
1.2727088928222656
2.6642332077026367
-2.4780492782592773
2.4483747482299805
2.171154260635376
1.976113200187683
0.9663001298904419
0.48415616154670715
1.4979238510131836
1.5162986516952515
-0.042350832372903824
-2.9639830589294434
-2.0913805961608887
1.8629039525985718
1.095449447631836
-0.7542709112167358
0.7715928554534912
0.7764951586723328
0.6021542549133301
3.0282886028289795
1.1396092176437378
1.6614283323287964
1.3934082984924316
0.65043044090271
0.779915988445282
2.032021999359131
-1.5599771738052368
1.9956303834915161
0.29995840787887573
0.11821413785219193
2.1804018020629883
1.7105178833007812
-2.175121307373047
1.2463430166244507
1.9354974031448364
0.9469918012619019
2.336901903152466
-2.314210891723633
2.215153932571411
1.1505614519119263
1.4935747385025024
2.8852646350860596
1.7021390199661255
1.628693699836731
2.308098077774048
2.0640501976013184
0.9981440305709839
-3.2494149208068848
1.0997337102890015
1.5662516355514526
-2.527094841003418
1.7555036544799805
0.755773663520813
1.51626455783844
-0.7017254829406738
0.3082011640071869
1.2271149158477783
2.8993265628814697
3.724083423614502
1.2816636562347412
0.39507564902305603
-1.9696356058120728
1.4321010112762451
2.0915608406066895
1.1789443492889404
0.23327982425689697
2.0872347354888916
0.25242921710014343
1.7343465089797974
0.7964612245559692
-0.0479898676276207
2.1828489303588867
0.7500544786453247
2.334880828857422
2.431943893432617
0.8406685590744019
1.8774762153625488
-1.4912779331207275
1.5122662782669067
1.820458173751831
-0.8868936896324158
1.5541419982910156
1.809720754623413
0.1760958731174469
-3.4868922233581543
1.2552740573883057
1.3543339967727661
1.9065953493118286
1.9805394411087036
2.319281578063965
2.258896589279175
3.571140766143799
0.8012706637382507
1.7138047218322754
3.1819300651550293
1.5870263576507568
1.031099557876587
1.33279287815094
-2.8369405269622803
1.7233308553695679
1.123275876045227
0.5365053415298462
-0.5781463980674744
0.9934027194976807
1.7667038440704346
1.233945608139038
1.2709510326385498
1.5416783094406128
-1.8966152667999268
1.6997190713882446
1.4156055450439453
0.1612861305475235
0.16786324977874756
-3.1356940269470215
0.6993974447250366
2.3285460472106934
1.3317897319793701
0.6505194902420044
0.025399863719940186
1.3076233863830566
2.977447509765625
1.8046693801879883
1.633238434791565
2.5011351108551025
1.0365111827850342
-0.718736469745636
2.0711681842803955
1.5755791664123535
2.167172431945801
2.0158002376556396
1.7367994785308838
2.1400296688079834
1.97068190574646
0.34344714879989624
0.887819766998291
1.1232242584228516
-2.6330254077911377
-0.6187860369682312
0.4379175901412964
1.3887712955474854
1.8512026071548462
0.5773260593414307
0.29692599177360535
0.39902588725090027
1.1934223175048828
0.21796002984046936
2.1065056324005127
1.3775978088378906
0.15937045216560364
2.4112749099731445
2.8529531955718994
2.9208245277404785
0.5997737050056458
0.6038850545883179
-1.8060801029205322
2.913503646850586
-0.17835694551467896
2.5307719707489014
0.3107788860797882
2.4496030807495117
0.8739686608314514
-1.3903838396072388
1.7887440919876099
0.7313672304153442
1.6946266889572144
1.865126371383667
1.9669034481048584
1.9795912504196167
0.0440085232257843
2.1110451221466064
1.6902515888214111
1.986631155014038
1.3503286838531494
0.8027647137641907
0.8904789686203003
1.5663727521896362
-1.889521598815918
1.4904780387878418
2.3875651359558105
-2.1661081314086914
1.4125959873199463
-0.43252864480018616
1.8813128471374512
2.015106439590454
1.956552505493164
1.6187543869018555
1.8859049081802368
2.011321544647217
0.041375476866960526
0.5361354351043701
-0.26994574069976807
2.2490439414978027
