0.015538045205175877
-0.017138132825493813
0.0008033950580283999
0.030396170914173126
-0.012140578590333462
0.028894629329442978
-0.06251976639032364
0.014986119233071804
-0.02436811663210392
-0.01260809600353241
0.06260254979133606
-0.01746363192796707
-0.03344451263546944
-0.011882028542459011
0.003225083462893963
0.010098014958202839
0.013941768556833267
0.0024525816552340984
-0.07459959387779236
-0.009539125487208366
0.024495834484696388
0.040616996586322784
-0.011250888928771019
-0.0027237485628575087
0.05738408491015434
-0.05640783533453941
0.016842888668179512
-0.011743638664484024
0.01765633374452591
-0.018151938915252686
0.009582987986505032
-0.00834887009114027
-0.007214875426143408
0.002941655460745096
-0.02138156071305275
-0.02527727000415325
-0.03357445448637009
-0.0034033639822155237
0.022843195125460625
-0.007890576496720314
0.012087220326066017
-0.029764680191874504
0.0026369565166532993
-0.021935615688562393
0.028138352558016777
-0.020208152011036873
-0.022456498816609383
-0.01485283300280571
-0.035227131098508835
0.001922721741721034
-0.016280990093946457
-0.003225036896765232
-0.033722132444381714
0.0004992914036847651
0.004813197534531355
0.03209453448653221
-0.030360329896211624
-0.035130877047777176
0.006158017087727785
-0.0022709707263857126
-0.002868732437491417
0.0026673332322388887
-0.0011922249104827642
0.007997115142643452
-0.02705484814941883
0.006727965082973242
0.013772649690508842
-0.013637728057801723
0.007248375564813614
-0.01705889217555523
0.0005173523095436394
-0.046718716621398926
0.008070684969425201
0.009658695198595524
-0.0077640824019908905
0.005888371262699366
0.017000585794448853
0.000683870748616755
0.07411153614521027
0.011896312236785889
-0.014147572219371796
0.01165742427110672
-0.006656530313193798
-0.03485947474837303
-0.033488914370536804
-0.012048034928739071
0.011802144348621368
0.00365641200914979
0.04963572695851326
0.03566564619541168
0.0043492247350513935
0.013213186524808407
-0.0061169518157839775
0.014545838348567486
0.017356080934405327
-0.022743474692106247
0.0321173369884491
0.04435538128018379
-0.009078292176127434
-0.02544540911912918
0.012061030603945255
-0.043852489441633224
-0.006711580324918032
-0.021088972687721252
-0.03157852962613106
-0.0027694683521986008
-0.023524919524788857
-0.0026055341586470604
0.03875228762626648
-0.012405798770487309
0.00586654944345355
-0.024184606969356537
