2.23356556892395
4.948988914489746
2.998253345489502
1.6780717372894287
1.8958930969238281
13.686493873596191
13.87696361541748
4.484673500061035
2.452300786972046
2.2489912509918213
7.014704704284668
3.8984055519104004
12.70097827911377
2.5874056816101074
6.328396797180176
7.734902381896973
3.139586925506592
2.4019949436187744
34.064483642578125
2.7226099967956543
2.954597234725952
2.570798397064209
4.667388439178467
4.326750755310059
16.86669158935547
7.284821510314941
7.801981449127197
2.253641366958618
5.730741024017334
2.4681854248046875
1.900528907775879
2.9463536739349365
2.8097832202911377
3.8107309341430664
2.1848132610321045
11.656543731689453
4.288304328918457
3.8424739837646484
4.333106517791748
2.1928253173828125
3.1054108142852783
3.089348316192627
3.298316240310669
2.1692047119140625
2.502511978149414
2.6599926948547363
3.244614601135254
3.3099145889282227
4.794517517089844
2.3326616287231445
9.999878883361816
2.653468608856201
5.282308101654053
2.5373594760894775
4.408327579498291
9.231300354003906
13.301753997802734
3.912395477294922
13.981793403625488
3.1862504482269287
2.507476568222046
2.147669792175293
3.008774995803833
2.3146910667419434
1.5119385719299316
2.436717987060547
3.9099957942962646
2.6647400856018066
3.052738666534424
2.1972317695617676
3.6229259967803955
2.276136636734009
2.8947036266326904
6.056254863739014
2.301064968109131
2.2549381256103516
8.585966110229492
3.099806785583496
32.959564208984375
6.895033359527588
3.0671885013580322
2.7681596279144287
1.946224570274353
5.1542134284973145
14.0924711227417
4.203521728515625
7.166928291320801
2.566481351852417
2.478010654449463
2.4993419647216797
2.459364175796509
2.9294612407684326
7.783440113067627
3.149167776107788
3.5202083587646484
4.459972381591797
2.9806418418884277
10.21141242980957
2.605846405029297
3.7415735721588135
2.497030258178711
2.0974247455596924
3.565591335296631
2.519052267074585
4.92552375793457
2.1299686431884766
2.2009308338165283
3.0850603580474854
11.664801597595215
2.446922779083252
5.1103739738464355
2.378850221633911
