-1.0222262144088745
0.9541453123092651
0.25289690494537354
-0.8289965987205505
-0.3764922022819519
-1.0310860872268677
-1.195368766784668
0.4277549982070923
-0.018286600708961487
-0.06180587783455849
-0.7285599708557129
0.3979843854904175
-0.2081385999917984
-0.15009397268295288
-0.6410236358642578
1.2157152891159058
1.4337615966796875
-1.374038815498352
-1.1803054809570312
0.9061641693115234
1.8008010387420654
0.6193856596946716
0.8480311632156372
0.5170645117759705
-0.961646556854248
-2.3868794441223145
0.13083083927631378
0.08735256642103195
0.15083622932434082
-1.5778898000717163
-1.207222819328308
1.1534533500671387
-1.2199114561080933
-0.9467558860778809
-2.2349114418029785
-1.1857870817184448
-1.02051842212677
0.531111478805542
0.04634661599993706
0.476207971572876
0.9335205554962158
-2.4901020526885986
-1.046224594116211
0.0007030281703919172
0.40453386306762695
0.631611704826355
0.7289014458656311
0.28236642479896545
-1.508013367652893
0.5309803485870361
-1.2485734224319458
-1.1838775873184204
0.8109226226806641
-0.04278028756380081
-1.6962907314300537
0.7669182419776917
0.4160340428352356
-0.5944991111755371
1.033036708831787
-1.1604514122009277
-1.4713428020477295
0.2799428105354309
-0.10369528830051422
1.552815556526184
-0.24012859165668488
2.446366310119629
-0.31672993302345276
1.5605820417404175
-0.7707778215408325
-1.0813895463943481
1.248807430267334
-1.3580207824707031
1.5332939624786377
-0.42723438143730164
0.294828325510025
-1.0412588119506836
-1.5722312927246094
1.1860679388046265
0.6562108397483826
1.5130616426467896
-0.12397435307502747
0.7775468826293945
-0.7148453593254089
0.14062915742397308
-2.2871193885803223
0.8239419460296631
0.6016544699668884
0.3221076726913452
2.1707420349121094
0.9489917159080505
-3.1568002700805664
1.4378656148910522
0.6083613038063049
0.43741410970687866
1.347660779953003
1.4068471193313599
-0.049418866634368896
1.0821651220321655
-1.5411967039108276
0.5996687412261963
0.34036991000175476
-1.277617335319519
-0.8398061394691467
-2.4170010089874268
-0.5955421328544617
1.007975697517395
-0.38506537675857544
0.8438746929168701
1.0934489965438843
0.23859994113445282
-0.5982708930969238
-0.20176737010478973
