33.313419342041016
27.399337768554688
37.007293701171875
31.822933197021484
39.37542724609375
41.60212707519531
16.892683029174805
42.428749084472656
29.14508056640625
49.03736114501953
28.493459701538086
22.65747833251953
31.81156349182129
20.490982055664062
22.89639663696289
26.748992919921875
19.456157684326172
36.6671257019043
32.0072021484375
19.20977783203125
23.656360626220703
47.463584899902344
22.305503845214844
30.67082977294922
20.09775733947754
36.403934478759766
43.29518508911133
24.91895866394043
30.422771453857422
29.28204917907715
33.869102478027344
70.62591552734375
30.791587829589844
24.248260498046875
52.69286346435547
31.876605987548828
31.70107078552246
22.054319381713867
37.492916107177734
34.51156997680664
25.944087982177734
35.15717315673828
19.364805221557617
24.859825134277344
24.60237693786621
47.11591720581055
20.429344177246094
18.52077865600586
28.16463851928711
29.89238166809082
33.2608528137207
29.86445426940918
15.100713729858398
29.134313583374023
40.66506576538086
23.88163948059082
26.91611671447754
30.24275779724121
60.534873962402344
34.17076110839844
42.70524978637695
27.441608428955078
28.267484664916992
29.338077545166016
34.948734283447266
48.02841567993164
29.758323669433594
30.289432525634766
29.457921981811523
32.46028518676758
22.6807861328125
35.54291915893555
29.27442169189453
26.41345977783203
21.731752395629883
33.68809127807617
41.65926742553711
32.010921478271484
24.859865188598633
33.179771423339844
33.50789260864258
25.0987491607666
26.668073654174805
31.399932861328125
23.952661514282227
23.72256851196289
37.992584228515625
27.882726669311523
51.4923210144043
23.374271392822266
17.809465408325195
33.27883529663086
38.987884521484375
35.443336486816406
33.20423126220703
48.86341094970703
28.712594985961914
34.48529052734375
18.825586318969727
19.079923629760742
30.15871810913086
50.6793327331543
27.662858963012695
43.89757537841797
27.30918312072754
36.17098617553711
58.682674407958984
54.3943977355957
32.03099060058594
14.605974197387695
29.503040313720703
33.31914138793945
22.201030731201172
23.141403198242188
29.654468536376953
39.07516860961914
20.074504852294922
30.774250030517578
49.247406005859375
41.70673751831055
38.80050277709961
15.539002418518066
15.075268745422363
37.8234748840332
27.700193405151367
38.634639739990234
40.419986724853516
31.7902889251709
28.73414421081543
31.392379760742188
29.35088539123535
26.36993408203125
29.187414169311523
25.17758560180664
23.323965072631836
17.486202239990234
43.95332336425781
40.99448013305664
110.00703430175781
21.818130493164062
26.657085418701172
22.730365753173828
24.954383850097656
35.165367126464844
27.57419204711914
36.664798736572266
33.03557586669922
23.613208770751953
40.09878921508789
32.057132720947266
18.897375106811523
29.66473388671875
22.73259162902832
19.57617950439453
23.1818790435791
37.684967041015625
27.8909969329834
33.08980178833008
40.7218017578125
43.82199478149414
21.753847122192383
29.630002975463867
36.96009826660156
16.897850036621094
30.057270050048828
21.808738708496094
32.46517562866211
34.08018112182617
23.737146377563477
19.15778923034668
24.59369468688965
30.868864059448242
29.908016204833984
29.773611068725586
29.569868087768555
26.794212341308594
77.63359069824219
33.2424201965332
25.384958267211914
31.561182022094727
28.36838150024414
30.10479736328125
43.63131332397461
47.00729751586914
27.0289306640625
32.222320556640625
36.668399810791016
31.546846389770508
40.74315643310547
36.78874588012695
32.674156188964844
61.09431838989258
46.316162109375
25.394134521484375
28.016408920288086
24.925039291381836
26.491029739379883
58.850154876708984
22.097028732299805
17.34900665283203
22.272478103637695
28.704708099365234
51.734291076660156
20.638294219970703
23.947601318359375
38.56300354003906
19.862043380737305
22.079626083374023
25.401426315307617
26.183279037475586
40.13420867919922
42.076908111572266
16.993467330932617
26.55588150024414
27.128360748291016
28.318166732788086
44.499305725097656
38.99551773071289
36.10823440551758
24.175800323486328
32.2984504699707
28.729602813720703
27.66649055480957
32.27468490600586
37.53917694091797
27.481504440307617
22.50728416442871
44.02028274536133
21.90756607055664
47.577884674072266
39.82058334350586
32.01498031616211
33.613563537597656
24.352561950683594
32.25656509399414
20.603574752807617
26.057201385498047
38.16156768798828
43.97551345825195
23.707475662231445
28.087188720703125
61.542781829833984
29.16145896911621
45.48771667480469
20.540842056274414
38.28247833251953
26.42713737487793
60.956905364990234
47.26472473144531
30.198606491088867
27.29928207397461
35.54829406738281
24.349597930908203
49.36460494995117
26.573299407958984
14.600767135620117
19.36282730102539
31.918344497680664
31.138545989990234
20.86046600341797
39.268836975097656
27.57000732421875
28.059986114501953
57.270103454589844
37.44664001464844
38.556427001953125
50.09339141845703
24.026559829711914
19.95829963684082
31.56699562072754
21.277667999267578
32.44342803955078
23.167476654052734
19.75586700439453
37.44336700439453
21.432836532592773
21.21338653564453
22.694028854370117
36.76963424682617
28.385408401489258
52.42708969116211
33.93870544433594
26.35464096069336
14.059337615966797
20.37986183166504
34.19516372680664
40.2368278503418
35.65514373779297
25.844755172729492
26.511384963989258
38.49466323852539
20.460939407348633
29.51235580444336
26.1889591217041
36.55299758911133
19.839725494384766
44.00070571899414
22.75847625732422
14.181811332702637
57.444942474365234
18.798574447631836
12.182281494140625
67.25568389892578
26.66280174255371
46.27459716796875
20.365623474121094
29.916866302490234
28.87510108947754
10.274866104125977
24.161457061767578
38.16744613647461
35.65984344482422
36.17288589477539
23.103191375732422
51.181678771972656
48.71387481689453
28.355268478393555
41.910987854003906
44.52314376831055
36.5642204284668
21.66912841796875
12.85471248626709
43.608402252197266
34.00157928466797
31.17746353149414
58.5695915222168
51.860565185546875
13.705781936645508
44.851890563964844
17.457435607910156
41.55921173095703
22.320850372314453
31.690689086914062
26.844457626342773
23.127216339111328
54.806640625
24.26651382446289
21.532625198364258
26.306724548339844
33.56736755371094
24.280492782592773
35.5986213684082
20.267879486083984
39.798797607421875
41.332305908203125
28.816547393798828
50.198089599609375
35.991695404052734
25.518985748291016
21.671398162841797
25.258554458618164
17.893341064453125
26.608407974243164
50.37117385864258
29.98091697692871
33.337890625
29.154022216796875
55.409603118896484
40.69611740112305
27.565372467041016
50.842376708984375
31.082027435302734
37.852577209472656
29.158254623413086
51.83180618286133
35.01055908203125
31.08104705810547
27.304473876953125
37.670650482177734
28.10942840576172
25.87150001525879
20.755661010742188
45.74347686767578
33.41973876953125
30.206037521362305
50.223148345947266
23.380931854248047
33.239566802978516
35.11781692504883
29.068359375
49.8423957824707
22.387741088867188
26.17157554626465
22.16657066345215
30.02206039428711
24.00806427001953
37.012611389160156
21.44476890563965
45.03988265991211
20.27803611755371
41.70499801635742
46.51487731933594
23.63425636291504
23.481081008911133
30.409326553344727
28.89736557006836
42.32874298095703
31.94869041442871
60.06780242919922
27.816259384155273
32.6526985168457
24.036884307861328
15.955031394958496
29.712093353271484
26.3916072845459
36.261775970458984
37.332603454589844
17.881322860717773
35.29882049560547
40.483299255371094
19.559410095214844
32.94036865234375
26.657615661621094
49.475563049316406
34.44093704223633
26.763042449951172
22.54084587097168
17.061277389526367
35.00990295410156
29.817853927612305
26.65982437133789
43.80569839477539
21.229969024658203
28.443510055541992
40.01490783691406
30.629070281982422
13.698554039001465
51.527549743652344
50.54109191894531
42.691219329833984
20.809911727905273
20.216299057006836
22.252397537231445
21.446439743041992
27.190589904785156
29.046831130981445
34.6678581237793
29.61109161376953
26.9571475982666
33.228816986083984
25.689163208007812
22.402925491333008
25.416461944580078
27.880821228027344
45.06168746948242
19.305675506591797
30.79985237121582
25.143577575683594
41.23509979248047
28.558124542236328
21.111364364624023
33.268455505371094
23.359811782836914
40.38046646118164
38.6710205078125
20.767908096313477
47.48021697998047
44.14790344238281
21.05366325378418
28.077909469604492
25.66941261291504
13.236528396606445
22.525630950927734
36.16395568847656
39.32263946533203
21.55799102783203
36.042152404785156
41.141456604003906
23.60594367980957
29.178251266479492
23.17378807067871
22.0106258392334
31.45551109313965
45.07062911987305
30.449522018432617
41.910003662109375
30.921222686767578
27.67163848876953
26.113744735717773
56.37362289428711
38.166866302490234
18.260967254638672
18.879465103149414
46.877315521240234
37.01001739501953
27.082590103149414
22.171646118164062
31.429567337036133
31.64459228515625
26.098262786865234
36.695919036865234
51.9190673828125
33.82771682739258
49.314754486083984
34.25257873535156
17.583263397216797
22.79618263244629
17.881309509277344
34.53104782104492
66.92972564697266
23.999801635742188
40.86205291748047
56.79759216308594
31.221986770629883
46.5933952331543
49.46245574951172
28.10259437561035
43.364891052246094
31.677160263061523
23.956298828125
29.834381103515625
61.49592590332031
44.3481559753418
35.400062561035156
46.93250274658203
20.66500473022461
28.675277709960938
24.63504981994629
24.870216369628906
23.161157608032227
40.87156677246094
19.004804611206055
27.388273239135742
25.890182495117188
33.801170349121094
23.972368240356445
26.142187118530273
26.472497940063477
37.19206237792969
31.703086853027344
36.06206512451172
18.543363571166992
25.483869552612305
36.276512145996094
32.695980072021484
23.22134017944336
41.382598876953125
30.886003494262695
21.404430389404297
30.917110443115234
42.5941276550293
49.83244323730469
21.647531509399414
20.838865280151367
32.5274543762207
22.436155319213867
108.1306381225586
26.789655685424805
39.8584098815918
28.742517471313477
18.29361343383789
25.66288185119629
31.635526657104492
34.69116973876953
30.142471313476562
22.485383987426758
23.072072982788086
19.975122451782227
22.185104370117188
25.4510555267334
36.360679626464844
38.481990814208984
30.81324577331543
25.703907012939453
33.8814811706543
32.1822624206543
29.9069881439209
61.887542724609375
45.99607467651367
54.87334442138672
22.712135314941406
45.40412902832031
36.24833297729492
37.545650482177734
19.985925674438477
25.578109741210938
27.4643611907959
35.98169708251953
27.957183837890625
45.450382232666016
19.154720306396484
36.7697868347168
44.81417465209961
31.028545379638672
40.94165802001953
35.22156524658203
34.828826904296875
28.683238983154297
20.094940185546875
24.695344924926758
39.45851516723633
25.951631546020508
29.729511260986328
49.24151611328125
27.476377487182617
51.76214599609375
27.843671798706055
26.513429641723633
25.61042022705078
45.147422790527344
24.75571632385254
25.410480499267578
19.930906295776367
37.2065315246582
27.754295349121094
28.495241165161133
26.922149658203125
21.79447364807129
24.82756996154785
37.746768951416016
33.76305389404297
28.10270118713379
22.1376895904541
34.555625915527344
29.16000747680664
42.91145324707031
44.656646728515625
43.452152252197266
22.058053970336914
49.57571029663086
32.40414047241211
30.051469802856445
26.892471313476562
38.702239990234375
48.10291290283203
15.898980140686035
36.67571258544922
35.72329330444336
35.55939483642578
22.949302673339844
47.402381896972656
42.72602462768555
15.899727821350098
21.78340721130371
50.906009674072266
37.58774948120117
19.99757957458496
24.817705154418945
15.75023078918457
30.662029266357422
24.876657485961914
24.277257919311523
27.722999572753906
38.738895416259766
37.92495346069336
27.545291900634766
28.011537551879883
22.15890884399414
19.14164924621582
17.211910247802734
29.460073471069336
33.45838165283203
34.717098236083984
45.23752975463867
37.59096145629883
20.37411880493164
35.661827087402344
23.728918075561523
32.14550018310547
61.05665588378906
51.33427429199219
18.8492431640625
37.77469253540039
28.313936233520508
30.59442138671875
20.01224708557129
27.56317710876465
36.21958541870117
22.17180061340332
57.691043853759766
27.5693302154541
37.44049835205078
