-1.5396201610565186
0.5080888271331787
0.255620539188385
0.5422298312187195
1.9965951442718506
2.409235715866089
-0.5786827206611633
-1.4293864965438843
-0.600439727306366
-0.3428013324737549
-0.05564725399017334
1.3949354887008667
0.09563814848661423
0.03259466588497162
-1.0541983842849731
0.13762500882148743
-1.6371967792510986
-0.27264514565467834
1.4016746282577515
-1.013756513595581
-1.2291052341461182
0.1592625230550766
-1.4479711055755615
0.7397668361663818
-1.279162049293518
0.5079216361045837
-1.0348032712936401
-0.5886898040771484
0.8745550513267517
0.04997049272060394
1.048939824104309
-1.8298194408416748
-0.17539483308792114
-1.652745008468628
0.03590689226984978
-0.021665778011083603
1.5722192525863647
0.8648528456687927
-0.6395376324653625
-1.488865852355957
0.3802762031555176
0.15499016642570496
-0.9227383732795715
-0.34728437662124634
0.9526074528694153
0.32448360323905945
1.372849941253662
-1.345347285270691
-1.2563879489898682
0.007328889332711697
0.7118524312973022
0.6544222235679626
0.6190176010131836
-0.9948663711547852
-0.6979218125343323
0.5195922255516052
1.1615172624588013
-0.10420125722885132
-1.8958806991577148
-0.7270479202270508
-0.617466151714325
-0.32998520135879517
0.00034285272704437375
0.00854320079088211
0.031177980825304985
-0.34813863039016724
0.05046713724732399
1.2751216888427734
0.2524552643299103
-0.35549595952033997
-0.37777280807495117
-0.5501571297645569
-1.0942699909210205
1.4570786952972412
-0.0735894963145256
0.435494989156723
-0.8644024729728699
0.24748386442661285
0.4502834379673004
-0.17109623551368713
0.10563385486602783
-1.243568778038025
-0.920194685459137
-0.027096357196569443
-0.888283908367157
-0.15075571835041046
-1.1842960119247437
-0.663013219833374
-0.3899756968021393
1.2746397256851196
-0.3963819444179535
1.1644742488861084
-0.6668061017990112
-0.3819418251514435
-1.0436275005340576
0.09428135305643082
-0.7954847812652588
-1.249465823173523
-0.7500309944152832
-1.0483918190002441
0.7680416107177734
-0.8255997896194458
-0.0887352004647255
-1.6320725679397583
1.7901417016983032
-0.2117096334695816
-0.3229089081287384
-0.2217126190662384
0.5738627314567566
-0.1396358460187912
0.0026762839406728745
0.5493712425231934
0.8050371408462524
-0.14755485951900482
0.22216017544269562
-0.35993969440460205
1.0602967739105225
-0.5434935092926025
-0.45264288783073425
-1.1926276683807373
-0.024673374369740486
-1.6095582246780396
0.30483436584472656
-2.4140796661376953
-0.43876346945762634
-0.2725050747394562
-1.2352278232574463
2.061408042907715
0.23397700488567352
-0.2535390853881836
-1.079663634300232
1.056555986404419
-0.373275488615036
0.7688628435134888
-1.560867428779602
0.8313140273094177
-1.1502922773361206
0.11697239428758621
-0.45102718472480774
-0.8283374905586243
0.9583773612976074
0.1723068803548813
-1.9472240209579468
-0.10865650326013565
-0.05088961496949196
-0.5056784749031067
-1.5327494144439697
1.085897445678711
-0.3859686553478241
0.02906394563615322
0.9036825299263
0.02254057489335537
1.0918043851852417
0.019106004387140274
-0.27694809436798096
-0.06861039996147156
1.4908925294876099
0.08004893362522125
-0.44292494654655457
-0.8281714916229248
0.27533096075057983
-0.4516327977180481
-1.528639554977417
-0.12955240905284882
1.1303550004959106
-0.3662213981151581
-0.3909023702144623
-1.3077619075775146
0.8716387152671814
-0.6680206060409546
-0.2665060758590698
0.1641557216644287
-0.8281448483467102
0.19500090181827545
-1.394328236579895
0.004958785139024258
-1.9901392459869385
-0.2767861485481262
-1.1421704292297363
-1.1728765964508057
0.7463103532791138
-1.3991518020629883
-0.04203616827726364
1.511146903038025
0.009701026603579521
-0.14892713725566864
-0.5829392671585083
-0.046139899641275406
-1.0731381177902222
0.2950485050678253
1.1325316429138184
-1.7722874879837036
0.35125410556793213
0.29150593280792236
1.6502068042755127
-0.6547524929046631
0.1434665024280548
-0.46819934248924255
0.1000233069062233
0.5556743741035461
-3.395676612854004
0.3373199701309204
-0.2576954662799835
0.2812795341014862
1.7947111129760742
-0.6130203604698181
0.18549659848213196
-2.0733494758605957
0.5581689476966858
2.0712130069732666
-1.155553936958313
-0.9932108521461487
0.18299910426139832
-0.01618279702961445
0.048095326870679855
0.09018757939338684
-0.6380232572555542
-0.38773006200790405
0.3744019865989685
0.3721030056476593
0.3989608883857727
0.9372646808624268
0.053431186825037
0.7720897793769836
-1.0286407470703125
-1.7223080396652222
-0.47679293155670166
-0.162159726023674
-0.797139585018158
0.0826224684715271
-0.9237931370735168
-1.6233235597610474
-0.23914630711078644
0.3388235569000244
-0.20794665813446045
0.8447515964508057
-0.1485479176044464
0.384547621011734
-1.3057339191436768
0.20745563507080078
-0.5461658239364624
-1.0800951719284058
-0.1358073204755783
-0.09037473797798157
0.7436944842338562
-0.07726986706256866
-0.24130171537399292
-0.8278301358222961
0.6205325126647949
-1.4486185312271118
0.166629821062088
1.555108666419983
-0.06677330285310745
0.9248254299163818
0.03823577240109444
-2.2549352645874023
0.22499202191829681
0.7149677276611328
1.2324391603469849
-0.10875730961561203
-0.36869990825653076
0.2820098102092743
-0.17545543611049652
0.16434809565544128
1.6410313844680786
-1.1057997941970825
-1.425459384918213
-0.05407640337944031
0.41764575242996216
-0.7828445434570312
0.2925815284252167
-0.1335773766040802
-0.007185305934399366
0.67706698179245
0.047695036977529526
-0.5400124788284302
-1.6514770984649658
-1.058888554573059
0.48373112082481384
-0.5650846362113953
0.6267723441123962
1.303796410560608
-1.1512047052383423
1.0761431455612183
-1.6606595516204834
0.08275973051786423
-1.6563705205917358
-0.2732706367969513
-0.1265137493610382
-0.5315748453140259
0.09102374315261841
0.6631656289100647
0.31393998861312866
-0.15629611909389496
-0.4350157380104065
-1.9753921031951904
0.23110902309417725
-2.1157400608062744
-2.4601070880889893
-0.6325227618217468
-0.03367358818650246
1.8604689836502075
-0.037447426468133926
-0.10888583958148956
-1.0133745670318604
0.434830904006958
-0.4537971615791321
1.1776634454727173
-3.1938557624816895
-1.8695520162582397
-0.7326666712760925
-0.08572625368833542
-0.5948363542556763
1.3155487775802612
-1.5732967853546143
-0.5442575216293335
-0.38514378666877747
-1.4314504861831665
-0.3052991032600403
-1.3320659399032593
1.232141137123108
1.9156209230422974
-0.24809196591377258
-0.013122825883328915
-0.3210279643535614
0.08993861824274063
-0.4824425280094147
0.1661585420370102
-0.5147368311882019
0.027687128633260727
-1.5007686614990234
0.062364935874938965
0.0807030200958252
-2.900312662124634
-1.6684683561325073
-0.8404486775398254
-0.7647661566734314
-0.04629255458712578
-0.3443928062915802
-0.4681651294231415
1.7053780555725098
-2.0531013011932373
0.0970487892627716
0.606031596660614
-2.146097183227539
-0.03733840584754944
-1.4301782846450806
0.11048446595668793
0.8896494507789612
0.7374025583267212
-0.6832091808319092
1.2080007791519165
-0.20276693999767303
-1.0293117761611938
0.6284268498420715
-0.511957585811615
1.6469249725341797
-0.42992594838142395
-0.08894858509302139
0.6152229309082031
-1.6212621927261353
-0.8170023560523987
-1.0689506530761719
0.2514611482620239
0.7851355075836182
0.23069295287132263
-0.3525323271751404
-0.01688176579773426
-0.38935473561286926
-1.001330018043518
-1.5294040441513062
0.829159677028656
-0.34118911623954773
0.3271254599094391
0.6505582928657532
-1.4217036962509155
-0.21986165642738342
0.33707374334335327
-0.28582677245140076
-0.053419988602399826
-0.3935253322124481
0.8243462443351746
-1.4078283309936523
-0.00422770855948329
0.17876692116260529
-0.1506410390138626
0.756487250328064
-1.6033374071121216
-0.00837956927716732
0.06576179713010788
-0.5389285087585449
-2.0514986515045166
-0.07375019788742065
-1.5737193822860718
1.7949610948562622
-0.3899260461330414
-1.3794296979904175
-1.4600130319595337
-0.10002611577510834
1.4392485618591309
-0.7912490963935852
0.2813234329223633
-0.11433857679367065
0.004204944241791964
0.5672250390052795
-0.504621148109436
-2.0029964447021484
-0.09774690121412277
0.16862943768501282
-0.6988323330879211
0.8937186002731323
0.13820306956768036
0.0508863627910614
-1.6266683340072632
-0.56037837266922
0.16664056479930878
0.9655806422233582
-1.4945740699768066
-0.16423368453979492
0.031099041923880577
0.37088242173194885
-0.7520382404327393
1.3604549169540405
0.8810481429100037
-0.014377607963979244
-0.5837030410766602
0.20177282392978668
0.9899824261665344
0.07498711347579956
-1.5273698568344116
-0.353208065032959
-0.842078447341919
-1.1184483766555786
-0.054611027240753174
-1.3650437593460083
-0.048760175704956055
0.14560605585575104
-1.2834253311157227
-0.15911784768104553
-0.6979931592941284
-0.19305972754955292
-1.3672887086868286
-0.5515590906143188
-0.825179398059845
-1.2609726190567017
0.15336711704730988
1.0385493040084839
0.09183704853057861
-0.1724674254655838
0.066911980509758
-0.08835913240909576
1.0226163864135742
-0.0057443128898739815
1.3052970170974731
0.3423868715763092
-0.04790472611784935
-0.7032650709152222
0.2827199697494507
0.7161156535148621
-1.0639255046844482
-0.20831233263015747
1.0798150300979614
0.0955461859703064
-0.5943440198898315
-0.43146318197250366
-0.6536627411842346
0.932523250579834
-0.08772487193346024
0.016390938311815262
-0.13486315310001373
0.9680230617523193
-0.704552948474884
-0.6044546961784363
-0.8443609476089478
0.03533746302127838
-2.042814016342163
0.6911870241165161
0.03650740534067154
0.2151879370212555
-0.8497440218925476
-0.16829311847686768
1.088244080543518
-0.6185126304626465
-1.1795109510421753
-0.0256984680891037
0.16314928233623505
-0.0768282562494278
-0.8621107339859009
-1.3724230527877808
-0.10948152095079422
-1.4195307493209839
-0.08089267462491989
-0.08944446593523026
0.6779651641845703
1.4322766065597534
-0.9780343174934387
-0.1997314840555191
0.2780262529850006
0.03770991042256355
-1.191681981086731
2.014827251434326
-0.30324849486351013
-0.07850868999958038
-0.7931936979293823
-0.6977733373641968
0.7946495413780212
-0.5070322155952454
-0.009949550032615662
-0.5185897350311279
0.5390592217445374
0.40115833282470703
0.6028635501861572
-1.286035180091858
-1.3596092462539673
0.4553978741168976
1.6748864650726318
0.04972707852721214
0.5806989073753357
-0.2522304356098175
-0.0844077616930008
0.6047773361206055
0.20413018763065338
-0.20741263031959534
0.027931561693549156
-0.12748199701309204
0.27064135670661926
-1.3470648527145386
0.19559331238269806
-0.747791588306427
0.0810481533408165
-0.04941363260149956
-1.369607925415039
-0.30232682824134827
0.14483317732810974
-1.1658896207809448
0.07974065840244293
-1.2326375246047974
1.2870427370071411
-1.118998408317566
0.18758618831634521
0.3881010115146637
0.6690945625305176
0.21237224340438843
-1.1370514631271362
-1.4448851346969604
-0.022663041949272156
-1.8519995212554932
-1.3815388679504395
-1.272376537322998
-1.7731715440750122
0.032109394669532776
0.07585784792900085
1.3272119760513306
0.014875913970172405
1.1902198791503906
-0.524740993976593
0.32360902428627014
-0.5928572416305542
0.22140473127365112
0.2714201807975769
-0.36333438754081726
-1.5232280492782593
-0.388528048992157
0.46525102853775024
0.09006829559803009
-0.08407435566186905
-0.2185303419828415
0.1257634311914444
-1.9632899761199951
1.2040139436721802
0.6061167120933533
-0.798211932182312
-1.215628981590271
0.192486971616745
-0.04569769650697708
-0.978966474533081
1.4686402082443237
0.6065705418586731
0.44029635190963745
0.29124563932418823
0.14229121804237366
-0.6640841364860535
0.07748840749263763
0.1447228044271469
-0.10303491353988647
-0.31369251012802124
-0.340719074010849
0.38178426027297974
0.20875445008277893
-0.033448055386543274
-1.0899895429611206
-1.4981324672698975
1.4001473188400269
1.0353807210922241
-0.5940009951591492
-0.8528574705123901
-1.2021474838256836
1.605465054512024
0.19091525673866272
-0.7668560743331909
0.06570961326360703
-0.08535391092300415
-0.14185775816440582
-1.2824069261550903
-1.3767588138580322
0.1177888810634613
0.017654037103056908
-0.07617858797311783
-1.333752155303955
-0.1998940110206604
-1.463760495185852
-1.7009496688842773
-0.5757484436035156
-0.8127928972244263
-0.6698246598243713
-2.035045862197876
0.08629009872674942
-2.033283233642578
-1.751286506652832
0.8909193277359009
0.23754988610744476
0.19457030296325684
0.009473239071667194
1.1932934522628784
0.08166775852441788
0.8687087893486023
-0.03630823642015457
1.292267084121704
-0.05690154433250427
0.597930908203125
-0.16815294325351715
0.13370919227600098
-1.7576786279678345
0.45507991313934326
-0.49338963627815247
-0.05271636322140694
0.39225926995277405
1.0712677240371704
-0.53916335105896
0.4907301068305969
0.07273711264133453
0.7513368725776672
-0.8542243838310242
-1.1747105121612549
-0.363810271024704
0.24574315547943115
-0.4383470118045807
-0.28348684310913086
0.8841756582260132
1.0965830087661743
-0.027508703991770744
-0.6760118007659912
-1.7244722843170166
-0.4814208447933197
-0.021046575158834457
0.41615015268325806
-1.669032335281372
-0.2017182558774948
-0.013505031354725361
-0.20252680778503418
-0.591664731502533
0.7214545011520386
-1.3478156328201294
0.9982921481132507
0.2590632140636444
0.9452601671218872
-0.023073924705386162
-0.027807343751192093
-0.7797026634216309
-0.8586710095405579
-1.7133232355117798
-0.8433652520179749
