1.2712665796279907
1.0662236213684082
1.3528518676757812
1.01911199092865
0.6160452365875244
1.0127841234207153
0.6875737309455872
1.047135353088379
0.7024351358413696
0.2822158932685852
0.37422311305999756
0.9561057686805725
0.4078662395477295
0.5526925921440125
1.2982369661331177
0.2396942377090454
1.1136876344680786
0.6059131026268005
1.114648461341858
1.3795326948165894
1.1092288494110107
1.4684584140777588
0.8847498297691345
1.8854317665100098
1.4052865505218506
1.1583729982376099
0.9255209565162659
0.958206057548523
1.0447198152542114
0.3376718759536743
1.3271732330322266
1.2512187957763672
1.2356945276260376
1.3170377016067505
0.3162459135055542
0.20944905281066895
0.9614018797874451
0.8667572736740112
1.613525390625
1.2457627058029175
0.4009131193161011
0.19640958309173584
0.968633234500885
0.6167148351669312
0.3702002763748169
0.5637104511260986
1.2819856405258179
1.176103949546814
1.731059193611145
0.21890389919281006
2.3685414791107178
0.8577747941017151
0.9237919449806213
0.8265801668167114
0.7236471176147461
1.7404353618621826
0.534697413444519
0.36953264474868774
1.6706050634384155
1.991934061050415
0.8279025554656982
1.251760482788086
0.439974844455719
0.2528250217437744
0.2744162082672119
0.24802422523498535
0.4664289951324463
0.7245863080024719
0.23865103721618652
0.9599611163139343
0.5360811948776245
1.2997169494628906
1.1348313093185425
0.32634568214416504
0.43721818923950195
0.3254537582397461
1.5303232669830322
1.4207103252410889
0.5247653126716614
1.833404302597046
0.4346124529838562
1.1833722591400146
1.1383917331695557
0.3595448136329651
0.5555572509765625
0.42980122566223145
1.0292118787765503
1.339844822883606
0.5977743268013
0.7234108448028564
0.5542870759963989
1.3578166961669922
1.7717229127883911
0.9782702922821045
0.8654351234436035
0.3775860071182251
1.7212026119232178
1.5981279611587524
1.2774461507797241
1.2742277383804321
1.140316367149353
1.662644386291504
0.17689764499664307
1.3673150539398193
0.8389202952384949
0.5731409788131714
0.5230028629302979
1.5093779563903809
1.1451404094696045
0.42618900537490845
0.19583559036254883
1.0308072566986084
0.9374718070030212
0.7271578907966614
0.6426495313644409
0.7466206550598145
0.9170870184898376
2.0215375423431396
0.26413798332214355
1.3178813457489014
0.44503265619277954
0.977245569229126
0.24021512269973755
1.8536839485168457
1.252747654914856
1.1087069511413574
1.182488203048706
0.21583569049835205
0.7061594128608704
1.252821683883667
1.2439264059066772
1.077120065689087
1.2024867534637451
1.5648761987686157
1.1881957054138184
0.5079544186592102
1.6616218090057373
0.29340291023254395
0.76286381483078
1.0442016124725342
0.6990073323249817
0.1906517744064331
1.0879348516464233
0.5283243656158447
0.32288098335266113
2.20178484916687
1.1607999801635742
0.625673234462738
0.6525198817253113
0.8642650842666626
0.5422611832618713
0.2738223075866699
0.8481103181838989
0.21505224704742432
0.6230236291885376
0.2775595188140869
0.5116928815841675
1.3753877878189087
1.1609236001968384
1.2311592102050781
0.5892205238342285
1.3904356956481934
1.1704310178756714
0.26372814178466797
0.8392859697341919
1.2269421815872192
1.2843430042266846
1.0884543657302856
0.7567803859710693
0.8119868040084839
0.923105776309967
0.1941910982131958
0.349091112613678
0.8793116807937622
1.2216345071792603
0.24539262056350708
1.3177226781845093
0.6855356693267822
1.0338854789733887
0.894648015499115
0.836671769618988
1.312751293182373
0.2012893557548523
0.2643904685974121
0.40743374824523926
1.244145154953003
1.1786938905715942
0.6525335311889648
1.0158839225769043
0.27359843254089355
1.8201125860214233
1.162105679512024
1.111275553703308
1.2018792629241943
0.8852906227111816
0.7869365215301514
0.9247832298278809
0.6611260771751404
0.24862360954284668
0.5555475354194641
1.4881007671356201
0.9573179483413696
1.6326452493667603
0.18849784135818481
0.8268446326255798
1.4365968704223633
0.3507288694381714
0.8755457997322083
0.7618704438209534
0.6317434310913086
1.3475568294525146
0.9212973117828369
0.33332306146621704
0.27529823780059814
0.5915800333023071
0.34246742725372314
1.1976807117462158
1.4472867250442505
1.575217366218567
0.9408546686172485
1.4728662967681885
0.581610381603241
1.5098717212677002
0.9222826957702637
1.6521239280700684
1.7169159650802612
1.3349045515060425
0.9919519424438477
0.693170964717865
0.5487048029899597
1.4995458126068115
1.4075117111206055
0.22269713878631592
0.6187466979026794
1.312592625617981
0.6999111175537109
0.32136136293411255
0.42201995849609375
1.2403281927108765
1.0190963745117188
0.8608248829841614
0.983167290687561
0.21557343006134033
0.20761573314666748
0.4717228412628174
0.3599863052368164
1.1556978225708008
0.7067244052886963
0.508107602596283
1.2555568218231201
0.2816203832626343
0.9000425338745117
0.4986323118209839
0.7616921663284302
0.27369505167007446
0.45241832733154297
1.3405694961547852
1.00408136844635
0.46473264694213867
0.46038568019866943
0.7744343280792236
0.5826237201690674
0.8027899265289307
0.8523902297019958
1.1407159566879272
1.4975941181182861
1.0890305042266846
0.43359458446502686
0.8509769439697266
1.4636033773422241
1.4980189800262451
0.4756888151168823
0.624372124671936
1.1212520599365234
1.0681921243667603
0.8779642581939697
1.2797141075134277
1.9965057373046875
0.4546506404876709
0.597779393196106
0.869550347328186
0.5426725149154663
1.0841401815414429
0.38662952184677124
0.8501302599906921
0.3757007122039795
1.415117621421814
0.6844261288642883
0.34632086753845215
0.9580215811729431
0.4971141815185547
0.4898059368133545
0.3105405569076538
1.3537062406539917
0.8831785321235657
1.0396449565887451
2.1287806034088135
0.9951469898223877
1.1014713048934937
0.7582255601882935
0.3067165017127991
0.3593268394470215
0.30640077590942383
0.5843272805213928
1.238252878189087
1.2051472663879395
0.42407381534576416
1.265885353088379
1.2145355939865112
1.1266603469848633
0.8440646529197693
1.7579095363616943
0.6328408122062683
0.6306617856025696
1.2138804197311401
1.0907044410705566
0.9843482375144958
1.0698833465576172
0.3202040195465088
0.8421032428741455
0.8868194818496704
0.5792046785354614
1.215823769569397
0.214155912399292
1.2146230936050415
0.34318816661834717
1.2259902954101562
0.1889493465423584
1.3701622486114502
0.2623467445373535
1.392208456993103
0.228035569190979
0.21352285146713257
1.138132095336914
0.890204906463623
1.397128939628601
1.577715277671814
0.2241005301475525
1.4750396013259888
0.9349479079246521
1.1224247217178345
1.647506594657898
0.2638711929321289
1.7038421630859375
1.4769649505615234
0.21997129917144775
0.8465379476547241
0.28377771377563477
1.3452988862991333
0.43995773792266846
1.3463736772537231
0.8729329109191895
0.1712127923965454
1.4526350498199463
1.0327967405319214
0.929192304611206
0.8408291935920715
1.6129192113876343
0.8258755803108215
1.0382345914840698
0.9963586330413818
1.3158259391784668
1.425007700920105
0.9968651533126831
1.0089693069458008
0.2683420181274414
1.2055549621582031
1.1464910507202148
1.489881992340088
1.1299326419830322
0.8610528707504272
1.13616943359375
0.2690035104751587
0.8438938856124878
0.8062343001365662
1.7880887985229492
0.37770652770996094
2.129646062850952
0.32944369316101074
0.4359186887741089
0.5962616801261902
1.3742709159851074
1.4522228240966797
0.2637951374053955
0.36993277072906494
1.0057144165039062
0.9420890212059021
0.8734552264213562
1.3146756887435913
0.2514345049858093
0.5608107447624207
1.3565113544464111
0.23949360847473145
0.8548382520675659
1.100057601928711
0.29051458835601807
1.3658393621444702
1.0564240217208862
0.8814586997032166
1.276432991027832
1.4606295824050903
0.338071346282959
0.24431884288787842
0.6036025285720825
1.3332315683364868
0.9793464541435242
1.3448153734207153
0.23583966493606567
0.2536426782608032
0.8252406716346741
0.8792246580123901
0.37948471307754517
0.1506638526916504
1.2549902200698853
1.3156936168670654
0.7839266657829285
1.2254436016082764
1.4552668333053589
0.43420469760894775
0.24524050951004028
0.5976669788360596
1.0331329107284546
0.4212303161621094
0.36357933282852173
0.7355073094367981
0.7312038540840149
0.7854538559913635
1.5621262788772583
1.4978749752044678
1.1097478866577148
1.1053460836410522
0.8354282379150391
1.1708641052246094
0.20726341009140015
1.6990939378738403
0.21237730979919434
0.34171855449676514
1.2526004314422607
0.8602049946784973
1.2242220640182495
0.25817012786865234
1.1306363344192505
0.9045183658599854
1.5856939554214478
1.1978477239608765
0.9960308074951172
1.5312349796295166
0.2719465494155884
0.5275164246559143
0.7370609045028687
0.34280073642730713
1.322206735610962
0.6504490971565247
0.8697617650032043
1.4130842685699463
1.6744894981384277
1.319170594215393
0.6630736589431763
0.6109564304351807
0.8243816494941711
0.49142390489578247
0.3462519645690918
0.2880955934524536
0.7348085641860962
0.7185060381889343
0.6185648441314697
0.6276248097419739
0.6142962574958801
0.22422778606414795
0.5804997086524963
0.6920364499092102
1.1918084621429443
1.204411268234253
1.1362501382827759
0.17355233430862427
1.389843463897705
1.2906911373138428
0.179867684841156
0.4037827253341675
0.7403913140296936
0.9673498272895813
0.7260304689407349
0.7399584054946899
1.2365875244140625
0.3076949119567871
0.31968623399734497
0.43406957387924194
1.2145519256591797
1.1964720487594604
1.6367137432098389
1.7725353240966797
1.0377280712127686
0.23957699537277222
0.9085360169410706
0.9499377012252808
0.6430239081382751
0.3914002776145935
0.5252166986465454
0.22925400733947754
1.0168282985687256
0.41816604137420654
1.2772150039672852
0.4120241403579712
1.4508289098739624
1.6825045347213745
1.3703430891036987
0.9174988865852356
1.3553191423416138
1.653051495552063
0.4108598232269287
0.4671071171760559
0.302409291267395
0.8820291757583618
1.3136906623840332
1.1011756658554077
1.0012284517288208
0.3273823857307434
1.023795485496521
0.6422196626663208
1.1703600883483887
0.3260389566421509
0.2541893720626831
0.933208167552948
0.3500288724899292
0.30352914333343506
0.5010882019996643
0.9480953216552734
0.40439850091934204
0.622445821762085
0.2542608976364136
0.7002681493759155
1.4834200143814087
0.4044508934020996
0.6710886359214783
1.0885406732559204
0.3934316635131836
1.038124680519104
0.7432469129562378
1.3019442558288574
0.2872658967971802
0.5005196928977966
0.3941391110420227
0.9143470525741577
1.1204239130020142
0.969477117061615
1.0878428220748901
1.3533170223236084
0.9139356017112732
1.5393707752227783
1.2881343364715576
0.1759774088859558
0.21359771490097046
0.560212254524231
0.20444202423095703
1.3853651285171509
0.6298954486846924
1.3853154182434082
0.6090889573097229
0.24480754137039185
0.1990722417831421
0.270135760307312
1.3558861017227173
0.6912287473678589
0.4696434736251831
0.2800958752632141
0.25419676303863525
0.27979302406311035
1.10207998752594
1.2325870990753174
1.1832611560821533
0.3238641619682312
1.1807461977005005
1.463234305381775
0.7951735258102417
0.23945891857147217
1.0386430025100708
0.887837290763855
0.6464095115661621
0.6715785264968872
1.4795842170715332
0.4780081510543823
0.7970706820487976
0.3752139210700989
0.343872606754303
0.6048139333724976
0.34870219230651855
1.3817064762115479
0.32120245695114136
1.5113248825073242
0.22891026735305786
0.9182533025741577
1.2321512699127197
0.7175531387329102
0.8448933362960815
0.5661118626594543
1.0612746477127075
0.7619773745536804
0.35146236419677734
1.0867880582809448
1.4077240228652954
0.2548295259475708
0.19939154386520386
0.5716833472251892
1.0322672128677368
1.0174146890640259
0.27447545528411865
0.21709942817687988
0.32587528228759766
0.8106204271316528
0.9021783471107483
0.8165844082832336
1.1760671138763428
0.5806097388267517
1.2335671186447144
1.7323849201202393
1.204153299331665
0.18865257501602173
1.3720333576202393
1.0467976331710815
1.521700382232666
0.36570775508880615
0.37091320753097534
0.4778355360031128
0.7831849455833435
0.5070458650588989
0.6928462982177734
1.5824545621871948
1.6690211296081543
0.49839115142822266
0.4252367615699768
1.0787549018859863
1.4165605306625366
0.9160135984420776
0.5952065587043762
0.6860328316688538
0.24899816513061523
0.4179784059524536
0.54660564661026
1.2768269777297974
0.8739147782325745
0.6378129720687866
1.1709142923355103
0.7605757713317871
1.9034148454666138
0.8766019940376282
1.2267041206359863
0.581651508808136
0.4922201633453369
1.2517919540405273
0.5208228826522827
0.4611968994140625
0.8924741744995117
1.4774678945541382
0.8613781929016113
0.5635408759117126
0.9872713088989258
1.375038504600525
0.49916982650756836
0.4931858777999878
0.8559396266937256
1.9566785097122192
0.6042309403419495
0.9491807222366333
0.8214195370674133
0.6220065355300903
1.4025894403457642
0.3401508927345276
0.3557525873184204
0.6729548573493958
1.7070645093917847
0.9964789152145386
0.8028379082679749
