0.43200963735580444
-1.604060411453247
-1.2911245822906494
0.1583990901708603
-0.11989057809114456
-0.3315134048461914
-1.91048264503479
0.6295406222343445
-2.0080089569091797
-0.326151043176651
-1.7744171619415283
-1.3895992040634155
-0.653594434261322
-0.7521077990531921
0.14937129616737366
-1.6580514907836914
0.457640141248703
-1.4303659200668335
-1.4695850610733032
-0.057524435222148895
0.21915501356124878
-0.48424842953681946
0.19887255132198334
-1.0175256729125977
0.3218631446361542
0.5966127514839172
0.7375935912132263
0.7158653736114502
-1.1596370935440063
-0.8515808582305908
-0.6649780869483948
0.4671289026737213
-0.8555760383605957
0.6588180661201477
0.6120237708091736
-0.9257294535636902
0.16957734525203705
-2.166051149368286
-0.033251479268074036
0.6732566356658936
-1.5701402425765991
-0.9051598906517029
0.3122013211250305
-0.7219401597976685
-0.5166322588920593
-2.4827232360839844
-1.4704097509384155
0.0827903151512146
0.004807459656149149
-0.9202312231063843
-1.5577558279037476
-1.192191481590271
-1.0331350564956665
-0.3866964876651764
-0.11501090973615646
1.424120545387268
-1.4103128910064697
-1.2487527132034302
0.22452643513679504
-0.932640552520752
-1.1070696115493774
-0.13961446285247803
-1.903506875038147
-1.0236248970031738
-1.2877157926559448
-0.3557952642440796
-1.220332145690918
-0.35171976685523987
-1.646828293800354
-0.593447208404541
-0.8463398814201355
0.4350758492946625
-2.462103843688965
-0.4550161361694336
-0.20581753551959991
-2.1202590465545654
-0.7831915616989136
-0.9658841490745544
-0.3711334466934204
-3.0752878189086914
-1.6189652681350708
0.35973528027534485
0.029568947851657867
-2.6609787940979004
-0.1970367729663849
-0.8047733902931213
-1.8520880937576294
-0.005373426713049412
0.5563501119613647
-1.296898365020752
-1.8203426599502563
-2.3061344623565674
-0.09098184108734131
-1.5448999404907227
-1.9579156637191772
-1.7391319274902344
0.1490207314491272
-0.36889368295669556
-0.1934678703546524
0.13308463990688324
-1.1313776969909668
0.291079580783844
0.3751979172229767
-0.15762202441692352
-1.389738917350769
-1.368709921836853
-1.6958084106445312
1.0014359951019287
-0.023305008187890053
-1.8348109722137451
-0.8278729319572449
0.7261592745780945
-1.47542405128479
0.5624814629554749
-1.2176200151443481
-1.065171241760254
-1.1571311950683594
0.5214501023292542
0.10810244828462601
0.48071759939193726
-1.1270867586135864
0.38341861963272095
-1.3227057456970215
-0.1082054153084755
-0.4846295714378357
0.5151112675666809
-1.1758885383605957
-0.8420326709747314
-0.2244109809398651
0.6970264315605164
0.035861603915691376
-1.4502098560333252
0.33918362855911255
-0.5782313346862793
0.521845281124115
-1.155324101448059
0.13826550543308258
-0.4101114869117737
-1.9333288669586182
0.6061234474182129
-1.8028850555419922
-1.5939836502075195
-2.68984317779541
-1.4908840656280518
-0.8812713027000427
-1.1695350408554077
-2.3759710788726807
-1.6684911251068115
-1.973026156425476
-0.8627337217330933
-0.24410296976566315
-0.31805360317230225
-0.7373866438865662
0.1761019378900528
-0.4438534677028656
-0.7388250827789307
-0.2032565176486969
-1.0191266536712646
-0.6620789766311646
-2.372276782989502
-1.1675200462341309
-0.7342849969863892
0.20430676639080048
-1.244397759437561
-1.167851209640503
-0.9135138988494873
0.31079545617103577
-0.6747165322303772
-1.0009084939956665
-0.03984532132744789
-2.897338390350342
-0.6901825666427612
0.507268488407135
-2.4643731117248535
-0.09009964764118195
-0.8188053965568542
0.46571817994117737
-0.9401505589485168
0.4886150360107422
0.4642273783683777
-1.0942516326904297
0.050102271139621735
0.7350403070449829
-0.8369119763374329
-1.2041208744049072
-0.253882497549057
-0.08430516719818115
0.14079739153385162
-1.5365208387374878
-0.8734468817710876
-0.37725043296813965
0.6671391725540161
0.31151720881462097
0.032203223556280136
-0.2576737701892853
-0.2605192959308624
-0.8593999743461609
-0.3559595048427582
-1.0985665321350098
-1.1079297065734863
-0.16321183741092682
-1.3000695705413818
-1.3827790021896362
-0.5658435225486755
-1.956976056098938
0.5169291496276855
-1.7911715507507324
-1.1308739185333252
-0.8459940552711487
-3.7220211029052734
-0.4220939874649048
-0.31021517515182495
-2.010678768157959
-0.9189864993095398
1.172004222869873
-1.2655550241470337
-0.554663360118866
-1.0227017402648926
0.715166449546814
-0.46433988213539124
-0.05984548479318619
-0.46772661805152893
-1.0274980068206787
-0.7576925158500671
-0.43237054347991943
0.3408223092556
-0.6690769791603088
-1.1141186952590942
-0.9689539670944214
-0.8172820806503296
0.3253818154335022
-0.5300886631011963
-1.3585278987884521
-1.121878981590271
0.5395643711090088
-1.3490149974822998
-0.9999380111694336
-0.5556887984275818
0.32202181220054626
-0.11294820159673691
-3.0428271293640137
0.2849220633506775
-0.9237390756607056
-0.6456862092018127
-0.648848831653595
-1.386318325996399
0.21606017649173737
-0.04562585428357124
-1.6239103078842163
-0.11482840776443481
-1.125494360923767
-1.3842381238937378
-0.8369293808937073
-1.6623916625976562
-1.009975552558899
0.20317673683166504
-0.4336889386177063
-0.9621407389640808
-0.5002214312553406
-1.1196762323379517
-1.4370752573013306
-0.6038718223571777
-0.06221278756856918
-1.7901099920272827
-1.0539194345474243
0.8815175294876099
0.10942408442497253
-1.1335409879684448
-1.218974232673645
0.5307783484458923
-0.3577423095703125
-0.7098734974861145
-0.9223806858062744
-2.1652917861938477
-0.2920517027378082
-0.49014967679977417
-0.1702815741300583
0.3546372056007385
1.2687296867370605
-1.7127519845962524
0.0408097542822361
-0.3918636441230774
-0.6850776672363281
-1.1348625421524048
-0.194048210978508
-0.8376470804214478
-0.5263140797615051
-1.1820430755615234
-1.53831148147583
-1.000229835510254
-0.404211163520813
-1.1067918539047241
-1.056505799293518
0.9040933847427368
-0.5306054949760437
-2.5848472118377686
-1.195277452468872
-0.8340922594070435
-0.9016709327697754
-1.8107517957687378
-1.1849257946014404
-2.5917718410491943
-1.1696949005126953
-1.9048985242843628
0.08986184000968933
0.1757136732339859
-1.809967279434204
-2.1170639991760254
-0.4668993353843689
0.16684618592262268
-0.5857795476913452
0.2032240927219391
0.2437841147184372
0.16959291696548462
0.26431164145469666
0.12573885917663574
0.42382246255874634
-0.709311306476593
0.3793273866176605
0.6605767011642456
-1.1904072761535645
-1.1569381952285767
-0.4508473873138428
-0.8302624225616455
-0.2222558856010437
-0.7237074971199036
-0.6939367651939392
-1.0973503589630127
0.2869519293308258
-1.4456911087036133
-0.3704219460487366
-0.6312708854675293
-1.8449795246124268
-0.16720177233219147
-0.12374597787857056
-0.005681194365024567
0.5281907916069031
-1.3458774089813232
-2.356590509414673
-0.2619832754135132
-1.1221089363098145
0.10441122204065323
-0.784938633441925
-0.36355382204055786
0.7677383422851562
-1.1166651248931885
0.49718213081359863
-1.2285346984863281
-0.35879334807395935
-2.5499212741851807
0.10203607380390167
-1.3972870111465454
0.0734759196639061
-0.2907750606536865
0.15516476333141327
-2.1214962005615234
-1.423509955406189
0.077956922352314
-1.19242262840271
-0.5883142352104187
0.39753037691116333
0.12557776272296906
-0.013982115313410759
-1.8591450452804565
-1.8579803705215454
-1.172351598739624
-0.7436392903327942
0.1430317908525467
-0.2506607472896576
0.4620037078857422
0.42152610421180725
-1.3015713691711426
0.12663054466247559
-1.2287862300872803
-1.5983279943466187
0.1789667159318924
-1.1004594564437866
-1.6755532026290894
-1.114201307296753
-0.6781752705574036
-0.6063084006309509
-1.6818310022354126
0.5104313492774963
-1.035139560699463
-1.0183192491531372
-2.944286346435547
-0.3225252330303192
0.3905167281627655
0.4966737627983093
-1.1205238103866577
-1.280246615409851
-0.09720849245786667
-0.9609087109565735
-0.8450111150741577
-1.4483919143676758
-1.0288947820663452
0.22244159877300262
0.36060088872909546
0.6103725433349609
-1.361206293106079
0.7894054651260376
-1.2416876554489136
-1.100670576095581
-1.8682551383972168
-0.6480329632759094
0.307493656873703
0.594512403011322
-1.0476155281066895
-1.8771220445632935
-0.9176616668701172
-1.085193157196045
-2.1582822799682617
-1.868516445159912
0.3118230700492859
-0.5725820064544678
0.06633764505386353
-1.0207455158233643
0.397603839635849
-0.25823527574539185
-1.5177879333496094
-1.7214210033416748
-0.4190126955509186
-2.3354060649871826
-2.865607500076294
-2.0732240676879883
-1.8713417053222656
-0.9947372674942017
-1.4822514057159424
-0.20934134721755981
0.8801255822181702
0.5629671216011047
-2.3104608058929443
0.3229539692401886
-1.279488444328308
0.18765640258789062
-1.06336510181427
-1.1441830396652222
0.20985768735408783
-2.4137959480285645
0.13258147239685059
-0.9509783387184143
0.4132983684539795
-1.2789840698242188
0.39571070671081543
-0.001790916663594544
-1.3069015741348267
-1.9201555252075195
-1.3791542053222656
-1.8882306814193726
-0.08465386927127838
-0.8605161905288696
-0.10760419070720673
-0.8796218037605286
-0.3900468051433563
0.15464304387569427
-0.14923320710659027
0.5637901425361633
-0.7308716773986816
0.21914753317832947
-0.9382196068763733
-0.7483667731285095
-1.2212918996810913
-1.882939338684082
-0.492003470659256
-1.8748210668563843
-0.12946255505084991
0.6256544589996338
-0.8385972380638123
-1.165310263633728
-0.9881424903869629
-0.9733848571777344
0.43814799189567566
-2.9927468299865723
-0.6058080196380615
-1.123091697692871
0.31053727865219116
-1.0223591327667236
-0.8879958391189575
-0.07473292201757431
0.19932304322719574
-0.1478268802165985
-1.440078616142273
-1.389785647392273
0.369602769613266
-0.7280045747756958
-0.969556450843811
-1.0353126525878906
-0.6581406593322754
-2.0602540969848633
-2.204988479614258
-1.1341907978057861
0.0021185323130339384
-1.52451753616333
-1.7298082113265991
-0.7958287596702576
-2.462979555130005
-0.469667911529541
-1.3902904987335205
-0.8022109866142273
0.4122069776058197
0.37341758608818054
-1.1067184209823608
-1.4099138975143433
-0.3314597010612488
0.48878929018974304
0.6124382615089417
-0.15775059163570404
-0.40423592925071716
-0.7476629018783569
-1.3788902759552002
-1.9897968769073486
-0.8398954272270203
0.11239705979824066
-1.1302350759506226
0.6234638690948486
-1.1516309976577759
-0.7146296501159668
-1.009000539779663
-1.3752802610397339
-3.161336898803711
-2.240158796310425
-1.6755573749542236
-1.235877513885498
-1.6027765274047852
-1.3137668371200562
-0.7770144939422607
0.15440669655799866
-0.504690945148468
-1.4144532680511475
-1.4029593467712402
-1.3115102052688599
0.2893413305282593
-1.0362783670425415
-0.6642417907714844
0.7036661505699158
-0.40166351199150085
-2.0402300357818604
1.3371624946594238
0.10890889912843704
-1.5479135513305664
-1.1019169092178345
-1.6321576833724976
0.03742413967847824
-1.542042851448059
-0.15428514778614044
-0.4495953917503357
0.7335181832313538
0.22991438210010529
-0.17854920029640198
0.20797692239284515
-1.7773323059082031
-1.0511424541473389
-0.7431460618972778
-0.8495401740074158
-0.6132166981697083
-1.9020990133285522
0.5126543045043945
-1.2215396165847778
-1.8976037502288818
-0.8031415343284607
-1.174283504486084
-0.491658478975296
-0.002798669273033738
-1.2975832223892212
-0.9376513361930847
-0.9164000153541565
-1.2721365690231323
-0.16680032014846802
0.3847627341747284
-0.6522713899612427
-1.130892276763916
0.2978850305080414
-0.06816611438989639
-0.634011447429657
-0.9326735138893127
-0.5152589082717896
-1.7618502378463745
-1.112459421157837
-0.8028019666671753
0.15594148635864258
-0.7963041067123413
0.032038960605859756
-1.4910417795181274
-0.9661030173301697
-1.3543200492858887
0.4671538174152374
0.03730423375964165
-0.7210308313369751
-2.0337393283843994
-1.3545007705688477
-0.20167779922485352
0.03438492491841316
-1.2997682094573975
0.8502762913703918
-1.801695704460144
-0.9738706946372986
-2.2353482246398926
0.3255770206451416
0.14123496413230896
-0.4439235329627991
0.4479123055934906
-0.9738106727600098
-1.41801118850708
0.2935592830181122
0.2187255322933197
-1.1121920347213745
-1.3579559326171875
-1.8637886047363281
-0.7538142204284668
0.12179001420736313
-0.939499020576477
0.3318672180175781
-1.8334436416625977
-0.0769258514046669
0.6316843032836914
0.3223669230937958
0.6085425615310669
-0.8874509930610657
0.38487592339515686
0.33494335412979126
-0.7248014807701111
-1.209464430809021
-1.6274030208587646
0.9307117462158203
-0.22677025198936462
-1.0229151248931885
-1.415342926979065
-1.111840009689331
-0.9831483960151672
-0.586152195930481
0.4341789782047272
-0.6376799941062927
-0.2146804928779602
-0.41427934169769287
-0.548961341381073
-1.2383204698562622
-1.0077141523361206
-0.9680363535881042
-0.49429377913475037
-1.564098834991455
-0.7810633778572083
-0.708132266998291
-1.1086095571517944
-0.682327389717102
-0.5058338642120361
0.009634030051529408
-0.8760227560997009
-1.4189374446868896
-1.3762049674987793
-1.6153886318206787
-0.7746625542640686
-0.9679865837097168
-0.46143510937690735
-0.526889443397522
-0.24221038818359375
-1.7324633598327637
0.7221911549568176
-1.7588931322097778
-0.7209697961807251
0.38659214973449707
0.7601625323295593
-0.9322986006736755
0.20518256723880768
-0.0618877187371254
-3.1932730674743652
-1.406988501548767
-1.156040072441101
0.5745711922645569
-0.8331706523895264
-0.06871573626995087
0.7525227665901184
-2.1503238677978516
