0.9574698209762573
1.1775623559951782
1.1738289594650269
1.1601780652999878
1.6710147857666016
1.8031818866729736
1.6494230031967163
2.0188825130462646
2.1348752975463867
1.5841090679168701
1.7616565227508545
1.8180912733078003
1.2549418210983276
1.3922827243804932
0.5556105375289917
2.042346239089966
0.5413357019424438
1.4747377634048462
1.4549752473831177
0.7649937272071838
0.6350312829017639
1.0493108034133911
1.0094646215438843
2.93268084526062
0.6902231574058533
0.5575486421585083
0.8751672506332397
0.5159612894058228
1.8817585706710815
1.7517476081848145
1.5565757751464844
0.4653570055961609
2.37384033203125
0.8414528369903564
1.0404866933822632
2.103508710861206
1.0802807807922363
1.3801555633544922
1.3510507345199585
0.5660704374313354
1.7568761110305786
1.9531372785568237
0.9761741757392883
1.179848551750183
1.8916643857955933
1.638809084892273
1.922971248626709
0.5790546536445618
1.5536271333694458
1.9361783266067505
2.4005672931671143
2.2901229858398438
1.4016680717468262
0.8069531917572021
2.162219285964966
0.3883516788482666
1.9979110956192017
1.7168262004852295
0.9441446661949158
2.509068250656128
2.1692233085632324
0.9485252499580383
1.434980869293213
1.768232822418213
1.4736040830612183
1.739631175994873
1.6196086406707764
1.4630755186080933
1.7500849962234497
1.1918474435806274
1.0012019872665405
0.7847080826759338
1.2815406322479248
1.5446747541427612
1.0878938436508179
1.3974418640136719
0.798876166343689
2.135148048400879
1.4580161571502686
1.3552075624465942
1.621345043182373
0.5825605988502502
0.9896026849746704
1.23040771484375
1.1421988010406494
1.4259804487228394
2.747281551361084
1.0239448547363281
1.6698871850967407
1.8134220838546753
1.105672836303711
2.4151928424835205
2.041015386581421
1.3782035112380981
1.8564398288726807
1.7549104690551758
1.4468282461166382
2.0090818405151367
1.421563982963562
0.8911243677139282
2.1333212852478027
1.5183374881744385
0.9312528371810913
2.7481935024261475
1.8324702978134155
1.3623669147491455
1.6791480779647827
0.4695664644241333
2.054716110229492
1.941772222518921
1.875791311264038
0.5272419452667236
1.8142949342727661
0.5868933200836182
1.9081370830535889
1.5264222621917725
1.7004133462905884
1.0781582593917847
1.536267876625061
1.782955527305603
2.169985294342041
0.6135461926460266
1.591201901435852
0.6030123829841614
1.1504721641540527
1.1915351152420044
1.047463059425354
2.0421700477600098
0.963107168674469
0.5135781764984131
0.5895144939422607
2.0771524906158447
1.3821001052856445
1.6138752698898315
0.4981691837310791
2.0551583766937256
2.206260919570923
2.0642499923706055
1.7785212993621826
0.7440293431282043
1.704540491104126
2.0159239768981934
1.9343976974487305
1.9973536729812622
2.1731936931610107
2.6321218013763428
1.4832267761230469
1.4477523565292358
2.148817777633667
1.2958834171295166
1.285354733467102
1.5573183298110962
1.9523135423660278
1.2841001749038696
1.3887602090835571
2.0545475482940674
1.6442769765853882
1.110992670059204
1.397881269454956
1.723567008972168
1.2877509593963623
1.171035647392273
0.5541049242019653
1.5245295763015747
1.9784185886383057
1.7076637744903564
0.6297798752784729
1.2577530145645142
1.640476942062378
0.884896457195282
1.2571790218353271
2.054349660873413
1.4126454591751099
1.4107708930969238
0.6366146206855774
1.551953911781311
0.5355221629142761
1.9130593538284302
0.5786762833595276
0.9214643836021423
2.2256240844726562
0.889207124710083
1.5676114559173584
1.6068239212036133
1.7861554622650146
1.4751906394958496
1.096476674079895
1.083383560180664
2.1635148525238037
1.8249194622039795
1.4340896606445312
0.6070418357849121
1.5344228744506836
1.1112478971481323
1.6513370275497437
1.8238208293914795
2.342677593231201
2.818481206893921
1.5893771648406982
1.8711624145507812
1.395082950592041
1.7264856100082397
1.3788126707077026
1.5144644975662231
1.9594050645828247
0.6819018125534058
1.4415862560272217
1.748145580291748
1.6637893915176392
2.0095865726470947
2.106343984603882
2.0280416011810303
1.552754282951355
2.141392707824707
0.30796027183532715
1.8314639329910278
1.0119385719299316
0.9381967782974243
0.4955140948295593
1.3056142330169678
1.0327990055084229
1.9320683479309082
1.956270456314087
1.393109679222107
2.006159543991089
1.343327522277832
1.2608058452606201
2.6753292083740234
1.5098316669464111
1.5512936115264893
0.7608437538146973
1.3754462003707886
2.15244722366333
1.690791130065918
0.6291473507881165
1.5558823347091675
1.7370314598083496
1.5490660667419434
2.162902593612671
1.119706153869629
1.1427810192108154
0.9154292345046997
1.7007641792297363
1.9872756004333496
1.6695826053619385
1.3966989517211914
0.8083977103233337
1.083461880683899
1.6017932891845703
1.98805832862854
1.7896684408187866
2.1233997344970703
2.2634775638580322
1.5305894613265991
1.7258951663970947
1.6540395021438599
1.3917992115020752
1.5761126279830933
1.8311339616775513
2.023881435394287
1.6713123321533203
1.966633915901184
1.4044069051742554
1.396102786064148
1.4168514013290405
0.4212303161621094
2.1579127311706543
2.1798510551452637
1.7645541429519653
0.785338282585144
1.1771222352981567
1.4863028526306152
1.0109152793884277
1.6030161380767822
1.3353254795074463
1.0441317558288574
1.6277244091033936
0.6289677023887634
0.9595977663993835
1.4687974452972412
1.1523735523223877
1.7438359260559082
0.8269727826118469
1.5776578187942505
0.8544234037399292
2.0347630977630615
2.6129300594329834
1.583686351776123
2.0792505741119385
1.1427407264709473
1.4961116313934326
1.947104811668396
1.7490499019622803
1.2712064981460571
1.8809740543365479
1.9528701305389404
1.9983923435211182
0.8748868107795715
1.2015422582626343
3.1410598754882812
1.7067028284072876
1.7509994506835938
1.8742058277130127
1.8772691488265991
1.162285566329956
0.8268169164657593
2.208754539489746
1.3486971855163574
1.5332709550857544
0.918811559677124
1.62062406539917
1.8226664066314697
1.781923770904541
1.1410765647888184
1.9801265001296997
1.9604392051696777
0.9179716110229492
1.9168823957443237
1.0879182815551758
0.5616217255592346
1.7061728239059448
2.143036127090454
1.0161272287368774
1.6187527179718018
1.5448836088180542
1.9688072204589844
1.5107334852218628
1.8740171194076538
0.6360581517219543
2.3131155967712402
0.8367354869842529
1.8165230751037598
2.032440185546875
1.3531014919281006
0.6834291219711304
0.7036788463592529
0.5164401531219482
2.0926079750061035
1.8199275732040405
2.0237045288085938
1.9689704179763794
0.6615396738052368
1.6194725036621094
1.7931283712387085
1.316230297088623
2.210172653198242
0.5534398555755615
1.584194302558899
1.2396692037582397
1.9159997701644897
0.9615960717201233
1.598331093788147
1.481806755065918
0.9158157110214233
0.8784208297729492
1.4586327075958252
1.8190168142318726
1.8332535028457642
1.3916536569595337
2.367063045501709
0.5746409296989441
1.6729637384414673
0.9137320518493652
1.7487751245498657
1.9047441482543945
2.086360216140747
1.8872979879379272
1.327639102935791
0.8479664921760559
0.6225147247314453
0.5050148367881775
1.5310161113739014
1.369590163230896
2.2017014026641846
2.08897066116333
0.553032398223877
1.4226950407028198
2.533827781677246
2.484285593032837
1.316972255706787
1.1539450883865356
2.224257230758667
0.5588710308074951
1.8759204149246216
1.5500699281692505
1.1912543773651123
1.2596608400344849
0.8323739767074585
1.767149806022644
1.9067401885986328
1.514955997467041
1.8245996236801147
2.110121726989746
1.2205387353897095
1.8920031785964966
1.7957706451416016
0.49882030487060547
1.8228759765625
1.7565770149230957
1.8154397010803223
0.4820024371147156
1.6492944955825806
1.6617605686187744
1.4793425798416138
1.8756847381591797
0.6681184768676758
1.6784173250198364
1.5954759120941162
1.880761981010437
2.065096139907837
1.8239949941635132
1.2821377515792847
2.220080852508545
2.156986713409424
1.158301591873169
0.9689701795578003
1.7043554782867432
0.5594921708106995
1.5530163049697876
1.3129345178604126
2.3841660022735596
2.128161668777466
1.6408941745758057
2.2386868000030518
1.5036481618881226
1.7063701152801514
1.2107683420181274
2.6674156188964844
1.0907182693481445
0.6461238265037537
0.48152899742126465
1.0387616157531738
0.814312756061554
2.144775390625
0.8464424014091492
1.6554454565048218
2.166074275970459
0.6635643839836121
1.6545873880386353
0.7756339311599731
1.7366735935211182
0.48717033863067627
1.1785496473312378
0.7179043292999268
0.8351787328720093
1.514143466949463
2.965327501296997
1.7179299592971802
2.463773012161255
1.0418614149093628
1.6358717679977417
1.1059393882751465
1.9104512929916382
1.4084137678146362
1.2169121503829956
1.635644793510437
1.092460036277771
1.6122806072235107
1.126353144645691
0.840401291847229
1.33632493019104
1.5291067361831665
1.3327268362045288
1.5263752937316895
1.3782840967178345
0.9137948751449585
1.398032546043396
1.8032010793685913
1.623844861984253
1.6615148782730103
1.5406080484390259
0.5236996412277222
1.2657318115234375
1.2461072206497192
1.9722083806991577
0.5237972736358643
1.7936768531799316
1.941287636756897
1.7709670066833496
1.0590126514434814
1.223889708518982
1.8571833372116089
1.5202494859695435
1.967348337173462
2.3255510330200195
1.6916943788528442
2.153785467147827
1.1653327941894531
2.163306951522827
1.5002895593643188
3.2300660610198975
1.4145796298980713
1.814700961112976
1.6699535846710205
1.4159692525863647
1.107492208480835
1.2280583381652832
2.276637554168701
1.8345054388046265
0.7911778688430786
1.1626209020614624
1.2595572471618652
2.470585823059082
1.9540538787841797
0.60700523853302
0.6500713229179382
1.4861940145492554
0.9822187423706055
0.9985609650611877
1.6675759553909302
1.5392049551010132
1.5078396797180176
2.4483768939971924
2.090416431427002
0.7780565619468689
1.5787343978881836
1.9431878328323364
1.6103180646896362
1.3523012399673462
1.2658671140670776
2.374162197113037
1.6189637184143066
1.6722074747085571
1.4962612390518188
1.8193066120147705
1.779833436012268
0.9354684948921204
1.6567459106445312
1.7269026041030884
1.5015640258789062
1.6765648126602173
0.6071233749389648
2.0491020679473877
1.3257646560668945
0.8368328809738159
1.2274783849716187
2.200327157974243
0.809457540512085
0.6885941624641418
2.396857500076294
1.9815512895584106
2.145585536956787
0.8606595993041992
1.9300495386123657
0.7259989380836487
1.2726466655731201
0.5039970278739929
0.8025881052017212
1.5729998350143433
0.8201487064361572
2.121335506439209
1.5564793348312378
1.7368158102035522
1.6729729175567627
1.597199559211731
1.593330979347229
0.6639999151229858
1.3604295253753662
1.7523446083068848
1.9368195533752441
2.002291202545166
2.109466075897217
1.1804845333099365
1.731257677078247
1.738168478012085
1.680820345878601
1.7704683542251587
1.0310019254684448
1.1811070442199707
1.4245851039886475
2.0057334899902344
1.6909446716308594
1.7581270933151245
1.4735691547393799
1.818057894706726
1.7611734867095947
2.3138530254364014
1.8124356269836426
2.2870025634765625
1.6664574146270752
1.7288631200790405
2.1802926063537598
1.5467863082885742
1.3737081289291382
2.2519137859344482
1.4879461526870728
0.880082905292511
1.5641447305679321
1.4710240364074707
2.2014453411102295
1.7624365091323853
1.0184179544448853
1.9629945755004883
1.2102681398391724
1.45248544216156
1.630099892616272
1.6284568309783936
1.1049883365631104
0.9116681218147278
1.9305951595306396
0.9336977005004883
1.9437305927276611
1.535994291305542
0.6121029257774353
1.8406094312667847
1.880474328994751
2.007063627243042
2.244420051574707
1.231963872909546
1.4856523275375366
1.3801558017730713
0.503201961517334
1.4617923498153687
1.8075013160705566
0.5323804020881653
2.0696980953216553
1.2887006998062134
1.9605249166488647
0.4892021417617798
1.8797610998153687
2.278395891189575
1.8324693441390991
1.691415786743164
1.150007724761963
1.5521312952041626
1.6372681856155396
2.5801661014556885
1.927176594734192
2.217554807662964
1.5289934873580933
1.5689737796783447
1.2768384218215942
0.9742516875267029
1.6220239400863647
2.16445255279541
1.4891598224639893
1.9635910987854004
1.8791601657867432
0.9301416277885437
2.285055160522461
1.8806990385055542
1.3134430646896362
1.1304595470428467
1.992234706878662
1.6777797937393188
0.9112713932991028
1.4399219751358032
1.5514024496078491
1.9122570753097534
2.344528913497925
1.9567759037017822
1.1036686897277832
2.2658400535583496
1.7625364065170288
1.512692928314209
1.4501105546951294
1.3657875061035156
1.474043846130371
2.3474082946777344
1.7133277654647827
0.5308548808097839
1.9359089136123657
2.174112319946289
1.669428825378418
2.0344560146331787
1.794924020767212
2.0485687255859375
1.3811506032943726
0.9924646615982056
0.7887221574783325
0.588674783706665
1.5546391010284424
