0.01578688621520996
0.26052403450012207
0.1343824863433838
0.09981918334960938
0.20076751708984375
0.45307457447052
0.00769352912902832
0.007752597332000732
0.010624110698699951
0.0023598670959472656
0.004082858562469482
0.15435689687728882
0.012333989143371582
0.009587585926055908
0.02452409267425537
0.005099117755889893
0.006352245807647705
0.01203685998916626
0.16580724716186523
0.02541440725326538
0.011043131351470947
0.18364381790161133
0.0033942461013793945
0.18974041938781738
0.026816129684448242
0.11013603210449219
0.004342138767242432
0.013070464134216309
0.0772249698638916
0.006036221981048584
0.14701992273330688
0.0071524977684021
0.0530928373336792
0.023611247539520264
0.006261706352233887
0.0026050209999084473
0.22780120372772217
0.05553996562957764
0.091225266456604
0.005114376544952393
0.008103132247924805
0.0035513639450073242
0.02076852321624756
0.008526921272277832
0.026341378688812256
0.04584091901779175
0.15065956115722656
0.0066111087799072266
0.10848438739776611
0.002731144428253174
0.33992433547973633
0.054322898387908936
0.05515545606613159
0.006996810436248779
0.01287311315536499
0.2742784023284912
0.04306638240814209
0.0032848715782165527
0.011732637882232666
0.17427164316177368
0.020750761032104492
0.041180551052093506
0.01286989450454712
0.002569854259490967
0.003770589828491211
0.0018373727798461914
0.00714343786239624
0.10912853479385376
0.003805875778198242
0.031758785247802734
0.009983301162719727
0.04106342792510986
0.03672611713409424
0.06330454349517822
0.005650997161865234
0.018094778060913086
0.09017181396484375
0.21842432022094727
0.023380637168884277
0.45829451084136963
0.010269105434417725
0.01156318187713623
0.017240047454833984
0.011711537837982178
0.0025119781494140625
0.00413435697555542
0.01279294490814209
0.04326450824737549
0.006674766540527344
0.07800549268722534
0.013111770153045654
0.2453829050064087
0.09541952610015869
0.044281065464019775
0.00613558292388916
0.011362969875335693
0.07872235774993896
0.059473276138305664
0.03742325305938721
0.03688168525695801
0.19682097434997559
0.08766829967498779
0.0013049840927124023
0.018256962299346924
0.1813044548034668
0.015677690505981445
0.0072713494300842285
0.10701906681060791
0.101226806640625
0.005160212516784668
0.00258636474609375
0.10518568754196167
0.08121758699417114
0.01746279001235962
0.026474297046661377
0.01286989450454712
0.07120382785797119
0.21249884366989136
0.0026425719261169434
0.022354602813720703
0.012825310230255127
0.01203221082687378
0.0021709203720092773
0.010388791561126709
0.04446721076965332
0.05534106492996216
0.0070282816886901855
0.06380367279052734
0.03697788715362549
0.04903489351272583
0.016213059425354004
0.15160709619522095
0.056807100772857666
0.19784337282180786
0.008576810359954834
0.024438977241516113
0.02093660831451416
0.006136596202850342
0.01901721954345703
0.023489654064178467
0.06556254625320435
0.0037077665328979492
0.005502283573150635
0.012187063694000244
0.00611644983291626
0.15133917331695557
0.005731046199798584
0.05370199680328369
0.019359052181243896
0.04365652799606323
0.046844482421875
0.002941131591796875
0.09148579835891724
0.002338886260986328
0.008324027061462402
0.004092693328857422
0.10537612438201904
0.185072660446167
0.038846373558044434
0.032406389713287354
0.018067777156829834
0.0739983320236206
0.007279157638549805
0.002161383628845215
0.07198548316955566
0.0756412148475647
0.035105228424072266
0.006363511085510254
0.0776776671409607
0.010414481163024902
0.058279991149902344
0.003284633159637451
0.005969643592834473
0.054165661334991455
0.0355793833732605
0.0025961995124816895
0.006439566612243652
0.01623237133026123
0.006919801235198975
0.009825825691223145
0.09015142917633057
0.009995222091674805
0.002526223659515381
0.030801713466644287
0.007319986820220947
0.07361561059951782
0.03415340185165405
0.013707160949707031
0.009879767894744873
0.006504237651824951
0.48809731006622314
0.0023842453956604004
0.07374769449234009
0.08524566888809204
0.23629474639892578
0.02155911922454834
0.04418689012527466
0.013360440731048584
0.0032671093940734863
0.025732219219207764
0.005240142345428467
0.05480867624282837
0.19319510459899902
0.0019640326499938965
0.31857365369796753
0.07107353210449219
0.0095367431640625
0.002815842628479004
0.06247830390930176
0.11669480800628662
0.007404804229736328
0.008184254169464111
0.0049477219581604
0.004114329814910889
0.015559017658233643
0.002523481845855713
0.03043389320373535
0.07653993368148804
0.21757757663726807
0.04836297035217285
0.16013330221176147
0.05037456750869751
0.08002889156341553
0.09930986166000366
0.058533549308776855
0.028160035610198975
0.045445919036865234
0.040072739124298096
0.00744020938873291
0.0134352445602417
0.043585002422332764
0.012618601322174072
0.0031055212020874023
0.016362011432647705
0.05087637901306152
0.046271681785583496
0.0022475719451904297
0.019571423530578613
0.0130653977394104
0.0566173791885376
0.029741406440734863
0.003754854202270508
0.0020157694816589355
0.002418041229248047
0.024774134159088135
0.007325410842895508
0.04350638389587402
0.005081355571746826
0.036191701889038086
0.012970685958862305
0.004554092884063721
0.20073449611663818
0.009460926055908203
0.1640568971633911
0.004033923149108887
0.0039487481117248535
0.09583383798599243
0.08868992328643799
0.053476572036743164
0.009434163570404053
0.017973005771636963
0.013583660125732422
0.02033323049545288
0.10607987642288208
0.572011411190033
0.1107531189918518
0.01260685920715332
0.008597493171691895
0.05543982982635498
0.05421161651611328
0.18776071071624756
0.008992493152618408
0.019568264484405518
0.16784411668777466
0.0743793249130249
0.011110782623291016
0.015507400035858154
0.1144869327545166
0.01866161823272705
0.0061473846435546875
0.04696345329284668
0.08409708738327026
0.009250164031982422
0.025558948516845703
0.002007901668548584
0.009648263454437256
0.017969846725463867
0.01962345838546753
0.0037470459938049316
0.02634531259536743
0.014738738536834717
0.017225205898284912
0.00614553689956665
0.07985025644302368
0.021252691745758057
0.004667460918426514
0.33042627573013306
0.0028922557830810547
0.0028371810913085938
0.018713414669036865
0.0040190815925598145
0.05894118547439575
0.0064067840576171875
0.013703584671020508
0.03298389911651611
0.09051209688186646
0.0032954812049865723
0.5117104053497314
0.0042945146560668945
0.004622340202331543
0.012206971645355225
0.23665010929107666
0.01032721996307373
0.10270673036575317
0.007741272449493408
0.028761863708496094
0.0250014066696167
0.0053858160972595215
0.004722714424133301
0.006828486919403076
0.08629316091537476
0.1437830924987793
0.061733245849609375
0.0027292966842651367
0.04521656036376953
0.007517814636230469
0.07125377655029297
0.00205916166305542
0.039988934993743896
0.0031502246856689453
0.027657687664031982
0.002718508243560791
0.004099428653717041
0.0019745826721191406
0.0023804306983947754
0.025149047374725342
0.07009738683700562
0.0022569894790649414
0.14835935831069946
0.02197784185409546
0.23683255910873413
0.019300878047943115
0.0018439888954162598
0.26323962211608887
0.006186962127685547
0.0024011731147766113
0.0027916431427001953
0.006488025188446045
0.16517490148544312
0.016957223415374756
0.07929229736328125
0.10415565967559814
0.0011879205703735352
0.05163973569869995
0.11436331272125244
0.037886202335357666
0.14849638938903809
0.07927852869033813
0.051669955253601074
0.08343809843063354
0.004265308380126953
0.043540775775909424
0.028611361980438232
0.1037449836730957
0.10304826498031616
0.005367159843444824
0.029587745666503906
0.06886959075927734
0.07822751998901367
0.017342209815979004
0.003789246082305908
0.07857006788253784
0.001787722110748291
0.03560841083526611
0.08208000659942627
0.01930457353591919
0.005032777786254883
0.27951323986053467
0.0020758509635925293
0.006870090961456299
0.007720828056335449
0.2138206958770752
0.02992260456085205
0.003233015537261963
0.007536530494689941
0.08245795965194702
0.07779282331466675
0.003930151462554932
0.14454901218414307
0.0022971630096435547
0.006470859050750732
0.008066534996032715
0.0029354095458984375
0.0026871562004089355
0.23721182346343994
0.0018466711044311523
0.007095038890838623
0.008383691310882568
0.03613460063934326
0.20583510398864746
0.033225834369659424
0.00850611925125122
0.0015489459037780762
0.020905613899230957
0.2696322202682495
0.014551818370819092
0.006997168064117432
0.0020976662635803223
0.005827605724334717
0.013547003269195557
0.07474005222320557
0.013146281242370605
0.002657651901245117
0.01264500617980957
0.04807865619659424
0.02637302875518799
0.18598759174346924
0.026037633419036865
0.006900489330291748
0.004909396171569824
0.031238257884979248
0.012128829956054688
0.054856836795806885
0.026797175407409668
0.04696160554885864
0.01092541217803955
0.01849687099456787
0.49475526809692383
0.1950269341468811
0.004697084426879883
0.03033667802810669
0.01250845193862915
0.020486533641815186
0.0021660327911376953
0.019509315490722656
0.001477658748626709
0.006929874420166016
0.009770393371582031
0.04043525457382202
0.03816276788711548
0.0015509724617004395
0.008432388305664062
0.03208440542221069
0.05417424440383911
0.008695483207702637
0.03571128845214844
0.27955132722854614
0.0031328201293945312
0.015958011150360107
0.03300553560256958
0.0027288198471069336
0.19710683822631836
0.02327561378479004
0.1135563850402832
0.1317163109779358
0.2559701204299927
0.05327683687210083
0.030654311180114746
0.04645097255706787
0.009063541889190674
0.01060253381729126
0.012633144855499268
0.005793571472167969
0.01673513650894165
0.01570218801498413
0.0042732954025268555
0.05484342575073242
0.01273036003112793
0.0020536184310913086
0.008120954036712646
0.060070931911468506
0.01995706558227539
0.07182657718658447
0.01742011308670044
0.0019774436950683594
0.00397181510925293
0.11964637041091919
0.0019376277923583984
0.009067177772521973
0.004369020462036133
0.05318617820739746
0.13522040843963623
0.01047813892364502
0.013543248176574707
0.006396949291229248
0.0048792362213134766
0.009065568447113037
0.026406466960906982
0.016083598136901855
0.13775867223739624
0.05194324254989624
0.02988344430923462
0.0032563209533691406
0.13216722011566162
0.14541232585906982
0.003731966018676758
0.004776179790496826
0.018143296241760254
0.003544330596923828
0.0048367977142333984
0.13605767488479614
0.07220733165740967
0.008672475814819336
0.04551631212234497
0.0484580397605896
0.2101072072982788
0.015178442001342773
0.14214545488357544
0.1653040647506714
0.01207578182220459
0.03578543663024902
0.016992568969726562
0.005944252014160156
0.01128607988357544
0.18900680541992188
0.17388933897018433
0.004142343997955322
0.07440119981765747
0.018092215061187744
0.14336854219436646
0.016107022762298584
0.003901958465576172
0.03309834003448486
0.007317900657653809
0.0025330781936645508
0.023821890354156494
0.005381107330322266
0.006964921951293945
0.006475329399108887
0.004985332489013672
0.019562602043151855
0.017992079257965088
0.0030000805854797363
0.026179611682891846
0.007837474346160889
0.006603658199310303
0.011206746101379395
0.12707000970840454
0.019135594367980957
0.00607907772064209
0.009214997291564941
0.03239560127258301
0.0327034592628479
0.018552422523498535
0.004968464374542236
0.04556918144226074
0.0028987526893615723
0.0033095479011535645
0.025135397911071777
0.006905555725097656
0.0020136237144470215
0.0022948384284973145
0.09999680519104004
0.0021230578422546387
0.21007263660430908
0.009540677070617676
0.16623926162719727
0.004498779773712158
0.0054222941398620605
0.004539012908935547
0.0020235776901245117
0.013627171516418457
0.013170599937438965
0.01692253351211548
0.004359185695648193
0.002326786518096924
0.002250492572784424
0.08234775066375732
0.00447314977645874
0.35693323612213135
0.007579803466796875
0.03167241811752319
0.031263530254364014
0.03268158435821533
0.0017799735069274902
0.013669371604919434
0.22278618812561035
0.033831119537353516
0.038230180740356445
0.14359867572784424
0.013544678688049316
0.012719571590423584
0.008652091026306152
0.005042850971221924
0.021573126316070557
0.0022077560424804688
0.08093041181564331
0.008860230445861816
0.17439961433410645
0.0024353861808776855
0.009691357612609863
0.01210474967956543
0.09347105026245117
0.1104508638381958
0.0053765177726745605
0.011613130569458008
0.003832101821899414
0.07389289140701294
0.056252360343933105
0.05255591869354248
0.0034574270248413086
0.0022238492965698242
0.011948585510253906
0.0180741548538208
0.012400031089782715
0.003792107105255127
0.0024316906929016113
0.004281163215637207
0.0030601024627685547
0.029353559017181396
0.0031819939613342285
0.005869626998901367
0.007344484329223633
0.023036062717437744
0.08924734592437744
0.0053732991218566895
0.002661406993865967
0.012974858283996582
0.00369948148727417
0.33040833473205566
0.008704662322998047
0.006456494331359863
0.00940018892288208
0.10250645875930786
0.01841568946838379
0.04783552885055542
0.1144762635231018
0.3907949924468994
0.008529603481292725
0.01866251230239868
0.06417924165725708
0.16034048795700073
0.0030728578567504883
0.02609962224960327
0.013525605201721191
0.003961503505706787
0.014707565307617188
0.04499560594558716
0.03273439407348633
0.0395282506942749
0.02470332384109497
0.10296499729156494
0.005412042140960693
0.06390249729156494
0.025333940982818604
0.07180953025817871
0.011232078075408936
0.007453024387359619
0.1897718906402588
0.04885619878768921
0.013763427734375
0.016230762004852295
0.01677525043487549
0.019679546356201172
0.018236160278320312
0.11566972732543945
0.011136293411254883
0.013712406158447266
0.011107683181762695
0.02948176860809326
0.48993635177612305
0.046739161014556885
0.005488336086273193
0.11579304933547974
0.006825864315032959
0.1770474910736084
0.0045122504234313965
0.004680812358856201
0.0033730268478393555
0.049999892711639404
0.00411456823348999
0.008579909801483154
