-0.11444899439811707
0.43298235535621643
0.2858837842941284
0.31586316227912903
-0.048666685819625854
-0.4877336919307709
-0.04759478569030762
-0.10913478583097458
-0.08076987415552139
-0.024770623072981834
0.0018087938660755754
-0.11626489460468292
0.05317677557468414
0.01917402260005474
-0.01693621464073658
-0.06276622414588928
-0.018419047817587852
-0.022289909422397614
0.41476234793663025
-0.005682390183210373
-0.07310471683740616
0.2856515944004059
0.04517586901783943
-0.501371443271637
-0.011689365841448307
-0.0981779396533966
0.09786054491996765
0.011552045121788979
0.0025448892265558243
-0.006644092965871096
-0.08531621098518372
-0.10463675856590271
-0.10926856845617294
-0.05652506276965141
0.021404361352324486
-0.00028281655977480114
-0.17531311511993408
0.20913897454738617
0.11063753068447113
0.08222930133342743
-0.027162471786141396
-0.059022530913352966
0.03102949820458889
-0.03133733198046684
-0.07340793311595917
0.19002284109592438
-0.13820317387580872
-0.013356049545109272
-0.051934778690338135
-0.0018323108088225126
-0.6346749067306519
-0.008215981535613537
0.08476448804140091
-0.07562743872404099
-0.13045065104961395
-0.46245256066322327
-0.007515190169215202
0.0012342100962996483
-0.08536490052938461
-0.2068503051996231
-0.05115596577525139
0.05073253810405731
0.02156173065304756
-0.000494976295158267
0.011890227906405926
-0.02116578444838524
0.0007035759626887739
-0.23067966103553772
-0.018569232895970345
0.0175513606518507
-0.052257463335990906
0.010226074606180191
-0.07560668885707855
0.24878059327602386
0.0021978532895445824
0.19445565342903137
0.048450078815221786
-0.11320961266756058
-0.02070372924208641
0.34618231654167175
0.057231105864048004
-0.020975612103939056
-0.007042689248919487
0.016330735757946968
-0.10588494688272476
-0.004416454583406448
-0.10289892554283142
0.033894132822752
0.04311920329928398
-0.12400493025779724
-0.06007353588938713
-0.7696877121925354
-0.13107211887836456
0.019130252301692963
-0.10730258375406265
0.051987968385219574
0.0505242645740509
-0.03195006027817726
0.0005009207525290549
-0.014928102493286133
-0.10318174958229065
0.09115271270275116
0.012746122665703297
-0.05986281484365463
-0.4273182153701782
-0.011690684594213963
-0.03799694776535034
0.09267965704202652
0.14650140702724457
0.00028590919100679457
-0.00023098968085832894
-0.024951821193099022
-0.0785084068775177
-0.013855098746716976
-0.017870428040623665
-0.016069140285253525
-0.0445198118686676
-0.22438855469226837
-0.016023093834519386
-0.04394421726465225
0.020916176959872246
-0.12510648369789124
-0.002309529110789299
-0.08645328134298325
0.05141296610236168
-0.07480703294277191
-0.08714797347784042
-0.06255218386650085
0.11785387247800827
0.004011104814708233
-0.042879439890384674
-0.2031337171792984
-0.06376999616622925
-0.025620710104703903
-0.022552024573087692
-0.07014776766300201
-0.003750297473743558
0.0017653078539296985
-0.03621963784098625
0.011675870046019554
-0.24170446395874023
-0.05086946487426758
-0.13536380231380463
0.007699334528297186
-0.00045361899537965655
-0.2527964115142822
-0.09898300468921661
0.31231680512428284
-0.058250732719898224
0.08940307796001434
-0.00274457223713398
0.001258166623301804
-0.021216578781604767
-0.0034077668096870184
-0.015935638919472694
0.0026104848366230726
-0.3127306401729584
0.23069418966770172
0.03662511706352234
-0.026562057435512543
0.07927539944648743
0.0807894766330719
-0.07273095101118088
-0.004185433499515057
-0.02525828219950199
-0.051214903593063354
0.027610542252659798
-0.08881505578756332
-0.04032120853662491
-0.029188958927989006
0.04284295067191124
-0.02675219066441059
-0.25421735644340515
0.18116623163223267
-0.06468898057937622
0.0035158684477210045
-0.09781632572412491
-0.014563760720193386
-0.0078080687671899796
0.05106883868575096
-0.10410773754119873
-0.05624259635806084
0.0049046785570681095
0.8038043975830078
-0.0028466004878282547
0.12390363961458206
0.009293319657444954
-0.006005735136568546
-0.0905691459774971
-0.03603658452630043
0.7161654233932495
0.12632165849208832
0.16588179767131805
0.03402698412537575
-0.32525834441185
0.022413581609725952
0.012493294663727283
-0.06493012607097626
-0.005355111323297024
-0.009780721738934517
-0.07188507914543152
0.1058255136013031
0.2195044755935669
-0.032123737037181854
0.0904453843832016
0.011487449519336224
0.0724075511097908
-0.16277918219566345
-0.06705891340970993
0.064289890229702
0.05719255283474922
-0.09695155918598175
0.03401016443967819
0.0002841484092641622
0.0016661297995597124
0.0044654193334281445
0.009555361233651638
0.09453846514225006
-0.28266650438308716
-0.0038709526415914297
0.2918625771999359
-0.45757949352264404
-0.2276085913181305
-0.017153749242424965
-0.04123549535870552
-0.023434527218341827
0.0403805747628212
-0.07961025834083557
-0.10070746392011642
0.012845662422478199
0.010794280096888542
-0.06361522525548935
0.0750000923871994
0.00921168178319931
-0.0108094597235322
-0.08447376638650894
-0.0026764916256070137
0.17383401095867157
-0.0684099942445755
0.04945064336061478
-0.04705190658569336
0.10929311811923981
-0.0100791547447443
0.0014326967066153884
-0.03927744925022125
-0.002051202580332756
0.016449911519885063
-0.11762385815382004
0.2690369784832001
-0.055543508380651474
-0.006878827232867479
-0.14922434091567993
0.002020975574851036
0.5716911554336548
0.0011384557001292706
-0.2837558090686798
-0.052711959928274155
0.00042188490624539554
-0.001276983879506588
-0.00030733770108781755
-0.01663217507302761
0.009543485008180141
0.025805696845054626
0.19158200919628143
1.2353277206420898
0.01981298252940178
-0.08517944812774658
-0.0015441232826560736
-0.047403380274772644
-0.040227409452199936
-0.112955242395401
-0.0036658793687820435
0.054543305188417435
0.41185861825942993
0.11294694989919662
-0.022746842354536057
-0.061885327100753784
0.06763263791799545
0.1365753710269928
-0.08336172252893448
-0.023661233484745026
-0.179167702794075
-0.06770604848861694
-0.0934489443898201
-0.11473967134952545
-0.009704751893877983
0.09785479307174683
-0.009494430385529995
-0.0005518460529856384
-0.02009868435561657
0.00395174790173769
-0.017309987917542458
0.003527085529640317
-0.14748789370059967
-0.010033606551587582
-0.14830617606639862
-0.5511019229888916
-0.12096083909273148
-0.10542696714401245
-0.09471222758293152
0.0004417340678628534
0.021710006520152092
0.002969458932057023
0.016504094004631042
-0.01826063171029091
-0.07652769982814789
-0.0336766242980957
0.9147970676422119
-0.06531210243701935
-0.09115130454301834
-0.0712597444653511
0.17873601615428925
-0.08831559866666794
-0.15218494832515717
-0.08308357000350952
0.0020010594744235277
0.0004182597331237048
-0.11099065095186234
0.0653814971446991
-0.09478920698165894
-0.07397644221782684
-1.1402493715286255
0.07504214346408844
0.0008968989131972194
0.06248560547828674
0.04231917858123779
0.05794455111026764
-0.008338955231010914
0.03563219681382179
-0.005211984273046255
-0.054689232259988785
-0.004962862469255924
-0.04093947261571884
-0.07956378906965256
-0.03032970055937767
0.010440000332891941
0.013154863379895687
0.00020860260701738298
0.16687136888504028
-0.006963165942579508
-0.14624981582164764
-0.054083604365587234
0.0027279804926365614
-0.543644905090332
-0.094065822660923
8.317502215504646e-05
-0.14933091402053833
0.051890961825847626
0.022709380835294724
-0.062296077609062195
0.008922058157622814
-0.22438473999500275
0.002629188122227788
0.004999960772693157
0.26518046855926514
-0.015574592165648937
-0.19402529299259186
0.10549542307853699
0.05427635461091995
0.11217904835939407
-0.10540265589952469
0.003927175421267748
-0.016098404303193092
0.26280418038368225
0.4478026330471039
-0.01227644458413124
-0.06253235787153244
0.009551344439387321
0.056898098438978195
-0.015483608469367027
-0.09453565627336502
0.04023789241909981
0.0058936867862939835
-0.00899412389844656
-0.38521334528923035
-0.007700697518885136
-0.035525985062122345
-0.5452812910079956
-0.0020474987104535103
0.008585277013480663
-0.029528113082051277
-0.18377408385276794
-0.01566478982567787
-0.00024438046966679394
0.005391822196543217
0.08382197469472885
0.09324449300765991
-0.14687804877758026
0.16278783977031708
0.00012782629346475005
-0.07641736418008804
-0.09784883260726929
-0.0006701471866108477
-0.12001081556081772
-0.18333770334720612
-0.001830686000175774
-0.07285749167203903
-0.10776475816965103
0.055821165442466736
-0.17355510592460632
-0.008929175324738026
-0.12102264910936356
-0.0033006758894771338
0.041015855967998505
-0.15659062564373016
4.175483627477661e-05
-0.08515364676713943
0.0016411840915679932
-0.07018613815307617
-0.06640546768903732
-0.0367048941552639
0.08270514756441116
-0.020298821851611137
-0.07944650202989578
0.049896277487277985
0.024887921288609505
-0.3189154863357544
0.0013146428391337395
0.022359106689691544
0.020850496366620064
-0.044352687895298004
0.06162913516163826
0.17545892298221588
-0.48279035091400146
0.08312391489744186
-0.07083654403686523
0.028353270143270493
-0.7251818180084229
0.21809324622154236
0.07466455549001694
-0.009516531601548195
-0.08766549825668335
0.016874155029654503
0.0020847837440669537
-0.009824002161622047
-0.0015020315768197179
0.0014276609290391207
-0.04364192113280296
0.05153365060687065
0.0017904365668073297
0.00031578747439198196
-0.017210589721798897
-0.0390937477350235
0.004494236316531897
-0.1045633926987648
0.051959726959466934
-0.5958952307701111
0.019860826432704926
-0.014178741723299026
0.06584285199642181
-0.0031835688278079033
-0.19066481292247772
-0.009429876692593098
0.12455826252698898
0.2833247482776642
0.18724291026592255
0.022472696378827095
0.10121127963066101
0.04391326755285263
-0.10296798497438431
-0.020452704280614853
-0.022111475467681885
0.03863668814301491
-0.0587284155189991
-0.03646833822131157
-0.01237532775849104
0.1365450918674469
-0.0017840059008449316
0.0011357628973200917
-0.0013330753426998854
-0.06252048909664154
-0.010747530497610569
0.025420861318707466
-0.04792661964893341
-0.005211957730352879
-0.08146901428699493
-0.014970561489462852
-0.0037494951393455267
0.03983692452311516
-0.04934985563158989
0.05705925449728966
-0.11766112595796585
-0.039718739688396454
-0.06119881942868233
-0.00022038762108422816
-0.0021943224128335714
0.001281961565837264
-0.020658990368247032
-0.08923038095235825
0.25333306193351746
-0.03557802736759186
0.003982184454798698
-0.011908374726772308
0.3953781723976135
-0.0049997190944850445
-0.09641721099615097
-0.017081448808312416
-0.0379033200442791
-0.004528534598648548
-0.11848101019859314
-0.19030483067035675
0.08363254368305206
0.0015725676203146577
-0.04296101629734039
0.049237437546253204
-0.049536339938640594
-0.018831277266144753
0.270097941160202
0.11961692571640015
-0.04836013913154602
0.19576938450336456
0.20929497480392456
-0.11221497505903244
-0.05016769468784332
-0.2966441810131073
-0.12729020416736603
0.010795791633427143
0.0013677591923624277
-0.009379240684211254
0.14183451235294342
-0.2662000060081482
0.004574927035719156
0.0428900420665741
0.02926858700811863
-0.0009062282624654472
-0.017443818971514702
-0.06953179091215134
0.005759854335337877
-0.10819493979215622
0.03400773927569389
0.05328559875488281
0.0035021931398659945
0.00912532676011324
0.07077909260988235
0.07098046690225601
0.010224448516964912
-0.10832898318767548
0.7196106910705566
-0.04735269397497177
-0.013651473447680473
0.007056305650621653
-0.2759604752063751
0.055874429643154144
-0.06185760349035263
-0.12623374164104462
-0.010411269031465054
0.13521000742912292
-0.035622820258140564
0.012612146325409412
-0.08216390758752823
-0.00468258373439312
-0.0032027633860707283
-0.17059732973575592
0.0017455258639529347
0.014309784397482872
-0.07064089924097061
-0.18404272198677063
-0.00037189724389463663
0.0842617005109787
-0.05042643845081329
-0.007513617165386677
-0.06654803454875946
-0.007861161604523659
-0.03594209626317024
-0.007630042731761932
-0.002031021285802126
-0.0035283854231238365
0.1324388086795807
-0.11941792070865631
-0.9674183130264282
-0.0047400519251823425
-0.023142430931329727
0.002770730061456561
0.00794758927077055
0.0021877565886825323
-0.04389658570289612
-0.2207590639591217
-0.02854556031525135
-0.21824954450130463
-0.31520649790763855
-0.005639626178890467
-0.06856725364923477
0.04006034880876541
0.027472808957099915
0.021839501336216927
0.017129849642515182
0.08241135627031326
-0.03277293220162392
0.32022979855537415
0.0009175842860713601
-0.07459540665149689
-0.08003535866737366
-0.07734907418489456
0.3427814543247223
-0.0873660072684288
-0.05119719356298447
-0.13015812635421753
-0.028253836557269096
0.0850214883685112
-0.04538858309388161
0.006053604185581207
0.0011638570576906204
-0.0022063679061830044
-0.08055911958217621
0.10719116032123566
5.447849980555475e-05
-0.0008867038995958865
-0.0013930670684203506
-0.0913294181227684
0.03872154280543327
-0.10745297372341156
-0.08262945711612701
-0.08191438019275665
-0.006373419426381588
0.002232211409136653
-0.12109395116567612
-0.026576856151223183
-0.07224971055984497
-0.04383153095841408
0.3353901505470276
0.027119165286421776
-0.008619863539934158
0.021120766177773476
0.3366682827472687
0.06296256184577942
-0.0830039232969284
-0.26014137268066406
-0.324179470539093
0.001979869557544589
0.06051425635814667
0.0910584032535553
0.23620420694351196
-0.10035354644060135
0.08269033581018448
-0.06000521779060364
-0.004736283328384161
0.009985005483031273
-0.018329795449972153
-0.00561733590438962
-0.08328945189714432
-0.02226409874856472
0.056605953723192215
-0.08196347951889038
-0.08129597455263138
0.005382930859923363
0.09744095057249069
-0.050414469093084335
-0.031748123466968536
-0.16595259308815002
0.0035572806373238564
-0.00819175224751234
-0.03117040917277336
-0.055320579558610916
-0.03392913192510605
0.03299440070986748
0.28960946202278137
0.06751278787851334
-0.019673975184559822
-0.001636468805372715
0.03268604353070259
0.2681256830692291
-0.06160944327712059
-0.10116457939147949
-0.09220214933156967
0.012591461651027203
-0.1492607146501541
-0.00024867375032044947
-0.005551472771912813
-0.04550113528966904
0.06295830011367798
-0.11208590865135193
-0.10464505851268768
