0.4542374014854431
0.8828594088554382
0.763946533203125
0.18111516535282135
1.3310649394989014
0.7791146039962769
0.6741496920585632
0.7102012038230896
0.5230387449264526
0.672275722026825
0.8887812495231628
0.11402586847543716
0.7250575423240662
0.7366622686386108
0.625679612159729
0.8718084096908569
0.5681619644165039
1.7076069116592407
0.37713342905044556
0.3207732141017914
0.785413920879364
0.3095265328884125
0.7671756744384766
0.7275888919830322
0.8013991713523865
1.4545639753341675
0.25736477971076965
0.5941079258918762
