-0.47267308831214905
-0.1360449194908142
0.0903715118765831
-1.991085410118103
-0.04194078966975212
0.01938364841043949
0.2490883618593216
-0.6440625190734863
-0.7059804797172546
0.04632251709699631
0.06314545124769211
0.0994185134768486
-1.8889063596725464
-0.2890441417694092
0.5387527942657471
0.4326002895832062
0.1816275268793106
-0.41387930512428284
0.15855616331100464
-0.5143928527832031
0.796786367893219
-1.2457722425460815
0.33460912108421326
-0.7028855681419373
0.3928045928478241
1.1536118984222412
-0.6785019040107727
0.9441534876823425
-0.058576442301273346
0.09609051048755646
0.21590673923492432
0.5924246311187744
0.1344022899866104
0.22802887856960297
-1.6063703298568726
-0.03657613322138786
0.463727205991745
0.4873989522457123
-0.10587625205516815
0.18255968391895294
0.23355750739574432
0.318112850189209
0.35940566658973694
-0.09824177622795105
-0.12615810334682465
-1.9017924070358276
0.21201300621032715
-0.05042192339897156
1.0534822940826416
0.171418696641922
-1.2392417192459106
-0.1680118888616562
0.004118099808692932
-0.08487710356712341
-1.4250984191894531
-1.4525364637374878
0.057447101920843124
0.04750115051865578
0.09704378247261047
0.4684624969959259
-0.6770482063293457
0.14125849306583405
0.5312154293060303
0.10720311105251312
0.7854623198509216
0.42402565479278564
-0.003290870226919651
-0.16040866076946259
0.1684081107378006
-1.0116138458251953
-0.971959114074707
0.37409281730651855
-0.11563222855329514
0.3366107940673828
-0.5644299983978271
0.8507071733474731
0.07518342137336731
-0.15875107049942017
0.27855047583580017
0.5681843757629395
0.19884291291236877
0.34993845224380493
-0.4091452658176422
0.7437735795974731
-0.6947559714317322
0.34714341163635254
-0.948626697063446
-0.22870339453220367
-1.2972595691680908
0.0007677820394746959
0.21994279325008392
0.6826624274253845
0.020520279183983803
-1.2841823101043701
-0.8178344368934631
0.5100759863853455
-0.6320662498474121
0.31254842877388
-0.2821914851665497
0.16473841667175293
0.23550653457641602
-0.015728047117590904
0.49897482991218567
-1.7288109064102173
0.5827973484992981
-0.1349772810935974
0.6614992618560791
0.5770770907402039
-1.219346284866333
-0.17896613478660583
0.07388398051261902
0.7376351952552795
0.33007392287254333
0.11965158581733704
0.1415340006351471
-0.81405109167099
-0.1049041897058487
-0.47030898928642273
0.2578299939632416
-1.7689906358718872
-0.4216039478778839
-0.12016605585813522
0.28366297483444214
0.8320361971855164
-0.10136689245700836
0.08048008382320404
-0.17668764293193817
0.24615101516246796
0.03937813639640808
0.5366846323013306
0.5183811187744141
0.0789172425866127
0.000923330953810364
-0.3474608063697815
0.24000205099582672
-0.2563565969467163
-1.5914632081985474
-0.24790865182876587
0.9791578650474548
0.5609702467918396
0.3413426876068115
0.2633541524410248
-0.9210917949676514
0.12218266725540161
0.007729954551905394
0.04596881940960884
0.1552693247795105
0.2239644080400467
-0.5047270655632019
-1.1530711650848389
0.04100336879491806
0.4977577328681946
-0.30083057284355164
-0.19284455478191376
-0.010057490319013596
-0.1331946700811386
0.41586557030677795
-0.031806882470846176
-0.891264796257019
-0.4684761166572571
0.36377042531967163
-1.4229512214660645
0.6631499528884888
0.47997918725013733
-0.057147376239299774
0.4456140398979187
0.3426782488822937
-0.30250343680381775
0.365715354681015
0.19978266954421997
0.5351307392120361
-0.34327903389930725
-0.8664828538894653
0.9274935126304626
0.8106687068939209
0.1795303225517273
0.5812593102455139
-2.6053128242492676
0.08663938194513321
0.15027190744876862
0.009719929657876492
0.1230970174074173
-0.8273943662643433
0.39660176634788513
0.23184846341609955
-1.1470609903335571
-0.22856396436691284
-0.03498505428433418
-1.0678739547729492
0.22066523134708405
-0.35350388288497925
0.8333874940872192
-0.7161731719970703
-0.4054448902606964
-0.16277307271957397
-0.12679675221443176
-0.45982158184051514
-1.2421997785568237
0.43112385272979736
-0.3054543435573578
-0.41528546810150146
-1.0428088903427124
-0.6565430760383606
0.047886695712804794
0.16620172560214996
0.07146104425191879
-0.0684628114104271
-0.8254600167274475
0.08217470347881317
0.3673790395259857
-0.05937933176755905
-1.0279219150543213
-0.3064449429512024
-0.11468885093927383
1.8150867223739624
0.12131548672914505
-0.03163661062717438
-0.24066726863384247
0.8303915858268738
-0.35290729999542236
-1.404234528541565
-0.9299063086509705
0.15075717866420746
0.11418835818767548
0.25736287236213684
-0.7513003945350647
-0.8664950728416443
0.08077520877122879
-1.4811623096466064
0.12045244127511978
-0.0936695858836174
-0.21860939264297485
0.3047288656234741
0.2290811836719513
0.22121086716651917
0.3822386860847473
0.03292818367481232
0.30519887804985046
-1.415347933769226
-0.21911732852458954
1.020689606666565
0.27277931571006775
0.3223346471786499
0.012222127988934517
0.39211398363113403
0.14766283333301544
-0.014256216585636139
-2.4711251258850098
0.1626432090997696
-0.9100944399833679
0.14628393948078156
0.056381504982709885
-0.800309419631958
0.9971479177474976
-0.10719148069620132
-0.3397364020347595
0.23553328216075897
0.27145519852638245
-0.24021244049072266
0.0029686731286346912
-0.3017716705799103
-0.46365007758140564
-0.9451012015342712
0.21484729647636414
-0.005179277621209621
1.671901822090149
-2.2977640628814697
0.09587140381336212
0.04130677133798599
0.28166377544403076
0.31697022914886475
-0.1080387532711029
-0.18992505967617035
0.6941747665405273
-0.5422207713127136
-0.01098871324211359
-0.7482693791389465
0.598606288433075
-2.628603935241699
-0.21125197410583496
0.28899049758911133
0.07622135430574417
0.2565956115722656
0.5120842456817627
0.13814643025398254
-0.3149815797805786
0.22427845001220703
-0.49262309074401855
0.4387761950492859
-0.22528189420700073
-0.2496829628944397
-0.10045131295919418
-0.19934706389904022
-0.9488340020179749
-1.1634262800216675
-0.7598227858543396
0.7873010635375977
-0.06009570509195328
-0.38165342807769775
0.059239841997623444
0.36519622802734375
0.14474795758724213
0.035112664103507996
0.764414370059967
-0.6132833361625671
0.1814439296722412
-0.6404359340667725
0.7366628646850586
-0.30969974398612976
-0.33570894598960876
-1.61069655418396
-0.502110481262207
-0.8877518177032471
0.09305066615343094
-1.5150885581970215
-1.2650374174118042
0.15222758054733276
-0.6885818243026733
0.08888911455869675
1.1983829736709595
-0.0054738628678023815
-0.8340538740158081
-0.060675837099552155
0.18056903779506683
-0.31508514285087585
-0.08172746002674103
-0.5340079665184021
0.15830443799495697
0.33434319496154785
-0.2456039935350418
-0.3953632712364197
-0.09509497135877609
0.2649632692337036
0.06891840696334839
-0.0006210221908986568
-0.3388853371143341
0.8809814453125
-0.22896286845207214
0.09676744043827057
-1.893293023109436
-0.19208520650863647
0.07429207861423492
0.09896429628133774
-0.15938445925712585
-1.5275386571884155
-0.0041671632789075375
0.7078298330307007
0.12425673753023148
-0.026866525411605835
0.6040897369384766
0.19792649149894714
0.4412006139755249
0.23726792633533478
-0.3237992227077484
-0.8137652277946472
-0.5755871534347534
-0.04985465854406357
-1.6826841831207275
0.2736158072948456
-1.1071840524673462
0.18702593445777893
-0.3915122449398041
-0.15980787575244904
0.20664702355861664
0.29803043603897095
0.22163648903369904
0.11793209612369537
-0.02779005840420723
0.0687580406665802
0.6613954901695251
0.2641303241252899
0.17970514297485352
0.1447620838880539
0.1069946438074112
0.9971096515655518
0.6164925694465637
-0.6273290514945984
0.027373218908905983
-0.7748579382896423
0.19856496155261993
-0.3889200985431671
-0.05623827129602432
0.9122859239578247
0.09306547045707703
0.2914445996284485
-0.348402202129364
-0.14440883696079254
-0.06564096361398697
-3.0668489933013916
0.2684899568557739
-1.6306869983673096
-1.0800352096557617
-0.57450932264328
-0.011709402315318584
0.3374497592449188
-0.24814723432064056
0.6837009191513062
-0.9597223997116089
-0.9516147375106812
0.46879851818084717
0.9515901207923889
0.07184908539056778
0.196528822183609
0.30304574966430664
-0.044295553117990494
0.30106398463249207
-1.4501290321350098
0.4705803692340851
0.1912696808576584
-1.480344533920288
-0.2817882001399994
0.6488080620765686
-0.3560176491737366
-1.388002872467041
-0.7016998529434204
0.04917159676551819
0.29194119572639465
0.4000069499015808
0.07143890112638474
0.6608861088752747
-0.3532041609287262
-0.0022034102585166693
-0.5320631861686707
-0.002324045402929187
0.41988271474838257
0.12953637540340424
-0.07388973981142044
-0.49913617968559265
-1.8894191980361938
1.2512413263320923
-0.3484841287136078
-0.5603724122047424
0.09927237778902054
-0.021108387038111687
0.10515893995761871
0.3807896673679352
-0.2242732048034668
0.05219621583819389
-0.8700979948043823
-0.5181652307510376
0.31536808609962463
0.5819506645202637
-0.568661093711853
0.4746340811252594
0.0489664152264595
-0.21547311544418335
0.11824548244476318
0.4192085266113281
0.3699619174003601
-1.4587701559066772
0.0899692177772522
0.5670025944709778
-0.31992366909980774
0.10727003961801529
-0.9700134992599487
-1.6518428325653076
-1.2404441833496094
-1.0042978525161743
0.2930808365345001
-0.009003239683806896
-0.5619071125984192
0.20614880323410034
0.32489705085754395
-1.3847359418869019
0.008082030341029167
0.11104300618171692
-0.4434676468372345
-0.032605692744255066
0.16043579578399658
-0.05794152989983559
0.2579244375228882
0.6708289980888367
0.44439929723739624
-0.38265371322631836
0.04179072380065918
0.24380557239055634
-0.08064886927604675
0.006247559562325478
-0.5963903665542603
0.15795256197452545
-1.2298412322998047
0.5379034280776978
0.11877822875976562
-1.4041813611984253
-0.647989809513092
0.02700839564204216
-0.46613579988479614
-0.3570405840873718
-0.8431588411331177
0.3341238796710968
0.04974665492773056
-0.6009125709533691
0.10565710067749023
-0.06865591555833817
0.5823127627372742
0.492708295583725
-0.6779720187187195
-0.0978265106678009
0.13400010764598846
0.07433347404003143
-0.10948362201452255
-0.3537464439868927
-0.05581766366958618
0.6592458486557007
0.3813246786594391
0.4719286859035492
-0.11165864020586014
-0.6454042792320251
-1.7450820207595825
0.039721038192510605
0.16383206844329834
0.7214463353157043
-1.5867170095443726
-0.5641565322875977
-0.4804169237613678
0.3304179310798645
-0.11318136006593704
0.2550933361053467
-0.19553163647651672
-0.47322389483451843
0.17086200416088104
0.6810468435287476
-0.3489721119403839
0.25126194953918457
0.6118679046630859
-0.041477449238300323
-0.2431386262178421
-0.13904960453510284
-0.31193965673446655
0.4308778941631317
-0.14638666808605194
0.13476449251174927
-0.6701769232749939
0.43150565028190613
-0.8785302042961121
-0.26776760816574097
-0.6105600595474243
-1.1636607646942139
0.6442980766296387
0.03834592178463936
-0.013563703745603561
0.851248025894165
-0.09235494583845139
-0.5680776238441467
-1.5590569972991943
-0.279426634311676
1.0495097637176514
-0.07382742315530777
0.15669411420822144
0.6444581151008606
0.15103553235530853
0.2829109728336334
-0.023133274167776108
0.20772646367549896
-0.0749753937125206
-0.5550296902656555
0.5328013896942139
0.08667759597301483
-0.03026103787124157
0.05196758732199669
0.3020770847797394
-1.088830828666687
-0.6142639517784119
0.3948817253112793
0.09049966186285019
0.011912302114069462
0.2521994113922119
-0.7514948844909668
-0.5965208411216736
-0.014572402462363243
-0.050798188894987106
-0.8019284605979919
0.22908399999141693
0.27289777994155884
-0.04177030175924301
-0.21831782162189484
0.07933472096920013
0.32285985350608826
0.21430976688861847
0.06122137978672981
0.009469258598983288
-0.8680878281593323
0.7414404153823853
0.3275008201599121
-0.20197270810604095
-1.4525129795074463
-0.3070952892303467
0.43123385310173035
-2.644361734390259
-0.09845239669084549
-2.231555223464966
-0.5273628234863281
0.10148992389440536
-0.6304564476013184
0.13010570406913757
-0.2959347069263458
0.3838721513748169
0.005131331738084555
0.053033094853162766
-0.13242821395397186
0.8455566167831421
-0.009239454753696918
0.039866071194410324
0.876105010509491
-1.0567959547042847
0.1388314813375473
0.07328524440526962
-0.20055575668811798
-0.5963618159294128
-0.8407067656517029
-2.113288640975952
0.26445209980010986
-0.2885563373565674
-0.04168868809938431
0.16005933284759521
-0.8543564677238464
-0.6185638904571533
-1.6887468099594116
0.39204978942871094
-2.1195433139801025
-0.11417237669229507
0.06727074086666107
-0.41176944971084595
-1.8182111978530884
-0.8637976050376892
0.18180015683174133
0.1280742883682251
-0.0936206728219986
-0.8088296055793762
-0.46201959252357483
-1.486809492111206
-2.365123987197876
-0.07626639306545258
-1.1190088987350464
-0.6768481731414795
0.8022314310073853
-0.165761798620224
0.007125568576157093
0.11578109860420227
-0.6898043155670166
-0.007620671764016151
0.08576742559671402
-0.8838821053504944
0.20773299038410187
-0.6903625130653381
-0.07592011988162994
-1.1669361591339111
-0.05760696157813072
0.325729101896286
-0.7828253507614136
-0.48744091391563416
-0.3047204315662384
-1.4579726457595825
-0.8367162346839905
-0.8923686742782593
-0.07876784354448318
0.06345949321985245
-0.45600536465644836
-0.8466083407402039
-0.2148471623659134
1.5158658027648926
-0.18084155023097992
-1.4677406549453735
-0.48110952973365784
-0.4709222614765167
0.33690372109413147
-0.3441261649131775
-1.7733477354049683
0.0342748686671257
-0.18190038204193115
0.25043508410453796
-0.5386479496955872
