0.2882235646247864
0.23605936765670776
0.21965157985687256
0.3243734836578369
0.28459882736206055
0.27857649326324463
0.19630074501037598
0.1776496171951294
0.3359106183052063
0.2964121699333191
0.20655763149261475
0.23914086818695068
0.31469541788101196
0.27215445041656494
0.19100123643875122
0.22076416015625
0.18633198738098145
0.23766791820526123
0.28750818967819214
0.20923256874084473
0.2596297264099121
0.369653582572937
0.2953392267227173
0.21408319473266602
0.2994164824485779
0.2665184736251831
0.21266281604766846
0.17756175994873047
0.23508846759796143
0.24724221229553223
0.22356188297271729
0.22207856178283691
0.20904624462127686
0.24316954612731934
0.2667471170425415
0.1803830862045288
0.2797549366950989
0.17571872472763062
0.23953032493591309
0.2897496223449707
0.2513893246650696
0.22989970445632935
0.2585855722427368
0.26047348976135254
0.2201622724533081
0.2552175521850586
0.212352454662323
0.21510273218154907
0.26555007696151733
0.2633301019668579
0.28172338008880615
0.30115818977355957
0.22766220569610596
0.25975286960601807
0.2509188652038574
0.18304932117462158
0.1519315242767334
0.19376826286315918
0.26405608654022217
0.2593269348144531
0.291202187538147
0.27580583095550537
0.18635642528533936
0.2696499824523926
0.2545064687728882
0.3623678684234619
0.21159332990646362
0.22744899988174438
0.25159621238708496
0.2286122441291809
0.2323009967803955
0.2490978240966797
0.2571345567703247
0.19127976894378662
0.22540462017059326
0.24646389484405518
0.23980069160461426
0.18792319297790527
0.35463857650756836
0.17695987224578857
0.25833284854888916
0.25708699226379395
0.158696711063385
0.23789304494857788
0.21908998489379883
0.21431809663772583
0.22178351879119873
0.24919629096984863
0.3603222370147705
0.278225839138031
0.6423577070236206
0.2403598427772522
0.17593908309936523
0.22587239742279053
0.23595762252807617
0.1874675154685974
0.24599289894104004
0.2327977418899536
0.21538376808166504
0.22399753332138062
0.25932931900024414
0.2657809853553772
0.21759235858917236
0.2888396978378296
0.20697736740112305
0.2621333599090576
0.2459481954574585
0.24030423164367676
0.22260832786560059
0.34002363681793213
0.17719662189483643
0.23596185445785522
