2.6596076488494873
1.6142040491104126
1.9029260873794556
3.3119289875030518
2.711566686630249
1.3214442729949951
0.9037754535675049
1.3803297281265259
2.822410821914673
2.8004229068756104
1.1613658666610718
1.7210217714309692
1.2949316501617432
2.4898223876953125
1.1678712368011475
1.2680693864822388
1.5463935136795044
2.0955820083618164
0.9227484464645386
1.8430750370025635
2.062640428543091
3.095541477203369
2.0179872512817383
1.704526424407959
1.2685827016830444
1.5186738967895508
1.2811367511749268
1.7815876007080078
1.5705058574676514
2.1886701583862305
2.152592420578003
1.9363495111465454
1.790008306503296
1.7653294801712036
2.5122578144073486
0.9002624154090881
2.043111801147461
1.3807028532028198
1.8750356435775757
2.514695644378662
2.111553430557251
1.9629796743392944
2.4352145195007324
2.4466352462768555
2.0476937294006348
2.2703158855438232
1.8783061504364014
1.6764183044433594
1.8469667434692383
2.484802722930908
1.4115525484085083
2.6530632972717285
1.6134675741195679
2.444140672683716
1.850154995918274
0.8977240920066833
0.6378834247589111
1.4751285314559937
1.2524538040161133
2.3115134239196777
2.5490307807922363
2.520592212677002
1.6424304246902466
2.4003775119781494
2.5898211002349854
3.292980194091797
1.5678216218948364
2.1227104663848877
2.08925724029541
2.1302270889282227
1.911504864692688
2.386599063873291
2.417586088180542
1.316638708114624
2.1192760467529297
2.2622880935668945
1.3049110174179077
1.6929736137390137
1.1047911643981934
1.0617704391479492
2.0923612117767334
2.117358922958374
1.6061201095581055
1.6053824424743652
0.9275563955307007
1.6380646228790283
1.274538516998291
2.3247272968292236
3.226177215576172
2.4495322704315186
6.173210144042969
2.086902379989624
1.100286841392517
1.8319159746170044
1.899498462677002
1.3559373617172241
2.1677839756011963
1.09456467628479
1.880591630935669
1.698527216911316
2.4590675830841064
2.64874529838562
1.714186429977417
2.8882551193237305
1.515265941619873
2.4520986080169678
2.278522253036499
2.0254039764404297
1.08631432056427
3.1218390464782715
1.2703356742858887
2.2193009853363037
