1.0117791891098022
1.644063115119934
1.3678687810897827
0.7817358374595642
1.0466878414154053
0.9614419937133789
1.2080905437469482
0.9884554147720337
0.9176993370056152
1.1996287107467651
2.262927532196045
1.1807794570922852
1.0729423761367798
1.4598101377487183
1.2740755081176758
0.838977575302124
1.7673555612564087
1.4648057222366333
0.36019402742385864
1.1514217853546143
0.8818209767341614
0.42135655879974365
0.25038671493530273
0.4163309335708618
1.8807998895645142
1.1844112873077393
0.8233102560043335
1.1978557109832764
0.24654662609100342
0.6551591157913208
1.4397374391555786
1.0094671249389648
1.2197515964508057
1.2175536155700684
0.37760984897613525
0.7963107824325562
1.1519652605056763
1.620470643043518
1.6924952268600464
0.7547467947006226
0.8827112317085266
1.0851216316223145
0.3090651035308838
0.8654752373695374
0.8486409187316895
1.0083668231964111
1.3237704038619995
0.6143320202827454
0.5502672791481018
1.0619627237319946
0.5266225934028625
1.0733230113983154
1.305006504058838
0.5026767253875732
1.1382454633712769
0.3710062503814697
0.22604411840438843
0.277762234210968
1.253548264503479
1.014327049255371
1.250720500946045
0.42264503240585327
1.1505035161972046
1.0298691987991333
0.7387326955795288
1.535025715827942
0.8800355792045593
1.421926736831665
0.323114275932312
1.1719918251037598
0.3606520891189575
0.7360105514526367
1.1601561307907104
0.9464359879493713
0.22335070371627808
1.7257531881332397
0.44719111919403076
0.5085641145706177
1.2758302688598633
1.1038286685943604
1.2334681749343872
0.20681577920913696
1.2598388195037842
1.3279260396957397
0.3200390338897705
1.4589663743972778
1.7006537914276123
0.629798948764801
0.5024888515472412
0.6508702635765076
0.5558078289031982
1.6301875114440918
0.8354429006576538
0.9593450427055359
0.47008705139160156
0.164719820022583
1.1129164695739746
0.7238341569900513
1.081420660018921
1.6549655199050903
1.3087100982666016
0.8593932390213013
1.305970549583435
0.6296274662017822
0.43347764015197754
0.32456737756729126
0.5834274888038635
1.057286262512207
1.5124685764312744
1.4249531030654907
0.4923957586288452
1.1720041036605835
1.1876527070999146
0.8286867737770081
1.4470716714859009
1.2321751117706299
0.6142867207527161
0.2861260175704956
1.207279920578003
0.5040097832679749
0.842980682849884
0.2509108781814575
1.311148762702942
1.259629726409912
1.1812907457351685
1.1251447200775146
1.0806910991668701
1.4449436664581299
1.085199236869812
1.0593774318695068
1.335472822189331
1.5712900161743164
0.18486809730529785
0.9632304906845093
1.4869509935379028
0.6857026815414429
1.3737208843231201
1.308924674987793
1.2084331512451172
0.9906613826751709
0.6462859511375427
0.616640567779541
0.9100974202156067
0.27112066745758057
0.5277337431907654
1.1092877388000488
0.811994194984436
1.2868616580963135
1.0340659618377686
0.4465404748916626
0.3914536237716675
1.4697645902633667
1.0702805519104004
0.46001410484313965
1.2414968013763428
0.9900401830673218
1.5618369579315186
0.8840925097465515
0.58604496717453
1.1422861814498901
1.0285985469818115
1.3399592638015747
0.5931488275527954
1.3996496200561523
0.6732280254364014
1.0958844423294067
0.7892178297042847
0.8090848326683044
0.32762908935546875
1.270896077156067
1.5990241765975952
0.3703958988189697
1.3535915613174438
0.7515395283699036
0.5953478813171387
0.4598686695098877
1.4278594255447388
1.4978729486465454
0.7594959735870361
1.0619779825210571
1.0840423107147217
0.9709873199462891
0.3857032060623169
1.249786615371704
0.814795732498169
0.4273569583892822
1.0411999225616455
0.5732473134994507
0.4438832998275757
0.464600145816803
0.661720335483551
1.0809985399246216
1.318820834159851
0.7406705021858215
0.6876031160354614
0.439971387386322
0.9242776036262512
0.22825926542282104
0.5391911268234253
0.26367878913879395
0.9041622281074524
0.25030797719955444
0.6194501519203186
0.9825490713119507
1.5600025653839111
1.0377765893936157
1.1477099657058716
1.0187863111495972
1.5868427753448486
0.7200586795806885
0.706845223903656
0.4398481845855713
1.3338905572891235
0.9138224124908447
0.9836111664772034
0.8965385556221008
0.9793116450309753
0.6776946783065796
1.1664615869522095
0.5074387192726135
1.2478245496749878
1.1341495513916016
1.4252384901046753
1.8310428857803345
0.29007911682128906
1.103747010231018
1.2250019311904907
0.6244494318962097
0.6683034300804138
1.04093599319458
0.7053184509277344
1.8040062189102173
0.6925057172775269
0.2922682762145996
0.22625267505645752
1.1332632303237915
0.6715540289878845
0.1819973587989807
1.595834493637085
0.21974658966064453
0.2046658992767334
1.2496380805969238
0.4154850244522095
1.532021164894104
0.3886697292327881
1.172666311264038
1.0854229927062988
1.3024256229400635
1.5910868644714355
0.49891161918640137
1.2272003889083862
0.893665075302124
1.0852396488189697
1.3714951276779175
1.4654089212417603
0.8563107252120972
1.2634681463241577
1.2790390253067017
0.25192177295684814
0.5656158924102783
0.403175950050354
1.0132583379745483
1.3066129684448242
1.0622938871383667
0.23808401823043823
1.0080649852752686
0.9932190179824829
0.5228015780448914
0.9629133343696594
1.2637354135513306
0.9626832008361816
0.8314396142959595
1.3075460195541382
0.41794466972351074
1.6472827196121216
0.3397985100746155
0.3392670154571533
0.6591542363166809
1.2612948417663574
0.9535322189331055
1.4479697942733765
0.6511713266372681
0.6673125624656677
1.5285531282424927
1.3103392124176025
1.0197086334228516
1.3688968420028687
0.9495995044708252
1.1886966228485107
0.9464517831802368
0.3939160108566284
0.8317726850509644
0.9947388172149658
0.9896115064620972
0.7394675016403198
2.059450149536133
0.8208854794502258
1.4355443716049194
0.3676080107688904
1.1442875862121582
0.6842654943466187
0.9239743947982788
1.3730522394180298
0.9773845076560974
0.19027578830718994
0.7621448636054993
0.31720006465911865
1.1503630876541138
0.2832057476043701
0.8815933465957642
1.5352586507797241
0.6173346638679504
1.1910626888275146
0.7856878042221069
1.01482355594635
0.2745422124862671
1.319531798362732
0.31686532497406006
1.3215110301971436
1.2201274633407593
0.43842005729675293
0.6379145979881287
1.6797828674316406
1.3419386148452759
0.18620038032531738
0.7030304074287415
0.4171103835105896
1.5711270570755005
0.889000415802002
0.5994446873664856
1.0797244310379028
0.8500913381576538
0.5715868473052979
0.9766225814819336
0.5861435532569885
1.665496587753296
2.1771271228790283
1.3153873682022095
1.2974838018417358
1.4537910223007202
0.9050600528717041
1.4685429334640503
1.1265100240707397
0.9988772869110107
0.3260514736175537
0.4372910261154175
1.201534628868103
0.9321082234382629
0.4888805150985718
0.7198182940483093
0.2998758554458618
0.5377190709114075
2.250469446182251
0.7026625871658325
1.5363115072250366
0.28661537170410156
1.0737732648849487
0.9783332347869873
1.2522684335708618
0.439883828163147
1.1233857870101929
0.31082683801651
1.1736942529678345
1.6397525072097778
0.21634763479232788
0.23094302415847778
0.22194713354110718
1.45367431640625
1.593292474746704
1.3366093635559082
1.2020820379257202
1.682944893836975
1.28793203830719
0.19695788621902466
0.5155032873153687
1.2015838623046875
0.6474921703338623
1.2362829446792603
0.6988879442214966
0.6406649351119995
0.979046642780304
0.6227444410324097
1.462499737739563
0.2556964159011841
0.7499269247055054
1.0088623762130737
1.042382001876831
0.4828827381134033
1.0854003429412842
0.8142346143722534
1.277719497680664
2.025421619415283
1.0646284818649292
0.5985525846481323
0.6352488994598389
0.7991724014282227
0.408564031124115
1.1774870157241821
1.2840555906295776
0.9628880023956299
1.298423171043396
0.20332753658294678
1.8346925973892212
1.206419825553894
0.3658684492111206
1.3018293380737305
0.31108343601226807
0.8284692764282227
0.3022664785385132
1.2346365451812744
1.160395860671997
0.7885639667510986
1.1253975629806519
1.436255693435669
1.0973480939865112
0.655758798122406
1.0956109762191772
0.5110527873039246
0.4004408121109009
1.5285857915878296
1.1482023000717163
0.7654470205307007
1.284360408782959
0.8245614767074585
0.9675514698028564
0.994182825088501
1.0832079648971558
0.6257128119468689
0.5580503344535828
1.5902289152145386
1.5372353792190552
1.141432762145996
0.7959946990013123
0.6187753081321716
0.40942513942718506
0.31971752643585205
1.3068770170211792
1.2839535474777222
1.147760033607483
0.4267311096191406
1.4387855529785156
0.2357591986656189
0.35014772415161133
0.5252986550331116
1.6951252222061157
1.1646294593811035
1.0558375120162964
1.124852180480957
0.3515719175338745
0.6292064785957336
1.4363937377929688
0.9456304311752319
0.8290707468986511
1.3590699434280396
0.2760394215583801
0.4908015727996826
1.8204879760742188
1.582554817199707
1.1713296175003052
1.3018465042114258
1.409783124923706
1.1045830249786377
0.30332380533218384
0.8171337842941284
1.2519795894622803
0.6776304244995117
1.1228725910186768
1.4437878131866455
0.1726781129837036
1.9128929376602173
0.6954413652420044
0.966758668422699
1.22877836227417
0.7887535691261292
1.3273407220840454
1.6304363012313843
1.4109200239181519
0.489047110080719
1.1398451328277588
0.6611595153808594
0.4878416657447815
0.5853203535079956
0.7378453612327576
0.7751640677452087
0.929885983467102
1.3169746398925781
1.0054712295532227
1.3468267917633057
1.4222899675369263
0.3190910816192627
0.9063942432403564
1.2071301937103271
1.1773693561553955
0.8879806399345398
0.5771018862724304
0.5790683627128601
0.9258576035499573
0.3664759397506714
1.0914702415466309
1.1504175662994385
0.41688835620880127
0.41860711574554443
1.3884516954421997
0.8369747996330261
1.038522481918335
0.8582983613014221
0.17366653680801392
0.286155641078949
0.7762608528137207
0.8007710576057434
1.4889328479766846
0.8786845207214355
1.2606889009475708
1.2791600227355957
0.6601868867874146
0.3057504892349243
1.5950582027435303
0.923955500125885
0.7951285243034363
1.4663095474243164
1.2022815942764282
1.2626959085464478
0.30844342708587646
0.8811467885971069
1.1142220497131348
0.362057089805603
0.6591703295707703
1.8416545391082764
1.3596242666244507
1.2371387481689453
0.9573639035224915
0.3063150644302368
0.44010257720947266
1.0536527633666992
1.8858386278152466
1.090500831604004
0.4667317867279053
0.20790326595306396
1.139311671257019
1.0149887800216675
1.2664564847946167
1.4201091527938843
0.7555383443832397
1.4792195558547974
1.1925917863845825
0.9965566396713257
0.5598587989807129
1.0135282278060913
0.2713669538497925
1.437322974205017
1.111890196800232
0.329809308052063
1.0512008666992188
1.0355032682418823
1.5666197538375854
2.2167305946350098
1.016668438911438
0.26443493366241455
0.7400614619255066
1.370570182800293
1.3371378183364868
1.4251351356506348
0.2888219356536865
1.088560938835144
0.7064931988716125
1.0113272666931152
1.0450366735458374
1.109751582145691
1.5987403392791748
0.51462322473526
1.3447625637054443
1.074366569519043
0.4553711414337158
1.0369899272918701
0.23279786109924316
1.0515133142471313
1.045065999031067
0.3911137580871582
0.7781929969787598
0.5605649948120117
0.31624841690063477
0.5379016995429993
1.3408160209655762
1.058409571647644
1.1292521953582764
1.6440743207931519
0.7810848951339722
1.21897554397583
0.3011375069618225
0.8970142602920532
0.19779521226882935
1.0792871713638306
1.1601811647415161
0.712891697883606
1.5797942876815796
1.164268136024475
1.1112112998962402
0.262210488319397
0.6087417602539062
0.4315791130065918
0.8271054029464722
0.44207143783569336
0.18400359153747559
0.6242312788963318
1.4958367347717285
1.3135325908660889
0.5084185600280762
0.9687914252281189
0.7572768330574036
2.0087294578552246
1.6802847385406494
1.2965954542160034
1.0422297716140747
1.335866928100586
1.181748867034912
0.37730342149734497
0.8236089944839478
1.2101244926452637
0.83893883228302
0.4541246294975281
0.18696844577789307
0.29377561807632446
1.415290117263794
0.43922924995422363
0.44118738174438477
0.27553069591522217
1.0495456457138062
1.7876235246658325
1.4179691076278687
1.1336922645568848
1.5964339971542358
1.276864767074585
0.4861317276954651
1.2569717168807983
1.1759363412857056
0.975888192653656
0.7112284302711487
1.2111897468566895
0.9589757323265076
0.7651067972183228
0.3193042278289795
1.229002594947815
1.028386116027832
0.8631589412689209
0.20080476999282837
0.6950733065605164
0.8828819394111633
0.5666360259056091
1.0261569023132324
1.2974798679351807
0.9766907095909119
1.180772304534912
0.9498260617256165
0.7776095867156982
0.8679935932159424
1.5139691829681396
1.2824095487594604
0.9949967265129089
0.931303083896637
1.6841484308242798
1.4873168468475342
0.678715705871582
1.5829919576644897
1.1790350675582886
0.3563224673271179
1.3580660820007324
1.6186648607254028
0.46040600538253784
0.9441133737564087
0.30999231338500977
1.111678957939148
1.1476556062698364
