-0.7536309957504272
-1.8236101865768433
-0.5627729296684265
0.07651135325431824
-0.37677711248397827
-1.1209766864776611
-0.07995050400495529
-1.008913278579712
-1.9415260553359985
-0.831866443157196
-0.27600666880607605
-0.4436565935611725
-0.44007816910743713
-0.27569684386253357
-0.8151975870132446
0.020921044051647186
-0.8841789364814758
-0.8393080234527588
-0.7337492108345032
-1.2345775365829468
-0.3301478326320648
-1.6997289657592773
-0.5017171502113342
-0.4486122131347656
-0.19554688036441803
-0.7690498232841492
-1.2158641815185547
-0.8369466662406921
-0.6535340547561646
-1.1033411026000977
-0.09671078622341156
-0.8990554809570312
-1.4807449579238892
-0.8458445072174072
-1.0013175010681152
-0.7024187445640564
-0.38378220796585083
-0.13448338210582733
-0.663990318775177
-0.9386754631996155
0.08760617673397064
-1.1818690299987793
-0.7295011878013611
-0.3893236517906189
0.3603784441947937
-0.7942181825637817
-1.0205634832382202
0.09423495829105377
-0.8960124254226685
-0.7169041633605957
-1.0571520328521729
-0.8869652152061462
-1.3627123832702637
-0.4878944754600525
-0.9414883255958557
0.334919810295105
-0.23318004608154297
-0.46470892429351807
-1.0254417657852173
-1.1397271156311035
-0.8984211087226868
0.029464775696396828
-1.2098528146743774
-0.8563393950462341
0.058838970959186554
-0.6109021902084351
-1.3301645517349243
-1.60734224319458
-0.40421217679977417
-0.5208572149276733
-0.2466055452823639
-1.118566632270813
-0.19918683171272278
-0.7699174284934998
-0.46917328238487244
-0.7378990650177002
-0.31029704213142395
-0.14884577691555023
-1.0255564451217651
0.04594837501645088
-0.19495780766010284
-0.34555190801620483
-1.4553029537200928
-1.4051454067230225
-0.4106409549713135
-1.0096732378005981
-0.9948493242263794
-0.3761463761329651
-0.645859956741333
-0.7439299821853638
-1.0793001651763916
-0.15610624849796295
-0.444052517414093
-0.7425267696380615
-1.3110008239746094
0.2816546857357025
-1.1807066202163696
-0.23018889129161835
-1.1816927194595337
-0.9221287369728088
-0.6891322731971741
-1.4623517990112305
-0.7930964827537537
-1.285753607749939
-0.7874768376350403
-0.6369462609291077
0.4227786064147949
-0.330171674489975
-1.127526044845581
-1.2698633670806885
-0.49667906761169434
-0.09466797113418579
-0.7218549847602844
-0.9728347063064575
-0.01988259330391884
-1.2723896503448486
-1.5680577754974365
-0.13547271490097046
-1.0588328838348389
-0.2521672546863556
-1.745466709136963
-0.3141489624977112
-0.7164977192878723
-1.0859218835830688
-0.5063937902450562
-0.8952168226242065
-0.4765574634075165
-1.0162121057510376
-0.5037059783935547
-0.5185988545417786
0.002673981012776494
-1.4644132852554321
0.08359842747449875
-0.9332209825515747
-0.4469050467014313
-1.1692866086959839
-0.6752237677574158
-1.6377732753753662
-0.4318270683288574
-0.27930423617362976
-1.2074917554855347
-0.5013237595558167
-0.19816698133945465
-0.4218893051147461
-0.45526349544525146
-0.9656944274902344
-0.47932809591293335
-1.4502052068710327
-0.9281586408615112
-0.23610210418701172
-0.4271882474422455
-1.4830931425094604
-0.3060641586780548
-1.2589658498764038
0.17350439727306366
-1.3747053146362305
-0.2251046895980835
-0.7577740550041199
-0.16647081077098846
-0.1177653893828392
-1.096673846244812
-1.322249174118042
0.06435345113277435
-0.8094425797462463
-0.5928269624710083
-1.1170485019683838
0.019328752532601357
-0.4096551835536957
-1.1630384922027588
-1.0560972690582275
-1.4442893266677856
-0.3350845277309418
-1.4938774108886719
-0.4280933141708374
-0.13318714499473572
-0.3539206385612488
-1.024578332901001
-1.3964208364486694
-0.25702500343322754
-0.6989189386367798
-1.222028136253357
-0.2781437933444977
0.7468845248222351
-0.7794270515441895
-0.19908393919467926
-1.1306564807891846
-0.5140745043754578
-0.5225558280944824
-1.1342419385910034
-0.18791015446186066
-1.3195394277572632
-0.04263204708695412
-1.1146140098571777
-0.5086647272109985
-0.8810747861862183
-1.2484736442565918
-1.464154839515686
0.18054848909378052
-0.29816266894340515
-1.0995359420776367
0.08968038111925125
-0.9528555274009705
-1.3195074796676636
-1.2477184534072876
-0.2578396797180176
-1.0043809413909912
-1.3652375936508179
-1.4543671607971191
-0.2632797062397003
-0.2432093620300293
-0.651639997959137
-0.6864446401596069
-0.6051381230354309
-0.7581849694252014
-1.7180936336517334
0.2144082486629486
-2.0178072452545166
-1.0082814693450928
-1.3342058658599854
-0.5457796454429626
-0.47860270738601685
-0.7493150234222412
-0.7903202176094055
-0.2722601890563965
0.06469228118658066
-0.008809315972030163
0.21469172835350037
-0.6930255889892578
-1.167851448059082
-0.20679312944412231
-1.109542727470398
-1.1109503507614136
-0.6266746520996094
-0.7111662030220032
-0.3828407824039459
0.07880644500255585
-0.6474992036819458
0.1641797423362732
-1.2825380563735962
-1.1931802034378052
0.01593022421002388
0.45157933235168457
-0.5687940120697021
-0.02590366080403328
-0.6586729884147644
-1.2068909406661987
-0.2784903049468994
-0.9797119498252869
0.05302834138274193
-1.043608546257019
-1.014217495918274
-0.9387353658676147
0.31251323223114014
-0.220591202378273
-0.5328365564346313
-1.8933502435684204
-1.3993823528289795
-0.06118322163820267
-0.5730417966842651
-0.35209938883781433
-0.41974446177482605
-0.8687423467636108
-0.1633182168006897
-1.1705139875411987
0.20787781476974487
-1.6088234186172485
-0.8051249980926514
-0.259794682264328
0.2877146899700165
-1.13300621509552
0.7519711852073669
-0.8918929696083069
-1.1422429084777832
-1.890177845954895
-1.8873683214187622
-1.0547734498977661
-0.6541276574134827
0.22159604728221893
-0.9211523532867432
-0.6793096661567688
-0.04807179793715477
0.1262073665857315
-0.8471437692642212
-0.3832622468471527
-1.2038288116455078
-0.9248652458190918
-0.9485050439834595
-0.2285592257976532
-0.4623759686946869
-1.184882402420044
-1.7662029266357422
-1.3635090589523315
-1.1545188426971436
-1.276577115058899
-0.5693548321723938
-0.4825553297996521
-1.306684136390686
-1.2096328735351562
-0.601797342300415
-0.39886751770973206
-0.9127534627914429
-1.220158338546753
-0.2122519165277481
-0.628297746181488
-0.08129245042800903
-0.6510534882545471
-0.17802372574806213
-0.5068331360816956
0.4361053705215454
-1.059545874595642
-0.2044689804315567
-0.7317756414413452
-0.6968779563903809
-0.5001210570335388
-0.3862137794494629
-0.5138985514640808
-0.850208580493927
-0.5557286143302917
-0.7380896806716919
-0.85084068775177
-1.2060167789459229
-0.6525387167930603
-1.6248475313186646
0.03203662484884262
0.04655567184090614
-1.1746548414230347
-0.9008519053459167
-0.6070322394371033
-0.9651921987533569
0.13681787252426147
-0.605451226234436
-0.5912408828735352
-1.1239664554595947
-0.46734943985939026
-0.35901087522506714
-0.09694335609674454
-0.05146666243672371
-0.535433828830719
-0.9914047718048096
-0.6633343696594238
-0.7916250824928284
-1.467938780784607
-1.3645856380462646
-0.7647386789321899
-0.15525177121162415
-0.7253769040107727
-0.3526877760887146
-0.9643328189849854
-1.354388952255249
-1.0750993490219116
-0.8662681579589844
-0.9918755292892456
-0.18577978014945984
-0.7065973877906799
0.18281424045562744
-0.19823512434959412
-0.8095497488975525
-1.4510152339935303
-1.3853951692581177
-0.35474851727485657
-0.8877007365226746
-0.035101547837257385
-1.1266989707946777
0.2843486964702606
-0.3492637276649475
-0.9617570638656616
-0.7222912311553955
-0.45779845118522644
-0.12854322791099548
-0.8290063142776489
-0.7228590250015259
-0.5648141503334045
-0.9024968147277832
-0.205495685338974
-0.7898430824279785
-1.257957100868225
-0.6087838411331177
-0.4147547781467438
-1.0316904783248901
-2.9299681186676025
-1.3790873289108276
1.6452242136001587
-0.5116618275642395
-0.7819842100143433
-0.0995078980922699
-1.0887178182601929
-0.5733621716499329
-1.1388206481933594
-1.0794777870178223
-0.8084874749183655
-0.8751714825630188
-0.2042703777551651
-1.7818416357040405
-0.2915154993534088
-0.35446271300315857
-0.7858158349990845
-0.5022382140159607
-1.3781098127365112
-0.4112737476825714
0.32082659006118774
-0.8495543599128723
-0.6480503082275391
-1.2090115547180176
-0.7362987399101257
0.08604609221220016
-1.5860756635665894
-0.3682762682437897
-0.24770157039165497
0.051170896738767624
-0.3906688690185547
-1.1160858869552612
-0.6822106242179871
-0.8720606565475464
-1.3719587326049805
-0.8138163685798645
-1.1888443231582642
-1.13638174533844
-0.9351664781570435
0.24311509728431702
-0.7058615684509277
-1.7971032857894897
-0.1521727740764618
-0.38014671206474304
-0.773984432220459
-1.395890235900879
-0.8778409361839294
-0.272361695766449
-0.15485936403274536
-0.5500116348266602
0.22046524286270142
-0.2618367075920105
-0.752696692943573
-0.11982002854347229
-1.414825439453125
-0.03655104711651802
0.2287391722202301
-0.7527499198913574
-0.6546465754508972
-0.9444644451141357
-1.5109376907348633
0.07659662514925003
0.10945412516593933
-0.7730704545974731
-0.8317320942878723
-1.3222661018371582
-0.989526629447937
-0.614005446434021
-0.8355236053466797
-0.6749434471130371
-0.40446943044662476
-0.9244773387908936
-0.2979799211025238
-0.9373284578323364
-0.9191498160362244
-0.45735642313957214
-1.5228930711746216
-0.1518792361021042
-0.8338620662689209
-0.2691250145435333
-0.2009480893611908
-0.6982783675193787
-0.7519065141677856
-0.6109445095062256
-0.9206861257553101
-0.2946566641330719
-0.762211263179779
-0.17996101081371307
-0.4411833584308624
-0.22269555926322937
-1.80482816696167
-0.04560046270489693
-0.2529343068599701
-1.220772624015808
-0.3518854081630707
-1.168976902961731
-1.5976487398147583
-1.3285571336746216
-1.093180775642395
-1.3191214799880981
-0.6465467214584351
-0.41706395149230957
-0.2850465774536133
-1.2316594123840332
-0.7633360624313354
-0.16277717053890228
-1.9917007684707642
-0.11870142072439194
-1.2914714813232422
-0.6845926642417908
-0.7655448317527771
0.49072933197021484
-0.6086838841438293
-0.97842937707901
-0.5747495889663696
-0.8630613088607788
-0.39495280385017395
-0.3583014905452728
-0.6234288811683655
-0.550495982170105
-1.3691155910491943
-0.8581399321556091
-0.4716408848762512
-1.2194583415985107
-1.9424638748168945
-0.5468291640281677
-0.9045536518096924
0.1022413969039917
-0.7026016712188721
-0.9007970094680786
-0.5475247502326965
0.05984054133296013
-0.9853066205978394
-0.5736048817634583
-0.9831265807151794
-0.6355664134025574
0.23536764085292816
-0.24791273474693298
-0.7659592628479004
-0.8436685800552368
-0.5068560242652893
-0.48362478613853455
-1.0681607723236084
0.4712700843811035
-0.9071675539016724
-1.843870759010315
-0.006999182049185038
0.4879627823829651
0.26211750507354736
-0.7413636445999146
-0.5931150317192078
-0.7679505348205566
0.2042536735534668
-0.515555739402771
-1.0252737998962402
0.042738813906908035
-0.7992075681686401
-0.902557373046875
-0.3642221689224243
-1.191808819770813
-0.5401945114135742
-1.531272053718567
-1.3228232860565186
-0.8739144802093506
-0.9283124804496765
-0.7280476093292236
-0.06417346745729446
-0.32224398851394653
-0.5283415913581848
-1.1257857084274292
0.08191344887018204
-1.0218771696090698
-1.2683298587799072
0.3332066535949707
-0.566338300704956
-0.5116344094276428
0.054260071367025375
-0.6013290286064148
0.2388795018196106
0.1545184701681137
-0.32162460684776306
-0.32997336983680725
-0.004236020613461733
-0.7235497832298279
0.32690390944480896
-0.776469349861145
-0.697083055973053
-1.3491435050964355
-0.19571749866008759
0.09976265579462051
-0.6150062680244446
-0.8299822211265564
-0.7849523425102234
-0.14297688007354736
-0.03525296971201897
0.3204464316368103
-0.756373405456543
-1.2761569023132324
-0.4049474596977234
-1.1063497066497803
-0.6711910963058472
-0.43479403853416443
-0.008958015590906143
-0.3524928689002991
-0.6754026412963867
-0.9220593571662903
-1.0961198806762695
-0.2572837769985199
-0.9810342192649841
0.3960961699485779
-1.0166622400283813
0.9102556109428406
-0.9841498136520386
-0.8816961050033569
-0.33757930994033813
-1.2804104089736938
-0.6043549180030823
-0.9513483047485352
-0.27263399958610535
-1.3005820512771606
-0.7312820553779602
-0.3467647135257721
-1.3418998718261719
0.4872930347919464
-0.44364479184150696
-1.66887366771698
-0.7583586573600769
-0.6781439781188965
-1.290542483329773
-0.5384226441383362
-1.5987317562103271
-0.4719235301017761
-0.8293927907943726
0.909336268901825
-1.6594762802124023
-0.22114543616771698
-0.5201925039291382
-0.6117931008338928
-1.029620885848999
-0.3112812638282776
-0.8249629735946655
0.26776260137557983
-0.6307761669158936
-0.8574438691139221
0.344800740480423
-1.1997480392456055
-0.9458651542663574
-0.5822873115539551
-0.24546296894550323
-0.8989037871360779
-0.9557385444641113
0.13520212471485138
-0.8734407424926758
0.47812420129776
-0.545870304107666
-0.35514938831329346
-1.9137775897979736
-1.169183611869812
-1.2842618227005005
-0.568419873714447
-0.7807037234306335
-0.5288491249084473
-1.1001378297805786
-0.9244793653488159
-0.7163593173027039
0.6482805013656616
-0.9813226461410522
-0.9049768447875977
-0.9536436200141907
0.18259143829345703
-0.18299543857574463
-1.5338908433914185
-0.6043603420257568
-0.148021399974823
0.8810106515884399
0.4081844985485077
0.0773199200630188
0.018752794712781906
-1.1943962574005127
-0.7281147837638855
0.3249732553958893
-0.5433738231658936
-0.3207913935184479
-0.3176574110984802
-0.8586588501930237
-0.16284829378128052
-1.0710628032684326
-0.2416001260280609
-0.46489232778549194
-0.2466413974761963
-0.2768164575099945
-1.1737502813339233
-0.6005174517631531
