1.164206624031067
2.737964630126953
0.8922813534736633
1.7330023050308228
0.7306393980979919
1.4327059984207153
2.0163216590881348
0.7698984742164612
0.4802144765853882
0.8767898678779602
1.0060510635375977
1.3760956525802612
0.5741338133811951
0.3760784864425659
0.5549575090408325
1.7602219581604004
0.48841041326522827
0.9259357452392578
1.21113121509552
1.2954446077346802
0.6953997611999512
1.448801040649414
1.7667865753173828
1.6424753665924072
1.92503023147583
1.5778752565383911
1.6222456693649292
0.506470799446106
1.648264765739441
0.7989689111709595
0.571467399597168
2.238295793533325
3.0831124782562256
0.6560521721839905
1.3211119174957275
1.9908877611160278
1.0961776971817017
2.1036245822906494
0.9153861403465271
0.8601358532905579
1.262978196144104
1.9942562580108643
1.4827849864959717
1.9226382970809937
2.075324296951294
2.1886751651763916
0.6405309438705444
1.2908860445022583
1.0300599336624146
0.3745505213737488
1.1649606227874756
1.6775730848312378
0.9530283808708191
1.3915345668792725
0.8800347447395325
2.064601421356201
1.8344650268554688
1.2928659915924072
0.37012481689453125
0.6562455296516418
2.2768352031707764
1.5175668001174927
0.39531660079956055
1.3569819927215576
0.584819495677948
1.298343539237976
1.1541539430618286
1.2937698364257812
1.5946872234344482
2.3870930671691895
1.5590978860855103
0.5959000587463379
2.3876559734344482
1.785259485244751
1.8253593444824219
0.6485040187835693
1.20314621925354
0.9283106327056885
2.807248592376709
2.027672052383423
0.4927748441696167
1.2875484228134155
0.47300589084625244
1.7317086458206177
1.3218283653259277
1.568211317062378
0.6084535121917725
1.3380181789398193
1.2993711233139038
1.385618805885315
1.9389336109161377
1.790475845336914
1.9583503007888794
1.2743198871612549
1.851435899734497
1.43589448928833
1.2705070972442627
1.0838806629180908
0.6490646004676819
0.46331334114074707
0.442230224609375
2.692206382751465
1.9769505262374878
1.2977008819580078
1.8459737300872803
1.3330090045928955
1.5856149196624756
0.43461304903030396
2.3925788402557373
0.9541581273078918
1.4637713432312012
1.5957083702087402
1.4014376401901245
2.110166549682617
2.1375980377197266
2.390613317489624
1.2718918323516846
2.5832643508911133
1.103018045425415
1.1812198162078857
1.4623405933380127
1.6292423009872437
1.9600909948349
1.560412883758545
1.100090742111206
0.6362334489822388
0.9225337505340576
1.7644166946411133
0.805058479309082
0.48163801431655884
1.3754295110702515
2.4704859256744385
1.9147828817367554
1.4347343444824219
1.5345349311828613
1.9428832530975342
0.41552722454071045
0.5790640115737915
0.46692419052124023
1.6890560388565063
1.1126935482025146
1.650697946548462
2.032031536102295
1.3107008934020996
1.8160910606384277
0.6045348644256592
1.2176989316940308
2.36564302444458
1.6364424228668213
1.5861377716064453
1.6211272478103638
1.7493548393249512
1.76093327999115
1.8681526184082031
1.027024269104004
0.9121099710464478
1.4196370840072632
1.4744055271148682
0.9987243413925171
1.4945988655090332
0.41412079334259033
1.4848304986953735
1.9088616371154785
0.4543370008468628
1.2877373695373535
1.400407075881958
1.1311897039413452
1.1492077112197876
1.7158981561660767
0.46131134033203125
2.059401273727417
1.4418702125549316
1.0372390747070312
1.5216652154922485
2.0645291805267334
1.7340550422668457
0.594860851764679
0.6559995412826538
1.7121855020523071
1.3227649927139282
1.169854998588562
2.0036420822143555
1.3480167388916016
0.7025237679481506
0.72138512134552
1.0461397171020508
1.5401315689086914
1.6693886518478394
1.8146471977233887
1.201381802558899
1.4189578294754028
1.319088101387024
2.53411602973938
1.8572638034820557
2.086519479751587
1.813220739364624
0.6586087346076965
1.7614741325378418
2.105290412902832
1.3466905355453491
1.1367034912109375
1.6400858163833618
1.7430890798568726
1.193687915802002
1.651170015335083
0.5664417743682861
0.9126524329185486
1.3133533000946045
1.4294917583465576
0.6261393427848816
1.0356448888778687
1.643970251083374
1.0080749988555908
0.8375914692878723
1.5479332208633423
2.7454588413238525
2.2290921211242676
0.7868649363517761
2.333770751953125
1.0442492961883545
1.1295266151428223
1.9588598012924194
0.6618999242782593
0.9698365926742554
2.18247127532959
1.4404343366622925
2.1496407985687256
1.8756362199783325
1.0090408325195312
0.8143966197967529
1.6431163549423218
1.460432767868042
1.4361393451690674
1.5811935663223267
1.3483409881591797
2.2140824794769287
1.3085817098617554
2.073134422302246
0.5417554974555969
1.4040300846099854
1.8871554136276245
2.473510980606079
1.5351929664611816
1.3453973531723022
1.460509181022644
0.5259016752243042
1.4726537466049194
2.336437702178955
1.687252402305603
1.4245624542236328
0.4189440608024597
0.48031842708587646
2.181286096572876
1.3531616926193237
1.2858176231384277
1.4305667877197266
2.1004018783569336
1.827165126800537
1.7450027465820312
2.0651304721832275
1.2320605516433716
1.6461671590805054
0.7664550542831421
1.2201710939407349
1.8447397947311401
0.548328161239624
1.491802453994751
1.4721678495407104
1.9993677139282227
0.9743097424507141
2.010072708129883
0.3205187916755676
1.3749463558197021
1.2209351062774658
0.6123994588851929
1.5261143445968628
2.629488229751587
1.4457377195358276
0.7342545986175537
0.8095548748970032
1.9341468811035156
1.6767611503601074
1.0309861898422241
1.8348033428192139
0.3979538679122925
2.958301305770874
1.2538303136825562
1.6107321977615356
0.9085325598716736
2.253366708755493
1.51427161693573
0.97163987159729
0.5431078672409058
0.548224687576294
1.1328662633895874
2.3427727222442627
1.942031741142273
0.736595094203949
1.272459626197815
0.5090102553367615
1.4481559991836548
0.7266143560409546
0.41408562660217285
1.3436695337295532
1.72548246383667
1.6580455303192139
2.1615500450134277
2.3505287170410156
1.1280484199523926
1.0502026081085205
1.0163853168487549
1.2983847856521606
0.444146990776062
0.4049639105796814
1.1648449897766113
1.3499149084091187
1.1753802299499512
2.118628978729248
1.3904175758361816
0.4609757661819458
2.047095537185669
1.6105185747146606
1.273439645767212
1.0240967273712158
1.8627872467041016
1.3293124437332153
1.4378470182418823
0.5172977447509766
0.5639426708221436
1.369773507118225
0.5272530317306519
1.806036114692688
1.3070000410079956
1.3273504972457886
1.6673098802566528
0.6860064268112183
2.9782984256744385
1.5976316928863525
2.0390357971191406
0.5155549049377441
1.5233550071716309
1.4037224054336548
1.790373682975769
2.0322256088256836
1.84546959400177
1.760400414466858
0.6242271661758423
1.250813603401184
1.904974341392517
1.3838862180709839
1.384697437286377
1.6925718784332275
2.1620776653289795
1.4321213960647583
0.5844778418540955
1.8134174346923828
2.227062225341797
1.4456408023834229
0.43372923135757446
1.5814058780670166
0.9606382250785828
1.4526689052581787
1.0219906568527222
1.073017954826355
1.726745843887329
1.3426107168197632
1.7868006229400635
2.139850616455078
1.7483551502227783
1.9074292182922363
1.810469627380371
1.7645041942596436
2.2139415740966797
1.6244580745697021
2.1263980865478516
0.8594624996185303
1.4962917566299438
0.6929343938827515
1.4336169958114624
1.7044333219528198
1.7209337949752808
1.3168692588806152
1.0164533853530884
1.6608140468597412
1.6655991077423096
2.5829296112060547
0.8919997215270996
1.2512779235839844
2.7012553215026855
1.1928995847702026
0.8147627115249634
2.051907777786255
1.5792454481124878
1.8376291990280151
1.097754716873169
2.051943063735962
1.4427688121795654
0.8008732795715332
1.0122182369232178
1.2295122146606445
2.1632702350616455
1.6004081964492798
1.164388656616211
0.4810793399810791
1.3925347328186035
1.276066541671753
1.2177889347076416
1.4287909269332886
1.3852187395095825
2.5030720233917236
0.6860295534133911
2.5195600986480713
2.3186044692993164
1.2467453479766846
1.3728530406951904
1.4186010360717773
0.4936884641647339
1.064396858215332
1.518628716468811
1.2193084955215454
0.7748770117759705
0.9652384519577026
1.001920223236084
1.0951992273330688
0.5150470733642578
3.0577073097229004
2.0628418922424316
1.7174036502838135
0.7712337374687195
1.197523832321167
1.3306046724319458
0.854276716709137
1.04445481300354
1.5590460300445557
1.1089035272598267
1.6047435998916626
2.244511604309082
1.653834342956543
2.362159252166748
1.6984840631484985
1.812223196029663
1.2574256658554077
1.2842957973480225
1.2659767866134644
1.8036820888519287
1.1468453407287598
1.0097426176071167
0.8224100470542908
1.6808584928512573
1.281224250793457
2.316190242767334
0.7921434044837952
1.824713110923767
0.8363478779792786
1.5398452281951904
1.3870713710784912
1.6248929500579834
1.2561266422271729
1.4385583400726318
1.040635585784912
1.024501919746399
0.3734928369522095
1.7028154134750366
2.8875958919525146
0.8813047409057617
0.8820599913597107
2.4880988597869873
0.8501941561698914
1.53354811668396
0.44653159379959106
1.0118675231933594
1.6004717350006104
0.849411129951477
1.5256104469299316
0.48942989110946655
1.1044541597366333
2.4644322395324707
1.3225589990615845
2.018953323364258
1.0037554502487183
1.5229554176330566
2.192173719406128
1.3373568058013916
1.622812271118164
1.4964594841003418
2.147209644317627
0.694983184337616
1.8685879707336426
0.9857803583145142
1.3515959978103638
1.8861629962921143
1.4549778699874878
0.7605835199356079
1.4633395671844482
0.9951449632644653
1.6122690439224243
1.3913930654525757
1.7005022764205933
0.293609619140625
1.4880479574203491
1.3803023099899292
1.3424341678619385
1.9909874200820923
1.3834006786346436
1.0232315063476562
0.4867306351661682
1.3082871437072754
1.8583500385284424
1.1896909475326538
1.288779854774475
1.2160357236862183
1.0153288841247559
1.6583839654922485
2.0328400135040283
1.83263099193573
1.306030035018921
2.1962761878967285
1.137778878211975
1.4372388124465942
1.934504747390747
2.4297807216644287
0.7964922189712524
1.992998480796814
2.175797462463379
0.9135595560073853
1.8299058675765991
1.7275294065475464
0.9939208626747131
1.1459232568740845
0.41720396280288696
0.663686215877533
1.580017328262329
1.713285207748413
0.7491743564605713
0.8902665376663208
2.3358583450317383
1.2882843017578125
1.4309792518615723
0.6202892661094666
0.5833508968353271
1.6240602731704712
2.4358370304107666
1.2929819822311401
1.7727437019348145
1.659070372581482
1.2474651336669922
1.8817694187164307
2.9934375286102295
1.3242816925048828
1.4174482822418213
0.41081058979034424
1.2707338333129883
1.4827519655227661
1.9034329652786255
1.1429495811462402
3.004762887954712
1.3903547525405884
1.7639031410217285
1.0505532026290894
0.6447842121124268
0.45934486389160156
2.651926040649414
1.3352004289627075
1.5944594144821167
1.4320679903030396
0.6072496771812439
0.6111668944358826
1.1068516969680786
2.148320436477661
1.748607873916626
1.8611208200454712
0.7596319913864136
2.687361240386963
0.5723859667778015
1.8667190074920654
0.7341470718383789
0.6259638667106628
1.7646466493606567
1.4303895235061646
1.273813247680664
1.9492955207824707
1.7654998302459717
1.124685525894165
2.2580456733703613
1.7739101648330688
1.3795430660247803
0.863632082939148
0.9208642244338989
1.900423526763916
2.0652403831481934
1.7005083560943604
1.043847918510437
0.8684502840042114
1.7459262609481812
1.501280426979065
1.3658186197280884
0.4326317310333252
1.4561975002288818
1.8618754148483276
1.387719750404358
1.2468290328979492
1.4232195615768433
2.003782272338867
2.6194114685058594
1.4146993160247803
0.5885834097862244
0.8747020959854126
0.7358628511428833
0.6948068141937256
1.1046044826507568
1.2444320917129517
1.2277038097381592
2.271496057510376
0.6826618909835815
1.558379054069519
1.5651001930236816
1.1928553581237793
0.6833914518356323
1.2025260925292969
0.7683345079421997
2.131197690963745
1.504196286201477
0.6440364718437195
1.6820855140686035
1.1363276243209839
1.2502806186676025
0.6939181685447693
1.8141924142837524
1.1370134353637695
1.7765934467315674
1.9721473455429077
1.7154560089111328
1.290698528289795
1.407335877418518
1.7700331211090088
0.5765944719314575
0.9961768388748169
0.43170642852783203
1.4713281393051147
1.819129467010498
1.539151906967163
0.8363009691238403
1.5582619905471802
2.2902987003326416
1.9720704555511475
1.4971965551376343
2.0025906562805176
1.9289641380310059
1.5304830074310303
1.0639570951461792
0.628013551235199
1.0305277109146118
1.0434789657592773
1.7300751209259033
1.6488010883331299
1.6206731796264648
1.4625638723373413
1.509033441543579
0.5070457458496094
1.6821188926696777
1.1110386848449707
1.5623630285263062
0.8467747569084167
1.728720784187317
1.1258701086044312
1.6835801601409912
2.3871607780456543
1.5798550844192505
1.7147431373596191
1.744359016418457
1.9264230728149414
1.2626075744628906
