0.02516162395477295
0.02417999505996704
0.03776228427886963
0.02578490972518921
0.0052307844161987305
0.04556828737258911
0.19920861721038818
0.005805075168609619
0.0031070709228515625
0.05598360300064087
0.2817249298095703
0.12538105249404907
0.0055342912673950195
0.05722200870513916
0.06398439407348633
0.14127683639526367
0.13720417022705078
0.02318549156188965
0.006577253341674805
0.1246563196182251
0.011099815368652344
0.006020307540893555
0.0021195411682128906
0.10667270421981812
0.09353959560394287
0.017754316329956055
0.17787468433380127
0.007089793682098389
0.002043306827545166
0.005315899848937988
0.0600549578666687
0.009332656860351562
0.01439821720123291
0.0481724739074707
0.01268082857131958
0.009192049503326416
0.006720900535583496
0.08489513397216797
0.28666043281555176
0.022394239902496338
0.11165356636047363
0.00607752799987793
0.0022686123847961426
0.03074514865875244
0.06535667181015015
0.0019254684448242188
0.01941823959350586
0.02654784917831421
0.008759260177612305
0.0037636756896972656
0.003410637378692627
0.007521092891693115
0.011358320713043213
0.03208082914352417
0.0028739571571350098
0.017188549041748047
0.001889646053314209
0.006460607051849365
0.017369985580444336
0.002312898635864258
0.006230711936950684
0.0042015910148620605
0.006324887275695801
0.1477954387664795
0.053266167640686035
0.1871023178100586
0.025020718574523926
0.08981376886367798
0.004917323589324951
0.014315307140350342
0.005517363548278809
0.004550635814666748
0.13440239429473877
0.017287790775299072
0.0016155838966369629
0.07096076011657715
0.005258679389953613
0.00803065299987793
0.010416626930236816
0.11320626735687256
0.006869971752166748
0.004230082035064697
0.007780015468597412
0.00495833158493042
0.009512782096862793
0.0047005414962768555
0.1356297731399536
0.009387016296386719
0.00787585973739624
0.011241734027862549
0.005417525768280029
0.20596742630004883
0.07027322053909302
0.06453561782836914
0.007668495178222656
0.0025670528411865234
0.05258452892303467
0.07819259166717529
0.012521207332611084
0.07193773984909058
0.052726924419403076
0.006029725074768066
0.015501081943511963
0.019591152667999268
0.021378636360168457
0.006083428859710693
0.038234829902648926
0.010190248489379883
0.011197149753570557
0.1665360927581787
0.005645155906677246
0.07853126525878906
0.187766432762146
0.005236268043518066
0.008156538009643555
0.006871938705444336
0.024143695831298828
0.008589088916778564
0.04913294315338135
0.014339029788970947
0.0061759352684021
0.003174126148223877
0.00513070821762085
0.033700764179229736
0.028623104095458984
0.0026166439056396484
0.0022851228713989258
0.015126407146453857
0.007257997989654541
0.012141942977905273
0.06953144073486328
0.02384781837463379
0.003071308135986328
0.009077191352844238
0.0898696780204773
0.016753554344177246
0.05365562438964844
0.01112896203994751
0.008773267269134521
0.032539308071136475
0.002798914909362793
0.008023858070373535
0.007328152656555176
0.006785690784454346
0.0043708086013793945
0.006636440753936768
0.06492149829864502
0.028792500495910645
0.009285211563110352
0.04655110836029053
0.005047798156738281
0.014866292476654053
0.09252595901489258
0.01046133041381836
0.019919872283935547
0.025252342224121094
0.13217896223068237
0.08215111494064331
0.008176684379577637
0.3389873504638672
0.0038863420486450195
0.003968298435211182
0.042621910572052
0.0435296893119812
0.0023908615112304688
0.007627367973327637
0.1302940845489502
0.10595309734344482
0.00630873441696167
0.011484920978546143
0.028231024742126465
0.004400014877319336
0.03316092491149902
0.03597301244735718
0.011907994747161865
0.010101377964019775
0.0035910606384277344
0.01784813404083252
0.008220493793487549
0.04060572385787964
0.02295386791229248
0.0062827467918396
0.0066114068031311035
0.031709253787994385
0.028646767139434814
0.0035918354988098145
0.03219860792160034
0.02469348907470703
0.01924145221710205
0.005627334117889404
0.027946114540100098
0.020882904529571533
0.031490325927734375
0.0227431058883667
0.011624336242675781
0.004321873188018799
0.0014663934707641602
0.0032511353492736816
0.006738066673278809
0.006987869739532471
0.02381056547164917
0.03732973337173462
0.013105928897857666
0.008086681365966797
0.3624981641769409
0.018458306789398193
0.0021646618843078613
0.00926905870437622
0.12896835803985596
0.0014314651489257812
0.005952715873718262
0.007279694080352783
0.0914468765258789
0.3163621425628662
0.012445211410522461
0.006393015384674072
0.002556145191192627
0.0024802684783935547
0.009686589241027832
0.05033963918685913
0.06298589706420898
0.0055637359619140625
0.010913968086242676
0.25578951835632324
0.0067765116691589355
0.15767502784729004
0.03749781847000122
0.026241600513458252
0.004374444484710693
0.08738553524017334
0.0063980817794799805
0.727895200252533
0.018691420555114746
0.002719402313232422
0.0020897984504699707
0.008023262023925781
0.01780116558074951
0.002627074718475342
0.006695687770843506
0.006105244159698486
0.0018315911293029785
0.13133996725082397
0.015345454216003418
0.03271472454071045
0.008483171463012695
0.005118310451507568
0.10545927286148071
0.01038891077041626
0.13365709781646729
0.007121443748474121
0.029995501041412354
0.03237348794937134
0.2832416296005249
0.3525434732437134
0.14377212524414062
0.00420302152633667
0.007059752941131592
0.10072571039199829
0.0027089715003967285
0.009147942066192627
0.012030363082885742
0.0536043643951416
0.06554824113845825
0.008088648319244385
0.0031569600105285645
0.005193531513214111
0.017415761947631836
0.010463833808898926
0.02229750156402588
0.004574775695800781
0.08542317152023315
0.002114534378051758
0.06563442945480347
0.009197711944580078
0.005661070346832275
0.0039746761322021484
0.004776954650878906
0.017120838165283203
0.015864074230194092
0.0033361315727233887
0.12449383735656738
0.12257164716720581
0.0068936944007873535
0.023924589157104492
0.015505075454711914
0.005877971649169922
0.14009445905685425
0.06893813610076904
0.1799696683883667
0.015079677104949951
0.010270118713378906
0.015176355838775635
0.004803717136383057
0.0035725831985473633
0.031587183475494385
0.15289068222045898
0.008598029613494873
0.006459712982177734
0.007166862487792969
0.03969728946685791
0.007986009120941162
0.003414630889892578
0.06747472286224365
0.006699562072753906
0.0037331581115722656
0.02140939235687256
0.004744470119476318
0.009958446025848389
0.0035239458084106445
0.05037963390350342
0.14812332391738892
0.1391080617904663
0.005034506320953369
0.002965271472930908
0.06836307048797607
0.005938231945037842
0.34371674060821533
0.00502467155456543
0.014823853969573975
0.015568971633911133
0.006370186805725098
0.009637415409088135
0.3122309446334839
0.01578807830810547
0.001560986042022705
0.020867526531219482
0.007845163345336914
0.03323984146118164
0.004019558429718018
0.021194934844970703
0.003229498863220215
0.00523751974105835
0.026282012462615967
0.08078545331954956
0.027315080165863037
0.08667534589767456
0.4826934337615967
0.09532642364501953
0.011059045791625977
0.02565675973892212
0.03189903497695923
0.3304330110549927
0.006168842315673828
0.01395958662033081
0.0027605295181274414
0.008420705795288086
0.06017202138900757
0.017197072505950928
0.0210421085357666
0.009153425693511963
0.0028408169746398926
0.013656973838806152
0.40503066778182983
0.19283604621887207
0.16834241151809692
0.002341747283935547
0.00900036096572876
0.02379685640335083
0.008510351181030273
0.005730330944061279
0.07983076572418213
0.0033066272735595703
0.02714073657989502
0.3799194097518921
0.0029230117797851562
0.002550780773162842
0.0027505159378051758
0.019971191883087158
0.088173508644104
0.005895435810089111
0.05140131711959839
0.08739697933197021
0.007450282573699951
0.00322878360748291
0.007124006748199463
0.007179558277130127
0.007251083850860596
0.1024249792098999
0.019648432731628418
0.006669402122497559
0.024981677532196045
0.13608020544052124
0.07661116123199463
0.0026483535766601562
0.05765765905380249
0.006646573543548584
0.016461431980133057
0.01389002799987793
0.01170116662979126
0.0118178129196167
0.10518622398376465
0.13824725151062012
0.08450371026992798
0.05337649583816528
0.01960897445678711
0.012779772281646729
0.00712054967880249
0.005154132843017578
0.028657495975494385
0.035245418548583984
0.015538156032562256
0.0032916665077209473
0.09585779905319214
0.011705577373504639
0.01891505718231201
0.21513128280639648
0.005004942417144775
0.19730061292648315
0.004472196102142334
0.0745542049407959
0.007559359073638916
0.009478747844696045
0.010760784149169922
0.010835707187652588
0.008395254611968994
0.013229012489318848
0.0076027512550354
0.003748476505279541
0.010690748691558838
0.2098659873008728
0.007214009761810303
0.008615255355834961
0.05611145496368408
0.02324742078781128
0.0018651485443115234
0.007315516471862793
0.022377371788024902
0.02747398614883423
0.008976936340332031
0.34591424465179443
0.7748892903327942
0.053749918937683105
0.004683017730712891
0.0034388303756713867
0.020069658756256104
0.01878756284713745
0.04011601209640503
0.013523101806640625
0.1242438554763794
0.006407558917999268
0.025265514850616455
0.0023081302642822266
0.0029391050338745117
0.0034114718437194824
0.16498816013336182
0.008015334606170654
0.013123691082000732
0.0007862448692321777
0.005500495433807373
0.0020239949226379395
0.00601804256439209
0.002887427806854248
0.010880231857299805
0.022350013256072998
0.0025103092193603516
0.00999748706817627
0.09833705425262451
0.08814316987991333
0.15064120292663574
0.04633128643035889
0.06555593013763428
0.012988626956939697
0.003059208393096924
0.0031585097312927246
0.20809364318847656
0.0027443766593933105
0.0610082745552063
0.12857389450073242
0.003052949905395508
0.09818971157073975
0.003475368022918701
0.2433183193206787
0.0036676526069641113
0.17670464515686035
0.00961458683013916
0.061942219734191895
0.006936788558959961
0.008735418319702148
0.006205201148986816
0.03366363048553467
0.019495844841003418
0.023358047008514404
0.016222238540649414
0.017942070960998535
0.014978528022766113
0.009463667869567871
0.011041045188903809
0.009926557540893555
0.015065908432006836
0.003361821174621582
0.16322088241577148
0.04090183973312378
0.010779857635498047
0.05166822671890259
0.1333838701248169
0.009057700634002686
0.006340146064758301
0.007177412509918213
0.016647696495056152
0.09206002950668335
0.005538225173950195
0.007823407649993896
0.010364234447479248
0.015222370624542236
0.08219337463378906
0.0071648359298706055
0.0023071765899658203
0.002904832363128662
0.1382436752319336
0.039756715297698975
0.25361621379852295
0.00615924596786499
0.02101510763168335
0.0054343342781066895
0.017652153968811035
0.022769570350646973
0.03092402219772339
0.0019338726997375488
0.012512922286987305
0.006965756416320801
0.05164647102355957
0.043358802795410156
0.005730807781219482
0.08297163248062134
0.004401743412017822
0.0022042393684387207
0.0655636191368103
0.2841247320175171
0.05365568399429321
0.0077294111251831055
0.0049912333488464355
0.01173698902130127
0.02029883861541748
0.004187285900115967
0.03891068696975708
0.01219642162322998
0.004262149333953857
0.001819312572479248
0.017847836017608643
0.003604292869567871
0.040190041065216064
0.027553856372833252
0.0036919116973876953
0.016923248767852783
0.07009768486022949
0.11218047142028809
0.02799767255783081
0.0070247650146484375
0.003906846046447754
0.31464874744415283
0.0037680864334106445
0.0025901198387145996
0.0625230073928833
0.0523838996887207
0.21784275770187378
0.4839733839035034
0.16156357526779175
0.031097829341888428
0.05631875991821289
0.12800496816635132
0.056463658809661865
0.11154496669769287
0.008282601833343506
0.009737789630889893
0.0113181471824646
0.002171754837036133
0.003105640411376953
0.014440059661865234
0.0375400185585022
0.01835012435913086
0.01150214672088623
0.007569313049316406
0.00945746898651123
0.004563629627227783
0.003583371639251709
0.00662761926651001
0.008234202861785889
0.01908820867538452
0.006893575191497803
0.026138722896575928
0.004008948802947998
0.028116941452026367
0.09789252281188965
0.012068688869476318
0.008256375789642334
0.8273574113845825
0.019644737243652344
0.04410111904144287
0.008365392684936523
0.005388200283050537
0.0017005205154418945
0.03251451253890991
0.012107551097869873
0.006249070167541504
0.014748573303222656
0.0027104616165161133
0.008173227310180664
0.0036268234252929688
0.012985289096832275
0.005238056182861328
0.026450932025909424
0.010798335075378418
0.0017173290252685547
0.009910762310028076
0.20080208778381348
0.22132813930511475
0.04434990882873535
0.002240777015686035
0.004794597625732422
0.13361358642578125
0.16804134845733643
0.12359309196472168
0.11628830432891846
0.01597154140472412
0.39512062072753906
0.007167339324951172
0.0734478235244751
0.1384727954864502
0.004405617713928223
0.004257857799530029
0.0040070414543151855
0.0026668906211853027
0.02337169647216797
0.00702744722366333
0.004051387310028076
0.0023438334465026855
0.012992560863494873
0.051342904567718506
0.05175042152404785
0.004416465759277344
0.09504806995391846
0.047305166721343994
0.0161626935005188
0.07807755470275879
0.01819688081741333
0.005418300628662109
0.002894759178161621
0.011363863945007324
0.10402721166610718
0.005755603313446045
0.002216160297393799
0.05181407928466797
0.03888392448425293
0.007919132709503174
0.004628121852874756
0.007466137409210205
0.007582366466522217
0.00966024398803711
0.010644137859344482
0.27856290340423584
0.009485602378845215
0.08257150650024414
0.3437390923500061
0.06031918525695801
0.1236068606376648
0.12673115730285645
0.1537795066833496
0.008776068687438965
0.00594097375869751
0.13017773628234863
0.3159235715866089
0.07337808609008789
0.057549118995666504
0.10073363780975342
0.004214644432067871
0.02381235361099243
0.16644346714019775
0.008624374866485596
0.06346994638442993
0.0030712485313415527
0.00934368371963501
0.06068354845046997
