-0.010226935148239136
-0.05475234240293503
0.0073757111094892025
-0.07662338018417358
-0.06580253690481186
-0.019372940063476562
-0.3225891888141632
-0.039488837122917175
-0.03636647015810013
0.016804205253720284
-0.3129935562610626
-0.05609670653939247
-0.01332671009004116
0.019257958978414536
-0.03033921681344509
-0.43224096298217773
-0.013444582931697369
0.010168492794036865
0.031186914071440697
0.025204213336110115
-0.04165986180305481
0.0074943359941244125
-0.007490217220038176
-0.13516804575920105
-0.21218223869800568
-0.03803631290793419
0.6158549189567566
-0.02734212577342987
-0.0011265139328315854
-0.024675365537405014
-0.04216422513127327
-0.0909741222858429
-0.09283822774887085
-0.053119778633117676
0.1347394436597824
-0.12310249358415604
-0.1037350445985794
-0.2091330885887146
0.31708166003227234
0.012289953418076038
-0.14541640877723694
-0.11994971334934235
-0.00379271456040442
0.021119151264429092
-0.2173709273338318
-0.030961746349930763
-0.025592034682631493
-0.0510634146630764
-0.028243351727724075
0.01345242653042078
-0.043434012681245804
-0.09215842187404633
-0.039054278284311295
0.19657021760940552
-0.07487639039754868
-0.19633565843105316
-0.004066541790962219
0.08565063029527664
0.0003520241007208824
-0.07532387971878052
-0.09286534786224365
-0.0024985542986541986
0.009371988475322723
0.3020877540111542
-0.06565310806035995
0.11067932844161987
-0.03566127270460129
0.08261657506227493
0.0068954769521951675
-0.07584446668624878
-0.008034699596464634
0.056264813989400864
0.21926048398017883
-0.0458555668592453
-0.0008959507686085999
0.0022380941081792116
-0.023297075182199478
-0.0020194968674331903
-0.08749359101057053
-0.46672889590263367
-0.07856566458940506
-0.0565386600792408
-0.05350923910737038
-0.09375423938035965
0.12191193550825119
-0.09876810759305954
0.06152564659714699
0.0033219815231859684
0.0023968254681676626
-0.0450945608317852
-0.1244768351316452
-0.1215568259358406
-0.015279932878911495
0.20585276186466217
-0.0018131027463823557
-0.04949798807501793
0.05817950516939163
0.4070158302783966
-0.009015881456434727
0.015014936216175556
0.035857684910297394
-0.11213028430938721
-0.06165304780006409
0.05321042612195015
0.04930027201771736
0.028418652713298798
-0.41783198714256287
-0.09981578588485718
-0.08194291591644287
0.3309245705604553
-0.09722384810447693
-0.012446854263544083
0.33972132205963135
-0.16686755418777466
0.06846828758716583
-0.10681957751512527
0.11603609472513199
-0.05542493984103203
0.014766719192266464
0.03701182082295418
-0.12552250921726227
-0.002010194817557931
-0.08056335151195526
0.02141725644469261
0.012463350780308247
0.007189732510596514
0.11624076217412949
-0.0657043531537056
-0.056093063205480576
-0.0028565169777721167
-0.03314743936061859
-0.05014557018876076
-0.010474336333572865
-0.06854258477687836
-0.031351033598184586
-0.04045397788286209
-0.01522079762071371
-0.06617627292871475
-0.0751381441950798
-0.005571884568780661
-0.1168026328086853
-3.7704572605434805e-05
-0.13010987639427185
0.047769613564014435
-0.04988605156540871
-0.024515999481081963
0.1926381140947342
-0.07453694939613342
-0.10546696931123734
0.38552695512771606
0.00038843759102746844
-0.07483716309070587
-0.13040952384471893
0.0006100892787799239
0.07246985286474228
0.016788560897111893
0.2408636212348938
-0.08099652081727982
-0.02694765478372574
-0.518061637878418
0.02483244054019451
-0.08294932544231415
-0.04469364508986473
0.002256724750623107
-0.09794823080301285
-0.06995648145675659
-0.5797096490859985
-0.033979784697294235
0.024099258705973625
-0.03278269246220589
-0.021181738004088402
0.000809717457741499
-0.035222023725509644
0.09275510907173157
0.005904227029532194
0.005150981247425079
-0.0876995399594307
-0.0005493065109476447
-0.08037219196557999
0.0882512629032135
-0.021999461576342583
-0.13746389746665955
-0.000443812896264717
-0.00201795669272542
-0.057996295392513275
-0.015052620321512222
0.05555162578821182
-0.014839020557701588
0.1753365844488144
0.002947418252006173
-0.006973470561206341
-0.023240840062499046
-0.037236787378787994
-0.011426061391830444
-0.092394158244133
-0.01795080676674843
-0.10352950543165207
-0.009624925442039967
-0.008317057974636555
0.05552244186401367
0.029651520773768425
-0.025601040571928024
0.016618501394987106
-0.07419364154338837
-0.18351297080516815
-0.010974976234138012
-0.08334996551275253
-0.06003328785300255
0.12227166444063187
-0.1511641889810562
-0.06841044127941132
-0.0015546462964266539
0.13005602359771729
-0.32362568378448486
-0.03399549052119255
-0.11346787214279175
-0.040176935493946075
-0.10865965485572815
-0.09897834807634354
0.3030354678630829
-0.001037025940604508
-0.09304510802030563
-0.05711005628108978
-0.019429732114076614
-0.011221128515899181
0.5439782738685608
-0.05563594028353691
0.005152542609721422
-0.019921453669667244
0.014947451651096344
0.0020121755078434944
1.1172393560409546
-0.0003601466305553913
-0.020613234490156174
-0.019054174423217773
-0.07816049456596375
0.013355542905628681
-0.002412190428003669
-0.08451668173074722
0.07556973397731781
0.0018493446987122297
-0.39632028341293335
0.1260765790939331
-0.0012414538068696856
-0.022901780903339386
-0.09482938796281815
-0.022158201783895493
-0.08095049113035202
0.17505669593811035
0.0022246679291129112
-0.007419386878609657
-0.04829483851790428
-0.2491019070148468
-0.4685381352901459
-0.4124094545841217
-0.14153076708316803
-0.09015598893165588
0.15807420015335083
0.006064165849238634
-0.040706612169742584
0.05367393419146538
0.12372679263353348
0.12527617812156677
-0.0795474648475647
-0.008654901757836342
-0.009270292706787586
-0.08106829971075058
0.002681803423911333
-0.015289122238755226
-0.11561393737792969
-0.264801949262619
-0.028524745255708694
0.07638280093669891
0.023833926767110825
-0.057580359280109406
0.008960047736763954
0.0011210760567337275
0.03434230014681816
-0.04681627079844475
-0.027366718277335167
-0.18902291357517242
-0.44346511363983154
-0.020208194851875305
-0.04919493943452835
-0.004548029974102974
-0.10432396829128265
0.13680334389209747
-0.11539477854967117
0.41608139872550964
-0.07069200277328491
0.08917756378650665
-0.011290766298770905
-0.021352747455239296
-0.045932941138744354
0.16422969102859497
-0.2405529022216797
-0.12464732676744461
-0.06309609115123749
0.010118448175489902
-0.01620238646864891
-0.0723881945014
-0.05035298317670822
0.032430313527584076
-0.04890101030468941
-0.13554108142852783
-0.011095138266682625
0.001056412816978991
-0.0865555852651596
-0.0029982628766447306
0.09706907719373703
0.23575735092163086
0.04924185574054718
0.09297197312116623
0.024076098576188087
0.15798701345920563
0.06100796163082123
-0.9164016842842102
-0.006061687134206295
-0.052803464233875275
0.003699338296428323
-0.00356157124042511
-0.04381706193089485
0.24800430238246918
0.05633946508169174
-0.0006181598291732371
0.043703362345695496
-0.00010399075108580291
0.01152028702199459
-0.13218654692173004
-0.010850139893591404
-0.09153662621974945
-0.11027016490697861
0.025090262293815613
-0.05890598148107529
-0.002827330958098173
-0.12493647634983063
-0.621137797832489
-0.002756698988378048
-0.08350104838609695
-0.04771297797560692
0.022544728592038155
0.3473089635372162
-0.11904697865247726
-0.11557429283857346
-0.005514136515557766
-0.0011914381757378578
-0.07481665164232254
0.03242886811494827
0.03533049672842026
-0.0794932022690773
-0.055248841643333435
0.017005298286676407
-0.5243421792984009
0.7714763283729553
-0.2769143581390381
0.001558771706186235
-0.10142180323600769
-0.05441075190901756
-0.08058582991361618
-0.04263662174344063
0.08328835666179657
0.002103700302541256
0.016777455806732178
0.49973493814468384
-0.022565558552742004
0.021679319441318512
-0.011741041205823421
0.018795708194375038
-0.2336495816707611
-0.1108502745628357
0.011198800057172775
-0.04024336114525795
-0.0987280011177063
-0.009505626745522022
-0.0007317397394217551
-0.094954714179039
0.0019400399178266525
-0.1843828558921814
0.019532080739736557
-0.11158105731010437
-0.046654216945171356
-0.23919010162353516
-0.0061426060274243355
0.00022782052110414952
-0.013144741766154766
-0.11077293008565903
0.0011813774472102523
8.835323387756944e-05
-0.08729629218578339
0.0020243683829903603
0.05615410581231117
-0.2978903353214264
0.19080379605293274
-0.09597507119178772
0.0328349694609642
-0.0490240603685379
-0.0024364693090319633
-0.06256939470767975
0.015528921969234943
-0.016227474436163902
-0.09078039228916168
0.006088969297707081
0.10344411432743073
-0.011155049316585064
-0.2210245132446289
0.42661434412002563
-0.014646830037236214
-0.11828427761793137
-0.010345850139856339
-0.04753544554114342
-0.10103598982095718
-0.12382004410028458
-0.10501917451620102
-0.06284579634666443
-0.1075957715511322
-0.011004294268786907
-0.011405154131352901
-0.10361845791339874
0.005193333141505718
0.254915326833725
-0.10704082250595093
-0.019581373780965805
0.11015559732913971
-0.005554210394620895
-0.10861250013113022
-0.09834852814674377
-0.02549044042825699
-0.020093923434615135
0.004953126888722181
0.4997560977935791
1.3201555013656616
0.05865119397640228
0.1181512251496315
-0.060337550938129425
-0.23393990099430084
-0.16199056804180145
0.011317742057144642
-0.07492240518331528
-0.09922759979963303
-0.023990951478481293
0.024394651874899864
0.0012870240025222301
-0.010982920415699482
-0.020214099436998367
-0.1679774671792984
-0.08667806535959244
0.007710040081292391
-0.036738406866788864
0.0009953553089872003
-0.030416129156947136
-0.09394042193889618
0.10553374141454697
-0.026011992245912552
0.00389264989644289
-0.0013208381133154035
-0.026128364726901054
-0.14831259846687317
0.10747198015451431
-0.035129379481077194
-0.043652474880218506
0.04684022068977356
-0.0015847459435462952
0.0001668973418418318
-0.12175333499908447
0.5036659240722656
-0.1124093160033226
-0.033436600118875504
0.0687384083867073
-0.058781903237104416
0.06400272250175476
-0.06880894303321838
-0.5081758499145508
-0.06056028604507446
0.6012787818908691
-0.028928309679031372
0.020507968962192535
-0.0662713274359703
-0.044070981442928314
-0.11510641872882843
0.14094005525112152
0.10354166477918625
-0.018029900267720222
-0.018323473632335663
-0.0471029058098793
-0.0324651375412941
-0.09115314483642578
-0.01359887607395649
-0.08933430910110474
-0.032406724989414215
-0.04769061505794525
-0.22966386377811432
-0.034798238426446915
-0.0325063057243824
0.1324509233236313
-0.2190210372209549
-0.03763987496495247
-0.10417406260967255
-0.012290040962398052
0.012653139419853687
0.20115751028060913
-0.0041033425368368626
0.020338840782642365
-0.07947946339845657
-0.0017941410187631845
0.16889046132564545
-0.0021555733401328325
-0.04447440057992935
-0.0012714106123894453
0.09189815819263458
0.03670547902584076
0.23825281858444214
-0.038478512316942215
-0.007662982679903507
-0.11430296301841736
0.020272986963391304
-0.06649188697338104
-0.001217672019265592
-0.12204638868570328
-0.061318229883909225
-0.0854998528957367
-0.0668521597981453
-0.010135220363736153
-0.10478810966014862
-0.025784092023968697
-0.06064740940928459
-0.0027590072713792324
-0.44213685393333435
-0.2902331054210663
0.06164601072669029
-0.02374899573624134
-0.055197980254888535
-0.018217923119664192
-0.015651362016797066
-0.08775880932807922
-0.03647197037935257
-0.09484478086233139
-0.02286064252257347
-0.0018938923021778464
-0.0008219201117753983
-0.09701205790042877
0.05141128599643707
-0.04335850849747658
-0.05394638702273369
-0.05291079357266426
-0.2642073631286621
0.11629331111907959
-0.03008953295648098
-0.054562244564294815
0.01898222789168358
-0.5262997150421143
0.005888919811695814
0.0010295616229996085
-0.1924816370010376
-0.02120009809732437
0.32166796922683716
-0.8648484349250793
-0.0817665383219719
-0.2566724419593811
0.26058724522590637
-0.10840371996164322
0.0013668449828401208
-0.07809345424175262
0.051126811653375626
0.09001484513282776
-0.05336854234337807
-0.07312469929456711
-0.10827679187059402
-0.05814605951309204
-0.011971969157457352
-0.04986284300684929
-0.09517037868499756
-0.06818688660860062
-0.00431204866617918
-0.08409146964550018
-0.04848187416791916
-0.11497756093740463
-0.011825618334114552
0.1068459302186966
-0.0009334062342531979
0.08061788231134415
-0.004106360021978617
-0.22702853381633759
0.11632458120584488
-0.04703032970428467
-0.10021378844976425
1.4347991943359375
0.012669016607105732
0.011012525297701359
-0.10214990377426147
-0.1412459909915924
-0.016509223729372025
0.01715894602239132
-0.007678150199353695
-0.11410165578126907
-0.07110846787691116
-0.11047139018774033
-0.0366186797618866
-0.01808181218802929
-0.029375208541750908
-0.008491137996315956
-0.007289706263691187
-0.0041292328387498856
-0.005016041453927755
-0.00017516720981802791
0.3454234004020691
0.04469018802046776
0.2352118194103241
-0.09703335165977478
0.06494816392660141
0.14777985215187073
0.0775807574391365
0.15319253504276276
-0.4936116933822632
-0.033212464302778244
-0.5972208976745605
-0.0016181116225197911
0.15697604417800903
0.07623159885406494
-0.11196989566087723
-0.007278442848473787
-0.06593497097492218
2.5601753804949112e-05
-0.03452030569314957
-0.0014721471816301346
-0.09800506383180618
-0.03422636538743973
-0.017257871106266975
-0.08826383948326111
0.07312466204166412
-0.14491963386535645
-0.28784793615341187
-0.006183426361531019
0.07142146676778793
0.13341623544692993
-0.05552636831998825
-0.04099347069859505
-0.13602064549922943
-0.06899922341108322
0.025059085339307785
-0.1060393825173378
-0.006151264067739248
0.07904158532619476
0.04691942408680916
-0.1128019466996193
-0.08772804588079453
-0.09561625868082047
-0.10469067096710205
-0.09007036685943604
0.09150294214487076
0.48159170150756836
-0.010604510083794594
0.14167115092277527
-0.2864532768726349
-0.35458049178123474
-0.3796139359474182
-0.23444050550460815
-0.43216800689697266
-0.08118897676467896
-0.008636233396828175
-0.18418371677398682
0.3776286542415619
0.2586073875427246
0.06287477910518646
-0.04001612216234207
-0.00011240084131713957
-0.03838399797677994
-0.10815101116895676
-0.0005060885450802743
-0.16851355135440826
-0.0033156208228319883
-0.08787986636161804
0.026022866368293762
