1.6781294345855713
1.210422158241272
1.1962400674819946
0.8866784572601318
0.8771986365318298
0.8801899552345276
0.438095360994339
0.7507126331329346
1.1069327592849731
0.9089474678039551
1.0093023777008057
0.8101902008056641
1.4269309043884277
0.2380489557981491
0.6036403775215149
0.31905466318130493
0.15092705190181732
0.8749960660934448
0.5333159565925598
1.4058924913406372
0.19078662991523743
0.5801011323928833
1.1669032573699951
0.7070560455322266
0.9485273957252502
0.13169056177139282
0.5457766056060791
1.0259418487548828
