0.5717878341674805
-1.7488863468170166
-1.3608973026275635
0.15147969126701355
-0.2706981301307678
0.08694431930780411
0.1614343225955963
0.024790627881884575
0.6109440922737122
0.24537302553653717
-0.4736640453338623
-0.1367051899433136
0.09062205255031586
0.9835653901100159
0.6331067681312561
-0.223090261220932
0.7079761624336243
-0.42446810007095337
0.011508574709296227
0.44507384300231934
-0.34750425815582275
0.2754978537559509
-0.5463677048683167
0.14875119924545288
0.44333696365356445
-1.0122528076171875
-1.5409154891967773
0.21018627285957336
0.316905677318573
-0.7286432385444641
0.9825873970985413
-2.004599094390869
-1.051948070526123
0.29521694779396057
0.2292984127998352
-0.44492781162261963
-0.8438549041748047
-0.9612208008766174
-1.4242783784866333
0.42083248496055603
0.390130877494812
-0.0037665562704205513
0.15091350674629211
-1.5866634845733643
-0.940403163433075
-0.32995960116386414
1.3232839107513428
0.35187965631484985
-1.169576644897461
0.355325847864151
0.2578953504562378
-0.16518853604793549
-0.020766062662005424
0.5958933234214783
0.009198317304253578
0.3004291355609894
0.041764724999666214
0.3982016146183014
0.4555412232875824
-0.0539715513586998
-0.6973523497581482
-0.36524659395217896
1.2177150249481201
0.3266909122467041
0.9210554957389832
-0.28643396496772766
-0.6459663510322571
-1.3209422826766968
-0.3628631830215454
-1.3004359006881714
0.27985501289367676
0.8422490358352661
-0.5012324452400208
-0.8251127004623413
0.1329413205385208
0.9458167552947998
-0.9446367621421814
-0.4998139441013336
-1.2858378887176514
-1.5082683563232422
-0.20744408667087555
-0.8775585889816284
0.1635083556175232
-0.5127755999565125
0.4498014450073242
-0.6435587406158447
0.34657520055770874
0.08921381831169128
0.07136806845664978
-0.47316256165504456
-1.4134010076522827
-0.1022457480430603
0.13672952353954315
-0.22462984919548035
0.39384007453918457
-0.4507848620414734
-0.08720153570175171
-1.4737759828567505
0.22917857766151428
0.7203086614608765
0.7098613381385803
-1.5669928789138794
-1.2749173641204834
0.13964156806468964
0.04047344997525215
0.5864686965942383
0.8721469640731812
0.678293764591217
-0.7693279981613159
-0.17916713654994965
-1.1876753568649292
0.0904214158654213
-0.5432285666465759
-0.9941943883895874
0.2203090488910675
-0.7449233531951904
0.04296964779496193
-0.6608741283416748
0.45404285192489624
-1.308003544807434
0.2394225150346756
0.2915206551551819
-1.5675245523452759
-1.593146562576294
0.0633842721581459
0.3866666555404663
-0.3668098449707031
-0.4389864206314087
-0.4365517199039459
0.26452818512916565
0.06213753670454025
-1.3591580390930176
0.5333465933799744
-0.6489717364311218
0.1569952815771103
-1.5517711639404297
0.4329800605773926
0.21523605287075043
0.04506251588463783
-0.1432354897260666
-0.2991441488265991
-0.01318353321403265
-1.5317376852035522
0.7363628149032593
0.07312238216400146
-0.07282011955976486
-0.5856838226318359
-0.8452693819999695
-1.288158893585205
0.5630205869674683
0.16441760957241058
-0.43754076957702637
0.1908200979232788
-0.8901723027229309
0.6145523190498352
0.06720247864723206
-0.9731296300888062
0.07998455315828323
0.2764013707637787
0.9741319417953491
0.4362657070159912
0.09256905317306519
0.3197547197341919
0.6526829600334167
-0.05432162806391716
0.026830097660422325
0.6966330409049988
0.5263916850090027
-0.81442791223526
0.4774598181247711
-1.6065995693206787
0.522698163986206
1.1032464504241943
0.31383010745048523
-0.9342289566993713
0.2293955534696579
-0.03739505261182785
0.09671025723218918
-1.2970232963562012
0.2289409637451172
-0.8903464078903198
-0.42112183570861816
-1.276631474494934
0.4652279317378998
-0.965833842754364
0.2732243835926056
-0.4707895517349243
-0.04812556505203247
-0.3145309388637543
0.09480815380811691
-0.023277785629034042
-0.8856205940246582
-1.3930025100708008
-0.3098008334636688
-0.8205783367156982
-0.24494002759456635
0.13198569416999817
0.2672909200191498
-0.22967001795768738
0.6085235476493835
0.30791741609573364
-0.7127099633216858
0.4334123432636261
-0.47911137342453003
-0.47149205207824707
-0.10339131951332092
-0.32152751088142395
-1.6502013206481934
-1.4909000396728516
0.4450734853744507
-1.0079755783081055
-0.058359235525131226
-1.1016130447387695
1.1498545408248901
0.014491206035017967
-1.6000219583511353
-1.0339947938919067
-0.8433943390846252
-0.8809831738471985
-0.5153442025184631
0.15613634884357452
-0.22019068896770477
0.21828551590442657
0.21466587483882904
-0.18982264399528503
-0.03146689385175705
0.5651649236679077
-0.020730463787913322
-0.3130541443824768
0.5767017602920532
0.023739730939269066
0.8018262386322021
-0.7521814703941345
0.2455783635377884
0.46181154251098633
-1.0635062456130981
0.03797310218214989
-0.4613721966743469
0.6598743200302124
0.025676216930150986
-0.2395331710577011
0.2908311188220978
-0.18785567581653595
-0.9566398859024048
0.5716319680213928
0.21218453347682953
0.5750054121017456
-1.5188816785812378
-1.4667136669158936
0.2626488208770752
0.7511740326881409
0.3953459858894348
0.021084288135170937
-0.19564981758594513
-1.1692442893981934
-1.6198090314865112
-1.392691969871521
-1.1756751537322998
0.11479566246271133
-1.0384104251861572
-1.6523793935775757
-0.8487754464149475
-0.8179700374603271
-1.0621836185455322
-0.306160032749176
0.4205455183982849
-0.33651262521743774
0.1550780087709427
-1.0426747798919678
0.3864016830921173
0.865630030632019
0.6394461393356323
-0.1452585756778717
-0.008963599801063538
0.5028278231620789
0.2208593338727951
-0.36642998456954956
-0.6359438896179199
-0.6245871782302856
-0.02491796389222145
0.24893929064273834
0.32927295565605164
-0.28644710779190063
-1.1577097177505493
0.6669260859489441
-1.1632633209228516
0.308849960565567
0.20621968805789948
-0.8611905574798584
-0.7556158900260925
0.43263715505599976
-0.042657893151044846
0.4337807893753052
0.7490417957305908
0.08567190170288086
0.28553181886672974
-0.26837682723999023
-0.0929645448923111
0.5440905094146729
0.5264717936515808
-0.2867823541164398
0.22922395169734955
0.474987268447876
-0.18234871327877045
-0.4691028892993927
-1.275585412979126
0.18264606595039368
-1.5222666263580322
0.6298745274543762
-1.3707269430160522
-0.9416871666908264
0.19876039028167725
0.37532883882522583
0.14438006281852722
-0.7811630368232727
0.8248279690742493
0.3209221363067627
-0.2644135355949402
-0.6832461357116699
0.315499871969223
-0.34491288661956787
-0.07142690569162369
-0.3146120309829712
0.19171401858329773
-0.3165489137172699
0.9159653186798096
0.2474958896636963
0.5866745114326477
0.2140580713748932
0.04224098101258278
0.12339910864830017
-0.8436946272850037
0.2948451638221741
0.15663938224315643
-0.3545072078704834
-0.4807295799255371
0.8828400373458862
-0.45856577157974243
-1.2989225387573242
0.48188135027885437
-0.23835298418998718
0.22235949337482452
-1.289052128791809
-2.0107624530792236
0.45348379015922546
-0.02984318882226944
0.6540801525115967
0.16737613081932068
-0.5455383658409119
-0.4788849949836731
0.6118035316467285
-0.5216809511184692
0.6740265488624573
1.1098629236221313
-0.0536784790456295
-0.024087265133857727
-1.667788028717041
-0.21208308637142181
0.49834880232810974
0.44722867012023926
-0.7769461274147034
0.021681949496269226
-0.20442423224449158
-1.0936392545700073
0.5263910889625549
0.6103909015655518
-0.057214248925447464
0.2878788709640503
0.05798649415373802
-1.3164892196655273
-1.3606780767440796
-0.22568319737911224
-1.4919092655181885
0.5056924223899841
-0.3234768509864807
0.01096353679895401
0.235470250248909
0.5839993357658386
0.35594046115875244
-1.115134596824646
-0.7635528445243835
0.9962120056152344
0.04511154443025589
-0.06566378474235535
0.13415080308914185
-1.3961153030395508
0.6407724022865295
0.6615895628929138
-1.8796970844268799
-0.41676416993141174
-0.18822075426578522
0.37144923210144043
-0.9403271079063416
0.28220441937446594
0.09236003458499908
-1.2392185926437378
-0.9478922486305237
-0.008226373232901096
-0.6034328937530518
-0.7048105001449585
-1.530236005783081
0.2412998229265213
1.2104263305664062
0.5935872793197632
0.4122297763824463
-0.6319016814231873
-1.0120481252670288
-0.1937282532453537
0.6897440552711487
-0.44505783915519714
0.41812393069267273
-1.5036098957061768
-1.1398522853851318
0.17362165451049805
-0.2583566904067993
0.15157973766326904
0.47120386362075806
0.037069275975227356
0.5180487632751465
-1.626944899559021
0.09127172082662582
0.038710013031959534
-1.2931989431381226
0.29967910051345825
0.44208723306655884
-1.536007285118103
0.1269720494747162
-0.05455012246966362
0.47724074125289917
-0.8220423460006714
1.2846200466156006
-1.2967931032180786
-0.36446958780288696
-0.13215872645378113
-1.3061110973358154
0.0014924004208296537
-1.4819406270980835
-1.0027976036071777
0.2036547064781189
0.6413463354110718
0.3274019658565521
0.08669013530015945
-0.18192805349826813
0.12860670685768127
0.3283313512802124
-0.15242020785808563
-0.032761529088020325
0.3358779847621918
-0.07056940346956253
0.3844805657863617
-0.6214611530303955
0.31070253252983093
-0.68147212266922
-0.4950651526451111
0.1953335702419281
0.771100640296936
-0.12102105468511581
0.049108054488897324
0.06753203272819519
0.18054510653018951
-0.7292696833610535
0.3291616141796112
-0.1266368329524994
-0.5364304780960083
-0.6846356391906738
-0.09667123109102249
0.1949872523546219
0.25667256116867065
-0.7584771513938904
0.7104410529136658
-0.4243174195289612
0.8997106552124023
0.006544953212141991
0.7008066773414612
0.4958346486091614
1.26626718044281
-0.77913498878479
-0.3695780336856842
-1.1579283475875854
-1.7278987169265747
0.4140978455543518
0.13254716992378235
-0.21114321053028107
-0.4054845869541168
-0.8938999176025391
-1.066988468170166
0.32871681451797485
-0.8887498378753662
0.9305282831192017
0.24884316325187683
-0.11448446661233902
0.2735743522644043
0.0816120058298111
-0.7704436182975769
0.7726720571517944
-0.7035401463508606
-2.032654047012329
-0.1680610179901123
0.5830281376838684
-0.02114572562277317
-0.5304306745529175
-0.3330945372581482
-1.3707249164581299
-0.6039103269577026
-0.8521271347999573
0.3046717345714569
-0.5686156153678894
0.07684693485498428
0.3643018901348114
-0.310146689414978
-0.6758887767791748
-0.4660760760307312
-1.125956654548645
-0.9470731019973755
0.0292348675429821
0.3387001156806946
0.08631069958209991
-0.6585373282432556
-0.8529799580574036
-1.1449017524719238
-0.24439391493797302
0.19915799796581268
0.03435930982232094
-0.5149111151695251
-0.06978535652160645
0.187931627035141
0.14878098666667938
-0.4919885993003845
-1.1631689071655273
0.45426416397094727
0.19621886312961578
0.5536510944366455
0.3297645151615143
0.10144586861133575
-0.2519772946834564
-1.1733545064926147
0.1742355078458786
0.37412893772125244
0.8888173699378967
0.10801569372415543
-1.1946083307266235
-2.042809009552002
-0.2299196422100067
-0.8730193376541138
-0.30215561389923096
0.3467670679092407
-0.23320899903774261
-1.3071633577346802
0.5939332246780396
-0.08879389613866806
0.602111279964447
-0.12764804065227509
-0.06666021794080734
-0.5983535051345825
-1.8819233179092407
-0.37702977657318115
0.3318524658679962
0.5659643411636353
-0.331429123878479
0.2068820297718048
0.8320136070251465
0.03998072072863579
-0.13073810935020447
0.15524742007255554
-0.6873278021812439
0.2390899956226349
-0.044924747198820114
-0.1654444932937622
-1.5238569974899292
0.2149585634469986
-1.6070826053619385
0.19029967486858368
-0.39858555793762207
-0.10955213010311127
-0.6886907815933228
0.04902833327651024
0.07366084307432175
-0.5409021377563477
-0.08525778353214264
0.6785926818847656
-0.02116531878709793
-0.07948342710733414
-2.158090353012085
-0.6550160050392151
-1.34932541847229
1.2670758962631226
0.0008479143143631518
0.12728585302829742
0.5960885286331177
-1.1541179418563843
0.35976114869117737
-0.19451643526554108
-0.07897748798131943
-1.0272917747497559
-0.5337236523628235
-0.47226187586784363
0.4840397834777832
0.27221763134002686
-2.408284902572632
-0.1083797812461853
-0.7566002011299133
-1.4313499927520752
0.040343474596738815
-0.3539507985115051
0.28545576333999634
0.9739991426467896
-0.6614887118339539
-0.6196237802505493
0.6633161902427673
-0.39634308218955994
0.3378607928752899
-1.0694284439086914
-0.028442343696951866
1.3651729822158813
1.124192237854004
0.4291146695613861
-0.713998019695282
0.4758272171020508
-0.6949215531349182
0.2917073965072632
0.5774012207984924
0.11252900213003159
-0.1569562703371048
0.03599332645535469
-0.9964324831962585
0.23152963817119598
0.09420797973871231
-0.4136355221271515
-0.9471443891525269
0.16053107380867004
0.5211758017539978
-0.3426162004470825
-0.8002627491950989
-0.9116101861000061
-1.520914077758789
0.6047249436378479
-0.22941122949123383
0.6454580426216125
0.013844193890690804
-0.24242296814918518
-0.18298190832138062
-0.8727601170539856
-0.5369373559951782
-1.1570943593978882
-0.7024238109588623
-1.0534530878067017
-0.1424715518951416
-1.0143520832061768
0.4630105793476105
-0.21594879031181335
0.006299452390521765
-1.4935803413391113
1.2622572183609009
0.35090598464012146
-0.3789328932762146
-0.7836033701896667
-0.801683783531189
-0.6919264197349548
0.43130624294281006
0.09454385191202164
-1.0561670064926147
0.7395802736282349
-0.36603546142578125
0.02921825274825096
0.45257899165153503
-0.4559290111064911
-0.37634772062301636
0.07452477514743805
-0.17409206926822662
-0.5079881548881531
-1.3133517503738403
-0.6543329358100891
