2.6044342517852783
1.3449915647506714
1.9219672679901123
3.548579454421997
2.909191131591797
1.0183571577072144
0.8549307584762573
1.3007901906967163
2.519442319869995
2.772209882736206
0.8907012343406677
1.4760915040969849
0.8282221555709839
2.7598745822906494
1.141053557395935
1.0490703582763672
1.5770872831344604
1.9764289855957031
0.849934995174408
1.9474129676818848
1.8361430168151855
2.9118666648864746
1.9250129461288452
1.3595057725906372
0.9736419916152954
1.1741713285446167
0.8854295611381531
1.895818829536438
1.4442559480667114
1.8542778491973877
2.283520221710205
1.795256495475769
1.6682780981063843
1.7213736772537231
2.5647647380828857
1.1653114557266235
1.8963730335235596
1.297208309173584
1.7271414995193481
2.4626424312591553
1.8664214611053467
1.8748372793197632
2.432250738143921
2.401503562927246
1.9809067249298096
2.4250967502593994
1.8362113237380981
1.5932725667953491
1.5099763870239258
2.616260528564453
1.1536893844604492
2.5377602577209473
1.4132384061813354
2.3816635608673096
1.639725685119629
0.7552801370620728
0.7645900249481201
1.3935272693634033
0.9433292746543884
2.0790135860443115
2.4460625648498535
2.373076915740967
1.527965784072876
2.4297425746917725
3.1740665435791016
3.0562057495117188
1.5680205821990967
2.1848671436309814
2.0047965049743652
2.08695912361145
1.7735146284103394
2.3475077152252197
2.2101831436157227
1.1690338850021362
2.4780356884002686
2.4476988315582275
0.9744471907615662
1.5904146432876587
0.8481785655021667
0.9635927677154541
1.8697725534439087
1.8923041820526123
1.6904430389404297
1.3988065719604492
0.8491693139076233
1.3749357461929321
1.0927828550338745
2.321014642715454
3.1057186126708984
2.3862695693969727
6.68141508102417
1.8810675144195557
1.0408207178115845
1.7444071769714355
1.8324494361877441
1.2384155988693237
1.9999159574508667
0.8378474712371826
1.7625365257263184
1.52107834815979
2.626239061355591
2.8220622539520264
1.5408787727355957
2.9730968475341797
1.3674900531768799
2.387941598892212
2.1202070713043213
1.8761920928955078
0.8102022409439087
3.274996757507324
1.379327654838562
2.165003538131714
