0.35007166862487793
-0.712738037109375
0.15641465783119202
0.6711201071739197
0.8586940765380859
0.00640928465873003
0.27749866247177124
0.29800981283187866
-0.8932595252990723
-0.848684549331665
0.21563377976417542
-0.1726759672164917
-0.2753620147705078
-1.6684025526046753
-0.23510661721229553
0.12880462408065796
-1.0407168865203857
0.2451377958059311
0.06460615247488022
-0.3034237325191498
0.041194647550582886
1.7319040298461914
-0.3100583255290985
0.17201651632785797
0.2700302302837372
-0.8380845189094543
0.4299044907093048
-0.1667477786540985
0.24795496463775635
-0.5799463391304016
0.5868735909461975
-0.43346449732780457
-0.47095000743865967
0.5897380113601685
-1.321697473526001
-0.1663990169763565
-0.5262011289596558
0.7331153750419617
0.15996669232845306
-1.147100806236267
0.6145135164260864
0.06296303123235703
-0.11098946630954742
-0.9823653101921082
0.14867553114891052
-1.0752266645431519
0.273039847612381
-0.104043148458004
-0.923562228679657
-0.11367150396108627
-0.16134081780910492
-1.1146433353424072
-0.6838293671607971
0.9503600597381592
0.005660244729369879
-0.018809767439961433
-0.02360479161143303
-0.47462815046310425
0.33356308937072754
0.33095577359199524
0.3370746672153473
0.8352819085121155
0.6592714190483093
0.5250751376152039
-1.4805612564086914
0.5537359714508057
0.19175052642822266
-0.3079434335231781
0.6651290059089661
0.1617003083229065
-0.18088413774967194
-1.4044286012649536
0.8094189167022705
0.06875351816415787
0.321643203496933
-0.19827860593795776
-0.18260282278060913
-0.19101931154727936
0.10141512751579285
0.4048709571361542
0.08052704483270645
1.000634789466858
-0.18950846791267395
-0.5328904390335083
-0.0405883714556694
-0.8411582112312317
-0.2699069380760193
-0.09065510332584381
1.3266736268997192
1.4076241254806519
-0.18414147198200226
0.39979416131973267
0.07912580668926239
-0.962834358215332
-0.0600428432226181
-0.4859403669834137
0.6474202871322632
0.5083903074264526
0.07609713822603226
-0.5938020348548889
0.5400720834732056
-1.7366211414337158
-0.45791465044021606
-1.1124272346496582
-0.8649553060531616
0.42231106758117676
-0.6886606812477112
-0.11023968458175659
-0.2776252031326294
-1.1058745384216309
-0.4418482184410095
-0.765187680721283
