0.0195497777312994
0.20273558795452118
-0.14420664310455322
0.2690690755844116
-0.4756205976009369
-0.14601993560791016
-0.1861593872308731
0.11631570011377335
-0.5200755596160889
0.15620540082454681
-0.02847549319267273
0.05033724382519722
0.04670168086886406
-0.21369832754135132
-0.1433006227016449
0.07775405794382095
-0.010363793931901455
0.20152674615383148
-0.1829683929681778
0.10125985741615295
0.20287632942199707
-0.020742950960993767
-0.3993110656738281
-0.014940090477466583
0.13038915395736694
-0.2838762700557709
0.11874686926603317
0.034131500869989395
0.19772456586360931
-0.10990320146083832
0.13354410231113434
-5.230494571151212e-05
-0.3290787935256958
0.008003149181604385
-0.39002931118011475
-0.24335812032222748
-0.21873311698436737
0.19938716292381287
-0.02260185219347477
-0.49588051438331604
-0.10948053747415543
-0.3685905933380127
0.032453082501888275
0.15906685590744019
0.22820547223091125
-0.11837694048881531
0.04430738091468811
-0.4332619309425354
-0.2589022219181061
0.18531979620456696
-0.15346471965312958
0.08345116674900055
-0.08058586716651917
0.13360127806663513
-0.1303253322839737
0.1703864187002182
-0.16354256868362427
0.08748208731412888
0.1585397720336914
-0.10456828027963638
-0.3757950961589813
0.19792304933071136
-0.18992844223976135
-0.17957735061645508
-0.21810516715049744
-0.03964845463633537
0.15095339715480804
0.286327600479126
-0.22160901129245758
0.04741465300321579
0.13067302107810974
-0.05776906758546829
0.1546011120080948
-0.017239201813936234
-0.45473891496658325
-0.10274102538824081
0.043289750814437866
0.18565614521503448
-0.014749365858733654
0.1217101514339447
-0.20126962661743164
0.23545220494270325
-0.11295105516910553
0.013681846670806408
-0.03186660632491112
0.2302381694316864
-0.031978998333215714
0.004681273363530636
0.3967040777206421
-0.056705500930547714
-0.3791287839412689
-0.0987725704908371
-0.03894040361046791
0.04765608534216881
-0.34074872732162476
-0.3453691601753235
-0.016087928786873817
0.13249532878398895
-0.06518873572349548
-0.016053788363933563
-0.2754558026790619
-0.40645483136177063
0.12839309871196747
-0.30963826179504395
-0.4229564964771271
-0.03079768642783165
0.1612914800643921
0.12374795973300934
-0.16431166231632233
0.025178393349051476
0.09393700212240219
-0.05707061290740967
