0.18699556589126587
0.1388082504272461
0.15710580348968506
0.22752678394317627
0.19343501329421997
0.14309632778167725
0.14049214124679565
0.11869639158248901
0.19303077459335327
0.19884079694747925
0.10215312242507935
0.12761640548706055
0.12832558155059814
0.1966521143913269
0.12800782918930054
0.11838483810424805
0.1334517002105713
0.15075385570526123
0.18423891067504883
0.15733486413955688
0.1566750407218933
0.22430634498596191
0.18505656719207764
0.11448460817337036
0.15889054536819458
0.12973421812057495
0.09682679176330566
0.1269669532775879
0.14739882946014404
0.1341882348060608
0.1515415906906128
0.14232587814331055
0.13930964469909668
0.15644526481628418
0.17445939779281616
0.16569042205810547
0.16210365295410156
0.11515283584594727
0.1514650583267212
0.19718170166015625
0.14544892311096191
0.1435675024986267
0.172238290309906
0.17225319147109985
0.13924139738082886
0.17416536808013916
0.13416552543640137
0.1318145990371704
0.1463834047317505
0.1799560785293579
0.15583539009094238
0.17761319875717163
0.13320404291152954
0.16845321655273438
0.15609151124954224
0.10017120838165283
0.13680243492126465
0.1295151710510254
0.1407739520072937
0.15084320306777954
0.18427908420562744
0.17510586977005005
0.1183883547782898
0.17213892936706543
0.22741955518722534
0.22267240285873413
0.14191341400146484
0.16152435541152954
0.15906238555908203
0.15304887294769287
0.14570403099060059
0.16752195358276367
0.15518832206726074
0.12535011768341064
0.18803924322128296
0.18728649616241455
0.12043821811676025
0.12628376483917236
0.1782146692276001
0.11120361089706421
0.146653413772583
0.13609528541564941
0.11853063106536865
0.1417940855026245
0.1413896083831787
0.12247103452682495
0.12381130456924438
0.17065298557281494
0.22759848833084106
0.1943153738975525
0.5890564918518066
0.1476839780807495
0.12037128210067749
0.1476670503616333
0.16054344177246094
0.12493371963500977
0.14979290962219238
0.12378495931625366
0.13166189193725586
0.13227856159210205
0.1873159408569336
0.19229543209075928
0.12754303216934204
0.2064306139945984
0.12941080331802368
0.17403799295425415
0.14994263648986816
0.1547662615776062
0.11364984512329102
0.2432144284248352
0.1402266025543213
0.15141284465789795
