0.6591217517852783
-0.6376047134399414
-0.4702019691467285
-2.4012858867645264
-0.9883453845977783
-1.0854977369308472
-1.581626534461975
-1.3689385652542114
-0.9751191735267639
-2.1821272373199463
-0.1412791907787323
-2.151012659072876
0.15937328338623047
-3.3928165435791016
-3.1720616817474365
-1.7400646209716797
-2.4352798461914062
-0.5372398495674133
-1.231520652770996
-2.163440465927124
-0.5532302260398865
-2.2327423095703125
-1.389276385307312
-0.6834631562232971
0.5008729100227356
-1.3322149515151978
0.18805211782455444
-2.245152473449707
-2.6014509201049805
-0.7430592775344849
-1.8925042152404785
-1.8572481870651245
-1.3629437685012817
-0.09394680708646774
-2.5405542850494385
-3.292814016342163
-1.22696852684021
-1.1937249898910522
-1.3415732383728027
0.5331034064292908
-1.8596105575561523
-2.638791799545288
0.2371794879436493
-3.1349008083343506
-3.2727391719818115
-0.08965560793876648
-0.9535267353057861
-2.0534002780914307
0.20189498364925385
-2.085911989212036
-1.8468233346939087
-2.7109100818634033
-0.5662554502487183
-2.909698486328125
-0.7135422825813293
-2.026909112930298
-0.5070207715034485
-0.4222327768802643
-0.8024609684944153
-2.418694496154785
-0.8171705007553101
1.222538709640503
-0.9818599224090576
-2.9147355556488037
-1.0898191928863525
-1.0780237913131714
0.1838429570198059
-0.28101933002471924
-1.5492419004440308
-4.032845973968506
-1.0862034559249878
-1.785427212715149
-1.3507689237594604
-2.0081939697265625
-0.41575488448143005
-2.0971765518188477
-1.2768824100494385
0.3739131987094879
-2.2173335552215576
-0.5744028091430664
-2.0372729301452637
1.1776869297027588
-1.840488076210022
-2.303148031234741
0.20218926668167114
-2.4846863746643066
0.46047914028167725
-2.293619155883789
-0.6265574097633362
-1.3311524391174316
-2.5248970985412598
-2.9127984046936035
-0.8156673312187195
-2.215651750564575
0.16002050042152405
-2.9652421474456787
-2.577939748764038
-0.7288385033607483
-2.365989923477173
-1.9699482917785645
0.13955071568489075
-0.8770669102668762
1.0673720836639404
-0.2853304147720337
-2.6064157485961914
-0.8029305338859558
-0.7964246869087219
-1.4044773578643799
-1.3094313144683838
0.25516313314437866
-0.9921801686286926
-2.730956792831421
-1.3955317735671997
-1.2791141271591187
-2.460355758666992
-1.2208465337753296
-1.2914167642593384
-2.091033458709717
-1.451889991760254
-2.3178083896636963
-1.2564653158187866
-1.174265742301941
-0.7296653389930725
-2.0393295288085938
-1.981942892074585
-1.8197941780090332
-2.563115358352661
-2.5267715454101562
-1.1681302785873413
-0.9747698903083801
-1.1622064113616943
-1.250096321105957
-1.336523413658142
-2.512294292449951
-1.3403418064117432
-1.494625210762024
-1.8280011415481567
-1.498905062675476
-1.22377347946167
-1.1135811805725098
-2.307007312774658
-0.8346487283706665
-1.4462209939956665
-1.2483564615249634
-1.8884129524230957
-1.8695697784423828
-0.4270293116569519
0.13206282258033752
-2.6818888187408447
-1.3991758823394775
-3.7621607780456543
-0.016991635784506798
1.016528606414795
-3.7309072017669678
-0.022869298234581947
-2.696619749069214
-2.5717341899871826
-0.9068138003349304
-1.7707947492599487
-2.2257134914398193
-1.3687931299209595
-2.182345390319824
-2.424726724624634
0.05518616363406181
-2.4592032432556152
-2.059605598449707
1.071889877319336
-1.2127991914749146
-2.2102973461151123
-1.4260259866714478
-1.0796080827713013
-3.1958935260772705
-1.3253856897354126
0.8542495369911194
-0.3128657937049866
-1.3092633485794067
-1.365170955657959
-1.255480408668518
-1.2279669046401978
-1.330647349357605
-1.693435788154602
-2.4460792541503906
-1.6823242902755737
-2.986839771270752
-0.9693210124969482
0.2965095639228821
-1.5519505739212036
-3.2651753425598145
-2.189793109893799
-1.8126457929611206
-2.3399574756622314
-3.129439353942871
-2.268909215927124
-0.7515286207199097
-1.7423012256622314
-1.0568044185638428
-2.434910774230957
-1.744036316871643
-2.9977362155914307
-1.657539963722229
-0.05942127853631973
-1.6867966651916504
-1.6161117553710938
-1.1936538219451904
-1.290919303894043
-0.3256934881210327
-0.3839383125305176
-1.1249110698699951
-0.35757046937942505
-1.1277873516082764
-2.029630661010742
-0.28126418590545654
-2.1802659034729004
-0.500685453414917
-1.8265892267227173
-2.3621108531951904
-0.06744097173213959
-1.2718290090560913
0.6217374205589294
-0.3409321904182434
-0.7576358318328857
-0.989673912525177
-2.4702682495117188
-1.0839881896972656
0.14487752318382263
-1.2771011590957642
-0.7579100728034973
0.0360412634909153
-1.7625373601913452
-1.692991018295288
-0.6081768870353699
-1.8868601322174072
-0.5201937556266785
-1.2289204597473145
-2.652567148208618
0.658765435218811
-2.4501068592071533
-0.4386366605758667
-2.514073133468628
-1.4036445617675781
-1.7803387641906738
-0.14949800074100494
-2.9521071910858154
-0.3001393675804138
-1.7274763584136963
-0.26810699701309204
-0.15097245573997498
-1.4308279752731323
0.07272761315107346
-0.6195793151855469
-1.7644108533859253
-0.9925363659858704
-2.675262689590454
-1.6329303979873657
-1.9289770126342773
-1.3575552701950073
-2.0903663635253906
-1.788918375968933
-2.2414450645446777
-0.9185376167297363
-1.91032874584198
-1.196595311164856
0.8323315978050232
-0.921375036239624
1.2413362264633179
-1.9588004350662231
-0.19252659380435944
-3.57363224029541
-1.433196783065796
-1.1748639345169067
-1.3681914806365967
-2.470580577850342
-1.1604913473129272
-2.499584913253784
-2.0712180137634277
-0.4468911290168762
-1.2914202213287354
-0.5387411117553711
-1.6218225955963135
-1.964722990989685
0.13469818234443665
-1.8485440015792847
-1.071542739868164
-2.21467661857605
-2.5544190406799316
-0.7638514041900635
-0.004154471214860678
-0.5202301740646362
-0.7823985815048218
1.1040385961532593
-0.4126774072647095
-1.7155739068984985
-1.9442375898361206
-0.5911341309547424
-1.9028675556182861
-1.6261560916900635
-2.732734203338623
-1.3697586059570312
-2.326930284500122
-1.037811517715454
2.568861246109009
-0.6608834266662598
-1.7522696256637573
-1.4288780689239502
1.5912798643112183
-0.8540290594100952
-1.6186538934707642
-1.1123991012573242
1.0352683067321777
-1.6182419061660767
-2.26123309135437
-3.3907530307769775
-2.2390406131744385
0.36059367656707764
-2.161801338195801
-2.625079870223999
-1.5843963623046875
-0.6639046669006348
-1.1592779159545898
-0.7225874662399292
-0.40333133935928345
-2.842155933380127
-1.3768149614334106
-0.5116898417472839
-1.8884540796279907
-2.5279016494750977
-0.9608687162399292
-1.7082713842391968
-1.2423475980758667
-1.3208674192428589
-1.4141943454742432
-0.9086452126502991
-2.561790943145752
-1.203029990196228
-0.9821935892105103
-2.5128400325775146
1.0175120830535889
-2.1895408630371094
-1.0694377422332764
-4.161759376525879
-0.33203476667404175
0.4426654875278473
-2.7476696968078613
-0.9543188214302063
-0.6322569847106934
-2.5595176219940186
-2.1411120891571045
-1.702832818031311
-1.085150122642517
-2.119316816329956
-3.171428680419922
0.032076235860586166
-1.2886426448822021
-1.832719087600708
-0.529891312122345
-2.525697708129883
-1.6000311374664307
0.8168875575065613
-2.047816038131714
0.8523493409156799
-0.6806181073188782
-0.03910639137029648
1.3706986904144287
-0.2850748598575592
-1.3442490100860596
-1.311659574508667
-1.5673937797546387
-1.1757664680480957
-1.5460436344146729
-0.0013606110587716103
-0.19644084572792053
-1.7896764278411865
-1.7178947925567627
-1.973793625831604
-1.0837011337280273
-0.7918817400932312
-2.6605539321899414
-0.6118155121803284
-1.0502039194107056
-0.44884511828422546
-2.1587908267974854
-1.5952801704406738
-1.3903156518936157
-3.2012932300567627
-0.5786451101303101
-1.2551201581954956
-0.9630825519561768
-2.540818214416504
-0.977847695350647
-1.8987858295440674
-2.1079962253570557
-0.9045688509941101
-1.2525707483291626
-2.6224708557128906
-1.4038703441619873
-2.351555585861206
-2.1053335666656494
-2.2521960735321045
-0.16792809963226318
-5.870795726776123
-0.08277570456266403
-2.793330669403076
0.0381266325712204
-1.2449636459350586
-2.502807378768921
-2.446931838989258
-3.3138298988342285
-1.2481563091278076
-0.7654051780700684
-1.163365125656128
-0.420017808675766
-2.5092833042144775
-2.032944917678833
-0.9323457479476929
-1.6905862092971802
-0.6519249677658081
-2.4317476749420166
0.34535014629364014
0.6325492262840271
-1.2311936616897583
-1.5059360265731812
-1.9824508428573608
-2.4706315994262695
-0.957977294921875
-1.2092939615249634
0.06109616905450821
0.30057209730148315
-0.8215915560722351
-1.1373435258865356
-0.4646170139312744
-1.661116600036621
-2.0433449745178223
-1.9410945177078247
-2.05507493019104
-1.979841709136963
-1.6803230047225952
-2.2252883911132812
-2.343928098678589
-1.0226011276245117
-1.2389439344406128
-2.1630589962005615
-2.300739288330078
1.812990665435791
-0.015577318146824837
-2.915937900543213
-1.3783063888549805
-2.026383399963379
-2.3654775619506836
-1.377387523651123
-2.4713363647460938
-2.837763547897339
0.9994524121284485
-0.8248587846755981
-1.1557636260986328
-2.083242177963257
0.31795090436935425
-1.0198051929473877
-1.8021794557571411
-1.3361250162124634
0.017230335623025894
-0.5053276419639587
-2.386240243911743
0.9755486845970154
1.2159392833709717
-3.1984658241271973
-0.7906678318977356
-0.9719871282577515
-0.8166791796684265
-2.1681840419769287
-1.3243999481201172
-1.6061941385269165
-0.6640945672988892
-1.711957335472107
0.06697779148817062
-1.9489750862121582
-1.400754451751709
0.18371200561523438
-1.1657037734985352
-1.270747423171997
0.027059631422162056
-0.9331334233283997
-0.9137340784072876
0.4722753167152405
-2.2860183715820312
-0.09949453175067902
-1.6576050519943237
-2.677861452102661
-1.463989019393921
1.7037924528121948
-1.7240220308303833
-1.915200114250183
-2.5554044246673584
0.4829123914241791
-3.4833595752716064
-1.5856772661209106
-1.920052409172058
1.1566259860992432
-0.8728498220443726
-0.6408035755157471
-0.5643101930618286
-1.3015737533569336
-1.06284499168396
-3.8161227703094482
-1.7035129070281982
-2.9667108058929443
-1.7920631170272827
-3.2216713428497314
-2.444162368774414
-1.7039399147033691
-1.537357211112976
-1.572669267654419
-0.8118577003479004
-1.9964656829833984
-1.238714575767517
-1.8921529054641724
-2.957962989807129
-0.9274615049362183
-2.628599166870117
-2.5240602493286133
-2.3600075244903564
-1.0010223388671875
-2.9198644161224365
-1.175386667251587
-0.3421849012374878
-0.3904810845851898
-1.135055661201477
-2.7033238410949707
-1.109777808189392
-1.8461921215057373
-2.7793338298797607
-0.7438631057739258
1.2886698246002197
-2.4454734325408936
-0.2396783083677292
-2.229055166244507
-1.6607248783111572
-1.0765607357025146
-1.7388298511505127
-1.6856588125228882
-3.6864213943481445
1.074297308921814
-1.473461627960205
-1.9781665802001953
-0.8073410391807556
-1.371745228767395
-0.23346608877182007
0.2102203220129013
-2.6004481315612793
-2.6700973510742188
-3.940458297729492
-2.997490644454956
-1.3723032474517822
-3.5361809730529785
-1.3449167013168335
-2.091142177581787
-1.0433660745620728
-2.2692527770996094
-1.0652092695236206
-2.618856191635132
-1.6164003610610962
-2.1483943462371826
0.7922331094741821
-1.8289895057678223
-1.842463493347168
0.9132367968559265
-2.8988239765167236
-2.2051615715026855
-2.4570553302764893
-1.4118294715881348
-0.8283095955848694
-2.2479681968688965
-1.1167106628417969
-2.528507947921753
-1.2852340936660767
-1.1715052127838135
-1.7571362257003784
-1.1522341966629028
-1.8318828344345093
-1.1914749145507812
-0.5122756958007812
-2.054939031600952
-2.6946232318878174
-1.2488118410110474
-1.9835444688796997
-0.21942368149757385
-1.1649078130722046
-1.6618653535842896
-1.1269865036010742
-1.46160089969635
-1.5147980451583862
-1.4311704635620117
-3.079528331756592
-0.27994871139526367
-0.29876193404197693
-1.9113752841949463
-2.4132964611053467
-1.9104654788970947
0.2852780520915985
0.07853276282548904
-1.1360414028167725
-1.7942396402359009
-0.24030205607414246
-0.8561633229255676
-1.7031837701797485
-2.249645233154297
-1.273160696029663
-1.557642936706543
-0.44295811653137207
-0.12644147872924805
-1.161327838897705
-2.4807143211364746
-1.9169633388519287
-0.17016522586345673
-1.1432465314865112
-2.5121047496795654
-2.5217807292938232
-1.9215714931488037
-1.973799467086792
-1.189034104347229
-1.4143978357315063
-2.361393928527832
-0.5770136713981628
-2.238892078399658
-3.1085855960845947
-2.7845895290374756
-1.6359057426452637
-1.7588571310043335
-0.24259845912456512
-2.084054946899414
-1.5521286725997925
-1.555834174156189
-1.0083256959915161
-0.18092080950737
-2.290367364883423
-0.7268863916397095
-2.121778726577759
-2.3198108673095703
-0.7028895020484924
-1.3465508222579956
-0.709002673625946
-1.9759466648101807
-0.3221993148326874
-2.6389529705047607
-0.35744255781173706
-1.7010445594787598
-2.434752941131592
-0.9107099175453186
-2.225414752960205
-0.12741614878177643
-1.2731044292449951
-0.9753317832946777
-1.2333393096923828
-1.8116414546966553
-0.4884706139564514
-1.1273820400238037
-2.3609766960144043
-2.9867405891418457
-0.8240521550178528
-2.345201015472412
-0.8707263469696045
-1.0679281949996948
-1.35781991481781
-0.5694324374198914
-0.5735371112823486
-1.6485685110092163
0.37336403131484985
-0.4197678864002228
-0.868678092956543
-2.412991523742676
-1.1392602920532227
-2.9901463985443115
-0.9666432738304138
