0.6771538257598877
1.1027600765228271
0.6303141117095947
0.6272119879722595
1.492447853088379
2.0496344566345215
1.6604530811309814
0.8653104305267334
0.7273531556129456
1.3262001276016235
0.2727454900741577
1.2724496126174927
2.4241435527801514
1.3042336702346802
1.0314704179763794
1.2162657976150513
1.3052583932876587
0.8190833926200867
1.6147096157073975
1.2482666969299316
1.1677165031433105
1.0866066217422485
1.0194147825241089
0.30935633182525635
0.5063207745552063
0.7273347973823547
0.7157127261161804
0.856741189956665
0.8199213743209839
0.8128331899642944
0.9178038835525513
0.32708823680877686
1.3932435512542725
1.8256025314331055
1.3780007362365723
1.0449590682983398
0.2857767343521118
1.3662415742874146
1.2712141275405884
0.6099447011947632
0.9996620416641235
1.1478967666625977
1.4544780254364014
1.4975183010101318
1.7457643747329712
0.555903971195221
0.9478058815002441
0.49042677879333496
1.5156580209732056
0.8640984892845154
0.9984087347984314
1.1364251375198364
0.8546445965766907
0.9150166511535645
1.7676247358322144
1.1820237636566162
0.6361684799194336
1.0887409448623657
0.9075396656990051
0.9734720587730408
0.6810824275016785
0.3034309148788452
1.9147626161575317
1.022686243057251
1.2429516315460205
0.3864976763725281
1.716942548751831
0.615786075592041
1.2640436887741089
1.125364899635315
0.5293074250221252
0.32281267642974854
1.0041643381118774
1.1531267166137695
0.40345311164855957
1.475792407989502
0.44477379322052
0.4844796657562256
1.190885066986084
1.1656297445297241
1.1550183296203613
0.2948496341705322
0.8435680270195007
1.4122470617294312
0.5170462727546692
0.7489311695098877
1.653222680091858
1.5774037837982178
1.0567890405654907
0.2747173309326172
0.5762442350387573
0.9282915592193604
0.32051193714141846
1.039622187614441
0.8700171709060669
0.4862556457519531
0.6420441269874573
0.3536137342453003
0.34845447540283203
0.4390277862548828
0.18272852897644043
1.0048857927322388
0.5349642634391785
1.2160251140594482
0.8717367649078369
1.356331467628479
0.9459061622619629
1.1236411333084106
0.7109599709510803
1.0986942052841187
0.4343738555908203
1.1406939029693604
1.2863165140151978
0.9926959872245789
0.806501030921936
1.1848740577697754
1.2485616207122803
1.252982497215271
0.5814252495765686
1.015190601348877
1.0645525455474854
1.1017727851867676
1.2912144660949707
0.7659927010536194
0.7645335793495178
0.6821084022521973
0.9165302515029907
0.9518833756446838
0.5621146559715271
1.297315001487732
1.879950761795044
1.068009376525879
0.5103186964988708
1.225620985031128
1.0209001302719116
1.1213984489440918
0.36117804050445557
0.5349954962730408
1.2083083391189575
1.1171228885650635
1.1742126941680908
1.4138849973678589
0.858022928237915
0.8456785678863525
0.8176858425140381
0.8736682534217834
1.379191279411316
0.27898406982421875
1.8034031391143799
1.0502967834472656
1.629004955291748
0.26402467489242554
1.5091556310653687
0.5734759569168091
1.6094976663589478
1.143151879310608
0.9347789883613586
0.3812319040298462
0.7746194005012512
0.6743148565292358
0.5866034030914307
1.3624060153961182
1.4809807538986206
0.2435002326965332
0.9949631094932556
0.7286219596862793
0.9736015796661377
1.5312960147857666
1.263427972793579
1.3057284355163574
0.4154198169708252
1.019709825515747
1.2890180349349976
0.49516141414642334
0.43472230434417725
1.232766032218933
1.0987787246704102
1.2590398788452148
1.4484702348709106
1.1656336784362793
1.012384295463562
1.1020969152450562
1.0035030841827393
0.883171796798706
0.7688098549842834
1.1299371719360352
1.2813864946365356
0.6994138956069946
1.0997387170791626
0.48385506868362427
1.2805756330490112
1.2346248626708984
1.1371724605560303
0.46856653690338135
0.4251735806465149
0.3707836866378784
1.3975430727005005
1.6121183633804321
1.15049147605896
1.1833914518356323
1.8266611099243164
1.2731294631958008
0.766680121421814
0.4243914484977722
0.782502293586731
0.1995830535888672
0.4044569730758667
1.05476713180542
1.0340417623519897
1.295003056526184
0.97298264503479
0.18408799171447754
1.1744427680969238
0.9750221967697144
0.904198408126831
1.0492289066314697
1.1216214895248413
0.9940744638442993
0.2518770098686218
1.3064589500427246
2.0344231128692627
1.2258679866790771
1.189969539642334
1.9132764339447021
1.4315211772918701
0.17763453722000122
0.6182560920715332
0.7980118989944458
0.9407312273979187
0.5086051225662231
0.4295912981033325
1.0946431159973145
0.6728772521018982
0.46337854862213135
1.1623607873916626
0.24903732538223267
1.3509581089019775
0.7410288453102112
1.2555298805236816
0.8684438467025757
1.133736252784729
0.8920417428016663
1.4613779783248901
1.3270177841186523
1.1184297800064087
0.22741293907165527
0.3944634795188904
1.5379489660263062
0.2559845447540283
0.28113681077957153
0.6813389658927917
1.2898699045181274
0.5227959752082825
0.8501874804496765
1.0691733360290527
1.6591742038726807
1.0156834125518799
0.5426115393638611
1.4004085063934326
0.7003893256187439
1.137102723121643
0.3281463384628296
0.19075113534927368
1.229500651359558
1.0933889150619507
1.1204020977020264
0.7346551418304443
0.9736625552177429
1.1659841537475586
1.1852624416351318
1.617926836013794
0.7272829413414001
0.683570146560669
1.959732174873352
1.1862417459487915
1.381792664527893
0.8062072992324829
1.709324598312378
1.2788755893707275
1.4341278076171875
0.7459768652915955
1.1621426343917847
1.1968125104904175
1.170735239982605
0.9236037731170654
0.9632424712181091
0.6571359038352966
0.2698485851287842
0.403963565826416
-0.17381250858306885
1.8498986959457397
1.4631377458572388
0.7791458964347839
0.2524240016937256
1.2421255111694336
0.5357778668403625
1.1820677518844604
1.3782203197479248
0.8231465220451355
0.4136016368865967
0.5471097230911255
0.37797683477401733
1.9678223133087158
0.398359477519989
1.8233435153961182
1.1358321905136108
0.2905470132827759
0.27799010276794434
0.9548599720001221
0.7574630975723267
1.299924373626709
0.8506629467010498
0.7339797019958496
0.3432021141052246
1.0690155029296875
1.2299394607543945
1.2080998420715332
0.8399849534034729
0.26347315311431885
1.4272329807281494
0.396456241607666
1.1651535034179688
0.5472135543823242
0.45729732513427734
1.071150541305542
1.5957646369934082
0.4975813627243042
0.7942607402801514
1.032257080078125
1.0925359725952148
1.2246050834655762
1.039139747619629
1.2877247333526611
1.6294480562210083
0.7322961091995239
1.1966180801391602
0.4454891085624695
0.6871827840805054
0.31423836946487427
1.225239634513855
0.13941025733947754
1.0056335926055908
1.0598728656768799
1.0968683958053589
0.27521729469299316
0.9418994188308716
1.3416838645935059
0.7638059258460999
1.160743236541748
1.219216227531433
0.5250967144966125
2.2272756099700928
0.8287495970726013
1.074867844581604
1.520350694656372
1.3064905405044556
1.8715063333511353
0.48347580432891846
1.1613469123840332
0.8450751900672913
1.1537933349609375
2.0195798873901367
0.4173944592475891
1.2524598836898804
0.5573591589927673
2.347703218460083
1.1894786357879639
1.243834376335144
0.9013850092887878
1.7181265354156494
0.27193474769592285
1.2213311195373535
0.9814296960830688
1.6673253774642944
1.1773245334625244
0.3411099910736084
1.3006473779678345
2.080918550491333
0.4430345296859741
1.4872008562088013
0.7951704263687134
1.2382575273513794
1.08596932888031
0.8551973104476929
1.0590938329696655
1.426509141921997
1.0264334678649902
1.0542213916778564
0.3010975122451782
1.0553596019744873
1.201402187347412
0.5898835062980652
0.8410108089447021
1.0194091796875
1.0683083534240723
1.1826815605163574
1.1223549842834473
1.1043367385864258
1.4354029893875122
0.4170999526977539
0.209866464138031
0.6640845537185669
0.44164371490478516
1.1349345445632935
0.7581832408905029
1.2070361375808716
0.6735365986824036
0.8188220262527466
0.6175351738929749
0.8847418427467346
0.32105082273483276
0.3786749839782715
1.1587116718292236
1.5958176851272583
0.44595324993133545
1.1528987884521484
0.5121127367019653
0.3580104112625122
0.7209154963493347
0.8632210493087769
0.32706964015960693
1.0327181816101074
1.1602060794830322
0.26400279998779297
0.2569676637649536
0.29316747188568115
0.3185079097747803
0.24129259586334229
0.349579393863678
0.2003558874130249
1.0907384157180786
1.1115715503692627
0.7628509402275085
0.7935101389884949
0.30208826065063477
1.0844258069992065
0.32189953327178955
1.561187982559204
1.3217401504516602
0.5307068228721619
1.7416956424713135
0.8886733651161194
0.6826717257499695
0.24193429946899414
1.211207389831543
0.45000308752059937
1.168212652206421
0.8121987581253052
0.7507258653640747
0.6285871267318726
1.5422903299331665
0.3760867118835449
0.4274165630340576
1.8938525915145874
1.087844967842102
0.19107937812805176
1.1190093755722046
1.1127281188964844
0.9182924628257751
0.4820416569709778
0.5491846799850464
1.2687536478042603
0.7468603253364563
0.9655297994613647
1.0331130027770996
0.8414369225502014
1.242667555809021
0.2678309679031372
0.9685074687004089
0.9073530435562134
0.5705075263977051
0.3189413547515869
1.3580915927886963
0.18341988325119019
0.6854519844055176
1.0874693393707275
0.8503032922744751
0.8249780535697937
0.9969707131385803
1.0802112817764282
1.744239330291748
0.7767083644866943
0.3573101758956909
1.1208449602127075
0.5104404091835022
0.6638475656509399
1.5031031370162964
0.9136949181556702
0.5292304754257202
0.3582197427749634
0.6426558494567871
1.05125093460083
0.40090370178222656
1.0415539741516113
0.966025710105896
0.9647065997123718
1.2443526983261108
0.7615838050842285
0.2908881902694702
0.2756119966506958
0.9160462617874146
0.9447791576385498
1.4425625801086426
1.0173159837722778
0.7901849746704102
0.8450400829315186
1.4087203741073608
1.2410004138946533
0.903311550617218
1.2082027196884155
0.9560030102729797
0.9303604960441589
0.8391309380531311
1.4239124059677124
1.1927987337112427
1.2171989679336548
0.9273098707199097
1.2342313528060913
1.3326878547668457
1.2571316957473755
0.5500564575195312
0.557890772819519
0.9849905967712402
1.1812632083892822
1.1039315462112427
1.8488571643829346
1.3286981582641602
1.2610197067260742
1.0786556005477905
1.2681872844696045
1.0669955015182495
0.3597233295440674
0.7194757461547852
2.041046619415283
0.6069532632827759
0.7157273292541504
0.4145556092262268
1.5733853578567505
0.8240387439727783
1.0220164060592651
0.5782727599143982
1.6382156610488892
0.678922176361084
1.0644575357437134
1.0299965143203735
0.30105459690093994
0.6170637607574463
1.3293970823287964
0.5797483921051025
0.7976422309875488
1.4979835748672485
1.0871423482894897
0.9358741044998169
0.2763901948928833
0.715103805065155
1.0527496337890625
1.3125369548797607
0.8031687140464783
1.0341482162475586
1.2326184511184692
1.2700649499893188
0.3006737232208252
0.4882321357727051
1.1155411005020142
0.20675599575042725
1.247153401374817
1.5956311225891113
0.9377735257148743
0.9041111469268799
0.8239192366600037
1.1733996868133545
0.28417158126831055
0.6464500427246094
1.3547028303146362
0.6930009722709656
0.8314801454544067
0.40229785442352295
0.40005648136138916
0.28101861476898193
1.404893398284912
1.5485694408416748
0.4262876510620117
0.2579560875892639
0.5893133878707886
0.200994074344635
1.0394394397735596
1.6903014183044434
0.6965929269790649
1.220535397529602
1.1353029012680054
0.9650781154632568
0.5398783087730408
1.2058708667755127
0.8035902976989746
1.0458390712738037
1.1495260000228882
1.012451410293579
1.6145379543304443
0.9948556423187256
0.2752543091773987
0.7326515316963196
0.4010535478591919
1.1676584482192993
1.1271781921386719
1.0790228843688965
1.103395938873291
1.6596113443374634
0.4501079320907593
0.27496641874313354
1.140249252319336
0.7335585951805115
0.26081836223602295
0.9559917449951172
0.8019081354141235
0.8637585043907166
1.5449568033218384
0.90921950340271
1.5119270086288452
1.5568398237228394
0.5897898077964783
1.2525522708892822
0.9505804777145386
1.0535756349563599
1.3650983572006226
1.3150116205215454
1.199228048324585
0.8477813601493835
0.294419527053833
0.9101592898368835
1.0577908754348755
1.7496124505996704
1.2707910537719727
1.461574673652649
1.2509173154830933
1.770153522491455
1.441813588142395
1.3002433776855469
0.3613906502723694
0.9540653824806213
1.261926531791687
0.9113937616348267
1.8671373128890991
1.0414199829101562
0.8847683072090149
0.35544145107269287
1.2122737169265747
1.473673939704895
1.2929083108901978
0.38349270820617676
1.1903831958770752
0.30463480949401855
1.5150429010391235
0.9864540100097656
1.0555033683776855
0.846899688243866
0.9980862140655518
0.9791104197502136
0.4010695219039917
1.0528087615966797
0.3754032850265503
1.2243739366531372
0.2841024398803711
1.7708035707473755
0.2632845640182495
1.1086400747299194
0.7897690534591675
0.234499990940094
1.201272964477539
1.218485713005066
1.150233268737793
1.2800745964050293
1.1301900148391724
