0.11267846822738647
-1.2883093357086182
-0.7793769240379333
-0.7684581875801086
-2.589938163757324
0.33870020508766174
0.017007479444146156
-0.16236840188503265
-0.685546338558197
-1.88466477394104
0.016513023525476456
1.2179160118103027
0.27328136563301086
-1.416798710823059
-1.6152257919311523
-1.376186728477478
-1.9893455505371094
0.5546626448631287
-0.926019549369812
0.221220925450325
-0.8715139031410217
0.9116436243057251
-1.580980896949768
-0.011234081350266933
-0.23004117608070374
-0.7195402979850769
2.2681233882904053
-0.41052117943763733
-0.2900369167327881
-1.3709416389465332
-1.5721632242202759
-0.03153841942548752
-0.7408586740493774
-1.2993234395980835
-1.1504651308059692
-1.8773524761199951
0.016644220799207687
-1.4942874908447266
-1.53953218460083
1.0502663850784302
-0.9954512119293213
-1.9545689821243286
0.49428725242614746
-2.363399028778076
-1.696628451347351
-0.7504916191101074
-0.29518190026283264
-0.6126353144645691
-0.21367716789245605
-0.2646757662296295
-1.7067285776138306
-1.3271455764770508
0.2900844216346741
-1.7291169166564941
-1.0081855058670044
-1.2246135473251343
1.2007442712783813
-1.2555607557296753
-0.6730827689170837
-1.5736969709396362
-0.4245337247848511
0.06511946767568588
-0.1766185611486435
-0.7206560969352722
-2.158336877822876
0.09232335537672043
-0.30933311581611633
0.11219099164009094
-0.9214016795158386
-1.814392328262329
0.057643186300992966
0.02498304657638073
-0.30839255452156067
-1.2773511409759521
0.1988058239221573
-1.9307334423065186
-0.031201360747218132
0.5160239934921265
-1.840150237083435
0.21961337327957153
0.23757675290107727
0.3908293545246124
-0.8511199951171875
0.18539758026599884
0.22253702580928802
-0.37310048937797546
0.44285115599632263
-0.9632124900817871
-0.7736930251121521
0.2091103345155716
-0.3043833076953888
-1.416857123374939
0.13393156230449677
-1.225037693977356
0.7389333248138428
0.18034933507442474
0.029456788673996925
0.26330575346946716
-0.034196607768535614
-0.282096803188324
-0.19479252398014069
-0.8908988833427429
0.5120681524276733
1.231391429901123
-0.9474530220031738
-0.26136651635169983
-1.3566255569458008
-1.517897605895996
-0.411475270986557
1.3506652116775513
0.2655181884765625
0.15342441201210022
0.06472305208444595
-0.7587829828262329
-0.8348937034606934
1.1102787256240845
-1.23341965675354
-1.073365569114685
-0.011974797584116459
-0.7125570178031921
-1.459338903427124
-1.2049999237060547
-2.158271551132202
-0.2787025570869446
-0.6378471851348877
-0.8329911231994629
-1.0427745580673218
1.5354710817337036
0.19123177230358124
-2.301164150238037
-0.5094119906425476
-0.9839038252830505
-0.41229307651519775
-1.0205488204956055
-0.7245580554008484
-0.7797583937644958
-0.11197751760482788
-1.097327470779419
-1.5048015117645264
-1.7380982637405396
-2.0766561031341553
-0.66701340675354
-0.8234374523162842
-0.8862485885620117
-1.4414608478546143
-1.6196722984313965
-1.5191208124160767
0.05855638161301613
-0.3888791799545288
-0.3392292559146881
-2.396496295928955
-0.4429285228252411
-0.024192990735173225
-0.5610754489898682
1.7718089818954468
-2.0318264961242676
-1.049142599105835
0.3100794553756714
-0.8651949167251587
0.5813856720924377
-0.5043288469314575
-0.7953118681907654
-2.0190913677215576
0.16902020573616028
-1.8201767206192017
-0.9354804158210754
-0.49928876757621765
-0.7380694150924683
0.4739207923412323
-1.8060683012008667
-0.017849940806627274
-1.227442979812622
-0.958372950553894
0.7900639176368713
0.07273174077272415
-0.6810545325279236
0.1385878622531891
-1.6846814155578613
1.3602155447006226
-1.484730839729309
0.05440715327858925
-2.1459035873413086
-0.940875232219696
-0.9660801887512207
0.3208402097225189
-1.4458247423171997
-1.3702151775360107
-0.2598361372947693
-2.406829357147217
-0.46424809098243713
-0.48743534088134766
-3.10809326171875
-1.5913162231445312
-0.15790873765945435
-0.1870957612991333
0.038543056696653366
-1.311869740486145
-0.7497267723083496
-2.1457102298736572
-1.0736439228057861
-0.35956957936286926
-2.9031925201416016
-0.9321026802062988
0.23291294276714325
0.4885576665401459
-0.03535229340195656
-0.17192652821540833
-0.4263521730899811
-1.0595835447311401
-1.4287019968032837
-0.8432044982910156
0.3467537462711334
-0.11381629854440689
-1.5276628732681274
-1.1102150678634644
-2.219270706176758
-0.04980451986193657
-1.5543521642684937
0.1529207080602646
-1.7131439447402954
-0.27828821539878845
-0.634857177734375
-2.143310546875
1.5085967779159546
-0.8235510587692261
0.2870766222476959
0.5282780528068542
-0.7597767114639282
0.8134289979934692
0.18822143971920013
0.4992712736129761
-1.7574539184570312
-0.5015169978141785
0.2499396950006485
-2.1952903270721436
0.08537840843200684
-1.581547737121582
-0.5281313061714172
-0.7458458542823792
-0.4267325699329376
-1.4875351190567017
-1.3416131734848022
0.016564281657338142
-0.40211743116378784
-1.3799927234649658
-0.12816083431243896
0.15151086449623108
-1.6042910814285278
0.03691416233778
-0.09029345959424973
-0.6627361178398132
0.06047232821583748
-0.21937306225299835
-0.6995854377746582
-1.12413489818573
-0.18286846578121185
-1.4021345376968384
-0.33220645785331726
-0.926295280456543
0.6716868281364441
-1.903525710105896
0.6769720315933228
-0.05346646532416344
-0.4520551562309265
-0.3392479121685028
-2.075798511505127
0.5790867209434509
-1.2967911958694458
-0.07376360148191452
-1.5182397365570068
-1.2179433107376099
-0.2422577440738678
-0.863542914390564
1.406285047531128
-2.542729616165161
0.8842514753341675
-0.6623319983482361
1.6368757486343384
-1.1677273511886597
-2.384934663772583
0.7033509612083435
-1.559564232826233
0.6166889667510986
-0.9437969923019409
-0.9045511484146118
-0.8558835983276367
0.14632567763328552
-0.09813980013132095
-0.389426589012146
0.09340482950210571
0.8802082538604736
0.4137513339519501
-0.6784514784812927
-0.04458579421043396
-1.2250666618347168
0.39471301436424255
-1.090179443359375
-1.7201471328735352
-0.7789278626441956
-0.18739067018032074
0.5265125036239624
0.7560036182403564
0.6511342525482178
0.3347187936306
0.7872236371040344
-1.4482345581054688
0.020699817687273026
0.1646515429019928
0.2255532592535019
-0.644058108329773
-0.10785073786973953
-1.6356595754623413
-0.6673545241355896
-0.14223487675189972
-1.5228761434555054
-1.558028221130371
-2.008058547973633
0.2935818135738373
1.34587562084198
-3.00707745552063
0.33507221937179565
-1.470388412475586
-0.546416699886322
1.6262705326080322
-1.1096903085708618
-0.4937692880630493
0.8615487813949585
-0.946612536907196
-0.1999644786119461
-0.697371244430542
1.0011471509933472
-1.4676079750061035
-0.8312097787857056
-0.3542003333568573
0.3927001953125
-0.6939684152603149
0.7590897083282471
-0.8051801323890686
0.06466416269540787
-0.40487149357795715
-0.28352758288383484
0.17504926025867462
-1.3924610614776611
-1.5785763263702393
-0.019444819539785385
-0.3168121576309204
-0.04855451360344887
-0.17252929508686066
-0.09958378970623016
-0.8523838520050049
-0.5420019030570984
-0.3790246248245239
-0.566170334815979
-0.9858849048614502
-0.9351854920387268
-1.6757129430770874
0.05035041645169258
1.0128921270370483
-0.8071706295013428
0.948695182800293
-1.4427669048309326
-0.6039032340049744
-0.6793311238288879
-0.10700027644634247
0.18689286708831787
0.34625035524368286
-0.1015811339020729
-1.310038685798645
1.166214942932129
-0.2833571434020996
0.7883890867233276
-1.2486181259155273
-1.7026809453964233
-0.6882002353668213
1.4926965236663818
-0.026211528107523918
-0.8217872977256775
-0.7987832427024841
0.2156505286693573
-0.6198844313621521
-1.438707709312439
-0.5918410420417786
-0.9963317513465881
-0.2335018366575241
-1.5812548398971558
-2.483433723449707
-1.307421326637268
-2.416036367416382
-0.11694777756929398
-0.7568948864936829
-0.39060619473457336
-0.23659779131412506
-1.2155874967575073
-0.3912276029586792
-0.4151745140552521
-1.4637130498886108
-1.2404173612594604
-1.4490591287612915
-0.46850141882896423
0.30306315422058105
0.0687040239572525
-0.49819499254226685
1.6031053066253662
-1.2152284383773804
-0.657926082611084
-1.0615485906600952
-0.819232702255249
-0.9650958776473999
0.4649682641029358
1.136013150215149
0.18060247600078583
0.18971320986747742
-1.406854510307312
-0.8200897574424744
0.28214970231056213
-0.4684848487377167
0.09103140234947205
0.021339932456612587
-0.07329794019460678
-1.1234276294708252
0.28073233366012573
-1.6325829029083252
-1.526995062828064
-0.06596466898918152
0.043004266917705536
0.13766993582248688
-0.01265661884099245
0.2291475087404251
0.08155448734760284
0.006400224752724171
-0.8942829370498657
-0.7635778784751892
-0.4690040647983551
-1.3261847496032715
0.3765515685081482
-1.1994385719299316
-0.1540331095457077
-2.274641513824463
-0.39228081703186035
-0.6785257458686829
-0.30787402391433716
-0.7672607898712158
0.38131415843963623
-0.12228303402662277
-1.2706401348114014
1.3860113620758057
-1.2006129026412964
-0.35275593400001526
-0.8981860280036926
-0.33919164538383484
-0.15779119729995728
1.5536034107208252
0.2631085515022278
0.3073205053806305
-1.5505174398422241
-0.04389876499772072
-1.6137983798980713
-0.3388458788394928
1.3524311780929565
0.8875829577445984
-0.4823627471923828
-0.6954612731933594
0.7635511159896851
-0.025708546862006187
-1.0776631832122803
-0.17727479338645935
-0.9790382385253906
-0.06104765832424164
-0.14184923470020294
-1.3940820693969727
-0.4462772309780121
0.049695540219545364
-0.1673237681388855
0.10607960820198059
-0.33571892976760864
-1.1677168607711792
2.2068099975585938
-0.6905776262283325
-0.29734185338020325
0.5211992263793945
0.16655610501766205
-0.8847953677177429
0.44006621837615967
-1.2658796310424805
-0.4273968040943146
-0.31755638122558594
-0.5871145129203796
-1.2770745754241943
0.6700599789619446
-0.5349550247192383
1.2097930908203125
-0.7471264004707336
0.3772619366645813
-1.2505016326904297
-1.3733232021331787
0.3711084723472595
-1.264459490776062
0.12492890655994415
0.07780701667070389
0.04092768579721451
-1.2472988367080688
-1.1258008480072021
0.4316885769367218
-1.5019381046295166
-1.0939043760299683
-1.1922096014022827
-1.2967334985733032
-1.112086296081543
-1.3652100563049316
-1.673664927482605
-1.1172256469726562
-0.6837590336799622
0.17021943628787994
-1.985772967338562
-1.3930857181549072
-1.5631986856460571
-0.8261709809303284
-2.379232406616211
-2.132734775543213
-0.9442375898361206
-0.17899946868419647
-0.43422365188598633
-0.19375969469547272
0.574658989906311
-1.178939938545227
0.20235726237297058
-2.033060073852539
0.571570873260498
-1.5944689512252808
-1.4429726600646973
-0.22899256646633148
0.26937881112098694
-0.8163794875144958
-0.42173391580581665
-0.4100080728530884
-0.9085619449615479
-0.06271587312221527
0.015804462134838104
-1.1765635013580322
-0.8549400568008423
0.832125723361969
-0.6789349317550659
-0.9909048676490784
-1.1664093732833862
-1.4588875770568848
0.2004491537809372
0.08697381615638733
-1.3012062311172485
-0.7079479098320007
0.42122694849967957
-1.4633640050888062
-1.40028977394104
-0.7915650606155396
0.06645174324512482
0.3869049549102783
-1.2474368810653687
-1.3206300735473633
-0.3419477641582489
-1.27512788772583
1.7921907901763916
-1.0837228298187256
0.4443311393260956
-0.21746768057346344
-0.9499185681343079
0.13876712322235107
-2.2428884506225586
-0.5130342841148376
-0.7643020749092102
0.8707279562950134
-1.218703269958496
-0.7461221814155579
-0.059728533029556274
-0.4976871907711029
-2.02146053314209
0.28695276379585266
-1.3265990018844604
0.09304001182317734
0.2966710329055786
0.3644023537635803
-1.5024470090866089
-1.4678642749786377
-0.19144445657730103
-0.07628485560417175
-0.5428311824798584
0.24400173127651215
-1.5272518396377563
-0.3162861168384552
0.44957202672958374
-1.7066243886947632
-0.1661233752965927
-1.2710014581680298
1.0898975133895874
1.6315113306045532
0.15697163343429565
-0.9655010104179382
-0.8969127535820007
-1.1108133792877197
0.16527479887008667
1.824731469154358
0.3485582768917084
-1.078344464302063
-0.22727033495903015
-1.196106195449829
-2.359426975250244
-1.9584715366363525
-1.3252911567687988
-0.6727368831634521
-0.005915272049605846
-0.4279371201992035
-1.5080854892730713
-0.6726164221763611
-0.003682459006085992
0.3601052165031433
-0.6813852190971375
0.1766289323568344
-0.03580154478549957
0.4437481760978699
-2.1630048751831055
-0.26864099502563477
0.5764715671539307
-1.7524241209030151
-1.6013695001602173
-1.8384287357330322
-0.9209461212158203
-1.9619380235671997
-1.205828309059143
-0.35407721996307373
0.9338119626045227
-1.070601224899292
-1.9639800786972046
0.2468492090702057
-1.6076029539108276
1.4616514444351196
-1.619221568107605
-0.4075709283351898
-0.8703516125679016
-1.8688969612121582
-0.29037368297576904
-0.23596690595149994
-1.0076673030853271
-1.0772781372070312
0.08446289598941803
-1.6194401979446411
0.2938918471336365
-0.25743627548217773
-1.4426026344299316
0.669014036655426
-1.298703908920288
0.3665802776813507
-2.069382905960083
-0.2318253368139267
-2.000610113143921
-1.4418522119522095
-0.09717703610658646
-0.6622428894042969
-1.0056222677230835
-0.8595754504203796
-0.15561017394065857
-1.1891179084777832
1.8118722438812256
0.5388727188110352
0.12996703386306763
-0.8624287843704224
0.08652952313423157
-1.6959419250488281
-0.45834478735923767
0.03066246397793293
-1.3242179155349731
-1.229658842086792
-0.16145533323287964
0.38606613874435425
-1.3249047994613647
