32.86907196044922
33.24250411987305
53.7056999206543
23.79486083984375
33.500633239746094
33.16380310058594
31.611684799194336
22.873693466186523
31.39090919494629
25.67333984375
18.237653732299805
49.602027893066406
45.114227294921875
38.89581298828125
28.409908294677734
72.66957092285156
34.42873001098633
30.05645179748535
38.157867431640625
43.3983268737793
50.09505844116211
68.02699279785156
52.01984405517578
19.28180694580078
36.22474670410156
29.280113220214844
74.4695816040039
40.53132247924805
35.3825569152832
32.09223175048828
36.616737365722656
40.93973159790039
57.247066497802734
75.07221221923828
33.44205856323242
35.201683044433594
51.52484893798828
26.172401428222656
22.687475204467773
29.3476505279541
60.76729202270508
27.62061882019043
32.31792449951172
32.76846694946289
41.09981918334961
25.55926513671875
52.831722259521484
45.26331329345703
45.431541442871094
23.333629608154297
24.931434631347656
37.03837203979492
34.19859313964844
33.29645919799805
37.35952377319336
37.237674713134766
24.58467674255371
48.195648193359375
49.07769775390625
33.52281188964844
26.96709442138672
34.62824249267578
36.33047103881836
26.444639205932617
30.080568313598633
24.829004287719727
50.65982437133789
44.8487548828125
23.623046875
49.114471435546875
32.81191635131836
24.116193771362305
22.89510726928711
34.41751480102539
39.259178161621094
43.1695671081543
46.1765022277832
23.05590057373047
26.77271270751953
42.0524787902832
28.60664176940918
25.154212951660156
29.64194679260254
46.69746780395508
95.51861572265625
40.998958587646484
46.13783264160156
25.785900115966797
27.577667236328125
32.25234603881836
37.09268569946289
50.672706604003906
43.26847457885742
26.337596893310547
42.46807098388672
35.05847930908203
29.357778549194336
45.78202819824219
30.39064598083496
23.850168228149414
27.73127555847168
69.07061767578125
20.7786922454834
60.077850341796875
26.508710861206055
39.32387924194336
64.20439147949219
35.55261993408203
36.39076232910156
36.52687454223633
49.08484649658203
28.22408103942871
48.857215881347656
29.462913513183594
43.484893798828125
45.2249641418457
31.455718994140625
40.85755157470703
64.30052947998047
35.042720794677734
29.829315185546875
52.18368911743164
26.92668342590332
26.729496002197266
28.337488174438477
41.529151916503906
44.2775993347168
38.596248626708984
43.746883392333984
57.283851623535156
52.563323974609375
38.5229377746582
28.334619522094727
38.61907958984375
46.662208557128906
31.34546661376953
39.65723419189453
23.699045181274414
31.751108169555664
36.145877838134766
50.48944854736328
45.525596618652344
40.47188949584961
35.87900161743164
62.39570617675781
22.133010864257812
29.174863815307617
24.371665954589844
55.99408721923828
35.34824752807617
63.238014221191406
62.23529815673828
41.829673767089844
33.07143783569336
64.28010559082031
31.080747604370117
28.797061920166016
25.770843505859375
51.668601989746094
61.3566780090332
28.171693801879883
31.188806533813477
36.51572036743164
19.251907348632812
33.241031646728516
40.5269660949707
19.749454498291016
44.60411834716797
31.046871185302734
42.330055236816406
25.982378005981445
53.916622161865234
55.51902389526367
38.9095458984375
40.78585433959961
39.83356475830078
29.654184341430664
44.17042541503906
54.38240432739258
38.11296463012695
43.1493034362793
30.939790725708008
48.622291564941406
86.02371215820312
46.30799102783203
39.78773880004883
32.47773361206055
36.75225067138672
23.188596725463867
37.44822692871094
58.81897735595703
30.015735626220703
31.099348068237305
29.654130935668945
24.985111236572266
27.870933532714844
37.01626205444336
30.20440673828125
27.402767181396484
26.636829376220703
87.90762329101562
26.505508422851562
45.11787796020508
35.0513916015625
21.488788604736328
31.8216495513916
22.827848434448242
44.0454216003418
43.015384674072266
40.05017852783203
31.633352279663086
33.71858596801758
29.444448471069336
45.71751022338867
54.835018157958984
34.06010437011719
34.43124771118164
50.0116081237793
30.16816520690918
23.452592849731445
38.337215423583984
27.28103256225586
37.32559585571289
50.256404876708984
44.9361572265625
35.23386001586914
56.962440490722656
53.59931945800781
74.45819854736328
36.87049102783203
32.982032775878906
31.88977813720703
48.137210845947266
27.11549186706543
28.04465675354004
29.098628997802734
33.36867904663086
31.567363739013672
27.352231979370117
39.317501068115234
46.07868957519531
37.074344635009766
44.22430419921875
47.977783203125
24.264448165893555
23.235286712646484
45.088714599609375
34.95534896850586
26.580917358398438
21.815927505493164
37.22163772583008
32.410797119140625
28.10846519470215
32.66386795043945
48.06315994262695
40.16354751586914
56.16456985473633
23.974079132080078
31.1761417388916
21.968124389648438
30.000099182128906
37.8768310546875
25.3923397064209
28.477418899536133
28.825590133666992
29.31174659729004
31.680644989013672
33.45363235473633
29.15980339050293
29.735660552978516
31.01580047607422
47.79780578613281
39.12900161743164
92.45541381835938
25.219051361083984
27.882287979125977
43.49372863769531
59.9324951171875
28.603416442871094
42.338661193847656
49.778358459472656
41.4110107421875
30.979141235351562
62.14471435546875
35.280250549316406
52.586090087890625
27.963150024414062
50.533992767333984
23.199398040771484
20.625619888305664
52.71156311035156
47.71635437011719
50.02793884277344
29.760950088500977
29.1386661529541
28.236188888549805
38.10929489135742
30.017398834228516
33.4527473449707
60.28544616699219
33.9339714050293
22.26904296875
54.9910888671875
31.825092315673828
59.39741516113281
51.39136505126953
61.44636535644531
27.8685245513916
39.82058334350586
27.8159122467041
33.67340850830078
32.78694534301758
42.262107849121094
37.03681945800781
40.37085723876953
70.28074645996094
34.72807312011719
50.05198287963867
37.66950988769531
19.753198623657227
22.024200439453125
44.6602783203125
35.14119338989258
47.125579833984375
24.886754989624023
48.39729690551758
33.51392364501953
41.58644104003906
36.53868865966797
28.288259506225586
41.63316345214844
33.070594787597656
30.54369354248047
52.503238677978516
36.8986701965332
32.331947326660156
29.467025756835938
32.79203414916992
20.47711753845215
41.19425582885742
32.722923278808594
65.15167999267578
28.27174949645996
31.776391983032227
57.491966247558594
27.94304084777832
41.17448425292969
46.952335357666016
45.055503845214844
43.46275329589844
35.29182434082031
41.47376251220703
32.872955322265625
31.66957664489746
44.30257797241211
45.116844177246094
32.08024597167969
46.83266830444336
30.51500129699707
64.99523162841797
64.76154327392578
41.58836364746094
26.42770004272461
42.99012756347656
43.487613677978516
62.158721923828125
22.83057975769043
60.74958038330078
36.304500579833984
36.133872985839844
25.60604476928711
45.07619094848633
34.948856353759766
51.64583206176758
54.63047790527344
29.567562103271484
41.88153076171875
35.420597076416016
32.35902786254883
32.56806564331055
40.53166580200195
53.81428527832031
36.03582763671875
34.168033599853516
42.45944595336914
47.684574127197266
30.758342742919922
31.915699005126953
22.86259651184082
61.89811706542969
39.332767486572266
54.78205108642578
97.99478149414062
39.2369270324707
26.14922523498535
37.508094787597656
28.791894912719727
37.87489700317383
39.83735275268555
39.47341537475586
43.37187957763672
34.60283279418945
41.78157424926758
92.40826416015625
37.156375885009766
67.94288635253906
63.7523193359375
46.378414154052734
36.44270706176758
23.38042640686035
16.450054168701172
21.022991180419922
26.67374610900879
37.434776306152344
64.6907730102539
37.98686599731445
21.437198638916016
25.47234535217285
35.901248931884766
57.229549407958984
28.347225189208984
42.047515869140625
33.01095199584961
20.659608840942383
20.780109405517578
44.1549186706543
26.0119571685791
20.35454559326172
23.88153648376465
23.108522415161133
27.551916122436523
30.773780822753906
26.787776947021484
67.43539428710938
25.28982162475586
32.56787872314453
39.2130126953125
31.871082305908203
37.88768768310547
30.333940505981445
38.35822296142578
29.333005905151367
34.035064697265625
19.199338912963867
38.86100387573242
22.91376304626465
28.174484252929688
61.56177520751953
36.005165100097656
25.77974510192871
37.29546356201172
31.205270767211914
23.792699813842773
39.217384338378906
28.645252227783203
26.221006393432617
21.517940521240234
27.537580490112305
45.10734939575195
18.543441772460938
37.708805084228516
46.562164306640625
38.0265998840332
33.8050422668457
31.1149959564209
54.8594970703125
26.73033332824707
27.19443702697754
29.97237205505371
58.10530090332031
26.882654190063477
20.900766372680664
44.953704833984375
36.16725158691406
34.449676513671875
20.93271827697754
49.60589599609375
22.96380043029785
41.45709228515625
44.02311325073242
24.738670349121094
41.76166915893555
24.238449096679688
32.2747688293457
55.971256256103516
30.859941482543945
53.151153564453125
45.05727767944336
26.618154525756836
30.873924255371094
22.36899185180664
32.34907150268555
34.39902877807617
90.82469177246094
44.668941497802734
35.6077995300293
52.28554916381836
75.26535034179688
28.566055297851562
34.895320892333984
48.35050964355469
39.458465576171875
36.735130310058594
22.749425888061523
36.647727966308594
33.632965087890625
27.772300720214844
34.991085052490234
23.823579788208008
51.606204986572266
58.67866134643555
27.553678512573242
32.33170700073242
28.625905990600586
32.65025329589844
67.54924011230469
26.761659622192383
28.300548553466797
34.243106842041016
52.50429153442383
30.483793258666992
31.989404678344727
32.902061462402344
37.100032806396484
30.633005142211914
38.573974609375
31.444684982299805
43.4874382019043
32.50857925415039
40.112274169921875
41.48158264160156
33.84392547607422
31.28363609313965
43.635032653808594
36.71194839477539
71.98656463623047
44.42572784423828
76.20083618164062
27.63045310974121
61.159061431884766
28.380861282348633
40.42863464355469
28.357383728027344
62.46558380126953
25.829547882080078
68.69830322265625
58.51569747924805
38.61656951904297
26.731595993041992
55.650062561035156
37.31752395629883
27.72551727294922
68.45742797851562
22.15060043334961
35.392311096191406
69.71064758300781
32.39229202270508
32.96945571899414
53.36625671386719
46.442325592041016
35.27393341064453
37.76531219482422
20.406965255737305
36.77898406982422
54.30132293701172
39.86714553833008
49.98923873901367
48.68220901489258
43.112335205078125
27.361557006835938
28.76028823852539
26.189321517944336
24.490524291992188
31.98246955871582
26.015592575073242
63.040496826171875
21.69235610961914
28.813886642456055
28.068910598754883
39.719970703125
29.9310302734375
32.14152145385742
23.88957977294922
58.623329162597656
26.861454010009766
30.441679000854492
47.555904388427734
54.31062698364258
32.667781829833984
43.36475372314453
64.51162719726562
33.27306365966797
49.1380615234375
38.32307052612305
40.28551483154297
34.00343704223633
34.6126594543457
20.669857025146484
42.36845016479492
35.02533721923828
22.11125946044922
33.49018096923828
35.566646575927734
24.023313522338867
43.56753158569336
24.4149112701416
48.57477569580078
24.59715461730957
46.4698486328125
36.0142822265625
29.885082244873047
38.31327819824219
29.1590633392334
19.623512268066406
34.33893966674805
39.1380729675293
28.767518997192383
63.899879455566406
105.81114196777344
68.66627502441406
65.59487915039062
24.689428329467773
39.26095199584961
54.337120056152344
46.63273239135742
37.652565002441406
35.70488357543945
20.81321907043457
66.17244720458984
57.349388122558594
34.89452362060547
23.937328338623047
52.217613220214844
34.631465911865234
37.29481506347656
42.16399002075195
36.441001892089844
42.31721115112305
48.49281311035156
36.183414459228516
39.43563461303711
62.97089767456055
29.35194969177246
34.08799362182617
20.227615356445312
68.97246551513672
42.176856994628906
47.705078125
47.47416687011719
26.775188446044922
18.991069793701172
33.08073043823242
34.538997650146484
46.98917770385742
28.913679122924805
49.3532829284668
58.84001922607422
21.664350509643555
65.23555755615234
32.50364303588867
48.715911865234375
29.883277893066406
45.35087585449219
25.488956451416016
37.44386291503906
42.597660064697266
28.66615867614746
62.913089752197266
40.07586669921875
60.321571350097656
40.68606185913086
49.10664367675781
