-0.4877239465713501
0.5803056359291077
-1.8534247875213623
-2.800213098526001
0.13786360621452332
-0.7859339714050293
-0.22399982810020447
-0.1926441341638565
-2.2051022052764893
0.4168492257595062
-1.213187575340271
0.5792109966278076
-0.9709377288818359
0.7718690633773804
0.38348835706710815
-1.1504127979278564
-0.12769246101379395
-1.07566499710083
0.41694268584251404
-2.125706195831299
0.2487509399652481
-1.7550530433654785
0.1338263899087906
-1.2644609212875366
-1.092117190361023
-0.31795164942741394
0.26771414279937744
-2.142561674118042
0.2237749695777893
0.8139331340789795
-1.8499268293380737
-0.2542208731174469
-0.3956049084663391
-0.04948060214519501
0.5343039035797119
-1.4304709434509277
-1.6976779699325562
0.20760716497898102
-0.014270992949604988
-1.7140657901763916
0.3644764721393585
-0.01140790618956089
0.502819836139679
0.5308458209037781
0.37250253558158875
-1.4670581817626953
-0.9770277738571167
-1.6472890377044678
0.05332249402999878
-0.8669400215148926
-0.23123900592327118
0.27338284254074097
-0.34530869126319885
-2.5692594051361084
-0.7246196269989014
-0.8852095603942871
-2.1053357124328613
-0.5372193455696106
-0.7938017845153809
-0.39070096611976624
-1.532439112663269
-0.5785539746284485
-0.22209469974040985
-0.42765307426452637
-0.1426849663257599
-1.6941279172897339
-2.0813615322113037
-1.3827131986618042
0.42480942606925964
-0.37205570936203003
-0.7463200092315674
-0.620194137096405
-1.1698737144470215
-0.4063924551010132
0.24076983332633972
-0.15457896888256073
-1.7883201837539673
-0.12193819135427475
0.355463445186615
-0.04376024380326271
-0.4498184323310852
-2.5371615886688232
-0.07013276219367981
0.4149700403213501
-1.1867015361785889
-2.499633550643921
-1.8057857751846313
0.37667128443717957
-0.9812890291213989
-1.5733426809310913
-1.4848746061325073
-2.7519240379333496
0.3291962444782257
0.5559203624725342
-0.20027172565460205
-1.3262957334518433
-1.5009256601333618
0.5508351922035217
-2.0489397048950195
-1.9007246494293213
-0.6350225210189819
0.3900071382522583
-0.7283315062522888
0.2825702428817749
-1.268345594406128
-0.22840094566345215
0.4552256464958191
-0.4222542941570282
-0.7851714491844177
0.10712070763111115
-1.5725752115249634
-1.4467594623565674
-0.7874071598052979
0.5843574404716492
-1.8487612009048462
-2.1398983001708984
0.16172274947166443
0.2103021889925003
-0.08643949776887894
0.16293424367904663
0.7101844549179077
-0.33094727993011475
0.09698451310396194
-0.7583867311477661
-0.2788704037666321
-2.0071258544921875
-2.5443832874298096
-2.403684616088867
-1.3048121929168701
-0.44180727005004883
0.2594032287597656
0.5008987188339233
-0.839490532875061
0.4330245554447174
-0.6411666870117188
-2.360759735107422
-0.03861413523554802
-0.7519615888595581
0.01261963788419962
-0.009426080621778965
-3.6923017501831055
-0.949532151222229
-0.9110474586486816
-0.5389364957809448
0.7800396680831909
0.47561243176460266
0.2896348536014557
-1.2047815322875977
0.7613422274589539
-0.6943240165710449
-1.4564509391784668
0.018001439049839973
0.2405838668346405
-1.2632771730422974
0.5259104371070862
0.0812060534954071
0.311303049325943
-0.9886001944541931
-1.4848381280899048
-2.016427516937256
-1.1136093139648438
0.9736363887786865
0.2541080117225647
-0.49074143171310425
0.37134575843811035
-1.9005868434906006
0.9307418465614319
-0.22948075830936432
-0.4662629961967468
0.3645758330821991
-0.9551710486412048
-2.0900051593780518
-0.6710686683654785
-0.053633660078048706
-0.3557364344596863
0.6675020456314087
-0.267043799161911
-0.3710859417915344
0.5911722183227539
0.3428950905799866
-0.9156476855278015
-0.3039780557155609
-2.1054654121398926
0.6419817209243774
-2.0465192794799805
0.41492921113967896
0.5276160836219788
-0.9658142328262329
0.5173845887184143
-0.5438273549079895
-0.3198174238204956
-0.18448077142238617
-0.30110061168670654
-1.0930918455123901
-1.8400126695632935
-1.7445710897445679
0.5332261919975281
0.719862163066864
-0.009353515692055225
0.6249803304672241
0.16118724644184113
0.30787011981010437
-1.9674766063690186
0.13274498283863068
-0.7664262056350708
-1.4937227964401245
-0.951434850692749
0.18018123507499695
0.5453556180000305
0.031590189784765244
0.5588485598564148
-0.948184072971344
-2.078695774078369
0.0015298319049179554
0.21384160220623016
-0.00468881381675601
-0.7163962125778198
0.41533777117729187
-1.4829598665237427
0.06366539746522903
-1.4756280183792114
-2.0681331157684326
0.28826066851615906
-1.0355192422866821
0.4074176847934723
-0.4515341818332672
0.17293375730514526
0.10251719504594803
0.3929761052131653
-1.4558292627334595
-1.2652931213378906
0.20144565403461456
-0.9645057916641235
-0.36418360471725464
0.38381296396255493
-1.5695841312408447
0.48564067482948303
-1.8904573917388916
-0.1338253617286682
-1.3595398664474487
-1.7233104705810547
-0.041082896292209625
-0.5150505304336548
-0.051184602081775665
0.19602812826633453
-1.2392008304595947
0.34184500575065613
0.2046385407447815
-0.7607371211051941
-1.2747249603271484
-1.6583017110824585
-0.686781644821167
0.2002769559621811
-0.8481078743934631
-0.7716855406761169
-0.08898143470287323
-2.283635139465332
-0.8724867105484009
0.5216927528381348
-1.4202812910079956
0.3097009062767029
-0.032756973057985306
-1.6633394956588745
0.11111194640398026
-0.11965835094451904
0.33221906423568726
-1.1219074726104736
-1.775705099105835
-0.3117677569389343
0.17345406115055084
-0.04378232732415199
-0.8821280002593994
-2.0921740531921387
-1.3083983659744263
0.5986775159835815
0.10237769782543182
-1.565555453300476
-2.3962814807891846
-0.13852734863758087
0.03718612715601921
-1.0457913875579834
0.18557468056678772
0.3005739152431488
-0.9039162993431091
-0.13193093240261078
-0.29602161049842834
-1.1979612112045288
0.4158158302307129
-1.936225414276123
-1.6119993925094604
0.6075242161750793
0.3676925003528595
-1.4983583688735962
-1.400536298751831
0.24477854371070862
-1.2396711111068726
0.7990063428878784
0.48664751648902893
-0.5718647837638855
-1.4986804723739624
0.5992618203163147
-0.7555621266365051
-0.30931586027145386
-1.4124464988708496
-0.8065596222877502
0.2562299072742462
-1.2587828636169434
-1.2363425493240356
-1.6728754043579102
-0.639228343963623
-0.4358057677745819
-1.65712571144104
-2.2045295238494873
-0.11946212500333786
-0.27414000034332275
0.26995372772216797
-0.9535945653915405
0.42807021737098694
-0.08437323570251465
-1.4050737619400024
-1.4451913833618164
0.16673782467842102
-1.3435276746749878
-0.2766624689102173
0.32540130615234375
-2.765458106994629
-0.008613504469394684
-2.2270214557647705
-0.9436713457107544
-0.5593047142028809
-2.064823627471924
0.23208466172218323
0.12175600230693817
-0.2302662581205368
-1.2933076620101929
-0.1753498911857605
0.5745982527732849
-2.3294525146484375
-1.2503870725631714
0.6350988745689392
0.1320571005344391
0.02195555344223976
-0.4201441705226898
-2.1092569828033447
0.06900602579116821
-1.8564209938049316
0.4774601459503174
-0.5435673594474792
-0.7339161038398743
0.6386560201644897
-1.0576261281967163
-1.0379033088684082
-1.9619337320327759
-0.5325377583503723
0.533772885799408
-0.6212542653083801
0.24121327698230743
-1.7320233583450317
0.4355567395687103
-1.7254599332809448
-0.24999752640724182
-0.41603296995162964
0.8837323784828186
-0.2465786188840866
-1.5883674621582031
-1.4072576761245728
0.35850000381469727
0.10891787707805634
-0.5111682415008545
-1.1895428895950317
-2.8113350868225098
-0.07756970077753067
-0.6038123369216919
0.05035334452986717
-0.4363274872303009
-1.1033159494400024
0.4097698926925659
-0.6753544211387634
-1.5064390897750854
-1.188049554824829
-1.1946625709533691
-0.1285199671983719
-0.3664012849330902
-0.4412047564983368
0.3645591735839844
-0.24412693083286285
-0.5560858249664307
-0.45276787877082825
-1.1728768348693848
-1.3135731220245361
-3.1767258644104004
-1.661865234375
0.525000274181366
-2.407076120376587
-1.9946647882461548
-0.03752070292830467
0.26460474729537964
0.20938989520072937
0.14420709013938904
-0.8922232985496521
0.3911725580692291
-2.4052417278289795
-0.9338692426681519
0.8681142926216125
-0.7405858039855957
-0.9745467901229858
-0.9525709748268127
-1.6330323219299316
-1.3434975147247314
-0.2394510954618454
-1.2768394947052002
-1.4729747772216797
0.41858407855033875
-2.3464295864105225
-1.669900894165039
-0.41305097937583923
-2.1054275035858154
-1.3758959770202637
-1.3221503496170044
0.5935719609260559
-1.4137568473815918
-1.0765336751937866
0.6497927308082581
-1.327518105506897
-1.4297220706939697
-1.2499483823776245
-1.6952866315841675
-0.7092946171760559
-1.086423635482788
-1.2401790618896484
0.678266704082489
0.5754317045211792
-1.4593861103057861
0.859552800655365
-1.521515130996704
-1.0476924180984497
-1.4717727899551392
-0.1579306274652481
0.6076765060424805
-1.564328908920288
-1.7924302816390991
-1.25260329246521
-0.39825451374053955
-1.1925843954086304
0.5618804693222046
-0.3353893458843231
0.387931227684021
-2.3402774333953857
-1.6600135564804077
-0.5128676891326904
-0.16610349714756012
-0.692271888256073
-1.2796971797943115
0.530286431312561
0.24666441977024078
-0.21820800006389618
0.008711596019566059
-2.056123733520508
-1.3341304063796997
-1.5050315856933594
-1.2246452569961548
0.1899290829896927
-0.8829818367958069
0.6260569095611572
-1.661730170249939
-0.5231245756149292
0.9675493240356445
-0.8819355368614197
-0.7959592938423157
0.5391790866851807
-0.7314424514770508
-1.864913821220398
-0.37135040760040283
-0.42239123582839966
-1.31124746799469
-0.09345637261867523
0.3859284520149231
-0.3047710359096527
-1.2549525499343872
-0.07538565248250961
-0.6264256834983826
0.4022001326084137
-0.6110759377479553
0.18847313523292542
-1.3671199083328247
-0.92141193151474
0.680619478225708
-2.296318292617798
-0.9903062582015991
-1.4510891437530518
-2.358875274658203
0.31175631284713745
-0.002809243043884635
-1.6692849397659302
-0.042464300990104675
0.03996213153004646
0.24164408445358276
0.2607572078704834
-1.1624335050582886
-1.1227030754089355
-2.19404935836792
0.8891953825950623
0.19088853895664215
0.4187282621860504
-1.5520700216293335
-3.0337586402893066
0.6670407652854919
0.3577767610549927
-0.2534644901752472
0.22694799304008484
-1.2347378730773926
0.28567010164260864
-1.7358819246292114
0.2684396803379059
-0.6057412624359131
0.3499901592731476
-0.3219699561595917
0.18734847009181976
-0.10190129280090332
0.41139838099479675
-0.4201662838459015
-3.110908269882202
-2.6938109397888184
0.09294102340936661
0.5753445625305176
0.3528909981250763
0.5012160539627075
0.5077477097511292
0.40499767661094666
0.52695232629776
-0.35905933380126953
-1.18284273147583
-1.9210772514343262
-0.8290302157402039
-1.842674732208252
-0.8288764953613281
-0.8957146406173706
-0.8770485520362854
-3.8276517391204834
-0.21815891563892365
-0.9782177209854126
0.6081265807151794
-0.7958604693412781
0.09547030180692673
0.5040065050125122
-1.0611262321472168
-0.7308534383773804
0.3316153287887573
-2.531339406967163
0.07689737528562546
0.667568564414978
0.28458404541015625
0.38939619064331055
-1.3369139432907104
-0.08436404913663864
0.6223108768463135
-0.4458686411380768
0.18912802636623383
-1.846474289894104
-1.4127024412155151
0.23642070591449738
-1.7217942476272583
-1.5086406469345093
0.24374793469905853
-0.3743438124656677
-0.7501115798950195
-0.9017366170883179
-1.749433994293213
-2.0170798301696777
-0.8301705718040466
-0.1706571727991104
-1.4151285886764526
0.08212531358003616
0.05971316993236542
-0.04009954631328583
0.5641355514526367
-1.2775397300720215
-0.8414744138717651
-1.2174875736236572
0.21624892950057983
0.2832580506801605
-1.3756507635116577
-1.044988751411438
0.8069978356361389
-0.9776952862739563
0.8189172148704529
0.5426844954490662
-1.7759356498718262
0.11549790948629379
-1.3086721897125244
0.32324621081352234
-0.6206986904144287
-0.025504475459456444
-2.097672462463379
-0.09195128083229065
-0.8346560597419739
0.09023775905370712
0.9051516652107239
-0.6330405473709106
-0.28818970918655396
-0.7818706035614014
-0.2726515233516693
0.277799129486084
-0.3193659484386444
-1.320874571800232
-0.27082306146621704
0.6263557076454163
-1.0059717893600464
0.11421169340610504
-0.11614073067903519
-2.2366080284118652
-0.2593265473842621
-0.2026563137769699
-0.2760833203792572
-0.30908286571502686
-0.1790003478527069
-1.886306643486023
-0.006639866158366203
0.1966383010149002
0.4850425720214844
0.49958762526512146
0.23550233244895935
0.4488455057144165
0.3899661898612976
0.16716210544109344
-0.931502103805542
-1.7549216747283936
-3.7901718616485596
-0.396694153547287
-0.03214634954929352
-0.3559851050376892
0.45298370718955994
-0.4905811846256256
0.07589640468358994
-0.6398046016693115
0.5146738886833191
-0.05697659030556679
-0.6484421491622925
-2.2524304389953613
-0.4184432625770569
-0.7153332233428955
-0.9896904826164246
-0.198293536901474
-0.2972494065761566
-1.4167141914367676
-1.0559195280075073
-1.5879179239273071
-0.09654296934604645
-0.5521492958068848
0.4403964579105377
-1.5666050910949707
0.3608337342739105
0.4525511860847473
0.4623926281929016
-2.5981147289276123
-0.9202553629875183
-0.29244640469551086
-1.4587241411209106
0.031834397464990616
-2.9468274116516113
0.03048955276608467
-0.5347112417221069
0.08485020697116852
-1.0481064319610596
0.08324605226516724
-0.5757721662521362
-1.451154351234436
0.35569095611572266
-0.39006128907203674
-1.1669069528579712
-1.3500525951385498
-0.2511022090911865
