0.01882857084274292
0.009818315505981445
0.009494364261627197
0.0072705745697021484
0.004739642143249512
0.3556720018386841
0.12947142124176025
0.03239858150482178
0.006855487823486328
0.012892007827758789
0.002649962902069092
0.19407683610916138
0.34900379180908203
0.03370857238769531
0.0032809972763061523
0.0154343843460083
0.00485539436340332
0.035654664039611816
0.05344146490097046
0.09864521026611328
0.01741015911102295
0.20124077796936035
0.007329404354095459
0.0029024481773376465
0.005707204341888428
0.005398154258728027
0.33582890033721924
0.018797099590301514
0.014809668064117432
0.0037697553634643555
0.004115581512451172
0.0047737956047058105
0.03906756639480591
0.08647257089614868
0.01111382246017456
0.003226935863494873
0.005075514316558838
0.020541667938232422
0.011321723461151123
0.06577271223068237
0.012730062007904053
0.004886746406555176
0.12584275007247925
0.014294803142547607
0.04314082860946655
0.0037629008293151855
0.06954360008239746
0.003818511962890625
0.1139000654220581
0.011698305606842041
0.0018020868301391602
0.006212055683135986
0.05914735794067383
0.005143642425537109
0.0339052677154541
0.007489264011383057
0.05819690227508545
0.008080244064331055
0.016905903816223145
0.004149794578552246
0.008163988590240479
0.004048049449920654
0.2589457035064697
0.015100955963134766
0.003168821334838867
0.004618942737579346
0.10353314876556396
0.04571479558944702
0.020124077796936035
0.002852201461791992
0.012216627597808838
0.003700554370880127
0.01713120937347412
0.01273500919342041
0.00784754753112793
0.01086413860321045
0.010105431079864502
0.022182762622833252
0.0059157609939575195
0.08242034912109375
0.07623946666717529
0.007534682750701904
0.006269633769989014
0.11724823713302612
0.03159135580062866
0.012293875217437744
0.20966345071792603
0.055710434913635254
0.021504104137420654
0.005310177803039551
0.006294727325439453
0.005482017993927002
0.0056511759757995605
0.006975412368774414
0.08650654554367065
0.006675660610198975
0.014661729335784912
0.009523749351501465
0.004117190837860107
0.0031116604804992676
0.0018849968910217285
0.014383792877197266
0.020032048225402832
0.27734124660491943
0.006699204444885254
0.07854056358337402
0.006948351860046387
0.005949139595031738
0.009860992431640625
0.1919916868209839
0.018928825855255127
0.06832325458526611
0.10263055562973022
0.013964354991912842
0.00974893569946289
0.3176334500312805
0.013589441776275635
0.008892476558685303
0.019436419010162354
0.019612133502960205
0.005194425582885742
0.010938644409179688
0.004822075366973877
0.016701996326446533
0.007627725601196289
0.005080163478851318
0.008074283599853516
0.22817546129226685
0.014341533184051514
0.008172988891601562
0.1454777717590332
0.016295254230499268
0.004799067974090576
0.011393249034881592
0.03234660625457764
0.05918627977371216
0.005006253719329834
0.001167893409729004
0.011573612689971924
0.004502534866333008
0.005160927772521973
0.06367844343185425
0.011052846908569336
0.008965611457824707
0.0047400593757629395
0.002597332000732422
0.02134716510772705
0.0030496716499328613
0.1294320821762085
0.03861069679260254
0.013739943504333496
0.002856314182281494
0.14688467979431152
0.0040947794914245605
0.5867294073104858
0.003236532211303711
0.004270613193511963
0.011045634746551514
0.009378492832183838
0.06535148620605469
0.005649566650390625
0.04432791471481323
0.010052978992462158
0.003358900547027588
0.002791464328765869
0.005840659141540527
0.019726872444152832
0.04393362998962402
0.08301407098770142
0.006466865539550781
0.00567394495010376
0.006777942180633545
0.03562527894973755
0.02936232089996338
0.007613122463226318
0.0681084394454956
0.06154662370681763
0.007646799087524414
0.3257012367248535
0.005820155143737793
0.04665851593017578
0.0024202466011047363
0.011209189891815186
0.009390652179718018
0.07828205823898315
0.0063433051109313965
0.02193242311477661
0.012262165546417236
0.002918422222137451
0.004148960113525391
0.041917622089385986
0.0017443299293518066
0.004279017448425293
0.006110429763793945
0.0033903121948242188
0.006353259086608887
0.049075543880462646
0.06682705879211426
0.004930973052978516
0.023465394973754883
0.1463049054145813
0.0030086636543273926
0.0071659088134765625
0.011500895023345947
0.03758722543716431
0.0019235610961914062
0.007632613182067871
0.04611063003540039
0.007387697696685791
0.018124759197235107
0.006936311721801758
0.0037047266960144043
0.07528913021087646
0.003014206886291504
0.004305243492126465
0.0015935897827148438
0.03982710838317871
0.00469660758972168
0.005399048328399658
0.014946401119232178
0.13530254364013672
0.045409977436065674
0.003576993942260742
0.4997694492340088
0.050647616386413574
0.0028623342514038086
0.04119837284088135
0.00969308614730835
0.13331812620162964
0.013291656970977783
0.010682404041290283
0.0038654208183288574
0.013723611831665039
0.010181903839111328
0.003287196159362793
0.0037082433700561523
0.024693548679351807
0.011343538761138916
0.02323681116104126
0.020517706871032715
0.011937320232391357
0.0018385648727416992
0.14688563346862793
0.04764276742935181
0.011731147766113281
0.0016331672668457031
0.012611925601959229
0.017758429050445557
0.002385258674621582
0.0021244287490844727
0.007721245288848877
0.0944446325302124
0.005936920642852783
0.006627202033996582
0.012472093105316162
0.09206682443618774
0.006029963493347168
0.004891097545623779
0.04628878831863403
0.06259667873382568
0.0054988861083984375
0.016614794731140137
0.0025680065155029297
0.06359028816223145
0.04421800374984741
0.002240598201751709
0.04736959934234619
0.007782101631164551
0.05568140745162964
0.009853243827819824
0.03788059949874878
0.019506216049194336
0.009054303169250488
0.9636877179145813
0.004245758056640625
0.21264606714248657
0.010842382907867432
0.6255202889442444
0.024111568927764893
0.006323277950286865
0.08049988746643066
0.007738351821899414
0.13153260946273804
0.018220603466033936
0.006084561347961426
0.013390779495239258
0.024535655975341797
0.002834796905517578
0.003169119358062744
0.002020895481109619
0.35180115699768066
0.11392700672149658
0.007287442684173584
0.003925323486328125
0.012438416481018066
0.015825331211090088
0.013935565948486328
0.03287774324417114
0.005575656890869141
0.008657097816467285
0.032407164573669434
0.014969587326049805
0.48444485664367676
0.01358020305633545
0.2706413269042969
0.009957611560821533
0.006583452224731445
0.004793107509613037
0.04383271932601929
0.008564114570617676
0.0691976547241211
0.0026671290397644043
0.008518218994140625
0.004030287265777588
0.0043427348136901855
0.011669337749481201
0.006271719932556152
0.05896836519241333
0.04327726364135742
0.014451742172241211
0.00853806734085083
0.01024562120437622
0.004732608795166016
0.09628814458847046
0.011912941932678223
0.19144785404205322
0.04225534200668335
0.005817294120788574
0.027803421020507812
0.02030867338180542
0.20956790447235107
0.004313051700592041
0.024352610111236572
0.0977821946144104
0.03647768497467041
0.02573680877685547
0.02009338140487671
0.0068628787994384766
0.003396749496459961
0.03181415796279907
0.0010006427764892578
0.06317335367202759
0.0037533044815063477
0.005081892013549805
0.005539238452911377
0.04107499122619629
0.08793038129806519
0.023371219635009766
0.074337899684906
0.024345338344573975
0.004333615303039551
0.17044472694396973
0.010145843029022217
0.011983394622802734
0.04471182823181152
0.008572041988372803
0.1574828028678894
0.04857611656188965
0.028216004371643066
0.17110908031463623
0.008747875690460205
0.09119153022766113
0.0019475817680358887
0.09171408414840698
0.02671229839324951
0.4855864644050598
0.05227363109588623
0.014856219291687012
0.1365373730659485
0.1312410831451416
0.010494053363800049
0.011684060096740723
0.00775378942489624
0.12376421689987183
0.3252432346343994
0.0064383745193481445
0.02748924493789673
0.1756657361984253
0.0077498555183410645
0.04412674903869629
0.0034443140029907227
0.02545928955078125
0.013018608093261719
0.01629185676574707
0.006956338882446289
0.0075547099113464355
0.005750477313995361
0.0018807053565979004
0.003527998924255371
0.031048059463500977
0.1161234974861145
0.01821833848953247
0.007788360118865967
0.022566020488739014
0.0361667275428772
0.00556492805480957
0.006615281105041504
0.0041051506996154785
0.05037331581115723
0.016614854335784912
0.0031890273094177246
0.007702291011810303
0.0799989104270935
0.015287816524505615
0.008154988288879395
0.017705440521240234
0.008198738098144531
0.009652912616729736
0.024977803230285645
0.0999707579612732
0.0030360817909240723
0.004967331886291504
0.007497549057006836
0.06678193807601929
0.02152043581008911
0.01889437437057495
0.014373064041137695
0.004686117172241211
0.028786301612854004
0.00775754451751709
0.005133628845214844
0.003445267677307129
0.00696718692779541
0.0017114877700805664
0.0027313828468322754
0.0027160048484802246
0.002837836742401123
0.0021618008613586426
0.0048980712890625
0.0017643570899963379
0.012756407260894775
0.025929033756256104
0.007525146007537842
0.00407785177230835
0.00518035888671875
0.008362531661987305
0.002673208713531494
0.012106478214263916
0.03268915414810181
0.003493070602416992
0.11057096719741821
0.010233521461486816
0.031311094760894775
0.0016595125198364258
0.03458869457244873
0.058084189891815186
0.010357022285461426
0.042804718017578125
0.005650818347930908
0.007574856281280518
0.09647703170776367
0.067513108253479
0.007503688335418701
0.15171325206756592
0.0075127482414245605
0.0016646385192871094
0.008538007736206055
0.02850133180618286
0.19806325435638428
0.014294981956481934
0.004483044147491455
0.04226827621459961
0.1120905876159668
0.0614357590675354
0.022332489490509033
0.03875541687011719
0.02227085828781128
0.0026112794876098633
0.03306037187576294
0.00348740816116333
0.005312502384185791
0.003336608409881592
0.0690494179725647
0.0024707913398742676
0.014354169368743896
0.01692378520965576
0.2635749578475952
0.009547591209411621
0.035639286041259766
0.1302022933959961
0.1555311679840088
0.006374061107635498
0.01190495491027832
0.007181882858276367
0.009133398532867432
0.011043548583984375
0.06966227293014526
0.003931760787963867
0.03407555818557739
0.0018849372863769531
0.08199626207351685
0.013406872749328613
0.012270092964172363
0.011081159114837646
0.003842651844024658
0.05915224552154541
0.010243117809295654
0.05245935916900635
0.0033315420150756836
0.004011332988739014
0.006434738636016846
0.0055844783782958984
0.10225832462310791
0.004977822303771973
0.005021631717681885
0.00422215461730957
0.029767155647277832
0.015128731727600098
0.0035864710807800293
0.006130039691925049
0.007720649242401123
0.018805205821990967
0.051453351974487305
0.013787508010864258
0.010402321815490723
0.01174384355545044
0.0093269944190979
0.004523158073425293
0.0072446465492248535
0.017295122146606445
0.008937597274780273
0.004272937774658203
0.08182871341705322
0.11373412609100342
0.008364975452423096
0.2392052412033081
0.013104736804962158
0.14624810218811035
0.0047394633293151855
0.009358465671539307
0.04086679220199585
0.009791672229766846
0.007110893726348877
0.10583841800689697
0.009679615497589111
0.007615089416503906
0.007486701011657715
0.1465243101119995
0.014231503009796143
0.01018381118774414
0.03806823492050171
0.06959158182144165
0.002211332321166992
0.01114034652709961
0.00524669885635376
0.013081371784210205
0.03190094232559204
0.008980035781860352
0.0054201483726501465
0.0572582483291626
0.04643666744232178
0.01049882173538208
0.012710392475128174
0.0033171772956848145
0.0429951548576355
0.012122631072998047
0.024106383323669434
0.017644226551055908
0.008484303951263428
0.36619865894317627
0.019693076610565186
0.009508967399597168
0.003915250301361084
0.007517755031585693
0.004263520240783691
0.00525432825088501
0.05164527893066406
0.014285743236541748
0.12798839807510376
0.00293576717376709
0.01415717601776123
0.0024799704551696777
0.004022359848022461
0.004875242710113525
0.02468818426132202
0.005512833595275879
0.006037473678588867
0.010821163654327393
0.0057125091552734375
0.02834707498550415
0.03296470642089844
0.003980398178100586
0.002255856990814209
0.0047980546951293945
0.0030202865600585938
0.004476666450500488
0.10543209314346313
0.06117689609527588
0.01170659065246582
0.06441420316696167
0.007793843746185303
0.06814855337142944
0.32008230686187744
0.07535064220428467
0.013984441757202148
0.024908483028411865
0.007733941078186035
0.11331993341445923
0.28109419345855713
0.007784008979797363
0.0032335519790649414
0.004594326019287109
0.005957365036010742
0.0022034049034118652
0.005912423133850098
0.008736491203308105
0.06991064548492432
0.005797147750854492
0.0018548369407653809
0.010142922401428223
0.014187932014465332
0.00465923547744751
0.033425331115722656
0.011601567268371582
0.0398368239402771
0.11262959241867065
0.05935472249984741
0.00556337833404541
0.0989450216293335
0.04554086923599243
0.011995017528533936
0.0049204230308532715
0.003946423530578613
0.024252772331237793
0.002715170383453369
0.009209752082824707
0.01649397611618042
0.013783514499664307
0.007899284362792969
0.005420982837677002
0.27377450466156006
0.009747862815856934
0.49311256408691406
0.009337127208709717
0.06612873077392578
0.02223140001296997
0.011074304580688477
0.004032909870147705
0.04787099361419678
0.018682658672332764
0.006285548210144043
0.23384124040603638
0.006093025207519531
0.05909240245819092
0.003327012062072754
0.006279170513153076
0.24637752771377563
0.018944084644317627
0.012124896049499512
0.007033884525299072
0.0025590062141418457
0.01629650592803955
0.005685389041900635
0.0830419659614563
0.016316652297973633
0.012523829936981201
0.014092862606048584
0.004995226860046387
0.009732544422149658
0.05070781707763672
0.1260892152786255
0.004140496253967285
0.1503133773803711
0.003439664840698242
0.005936920642852783
0.0220872163772583
0.0035990476608276367
0.01188582181930542
0.01344609260559082
0.06476938724517822
0.14432555437088013
0.009039223194122314
