-0.09382115304470062
0.016061052680015564
-0.10879620909690857
-0.09773712605237961
-0.0916392132639885
-0.21893464028835297
0.1474742293357849
-0.015801183879375458
-0.08267108350992203
0.01221288088709116
-0.0036645045038312674
0.5014669299125671
-0.5616459846496582
-0.0010853818384930491
-0.04091450572013855
-0.07791402190923691
-0.06156071648001671
-0.06512321531772614
-0.0024811604525893927
0.25769171118736267
-0.019907871261239052
0.6588755249977112
-0.10515712201595306
-0.0016613061306998134
-0.00955856405198574
-0.022510429844260216
-0.3993881046772003
-0.015080418437719345
0.003642500378191471
0.0371021032333374
-0.12195465713739395
0.0027104439213871956
0.022829383611679077
-0.042543306946754456
0.0026937820948660374
-0.1314486563205719
0.017283285036683083
-0.03472665697336197
-0.025920605286955833
-0.16265085339546204
-0.08209125697612762
-0.05093898996710777
0.006795238237828016
-0.012489034794270992
0.004661187529563904
-0.04124508053064346
0.05118975788354874
-0.05838829278945923
-0.05638296157121658
0.005464133340865374
-0.06382092088460922
-0.026996588334441185
-0.04106574505567551
-0.13331182301044464
-0.0546182356774807
-0.07092040032148361
0.3806116282939911
0.08404818177223206
-0.042291514575481415
-0.08928341418504715
-0.022279400378465652
-0.03122282214462757
0.23733535408973694
-0.03028903156518936
-0.027175234630703926
0.011937754228711128
-0.22986051440238953
0.12415046244859695
0.003936741966754198
-0.10674366354942322
-0.002928663743659854
-0.003043636679649353
0.0003255933988839388
-0.06585506349802017
-0.0036262564826756716
-0.07164667546749115
0.020492106676101685
-0.2022990584373474
0.0017360259080305696
0.14293025434017181
0.21016694605350494
-0.1326722651720047
-0.033744946122169495
0.16478291153907776
0.13421036303043365
-0.024238716810941696
-0.4440329670906067
0.0007690047495998442
-0.028545208275318146
0.05263086408376694
-0.019376542419195175
-0.13980545103549957
-0.0037577443290501833
0.005022950936108828
-0.04578879848122597
0.009754258207976818
0.0415479876101017
0.08098607510328293
0.0038562195841223
0.0017907100263983011
0.02483566850423813
-0.024706745520234108
-0.1964702606201172
0.6055589914321899
-0.09086944162845612
-0.001353297964669764
-0.11371955275535583
-0.08596290647983551
-0.023707421496510506
0.0018042920855805278
0.11519181728363037
0.10889105498790741
0.1717221438884735
0.005357382819056511
-0.09885246306657791
0.6604664325714111
-0.014442463405430317
-0.004055478144437075
0.04491564631462097
-0.005794611759483814
0.015444457530975342
-0.07694555073976517
-0.09699612110853195
0.0005103657022118568
-0.034914787858724594
-0.11997377127408981
-0.11134424060583115
0.8840085864067078
-0.010152105242013931
-0.08558402955532074
0.03931744769215584
-0.019344057887792587
0.0029998321551829576
-0.012596648186445236
-0.03563103824853897
-0.02550497278571129
-0.0067099640145897865
0.019312754273414612
0.07585300505161285
-0.08071010559797287
-0.1269245445728302
0.06250099837779999
-0.05849992856383324
-0.04629708081483841
-0.13188549876213074
0.0039078486151993275
0.011181299574673176
-0.004226519726216793
-0.010848449543118477
0.03696331009268761
-0.0744299441576004
-0.004917621146887541
0.13113950192928314
-0.03515501692891121
0.8640117049217224
-0.08296732604503632
-0.015374230220913887
0.0017044668784365058
-0.09803039580583572
0.28478726744651794
0.00843059178441763
0.0008101200801320374
-0.014491898939013481
-0.014421548694372177
-0.05549171566963196
-0.12517987191677094
0.0030800416134297848
0.05704105645418167
0.039095666259527206
0.07344271242618561
-0.0012516186106950045
-0.0978240892291069
-0.018606962636113167
0.05227193236351013
0.044238172471523285
-0.016068022698163986
-0.020462162792682648
-0.09853383898735046
0.6240474581718445
-0.07650795578956604
0.11504719406366348
-0.1126745343208313
-0.07909993827342987
-0.10429036617279053
0.2132863849401474
-0.10112414509057999
0.0075202882289886475
-0.002154309768229723
-0.02271624282002449
-0.062312886118888855
0.04052473604679108
-0.06926120817661285
-0.08280038833618164
0.0016245018923655152
0.004240501206368208
-0.003715795697644353
0.007118550594896078
0.014677115716040134
-0.10099741816520691
-0.0009439045679755509
0.13340607285499573
-0.01813490502536297
-0.10706468671560287
0.0035526538267731667
0.07686930894851685
7.767572969896719e-05
0.008719207718968391
-0.006198876537382603
0.06394286453723907
-0.029816551133990288
0.00801046285778284
-0.12923549115657806
0.10976193845272064
-0.10794585943222046
-0.0714513286948204
0.002400765661150217
-0.1298045814037323
-0.10221122950315475
-0.010517619550228119
-0.00231649586930871
-0.2706220746040344
0.01682460866868496
-0.10706721246242523
-0.10287666320800781
-0.03504830226302147
-0.09822525829076767
0.028788121417164803
-0.06544274836778641
0.4124516546726227
0.056476667523384094
0.005465430673211813
-0.0777490958571434
-0.037247203290462494
0.01013412605971098
-0.030255407094955444
-0.039786748588085175
0.0018708708230406046
-0.05365327000617981
0.0026149461045861244
0.003731189528480172
-0.08903651684522629
0.11572878062725067
0.20280498266220093
0.06368076056241989
-0.019454406574368477
0.003163477871567011
-0.005243408493697643
-0.01943162828683853
-0.008580967783927917
1.1783963600464631e-05
-0.07121826708316803
-0.05777066573500633
-0.002947734436020255
-0.005219872575253248
-0.07576344907283783
0.006351869087666273
-0.12411024421453476
-0.01276467926800251
-0.004497994668781757
-0.05477786809206009
-0.019397340714931488
-0.037446338683366776
0.01052153017371893
0.010187805630266666
0.039467230439186096
-0.041325513273477554
-0.2904987037181854
-0.07052869349718094
-0.02932579256594181
-0.05019268020987511
0.002456906484439969
-0.0020064630080014467
-0.09249386191368103
1.2334426641464233
-0.01804746687412262
-0.12416248768568039
-0.06425105035305023
-0.42118221521377563
-0.025641359388828278
-0.0859527662396431
0.33411112427711487
-0.06840554624795914
-0.09790767729282379
-0.04900215566158295
-0.03885120525956154
0.06162670627236366
-0.013737484812736511
-0.0006957333534955978
-0.0031144609674811363
-0.0072850510478019714
0.3783518373966217
0.059678323566913605
-0.0690750703215599
-0.0021121548488736153
-0.027280479669570923
0.00042007994488812983
0.007318044081330299
0.03588497266173363
-0.042547471821308136
-0.024216553196310997
-0.1742779016494751
-0.0316091850399971
0.4987103044986725
-0.026540271937847137
-0.5587872266769409
-0.09298883378505707
0.022912699729204178
-0.0018469950882717967
-0.18329483270645142
-0.013533364981412888
0.10387381911277771
-0.10517808049917221
-0.06947449594736099
-0.008057419210672379
-0.1000252440571785
-0.08929364383220673
-0.10922940075397491
-0.03394172713160515
-0.046390336006879807
-0.07454996556043625
-0.018989795818924904
-0.07961153239011765
0.0074644871056079865
-0.24555887281894684
0.0068282475695014
0.16047893464565277
-0.007330464664846659
-0.11480323225259781
0.06037135049700737
-0.00661194184795022
-0.17892152070999146
-0.06272704154253006
0.0013385179918259382
0.13182878494262695
0.00027190271066501737
0.0030301075894385576
-0.20547711849212646
-0.09377459436655045
-0.0030683581717312336
0.03550564870238304
-0.006148804910480976
0.12359383702278137
-0.0724189430475235
-0.1164354607462883
0.0048505282029509544
0.02276555262506008
0.02672838605940342
0.02311452478170395
0.10517530143260956
-0.00832119770348072
-0.060274481773376465
-0.30223724246025085
-0.043736472725868225
-0.051442015916109085
0.0014106181915849447
-0.08958684653043747
-0.2966756820678711
-0.42791062593460083
-0.002315920079126954
-0.5488907694816589
-0.0762023776769638
-0.18319594860076904
0.0874166488647461
0.09823808819055557
0.11224354058504105
-0.6402285099029541
-0.004218519665300846
-0.06155643239617348
-0.045952871441841125
-0.21428973972797394
-0.09817463159561157
-0.06859124451875687
-0.12981431186199188
0.08205275237560272
-0.18205833435058594
-0.0003681607486214489
0.008335345424711704
-0.18041874468326569
-0.03103736974298954
-0.06983951479196548
-0.16632315516471863
-0.025041544809937477
-0.041801080107688904
0.010535047389566898
-0.08931341767311096
-0.07069645076990128
-0.06992432475090027
-0.04438747465610504
0.0033844567369669676
-0.03742196783423424
0.07499435544013977
-0.021645134314894676
-0.12852618098258972
0.015405576676130295
0.026108261197805405
-0.07001633197069168
-0.020360536873340607
-0.04092082753777504
-0.08888888359069824
-0.0058141667395830154
-0.021830713376402855
-0.03692315146327019
-0.29274415969848633
-0.08923856168985367
-0.04765487462282181
-0.059866342693567276
-0.12402281165122986
-0.08954945206642151
0.0070488341152668
-0.1818133145570755
-0.004398833028972149
0.0011465894058346748
-0.003720342181622982
0.07011674344539642
0.1350332498550415
0.0036606660578399897
0.05350074917078018
-0.0006572345737367868
-0.003009950742125511
-0.02795376069843769
-0.012801985256373882
-0.10962268710136414
3.539223689585924e-05
-0.0002458933158777654
-0.0007004729122854769
-0.0001717655686661601
-0.00048181472811847925
0.007664017844945192
-0.005107392091304064
-0.0026366165839135647
-0.008842311799526215
-0.010220500640571117
0.0006861558649688959
-0.1364923119544983
0.05220787972211838
-0.08107583224773407
-0.01254397165030241
-0.058653946965932846
0.014068837277591228
-0.019843805581331253
0.21925164759159088
-0.056943681091070175
-0.18885540962219238
0.00194204889703542
0.014850618317723274
-0.38576868176460266
-0.026746870949864388
-0.002112933434545994
-0.10964055359363556
-0.014502909034490585
0.12272482365369797
-0.2812846899032593
0.004895639605820179
-0.046533893793821335
-0.025549499318003654
-0.0004073798190802336
-0.06820083409547806
0.028705714270472527
0.8405291438102722
-0.0011063875863328576
-0.006571606732904911
0.00836971029639244
-0.39683255553245544
-0.07116612792015076
-0.0658859983086586
0.04656023904681206
-0.0008870828896760941
-0.00011661677126539871
0.02550884336233139
-0.03825701028108597
-0.014938777312636375
0.0012122808257117867
0.11559471487998962
-0.011904402635991573
-0.02033567801117897
0.007327522151172161
-0.37229663133621216
0.005358535330742598
0.048597343266010284
-0.11533258110284805
-0.018435947597026825
-0.07966277748346329
-0.01717054285109043
-0.02994251251220703
-0.07310600578784943
-0.007391887716948986
0.05634727329015732
-0.10618824511766434
-0.2385350614786148
-0.01813197135925293
0.30762964487075806
-0.003687756834551692
0.018454574048519135
-0.11403795331716537
-0.1106186956167221
0.16470889747142792
-0.034153442829847336
0.11593891680240631
-0.003157083410769701
0.010402634739875793
-0.13284100592136383
0.012681830674409866
0.13353875279426575
-0.001133656594902277
-0.11184084415435791
-0.12263785302639008
0.000571148528251797
-0.007203885354101658
-0.028328675776720047
-0.061509717255830765
-0.10184644907712936
-0.008406434208154678
0.1436995416879654
-0.01071811281144619
-0.03883344307541847
-0.08074016869068146
-0.02233014442026615
-0.06411878764629364
-0.08240015804767609
-0.00509982043877244
0.004379027057439089
-0.031473513692617416
0.09287826716899872
-0.11093991249799728
0.013448461890220642
-0.04739002138376236
-0.00015370865003205836
-0.10941550135612488
-0.005507222842425108
-0.012158561497926712
0.04334411770105362
-0.11606241762638092
-0.10420405864715576
-0.23161841928958893
-0.05302130803465843
-0.12148550897836685
0.005202967673540115
0.22818736732006073
-0.1426076889038086
-0.01782570779323578
-0.3582107424736023
-0.029597783461213112
-0.05516081675887108
-0.057049911469221115
-0.008453043177723885
-0.09030722826719284
0.08162053674459457
-0.028952138498425484
-0.11069483309984207
0.19585025310516357
-0.00586307467892766
0.009657823480665684
-0.06832396239042282
-0.005486977286636829
-0.04655136913061142
-0.097978875041008
-0.040583956986665726
-0.0007030025590211153
-0.11151692271232605
1.1306531429290771
-0.00030806430731900036
-0.18889811635017395
-0.005337689071893692
-0.005655723158270121
-0.05727028101682663
-0.10167930275201797
0.1023624911904335
-0.06206039711833
-0.12162526696920395
-0.08336567878723145
-0.010899140499532223
-0.0015870666829869151
-0.025935031473636627
-0.08326170593500137
-0.0044644735753536224
-0.10791520029306412
-0.005659966729581356
-0.01833362691104412
-0.012714873068034649
-0.03948217257857323
-0.004694257862865925
-0.006767475511878729
0.0010512681910768151
0.04938153550028801
-0.028426744043827057
0.020139265805482864
-0.03509219363331795
0.2288118153810501
-0.07153655588626862
0.12989766895771027
-0.08492405712604523
-0.5724116563796997
-0.26180797815322876
0.16949966549873352
-0.06065241992473602
-0.025114355608820915
-0.09435845166444778
-0.19193468987941742
-0.4812632203102112
-0.015067038126289845
-0.03873979672789574
-0.022458018735051155
0.01819240115582943
-0.04640161991119385
-0.125900536775589
-0.07946471869945526
-0.02771472930908203
-0.006539859343320131
0.040974609553813934
-0.07763601094484329
-0.07435302436351776
-0.00886776763945818
-0.00507124699652195
0.0043556527234613895
0.10732246935367584
0.1539224237203598
0.15118367969989777
-0.09711875021457672
0.0924583300948143
0.22838862240314484
-0.1071314886212349
-0.10648798942565918
0.0353715643286705
0.0010547497076913714
-0.09858240932226181
-0.05038243532180786
-0.002552070189267397
-0.07121976464986801
-0.10206408053636551
-0.09229732304811478
0.24145172536373138
-0.00767139159142971
-0.9928299188613892
-0.030707787722349167
-0.16061609983444214
0.007638183888047934
-0.0898304283618927
-0.032388824969530106
0.05772974342107773
-0.025006096810102463
-0.07406153529882431
-0.3421090543270111
-0.10927662998437881
0.12696707248687744
0.0012966053327545524
-0.09466656297445297
-0.23867830634117126
-0.052975285798311234
-0.17714929580688477
-0.0213423240929842
0.009470054879784584
-0.026342974975705147
-0.0005137303960509598
-0.09802200645208359
-0.05500582233071327
-0.07626856863498688
-0.06698297709226608
0.0007672378560528159
-0.09324467927217484
0.17042215168476105
0.2247457057237625
-0.0002372861054027453
-0.10843229293823242
-0.01010399404913187
-0.07159203290939331
-0.012082016095519066
-0.00013869818940293044
-0.0773862972855568
-0.05191876366734505
0.10337674617767334
0.2479625940322876
-0.07457708567380905
