0.9055256247520447
1.3567286729812622
0.3553391396999359
0.265247642993927
1.0024746656417847
0.28737056255340576
0.29523414373397827
0.8519142270088196
0.349905401468277
0.5614198446273804
1.458977222442627
0.8287501335144043
0.7289057970046997
0.8169724941253662
0.13819880783557892
0.3842235207557678
0.5711929798126221
1.2375919818878174
0.9093848466873169
0.6936149001121521
0.28293493390083313
0.4907991886138916
0.6908403635025024
0.24749891459941864
0.5473209619522095
0.5657688975334167
0.6850201487541199
-0.003966366872191429
