-0.24452000856399536
-0.17084310948848724
-0.946725070476532
-0.255515992641449
-0.42743542790412903
-0.026204414665699005
-0.6391029357910156
-0.22605903446674347
0.022258231416344643
0.38581961393356323
0.08845984190702438
-1.622106909751892
-0.26231369376182556
1.2051069736480713
0.16615137457847595
-1.5399922132492065
-0.3763561546802521
-0.2125845104455948
0.18229931592941284
0.4388107657432556
0.2744710445404053
0.7687158584594727
-1.4425519704818726
-0.1045980378985405
-0.3480629026889801
-0.0731656551361084
0.4524764120578766
-0.6521268486976624
0.24732841551303864
0.5951704382896423
-1.235311508178711
-0.6248361468315125
-0.6931427121162415
0.585401177406311
0.06037856638431549
-0.6437941789627075
-0.14212146401405334
-0.42274659872055054
-0.033213015645742416
0.2529612183570862
-1.1537261009216309
0.4011916220188141
-0.018738718703389168
0.9666044116020203
0.7786866426467896
0.03307553753256798
-1.1612045764923096
0.16350039839744568
0.1329737901687622
-0.19210956990718842
-0.7449644207954407
0.11490064114332199
-0.23424676060676575
-1.3623100519180298
-0.06841947883367538
-0.9184573292732239
0.33861231803894043
-0.1638989895582199
-1.3327199220657349
-0.7769095301628113
-0.6270105838775635
-0.250457763671875
-1.3502863645553589
-1.2512757778167725
-0.03718986362218857
0.05252785608172417
0.30833899974823
-0.2603895664215088
0.5293299555778503
-0.25789251923561096
-0.31104838848114014
-0.03609835356473923
-0.44165655970573425
-0.4881519377231598
0.12719713151454926
-1.2095947265625
-0.04276486858725548
-0.7855411171913147
0.4575355052947998
-0.8985186219215393
-2.2013256549835205
-0.08455430716276169
-0.9329086542129517
-1.7433927059173584
-0.9798245429992676
0.28802061080932617
0.5334693789482117
0.36580541729927063
-0.5682125091552734
-0.17920449376106262
0.13281211256980896
-0.1687404364347458
0.07854519039392471
0.5168087482452393
-0.43976232409477234
-0.6361249089241028
-0.6877844929695129
-1.1980164051055908
0.5134237408638
0.3938191533088684
0.024545567110180855
-0.29601702094078064
-1.6365019083023071
-0.9701312780380249
-0.6895396709442139
0.16750386357307434
-1.9691640138626099
-0.46839985251426697
-1.0552020072937012
-0.0863785445690155
0.06621064990758896
0.1036902666091919
-1.3028017282485962
0.649560272693634
-1.2767339944839478
-0.25233155488967896
-0.15183188021183014
0.16303801536560059
-1.4869494438171387
-0.11748342216014862
0.45588162541389465
-1.4560946226119995
-0.9448584318161011
-1.3094143867492676
-0.6259653568267822
-0.547865629196167
0.0796268880367279
-0.1098930686712265
-0.016288669779896736
-1.5728967189788818
-0.0792805477976799
0.7548461556434631
-0.8221986889839172
-0.09279204159975052
-1.2657220363616943
-0.37248414754867554
-0.9770258069038391
-0.24865098297595978
0.1250942200422287
-1.7618942260742188
-0.84279865026474
-0.6496578454971313
-0.7901895046234131
-0.1787211298942566
-1.2043015956878662
0.45273929834365845
0.31337958574295044
-0.24921134114265442
0.553451418876648
-0.9620750546455383
-1.621361494064331
-0.20058748126029968
0.3778228759765625
-0.4883852005004883
-1.4362324476242065
-0.25073081254959106
0.0005704088835045695
-0.1062602624297142
-0.6542569994926453
-0.048425644636154175
-0.7473824620246887
-0.27453020215034485
0.12428288906812668
-0.10379518568515778
0.3512253165245056
-1.0235952138900757
0.3757345378398895
-0.7652318477630615
-0.41525766253471375
-0.26303207874298096
-0.6168999075889587
-0.682076096534729
-1.5240191221237183
-0.3807995319366455
-0.7657718062400818
0.11932048946619034
0.0684170350432396
-1.065164566040039
-2.2647781372070312
0.1159437820315361
-0.8443326354026794
-0.5575506091117859
-0.6370715498924255
-1.7533562183380127
-0.3357347846031189
-0.38665369153022766
0.23377729952335358
-0.4659556448459625
0.4992753863334656
-1.4224079847335815
-1.0315805673599243
-0.6383764743804932
-0.2986556887626648
-0.25138017535209656
0.3704131245613098
0.27703025937080383
0.6264095306396484
0.10616446286439896
-0.9348682165145874
0.2087177336215973
0.23968546092510223
-0.008379116654396057
-1.1656482219696045
0.47351306676864624
-0.5115662217140198
-0.3040708601474762
-0.18258324265480042
0.4465146064758301
-0.8645110726356506
-0.13737677037715912
0.8131229281425476
-0.34641167521476746
0.538320779800415
-0.21216394007205963
-1.180956482887268
0.06672707945108414
-0.05185016989707947
-0.5265039205551147
-0.5236454606056213
-0.027492374181747437
0.025128774344921112
-0.6425103545188904
-1.7863792181015015
0.14437440037727356
0.28526121377944946
-0.4054464101791382
0.09073018282651901
-1.2895146608352661
-1.2523521184921265
-0.975972592830658
-0.3746962249279022
-0.002519870875403285
-1.561161756515503
-0.13975343108177185
0.22262150049209595
0.401029109954834
-0.11068891733884811
-0.31438663601875305
-0.05719756707549095
-0.5238418579101562
-1.3458367586135864
0.27392104268074036
-2.0626721382141113
-1.5839738845825195
0.04586927592754364
0.00736892968416214
-0.23919445276260376
0.15402273833751678
-0.15918861329555511
-0.19325798749923706
-0.5914185643196106
-0.32070618867874146
-0.12558937072753906
-0.34456324577331543
-1.371928095817566
-0.10185762494802475
-1.5734703540802002
-0.3137960731983185
0.2636609673500061
-0.2111494541168213
0.3778035640716553
-0.028134262189269066
0.01666872948408127
0.2903285026550293
-0.7037788033485413
0.15522755682468414
-0.013182099908590317
0.02930782362818718
-0.3430033326148987
0.002641594735905528
0.012413633987307549
-0.18609395623207092
-0.1881742775440216
-0.11580482870340347
0.43276235461235046
-0.4568815231323242
-1.0436559915542603
0.44099926948547363
-0.49417951703071594
-0.4215582311153412
-1.5826287269592285
-0.5130225419998169
0.28974610567092896
-1.223792314529419
0.0939558744430542
-0.10608725249767303
-0.4875195622444153
0.2551294267177582
0.2522132694721222
0.4498704969882965
-1.0733187198638916
-0.505422830581665
-0.057065341621637344
0.02612476609647274
-0.30364444851875305
0.036843299865722656
0.3375333249568939
0.26114386320114136
-0.29830044507980347
0.4870893657207489
-0.542373776435852
-0.3124777376651764
-2.0396463871002197
-0.36430123448371887
-0.3353387713432312
-2.1145706176757812
-0.1386503428220749
-0.2442791759967804
-0.1890568733215332
-0.21065649390220642
-0.9327790141105652
-0.28090915083885193
-0.13351991772651672
-0.9913804531097412
-1.3192579746246338
-1.9517215490341187
-1.59116792678833
-0.15139611065387726
-0.43600988388061523
-0.969029426574707
-0.3122691214084625
-1.5373425483703613
-0.7111267447471619
-0.14740073680877686
0.1982952207326889
-0.056068360805511475
-0.5224097967147827
-0.516887903213501
-1.6947226524353027
-0.1831350326538086
0.21105565130710602
0.38580322265625
-0.15894275903701782
-1.0315871238708496
-0.24814815819263458
-0.7680795192718506
-2.0872156620025635
0.1712978631258011
-0.13920262455940247
-0.06541818380355835
-0.4410346448421478
-0.5091661810874939
-0.9254744648933411
0.04251062124967575
-1.924736738204956
0.19176967442035675
0.23413538932800293
-0.9341936707496643
-0.6839017868041992
0.2339201718568802
-0.1310172975063324
0.34862595796585083
-1.0502409934997559
-0.39989715814590454
0.58589106798172
-0.969545304775238
-0.8804570436477661
0.2338811755180359
0.44311803579330444
0.4683777391910553
-2.064419984817505
-1.6206027269363403
-0.5805619955062866
-0.7397308945655823
-0.2843511402606964
-0.03860648348927498
0.006012510508298874
-1.786665678024292
0.330033540725708
0.8667508959770203
-0.14122900366783142
-1.131461501121521
-0.9841859340667725
-1.3482979536056519
0.45067426562309265
-0.2920730710029602
0.5903171300888062
0.451438844203949
0.08688630163669586
0.26294001936912537
-0.9700029492378235
-0.30894041061401367
-0.22299045324325562
-0.24951572716236115
-1.778648018836975
-1.4279775619506836
-0.5916341543197632
-0.7387309670448303
-0.4095016419887543
-0.17187149822711945
0.2387957125902176
-1.9111340045928955
-1.4189002513885498
0.2729346752166748
-0.5686753392219543
-0.5621489882469177
0.38413700461387634
0.04789569228887558
-0.867567241191864
0.8081193566322327
-1.0694681406021118
0.41666167974472046
0.28891804814338684
-1.9912159442901611
-0.40427789092063904
-1.9986793994903564
-1.9021375179290771
-0.8947806358337402
-0.7050051689147949
-0.33247610926628113
-0.6643761396408081
-0.21994222700595856
-0.11655615270137787
0.16351516544818878
0.1189693734049797
0.015646565705537796
-0.09745817631483078
-0.2890793979167938
-0.7740438580513
0.35396358370780945
0.578576922416687
-0.7764221429824829
0.9550879001617432
0.0823853462934494
-0.00349502288736403
-0.6373482942581177
-0.3689673840999603
-0.366326242685318
0.14645037055015564
0.23026171326637268
0.9072136878967285
0.9116171598434448
-0.10032515972852707
-1.0975062847137451
0.19333012402057648
-0.3297751843929291
-0.16128964722156525
-0.9020804762840271
0.5678989291191101
0.06596556305885315
0.13721133768558502
-0.4718853831291199
-1.2959095239639282
-0.32358255982398987
0.9161220788955688
-1.1211034059524536
0.10197126120328903
-0.22864830493927002
-0.29510337114334106
-0.6689184308052063
-1.6154180765151978
0.3005002737045288
-0.3503728210926056
-0.02886674739420414
0.17974619567394257
-0.25391530990600586
-0.13460206985473633
-0.6173966526985168
0.28008216619491577
0.4103078842163086
-0.1285448670387268
0.11913137137889862
-0.09160947799682617
-0.8555340766906738
0.41320425271987915
-0.8420447111129761
0.5993468165397644
-0.02976728044450283
-0.4268893897533417
0.3040481507778168
-0.30710703134536743
0.19797185063362122
-1.0116848945617676
-0.28064292669296265
-0.828819751739502
-0.16650384664535522
0.18305467069149017
-0.4705829918384552
-0.2741283178329468
0.19179537892341614
-0.4016384482383728
0.6264197826385498
-0.5036984086036682
-0.10430169850587845
-0.4732196629047394
-0.9806831479072571
1.095420241355896
-0.3898625373840332
0.10211621224880219
-0.06517161428928375
-1.0071403980255127
0.6124236583709717
-0.1439124494791031
-1.8172203302383423
-0.3736848831176758
-1.0719537734985352
0.6194468140602112
-1.381574034690857
0.17932268977165222
-0.5253700017929077
-1.2497875690460205
0.9408752918243408
-1.2886730432510376
0.47130995988845825
-0.8268389105796814
0.3338819146156311
0.6748968362808228
0.1366436630487442
-0.23196043074131012
0.11665169894695282
-1.6246548891067505
0.009502002969384193
-0.9175130724906921
0.06703212857246399
0.07437028735876083
-2.886399745941162
-0.45390215516090393
-0.19216859340667725
-0.9492251873016357
0.290843665599823
-0.435396671295166
0.10335288196802139
-0.06367843598127365
-0.784121036529541
0.4407805800437927
0.38719457387924194
0.7374236583709717
0.8462954163551331
0.5117470026016235
0.6445202231407166
-0.3689715564250946
-0.5267700552940369
-0.419664204120636
-1.0920586585998535
-1.4411118030548096
-1.3371769189834595
-0.1601189523935318
-0.2808693051338196
-0.5027921199798584
0.10823553800582886
-0.9170594811439514
1.096970558166504
-0.1443948745727539
-0.9951105713844299
0.3741454482078552
0.4929105043411255
-1.5112417936325073
0.31936416029930115
0.10968194156885147
-0.7329444289207458
0.6961017847061157
0.6086875796318054
-2.169959783554077
0.01765362173318863
-0.10821767896413803
-1.4414998292922974
-0.5794785022735596
-0.8205009698867798
-1.4955025911331177
0.6460251212120056
0.09416908025741577
0.2889213562011719
-0.490039199590683
-0.1576191782951355
-1.046905755996704
-2.081286668777466
-0.017725732177495956
-0.6616121530532837
0.1965101659297943
-0.5508825778961182
-0.47309252619743347
0.3778892159461975
-0.4729905128479004
-1.2919813394546509
0.2410132735967636
-1.3826133012771606
0.026464300230145454
0.03185088932514191
-0.498073548078537
-0.019236434251070023
0.48829251527786255
0.2049480825662613
0.2844640612602234
0.5170331001281738
-0.3632388412952423
0.6568617224693298
0.473148375749588
0.0874345526099205
0.12041079998016357
-0.5996889472007751
-1.3499751091003418
-0.9422308206558228
0.19928224384784698
0.24698708951473236
-0.5614604949951172
-1.0982521772384644
-1.5636987686157227
-0.6522316932678223
0.295198917388916
0.40296024084091187
-0.6277313828468323
-0.02483590878546238
0.45739278197288513
-0.2935324013233185
-1.7861725091934204
-0.4344690144062042
0.6674604415893555
-0.1476549506187439
0.35289883613586426
-1.1640375852584839
-0.5987990498542786
0.27109968662261963
-0.2283078134059906
-0.19614940881729126
-0.9038789868354797
-0.7627993226051331
0.34872445464134216
0.2087196260690689
-0.522331953048706
-1.0006327629089355
-1.518206238746643
-0.624252200126648
0.0007451571291312575
0.5903372764587402
0.31271839141845703
-1.0061081647872925
-0.26411956548690796
0.11583631485700607
-1.516580581665039
-0.4877919852733612
-1.40119469165802
0.5248603224754333
-0.9023140668869019
-0.3991280496120453
-0.2065093219280243
0.47672826051712036
-0.8143412470817566
-0.7580040693283081
0.08691037446260452
-0.39736729860305786
-0.8145105242729187
0.2421126812696457
-0.7996826767921448
-0.5454907417297363
-0.020481407642364502
-0.1957901269197464
-0.26031818985939026
-0.13549281656742096
0.07199735939502716
0.5774911046028137
-0.2433919757604599
0.08139163255691528
0.6993251442909241
-0.9052034616470337
-0.11759744584560394
-0.6633458137512207
-1.519301176071167
-0.22309261560440063
-1.6812840700149536
0.001866659615188837
-1.666502594947815
-0.5630213618278503
0.5758726596832275
-0.2553144097328186
0.07555589079856873
-1.8088620901107788
-0.5729071497917175
-0.9669153094291687
-0.7793112993240356
-0.5306214690208435
-0.2420361340045929
-1.6700994968414307
