2.5299863815307617
1.2581102848052979
1.6649450063705444
3.6805009841918945
3.0907955169677734
1.0815685987472534
0.8862751722335815
1.3397977352142334
2.779803991317749
2.921886444091797
1.0418274402618408
1.4786475896835327
0.8120170831680298
2.661619186401367
1.0232350826263428
1.134501338005066
1.3761428594589233
2.100271701812744
0.8079069256782532
1.9131357669830322
1.7882779836654663
2.882838249206543
1.8561285734176636
1.3634569644927979
1.0828773975372314
1.252284049987793
1.0729554891586304
1.9043891429901123
1.3366484642028809
1.87151038646698
2.4580090045928955
1.8964729309082031
1.7499510049819946
1.5025399923324585
2.671370267868042
1.0247650146484375
1.8067485094070435
1.3470737934112549
1.7795391082763672
2.2259366512298584
1.6688228845596313
1.9534341096878052
2.4230058193206787
2.4588639736175537
2.0513477325439453
2.5473897457122803
1.8811002969741821
1.5237152576446533
1.4746257066726685
2.8456764221191406
1.1492315530776978
2.4720609188079834
1.38972008228302
2.447885513305664
1.5984121561050415
0.980584979057312
1.0060607194900513
1.4477362632751465
0.9133607149124146
2.1137444972991943
2.531158447265625
2.29897141456604
1.4558833837509155
2.4004969596862793
3.480450391769409
3.1357946395874023
1.453971266746521
2.430253028869629
1.9471383094787598
2.008375644683838
1.751513123512268
2.701641321182251
2.153573513031006
1.0859163999557495
2.673896551132202
2.394021987915039
1.020653247833252
1.7915395498275757
0.8945909142494202
1.0868449211120605
1.9654450416564941
1.980918049812317
1.7271569967269897
1.3381690979003906
0.9330730438232422
1.426828384399414
1.0778706073760986
2.3092143535614014
3.023334503173828
2.518104076385498
5.614182472229004
1.839018702507019
1.0022461414337158
1.6909376382827759
1.8424475193023682
1.149920105934143
1.941306233406067
0.907265841960907
1.7798244953155518
1.6066302061080933
2.6055078506469727
2.8519272804260254
1.4980069398880005
2.937155246734619
1.3720388412475586
2.214036226272583
2.1267151832580566
1.8968991041183472
0.8418698310852051
3.168858528137207
1.18880295753479
2.1254501342773438
