-0.12391375750303268
-0.15250952541828156
0.08350181579589844
0.469269722700119
-0.11908579617738724
0.26607179641723633
0.04306779056787491
0.07059282064437866
-0.02988549694418907
0.0059989141300320625
0.26511523127555847
-0.35667240619659424
0.1009771078824997
0.045890770852565765
-0.015351815149188042
0.07155994325876236
-0.20403805375099182
-0.08716209977865219
0.08481065183877945
-0.14039947092533112
0.2522641122341156
-0.029469436034560204
-0.12615616619586945
0.15510700643062592
0.20416425168514252
-0.1425338089466095
0.04195604845881462
-0.037851206958293915
0.06381427496671677
-0.13143590092658997
-0.0010594899067655206
-0.254062682390213
-0.14371322095394135
-0.02170267142355442
-0.512169361114502
-0.05894430726766586
0.08317433297634125
0.09033584594726562
0.056213442236185074
-0.21753987669944763
-0.010005544871091843
-0.2882312834262848
0.16116923093795776
0.10181327909231186
0.20478788018226624
-0.1421172022819519
0.09409940242767334
0.042649973183870316
0.15455138683319092
-0.17267145216464996
-0.01587267778813839
0.01161922700703144
-0.0315217524766922
0.12213870882987976
-0.022216355428099632
-0.10471678525209427
0.23772385716438293
-0.052426259964704514
-0.07372230291366577
-0.08018223941326141
-0.05945244058966637
-0.013121560215950012
0.15883499383926392
-0.29887068271636963
-0.37059280276298523
-0.10395300388336182
-0.10711172968149185
0.06576719135046005
0.2678892910480499
0.0522582121193409
0.09517961740493774
-0.06053535267710686
0.035272013396024704
0.04668005555868149
0.22255189716815948
-0.4808957278728485
-0.1977241039276123
-0.013644305989146233
0.464228093624115
-0.15348224341869354
0.15235406160354614
0.3893560469150543
-0.004244040232151747
-0.2865208387374878
0.26030370593070984
0.08247716724872589
0.06276146322488785
0.10839387774467468
-0.14553897082805634
0.06815297156572342
0.3079051077365875
0.06768305599689484
-0.16835695505142212
0.03450098633766174
-0.10869619995355606
-0.20419052243232727
0.10478012263774872
0.39554402232170105
0.19509641826152802
0.03334229812026024
-0.07675554603338242
-0.3745400607585907
-0.026638563722372055
-0.21289148926734924
-0.037171315401792526
-0.02429795451462269
0.026425698772072792
0.21192030608654022
-0.10302668064832687
-0.012762817554175854
0.027088681235909462
0.02816157601773739
