0.4292978048324585
-0.712624192237854
0.08689720928668976
0.9043642282485962
0.6305822134017944
-0.059466950595378876
0.38662391901016235
0.4529494345188141
-0.44458508491516113
-1.1786102056503296
0.05011123791337013
-0.2577858865261078
-0.4230617880821228
-1.3040651082992554
-0.1394580751657486
0.09632847458124161
-0.9942618012428284
0.49578553438186646
0.0069250981323421
-0.477812260389328
-0.034573994576931
1.1491413116455078
-0.14626601338386536
0.029727401211857796
0.1508537083864212
-0.5704739689826965
0.5342369675636292
-0.3121567964553833
0.13610908389091492
-0.6632063984870911
0.9860453605651855
-0.35246217250823975
-0.20086929202079773
0.624350905418396
-1.4374487400054932
-0.17503447830677032
-0.9119720458984375
0.7286731004714966
0.04795365780591965
-1.582890510559082
0.9602779150009155
0.001885607955045998
-0.026861537247896194
-1.0522925853729248
-0.05390627309679985
-0.8567363023757935
0.31751981377601624
-0.08236004412174225
-0.8721886277198792
-0.20802217721939087
-0.06753512471914291
-0.8349847197532654
-0.7295830845832825
0.6610023975372314
-0.06344516575336456
-0.03227843716740608
-0.08029402047395706
-0.6536391377449036
0.3267901837825775
0.07108570635318756
0.3669722378253937
0.47354963421821594
0.4720138907432556
0.034323353320360184
-1.2896320819854736
0.3527323603630066
0.2773173153400421
-0.3193979263305664
0.4140273332595825
0.13837967813014984
0.09297525137662888
-1.763092041015625
0.9024480581283569
0.17982986569404602
-0.0825355127453804
0.03140700235962868
-0.024828951805830002
-0.21956147253513336
-0.017494486644864082
0.51424640417099
0.4306846261024475
0.9113072156906128
-0.24075354635715485
-0.3897893726825714
-0.1031600683927536
-0.785097599029541
-0.32040470838546753
0.00875624269247055
1.0252649784088135
1.412858247756958
0.23971916735172272
0.0458771251142025
0.11253152042627335
-0.9571163058280945
-0.4454442262649536
-0.6360598206520081
0.6776342391967773
0.4035595655441284
-0.011309509165585041
-0.7348507046699524
0.7898656129837036
-1.6971544027328491
-0.8783831000328064
-0.8009222745895386
-0.9042619466781616
0.15619908273220062
-0.9478486180305481
-0.28187063336372375
-0.34176427125930786
-0.9548066258430481
-0.34918418526649475
-0.5941796898841858
