0.10524547100067139
0.07549142837524414
0.07387816905975342
0.15130329132080078
0.12035214900970459
0.08608406782150269
0.09100407361984253
0.0689510703086853
0.12498366832733154
0.1164175271987915
0.07329297065734863
0.07651317119598389
0.07411646842956543
0.10466766357421875
0.06870585680007935
0.07688403129577637
0.0632246732711792
0.08691960573196411
0.10542947053909302
0.08706861734390259
0.08595436811447144
0.12758851051330566
0.09833729267120361
0.06528431177139282
0.10884714126586914
0.08593320846557617
0.07219916582107544
0.06862300634384155
0.07630777359008789
0.08131146430969238
0.09526228904724121
0.08402889966964722
0.07837003469467163
0.07934963703155518
0.11164182424545288
0.0899653434753418
0.08586978912353516
0.06767398118972778
0.08831548690795898
0.09614050388336182
0.07454246282577515
0.09373903274536133
0.096271812915802
0.09782439470291138
0.08321231603622437
0.1122748851776123
0.07772642374038696
0.07229214906692505
0.0827174186706543
0.12112605571746826
0.08727890253067017
0.09519416093826294
0.07602047920227051
0.0943613052368164
0.09308916330337524
0.07824605703353882
0.10375970602035522
0.07438135147094727
0.08310317993164062
0.08919668197631836
0.10667264461517334
0.09963774681091309
0.06333017349243164
0.09885483980178833
0.15010368824005127
0.13473284244537354
0.07260555028915405
0.10556298494338989
0.08510345220565796
0.08229929208755493
0.0869951844215393
0.114876389503479
0.0855855941772461
0.06511592864990234
0.11090964078903198
0.10644245147705078
0.07373803853988647
0.0840979814529419
0.11925411224365234
0.07635462284088135
0.08895426988601685
0.0769926905632019
0.06947237253189087
0.07884597778320312
0.09615099430084229
0.07268446683883667
0.07107287645339966
0.09820616245269775
0.13438260555267334
0.11401015520095825
0.3195698857307434
0.08037787675857544
0.06816715002059937
0.08195388317108154
0.09612327814102173
0.06453138589859009
0.08172070980072021
0.07776069641113281
0.07426321506500244
0.07918989658355713
0.10918611288070679
0.11136758327484131
0.06661033630371094
0.1124759316444397
0.07223355770111084
0.08746856451034546
0.08343005180358887
0.08643841743469238
0.07073855400085449
0.13332879543304443
0.06884235143661499
0.08461713790893555
