65.3530502319336
65.26216125488281
56.29481887817383
57.31559371948242
33.713958740234375
42.34797668457031
47.01486587524414
31.984756469726562
35.47505569458008
80.87721252441406
44.74809646606445
31.842939376831055
41.75257110595703
34.86526107788086
56.30271530151367
35.07024383544922
32.49876022338867
39.98591232299805
89.43848419189453
52.87021255493164
37.84271240234375
72.50392150878906
31.412052154541016
34.081764221191406
41.81898498535156
60.77730178833008
38.07804489135742
39.172691345214844
33.489715576171875
38.21421813964844
47.03959655761719
41.35512161254883
24.597248077392578
29.23712730407715
50.36240005493164
57.34402084350586
33.54652786254883
58.03812789916992
58.378047943115234
38.35430908203125
45.2196044921875
83.68084716796875
29.225893020629883
33.992698669433594
32.36307144165039
41.137786865234375
52.56544494628906
30.364389419555664
63.60676193237305
26.08320426940918
45.10446548461914
43.422176361083984
63.27094268798828
33.109806060791016
27.900436401367188
34.921443939208984
46.181724548339844
38.22445297241211
31.26262092590332
53.426902770996094
43.91148376464844
38.948917388916016
24.18010902404785
91.54231262207031
37.43122100830078
37.25748062133789
84.70094299316406
23.627727508544922
36.89516830444336
29.059497833251953
41.37477111816406
33.71303176879883
43.02564239501953
40.58586120605469
29.123828887939453
26.4974422454834
59.12392807006836
37.36384201049805
38.50506591796875
75.75401306152344
44.266300201416016
45.91282272338867
50.06645965576172
27.53891372680664
88.09235382080078
35.757747650146484
43.88165283203125
22.938995361328125
50.480037689208984
42.045684814453125
36.53342819213867
23.38109016418457
182.26243591308594
32.22635269165039
37.219112396240234
40.547088623046875
40.88611602783203
63.52419662475586
35.898193359375
32.44929885864258
42.19535827636719
40.45695877075195
34.434974670410156
82.41996002197266
64.60025787353516
33.769935607910156
60.478580474853516
58.33938217163086
39.26910400390625
36.289756774902344
46.04044723510742
30.133813858032227
55.6283073425293
44.807342529296875
32.02092361450195
52.53810119628906
52.37118911743164
47.57447814941406
28.18853187561035
77.7099838256836
45.38454818725586
51.869144439697266
26.911209106445312
81.26052856445312
34.18096160888672
32.11825180053711
21.929119110107422
34.92471694946289
53.110416412353516
35.49675369262695
34.318321228027344
36.06758117675781
41.93032455444336
56.350067138671875
28.26778221130371
52.838314056396484
41.36858367919922
46.608787536621094
43.796165466308594
51.202945709228516
35.20760726928711
40.62554168701172
31.713138580322266
29.398839950561523
52.65432357788086
53.10469436645508
48.65239715576172
47.381256103515625
62.71063995361328
86.4485855102539
31.146055221557617
35.707515716552734
41.999168395996094
32.137550354003906
29.451162338256836
39.34901428222656
76.7601547241211
29.82999038696289
54.03827667236328
40.03840637207031
98.73757934570312
36.912235260009766
36.725852966308594
41.11940383911133
32.61665725708008
48.168399810791016
56.398170471191406
27.553787231445312
83.72981262207031
35.14796447753906
33.86357116699219
54.96064758300781
40.29926681518555
57.58451843261719
54.305641174316406
39.40582275390625
79.37913513183594
62.39722442626953
50.36457061767578
70.13729095458984
32.468265533447266
37.43394088745117
53.62260437011719
35.1707649230957
36.88713836669922
34.286800384521484
50.948665618896484
73.7901382446289
88.80443572998047
41.7292594909668
65.05996704101562
42.079254150390625
33.77944564819336
37.964141845703125
27.30020523071289
38.6212272644043
28.85369300842285
44.247474670410156
44.49257278442383
25.679277420043945
44.43178939819336
39.15607452392578
23.542098999023438
38.71086502075195
26.537248611450195
40.57886505126953
64.70225524902344
64.75147247314453
43.57189178466797
35.19364929199219
53.0032844543457
41.73173522949219
30.6171932220459
43.49209213256836
23.491666793823242
34.78080368041992
37.27878189086914
53.609737396240234
40.482120513916016
39.08828353881836
46.821903228759766
39.804786682128906
38.53789138793945
28.84161376953125
48.37039566040039
60.55192184448242
50.689388275146484
41.96926498413086
37.219242095947266
57.50571823120117
38.8961181640625
32.14021682739258
32.413246154785156
25.036029815673828
16.537155151367188
51.28800582885742
32.751548767089844
32.76130676269531
44.35786437988281
26.232954025268555
76.32211303710938
61.99373245239258
43.03199005126953
56.74659729003906
21.16019630432129
47.477622985839844
72.72003173828125
37.90012741088867
47.775474548339844
50.393924713134766
51.64646530151367
43.2198486328125
73.58497619628906
31.604700088500977
38.65656280517578
35.170692443847656
38.994842529296875
27.224946975708008
45.95173263549805
42.337547302246094
36.98651885986328
33.51980972290039
38.27436828613281
27.191593170166016
29.688331604003906
75.05534362792969
34.24872589111328
36.972816467285156
46.77226257324219
43.84600067138672
52.81544494628906
26.64923667907715
47.651947021484375
37.389652252197266
47.53302001953125
39.366817474365234
42.91933059692383
22.703073501586914
30.14959144592285
39.615596771240234
45.437557220458984
54.07445526123047
41.60191345214844
49.978755950927734
56.05050277709961
29.826204299926758
30.024011611938477
49.04754638671875
40.2433967590332
29.171323776245117
52.77354431152344
34.839385986328125
31.521636962890625
36.33037567138672
60.502540588378906
36.10902404785156
50.41921615600586
99.88899993896484
64.93533325195312
48.90884017944336
48.605045318603516
31.099504470825195
31.507959365844727
84.99646759033203
41.40748977661133
45.039554595947266
40.762733459472656
26.248552322387695
29.95616340637207
40.0002326965332
34.496273040771484
38.782615661621094
32.64120101928711
22.05143928527832
35.068885803222656
62.3964729309082
28.01599884033203
34.24528884887695
42.554019927978516
56.87752914428711
29.70893669128418
28.987773895263672
58.88322448730469
57.286949157714844
69.97661590576172
77.43101501464844
41.787567138671875
30.701335906982422
31.56324005126953
66.77706909179688
33.400821685791016
33.74541091918945
56.3758659362793
49.48219299316406
24.973087310791016
55.250267028808594
30.957666397094727
39.62460708618164
29.66956329345703
47.4095573425293
37.0408821105957
34.97366714477539
36.9334716796875
30.232040405273438
36.052818298339844
29.4575252532959
60.12914276123047
33.66718673706055
73.51559448242188
29.570430755615234
38.15802764892578
57.20880126953125
50.42314529418945
45.43620681762695
43.662845611572266
66.32502746582031
36.15118408203125
55.37408447265625
19.193172454833984
24.292200088500977
54.699520111083984
27.218521118164062
41.005645751953125
36.04607009887695
26.25459098815918
30.31053352355957
36.808109283447266
32.86928939819336
46.790611267089844
37.882808685302734
37.050540924072266
108.2132797241211
35.465511322021484
32.95075225830078
45.763832092285156
55.88462448120117
25.732280731201172
61.25810623168945
31.249298095703125
28.669483184814453
42.36949920654297
51.48445510864258
43.2034797668457
28.455291748046875
26.54475975036621
32.65543746948242
48.762062072753906
34.17292404174805
35.351627349853516
24.600521087646484
37.04922866821289
40.902565002441406
73.57557678222656
44.38844680786133
31.051488876342773
47.91748809814453
96.38641357421875
34.774105072021484
28.84513282775879
61.864017486572266
54.63843536376953
28.386362075805664
55.18292999267578
37.25827407836914
20.17826271057129
52.67169189453125
31.80063819885254
43.10041046142578
25.233489990234375
54.18208312988281
48.47271728515625
48.95140838623047
23.798099517822266
46.314483642578125
31.900983810424805
67.00416564941406
32.654449462890625
31.90871810913086
24.402816772460938
46.3499641418457
57.92110061645508
39.35445785522461
22.629606246948242
59.04168701171875
47.880455017089844
29.86736488342285
27.013652801513672
35.43258285522461
41.55060958862305
43.262123107910156
42.9767951965332
55.31586837768555
25.364229202270508
59.65003967285156
32.7947998046875
40.68158721923828
39.17293930053711
29.540529251098633
38.01771926879883
28.929922103881836
36.654685974121094
42.052398681640625
53.906009674072266
27.010562896728516
54.135440826416016
55.45933532714844
30.541833877563477
43.86343002319336
31.5976619720459
36.86080551147461
30.370758056640625
31.683380126953125
57.7572135925293
31.046693801879883
26.744226455688477
32.57426452636719
35.8975944519043
47.280517578125
30.781030654907227
22.7833251953125
53.15268325805664
40.924808502197266
80.12467193603516
34.76970291137695
42.62247848510742
45.173255920410156
24.87833595275879
26.925260543823242
47.81473159790039
28.267114639282227
87.79055786132812
47.712886810302734
40.543800354003906
60.957359313964844
24.258697509765625
34.838008880615234
38.63951873779297
59.99516677856445
46.65010070800781
66.78331756591797
49.778038024902344
26.37459373474121
68.7285385131836
72.35736083984375
40.05823516845703
35.990211486816406
32.37215805053711
39.91187286376953
37.38467788696289
25.466686248779297
32.71405029296875
36.29123306274414
46.895263671875
33.04315185546875
44.10904312133789
29.530567169189453
45.41023254394531
41.90626525878906
45.43666458129883
25.399700164794922
38.21043395996094
39.48054504394531
78.38543701171875
76.22266387939453
34.93716049194336
36.84513854980469
68.27115631103516
28.72756004333496
31.7230167388916
50.743499755859375
42.87047576904297
42.87202453613281
37.37897872924805
35.657833099365234
83.02405548095703
37.099525451660156
43.55752944946289
39.838130950927734
35.468448638916016
40.7030143737793
45.76557922363281
37.087425231933594
73.8015365600586
35.81440734863281
47.94834518432617
34.725730895996094
55.376529693603516
40.04465866088867
30.25748062133789
41.39582443237305
46.9161376953125
16.459800720214844
80.16088104248047
39.7039909362793
44.18531799316406
30.4576358795166
40.95130157470703
43.46822738647461
34.042335510253906
28.18503189086914
44.22928237915039
55.4807243347168
35.901458740234375
35.622642517089844
42.759578704833984
39.845401763916016
34.032135009765625
55.39687728881836
102.90882873535156
36.56315612792969
28.833826065063477
59.156917572021484
34.558441162109375
48.5944938659668
30.959379196166992
67.02937316894531
43.87993621826172
39.41086959838867
38.43677520751953
43.0693359375
28.87453842163086
36.373573303222656
66.80586242675781
56.56856155395508
41.135337829589844
83.19281005859375
56.11194610595703
49.432830810546875
42.861942291259766
102.56122589111328
32.589263916015625
57.118133544921875
31.766963958740234
43.27940368652344
23.51569366455078
89.612060546875
43.52870178222656
28.539478302001953
41.536842346191406
36.04538345336914
43.17793655395508
46.438472747802734
76.43287658691406
42.954322814941406
43.11260223388672
43.45395278930664
42.05024719238281
46.502174377441406
42.22942352294922
58.33558654785156
45.893035888671875
35.687618255615234
43.42486572265625
60.4578857421875
49.94676971435547
65.1438217163086
33.042686462402344
35.05715560913086
41.55016326904297
55.18347930908203
73.1885757446289
58.15656280517578
53.77994155883789
24.7446346282959
59.60719299316406
26.35405921936035
45.29412841796875
28.466487884521484
30.473369598388672
43.51123809814453
41.92234420776367
37.29416275024414
42.14704132080078
33.8380241394043
51.71760177612305
47.364051818847656
41.503204345703125
49.49519729614258
40.6716423034668
68.15950775146484
74.06536102294922
121.19080352783203
46.92061233520508
32.984012603759766
41.423973083496094
22.93810272216797
52.47127914428711
32.816246032714844
69.63381958007812
52.877079010009766
47.46931076049805
49.55357360839844
79.36473083496094
23.916522979736328
58.80787658691406
39.9918212890625
39.43108367919922
68.00910949707031
36.984962463378906
37.59846878051758
34.02534866333008
57.91814422607422
53.65092468261719
63.17243194580078
37.05362319946289
90.1220474243164
29.91921615600586
37.83740997314453
69.22067260742188
32.92332458496094
30.38055419921875
34.057281494140625
32.8776969909668
38.80078125
35.83347702026367
38.9852409362793
37.47560119628906
39.97787857055664
39.53404235839844
38.514625549316406
56.24881362915039
65.3849105834961
19.685871124267578
46.680870056152344
53.922298431396484
31.84014129638672
68.44078826904297
46.81820297241211
31.10771942138672
35.01530456542969
27.61775016784668
53.60682678222656
