-1.8782670497894287
-2.22589111328125
0.5271826982498169
-1.6468985080718994
-2.4648871421813965
-0.22413595020771027
-2.0828704833984375
-2.023277759552002
-3.547106981277466
-1.7931160926818848
-2.412994861602783
-3.4984095096588135
-0.36665332317352295
-2.304412364959717
-2.337336540222168
-2.2424256801605225
-2.7176549434661865
-2.411250591278076
0.8818135857582092
-1.430476188659668
-0.9486899971961975
-4.96853494644165
-3.3256425857543945
-2.9133429527282715
-1.8112033605575562
-1.92670476436615
-3.918262243270874
-3.803868532180786
-2.7987561225891113
-5.10226583480835
-3.5266482830047607
-2.352947235107422
-2.57159686088562
-2.890204429626465
3.750858783721924
-2.2785518169403076
-2.426748514175415
-2.593181610107422
-1.6039499044418335
-2.005988836288452
-1.0540978908538818
-1.789219617843628
-1.4007033109664917
-2.3194265365600586
-3.714102029800415
-0.6655031442642212
1.2211228609085083
-3.0313026905059814
-3.67549991607666
-3.4871461391448975
-3.0424435138702393
-5.292444705963135
-2.335252046585083
-2.5633320808410645
-1.8500561714172363
-1.2012643814086914
-2.810058832168579
-0.8323305249214172
-2.467533826828003
-3.4751710891723633
-1.0743300914764404
-3.053997755050659
-1.731367826461792
2.4989418983459473
-2.877166986465454
-1.3326880931854248
-2.8459033966064453
-2.238892078399658
-2.276954412460327
-2.243056058883667
-4.830385208129883
-2.1921918392181396
-2.748213052749634
-0.5325431227684021
-1.9019865989685059
-4.032003402709961
-2.393094301223755
-4.383499622344971
-2.0662975311279297
-2.5319108963012695
-3.1736650466918945
-0.8175495862960815
-3.698711395263672
0.458980917930603
-2.5532803535461426
-2.9013209342956543
-1.197336196899414
-0.20052017271518707
0.09343258291482925
-0.8578445911407471
-2.174166202545166
-0.40459713339805603
-3.814297914505005
-3.174901247024536
-1.52482271194458
-0.3116056025028229
-1.7114981412887573
-1.5656458139419556
-2.431871175765991
-3.053840398788452
-1.9865797758102417
-0.36323022842407227
-3.5596938133239746
-2.281451940536499
-3.776254415512085
-2.910641670227051
-0.4152059555053711
-4.292789459228516
-2.885244607925415
-0.7610196471214294
-2.8223588466644287
-2.194767951965332
-2.4930524826049805
-2.5056095123291016
-2.4503157138824463
-1.1472500562667847
-0.8576788902282715
-1.5706329345703125
-2.816460609436035
0.7924622893333435
-2.0672600269317627
-2.2458865642547607
-0.7956933975219727
-1.3939203023910522
-0.8130879998207092
-0.825822651386261
-2.861703872680664
-6.1382832527160645
-2.5562856197357178
-2.419189214706421
-4.78187894821167
-1.7389899492263794
-3.2994537353515625
-0.6239799857139587
-3.5793042182922363
0.25611501932144165
-3.4453656673431396
-3.651629686355591
0.12229026108980179
-1.5198835134506226
-4.0067620277404785
-5.513197422027588
0.7831286191940308
-1.3074750900268555
-1.3189958333969116
-2.6166718006134033
-1.930487871170044
0.6787147521972656
-3.629703998565674
-2.3404295444488525
-1.22030770778656
-3.5064141750335693
-2.623512029647827
-2.1262660026550293
-1.2453078031539917
-4.076618671417236
-3.158369302749634
-2.8407115936279297
-1.5548709630966187
-0.11702428758144379
-0.6983164548873901
1.3860795497894287
-1.4340839385986328
-3.4181442260742188
-4.3763532638549805
-2.621959924697876
-1.7204550504684448
-1.0758315324783325
-3.0476267337799072
-3.296229362487793
-3.044290781021118
-4.268449783325195
-3.859281539916992
-3.69877552986145
-1.5813299417495728
-2.308558225631714
-3.638958692550659
-1.9100632667541504
-2.16363263130188
-3.9049339294433594
-3.5459647178649902
-0.46693506836891174
-5.178600311279297
-2.203854560852051
-3.073124408721924
-0.050748035311698914
-0.4128549098968506
-2.1397244930267334
0.26737549901008606
-0.69188392162323
-0.5452243685722351
-1.6389861106872559
-0.6120485067367554
-3.903496503829956
-3.5366978645324707
-0.4923136532306671
-0.8749529719352722
-0.8141013979911804
-3.0032825469970703
-1.6006808280944824
-0.2038196325302124
-2.3371894359588623
-0.7696300148963928
-2.7647414207458496
-1.4394192695617676
-2.7530481815338135
-0.844416081905365
-1.6693953275680542
-0.7246445417404175
-2.5497512817382812
-1.5252323150634766
-2.8274998664855957
-3.0510008335113525
-3.0804319381713867
-1.418472409248352
-1.1953450441360474
-2.6592392921447754
-2.8589954376220703
-3.3802332878112793
-0.4244004189968109
-1.1512467861175537
0.5191468596458435
1.9141576290130615
-2.056370735168457
-2.436461925506592
-1.1200441122055054
0.27429232001304626
-3.5294384956359863
-3.6572608947753906
-1.3719063997268677
-6.334691524505615
-3.7145297527313232
-4.218106746673584
-1.0036917924880981
-0.4153412878513336
-3.8931493759155273
-2.042405843734741
-2.76202392578125
-2.70196270942688
-2.9517858028411865
-2.119070529937744
-1.1185747385025024
-3.6120173931121826
-4.4326171875
-0.9182249307632446
-3.4798996448516846
-1.7842001914978027
-4.1727752685546875
-6.078510284423828
-1.8917858600616455
-3.901339054107666
0.1306835561990738
-4.9216227531433105
0.06477616727352142
-2.5171847343444824
-1.851401448249817
-0.052954550832509995
-0.5518226623535156
-3.5510528087615967
-3.212822675704956
-1.538126826286316
-3.2404162883758545
-3.4990031719207764
-1.5178998708724976
-2.8894999027252197
-2.337407350540161
-1.4131618738174438
-3.371781587600708
-2.8160319328308105
-2.5825531482696533
-2.0400807857513428
0.03286485746502876
-0.5081458687782288
-1.9687118530273438
-2.832440137863159
-2.9756534099578857
-3.506922960281372
-2.9201395511627197
-1.0794892311096191
-3.0416831970214844
-4.552254676818848
-3.1212852001190186
2.0091309547424316
-2.846595287322998
-3.42948317527771
-2.052049398422241
-2.7809579372406006
-3.3251185417175293
-4.509819984436035
-0.9195907711982727
-2.2755286693573
-0.8993823528289795
-2.4844627380371094
-1.4455513954162598
-0.46685725450515747
-3.985494375228882
-3.8326990604400635
-2.164914846420288
-2.830686569213867
-2.4730560779571533
0.5240579843521118
-4.932803153991699
-0.9290645122528076
-4.25756311416626
-3.917165994644165
-3.0730671882629395
-1.9551031589508057
-0.24771521985530853
-2.8608810901641846
-0.6791952848434448
-2.3648643493652344
-2.4636588096618652
-3.023484230041504
-1.7868046760559082
-2.6216788291931152
-3.6915664672851562
-2.6867949962615967
-2.035203456878662
-2.1529247760772705
-2.247627019882202
-0.6484938263893127
-0.5834313631057739
-0.5368453860282898
-3.7828948497772217
-2.9592301845550537
-1.416839599609375
-3.6232872009277344
-2.6204891204833984
-2.780817747116089
0.4458002746105194
-0.13209322094917297
0.8514917492866516
-1.6115977764129639
-3.162283420562744
-3.061793565750122
-0.6937053203582764
-3.890542507171631
-3.718363046646118
-2.0474185943603516
-3.9891464710235596
-1.4509623050689697
-3.1836953163146973
-3.0923404693603516
-3.4156641960144043
-1.4146925210952759
-1.0878679752349854
-4.573575973510742
-1.580562949180603
-5.0482401847839355
-2.298022747039795
-4.999998569488525
-0.6361850500106812
-0.31758445501327515
1.1926076412200928
-0.7517827749252319
-1.2725688219070435
-1.983061671257019
-2.7666983604431152
-2.4999654293060303
-3.4726150035858154
-2.0606956481933594
-2.6956064701080322
2.204988479614258
-4.076767921447754
-1.8631958961486816
-1.2576349973678589
-1.6506820917129517
-0.7628499269485474
0.009464070200920105
-1.4046531915664673
-3.387911796569824
-2.424220323562622
-0.848446786403656
-2.4554483890533447
-3.013986825942993
-2.670626401901245
-2.7781901359558105
-4.380530834197998
-3.6955819129943848
-1.0460472106933594
-1.299607753753662
-1.6861205101013184
-3.859715700149536
-2.5719079971313477
-0.46040841937065125
-2.896790027618408
-0.8943240642547607
-3.6267542839050293
-1.8878308534622192
-3.666194200515747
-1.8111214637756348
-2.8590457439422607
-9.423731803894043
-1.592578649520874
0.20329444110393524
-2.7909929752349854
-2.72042179107666
-1.175714135169983
-1.1440011262893677
-1.2133548259735107
-0.4290226697921753
-3.5064737796783447
-0.009518289007246494
-3.40263295173645
-1.2982426881790161
-3.723984718322754
-1.8114867210388184
-1.6347380876541138
-1.0887435674667358
-2.867370367050171
-2.224547863006592
-1.5998867750167847
-0.7155876159667969
-3.952802896499634
-1.4125466346740723
-0.8156618475914001
0.4488758444786072
-2.318697452545166
-4.261565685272217
-0.38611599802970886
-0.28333935141563416
5.982460975646973
-2.5451793670654297
-1.010791540145874
-2.4776594638824463
-1.9531679153442383
-0.48652300238609314
-3.74224591255188
-3.362159013748169
-2.675593137741089
-3.38663387298584
-3.985964298248291
-1.0151550769805908
-2.1089909076690674
-3.6808114051818848
-1.8683003187179565
-3.6516153812408447
-0.5395631194114685
-2.461768388748169
-3.0811400413513184
-2.678673028945923
-3.2579407691955566
-4.753720760345459
-1.3033876419067383
-3.677018404006958
-3.9810009002685547
-3.02787184715271
-2.253878116607666
2.1148388385772705
-2.559279441833496
-2.9238929748535156
-3.7620716094970703
-0.41544634103775024
-3.980656385421753
-2.3320581912994385
-2.3591670989990234
0.34331822395324707
-1.6973353624343872
-3.456700086593628
-2.4793829917907715
-2.299689531326294
1.4451595544815063
-0.3666975796222687
-1.4448742866516113
-1.6723048686981201
-3.2389721870422363
-3.8355283737182617
-1.6543540954589844
-1.9634510278701782
-1.957688808441162
-3.956470251083374
-1.3253798484802246
1.462939739227295
-0.003533408045768738
-3.0120294094085693
-2.4257123470306396
-2.1155803203582764
-0.24711719155311584
0.23387175798416138
-4.907092571258545
-3.660172700881958
-0.09589782357215881
-2.014291286468506
-3.921325206756592
-2.073287010192871
-1.771198034286499
-3.0536253452301025
-3.207770586013794
-3.431288480758667
-2.322183609008789
-1.332173228263855
-1.021382451057434
-2.3574941158294678
-1.452439785003662
-0.27819788455963135
-4.821971416473389
-1.2107551097869873
-0.8672987818717957
3.085663318634033
-0.9087899327278137
-2.06976580619812
-2.88582706451416
-2.600421905517578
-3.7320916652679443
-1.441699743270874
-1.4088677167892456
-1.9398367404937744
-2.8950278759002686
-2.2465054988861084
-4.003017902374268
-2.207390785217285
-0.5356243252754211
-1.3102728128433228
1.6847025156021118
-4.084625720977783
-1.743161916732788
-0.7615141272544861
-2.8045239448547363
-2.112377643585205
-3.275294303894043
-4.234553337097168
-3.1575767993927
-1.7854909896850586
-0.7252228856086731
-2.4989428520202637
-3.086879253387451
-2.624868631362915
-2.401768922805786
-2.146496534347534
-1.56277334690094
-0.765442967414856
-2.105987310409546
1.267134666442871
-2.729426383972168
-3.0431058406829834
-2.1568944454193115
-3.4494707584381104
-2.325350761413574
-2.708346128463745
-3.1836860179901123
-2.405834913253784
-3.9146604537963867
-0.3981477916240692
-3.5747973918914795
-2.6175575256347656
-2.8111186027526855
-3.53075909614563
-4.340703010559082
-5.059123516082764
-1.9786553382873535
-4.003011703491211
-1.6012121438980103
-0.663825511932373
-6.271599769592285
-0.8138023018836975
-2.0106561183929443
-3.437168598175049
-3.8474130630493164
-3.4362215995788574
1.3458820581436157
-2.7596120834350586
0.43388575315475464
-2.0279014110565186
-1.7560864686965942
-0.2601909935474396
-3.767075300216675
-2.4884140491485596
-1.4232370853424072
-4.688261032104492
-2.690229654312134
-1.833803415298462
-2.199375629425049
-2.801725149154663
-4.7156901359558105
-1.5926098823547363
-3.6790904998779297
-1.9272112846374512
-4.602729320526123
-2.96858286857605
-3.4716086387634277
-2.6248035430908203
-1.0796259641647339
-3.2811012268066406
-1.8652410507202148
-1.9663046598434448
-3.457477331161499
-1.9640319347381592
-3.4305977821350098
-1.0216264724731445
-3.693720817565918
-3.095470666885376
-3.2575855255126953
-1.190934181213379
-1.009989857673645
-3.649613857269287
-1.1464372873306274
-4.3152031898498535
-1.3592112064361572
-2.297858953475952
-3.5640316009521484
3.5829832553863525
-0.44530966877937317
-2.5660250186920166
13.300849914550781
-4.538070201873779
-0.23644480109214783
-2.3698086738586426
-0.7934393882751465
-2.3538029193878174
-3.713785409927368
-0.5584152340888977
-1.9040453433990479
-1.1817166805267334
-1.7924020290374756
-2.6818532943725586
-2.406424045562744
-0.7662509083747864
-1.1436265707015991
-1.7548824548721313
-0.5922086834907532
-2.6320576667785645
-1.01223886013031
0.5024256706237793
-1.2247728109359741
-1.017931580543518
-1.1104496717453003
-2.2600178718566895
-4.61679744720459
-4.879086017608643
-4.177270889282227
-0.6085690259933472
-3.596874475479126
2.054163694381714
0.7531893253326416
-0.19407230615615845
-2.59193754196167
-1.655104398727417
-1.6892567873001099
-4.0212721824646
-5.377264022827148
-3.3488590717315674
-0.880597710609436
-1.0497740507125854
-4.625959873199463
-2.5024824142456055
-2.304506301879883
-2.062788248062134
-2.1343307495117188
-4.715094089508057
-2.7969024181365967
-1.503987431526184
-2.74522066116333
-3.390756845474243
-2.8292691707611084
-4.395629405975342
-1.9613454341888428
-1.783266305923462
-1.993280291557312
-3.488149642944336
-1.035416841506958
-1.692456603050232
0.8993524312973022
-1.810788869857788
-0.47829198837280273
-2.485322952270508
-3.1516759395599365
-3.2873294353485107
0.8845970630645752
-2.55936336517334
-4.802802085876465
-1.02286696434021
-2.9794998168945312
