0.7064720392227173
1.2727811336517334
0.8291290402412415
0.8816766738891602
0.3457408547401428
0.6301888823509216
0.8340994715690613
0.7445575594902039
1.0439846515655518
0.863410472869873
1.2197233438491821
1.0713376998901367
0.8768678307533264
1.2547653913497925
1.7461540699005127
1.0290662050247192
0.9971495270729065
1.1061023473739624
0.645695686340332
0.8716326355934143
1.2489240169525146
0.8929557800292969
1.2688405513763428
1.381627082824707
1.055518627166748
0.9905455708503723
1.0274699926376343
0.56349778175354
1.2292742729187012
1.2074460983276367
1.05409574508667
1.455798864364624
1.136330485343933
1.3500622510910034
0.8897736072540283
1.3234472274780273
0.7199856638908386
1.3609870672225952
0.9164799451828003
0.839862048625946
0.6159661412239075
2.051363468170166
1.018401026725769
0.8163873553276062
0.7305577993392944
1.909496545791626
0.26233720779418945
1.166746735572815
1.0827817916870117
1.1432732343673706
0.41859114170074463
1.3532211780548096
2.0486111640930176
1.0861903429031372
0.3048919439315796
0.7738425731658936
1.1763554811477661
0.9435785412788391
0.4002124071121216
0.7641168832778931
0.3599981665611267
1.1456798315048218
0.47760748863220215
0.6894280910491943
1.132250189781189
0.712127685546875
1.3298945426940918
1.0224785804748535
1.5198941230773926
0.639400839805603
1.1410751342773438
0.6064722537994385
1.1282317638397217
0.6069377064704895
0.2775522470474243
1.2972289323806763
1.130894660949707
1.2555978298187256
0.7494616508483887
1.1955394744873047
1.0140355825424194
2.071472406387329
1.6113624572753906
0.3020925521850586
0.7208234071731567
0.676760196685791
0.3924623727798462
0.21775293350219727
0.831514835357666
0.18929338455200195
1.2476145029067993
0.47660696506500244
1.9941092729568481
1.1270897388458252
1.247933268547058
1.4473092555999756
0.6138816475868225
1.148307204246521
0.6613117456436157
1.0588767528533936
1.2964414358139038
1.449688196182251
1.0174671411514282
1.448264479637146
1.2296088933944702
0.9717723727226257
1.4428752660751343
0.5101110339164734
1.4159952402114868
0.8470286726951599
0.9192484021186829
0.7798151969909668
1.2095330953598022
1.167078971862793
0.7466182708740234
1.677671194076538
1.203315258026123
1.1329013109207153
1.2758203744888306
2.2776219844818115
1.0064342021942139
0.336029589176178
0.43515515327453613
1.444383978843689
0.4882720708847046
0.2061934471130371
0.578999936580658
0.8201038837432861
1.2480318546295166
1.3377859592437744
1.2671712636947632
1.2395633459091187
1.2799187898635864
0.48741692304611206
0.3800434470176697
1.5844924449920654
0.9925650358200073
1.1859017610549927
0.9029868841171265
1.1883344650268555
0.6095119714736938
1.6584968566894531
0.8929107785224915
0.8970422744750977
0.8485902547836304
1.3764457702636719
0.25943005084991455
0.49151402711868286
0.5395190715789795
0.8011559844017029
0.7245520949363708
0.7089711427688599
0.653903067111969
0.8535065650939941
0.25790393352508545
1.328322410583496
1.6683257818222046
0.9911550879478455
0.8774060606956482
1.108747959136963
1.4034379720687866
1.183117151260376
1.0672839879989624
1.0653175115585327
1.252411961555481
1.3671983480453491
1.2088793516159058
0.25180864334106445
0.6507917642593384
1.0314807891845703
0.780430018901825
1.0380749702453613
1.130297303199768
1.3077722787857056
1.158204436302185
0.8438402414321899
1.5837329626083374
1.083053708076477
1.2360930442810059
1.5111830234527588
1.3573769330978394
1.320783257484436
1.124202013015747
1.2695121765136719
0.3560371398925781
1.5314927101135254
1.5846387147903442
0.6890055537223816
0.7087463736534119
1.1905051469802856
1.9190239906311035
1.2858591079711914
1.076913595199585
0.7604197859764099
0.8416604995727539
0.3771578073501587
0.593182384967804
0.2792467474937439
1.184110403060913
0.3644428849220276
1.3323725461959839
1.0299979448318481
0.18382424116134644
0.9788705110549927
0.98244708776474
1.098685383796692
1.3178828954696655
1.4844087362289429
1.6811429262161255
1.0593864917755127
0.8885523676872253
0.9515278339385986
0.4476863145828247
0.4005405306816101
0.3238784670829773
0.4171823263168335
0.8546385765075684
0.4487147331237793
1.1535453796386719
1.3781111240386963
1.179710865020752
0.36228877305984497
0.5999739170074463
1.1998542547225952
0.8965938687324524
1.350871205329895
1.0255329608917236
0.9908125996589661
1.0861471891403198
0.8874467611312866
1.0279539823532104
0.5792863965034485
0.496873140335083
0.2567102909088135
1.0162625312805176
1.3387415409088135
1.2563267946243286
0.49425745010375977
1.2546145915985107
0.9884493350982666
0.9432654976844788
1.3216228485107422
1.173056960105896
0.8680891990661621
0.38505637645721436
1.3851608037948608
0.5750728845596313
1.009286880493164
1.340073585510254
0.9142431020736694
0.7942128777503967
0.2935445308685303
1.2097818851470947
0.6434478163719177
0.7768009305000305
1.2924598455429077
1.4138598442077637
0.6261256337165833
1.2650479078292847
0.779076874256134
0.8555620908737183
1.4217758178710938
0.9653465747833252
1.3196380138397217
0.40399932861328125
0.8965480923652649
0.8166107535362244
0.6671257019042969
1.3093808889389038
1.2396823167800903
1.0324857234954834
0.1905139684677124
1.0593863725662231
0.8979203701019287
1.1345946788787842
1.1849405765533447
1.5146262645721436
1.2014609575271606
0.5457283854484558
0.8066767454147339
0.8449522256851196
1.2236030101776123
0.8391250371932983
0.7685490250587463
1.358471393585205
0.5807084441184998
1.2062515020370483
1.5500967502593994
1.2696914672851562
1.1971620321273804
1.2924281358718872
0.769453227519989
0.7875806093215942
1.064291000366211
0.5689201354980469
0.9451183080673218
1.5940440893173218
1.7330036163330078
1.3987644910812378
1.3424853086471558
0.7784505486488342
1.4117778539657593
1.060299277305603
1.196950078010559
1.0259493589401245
1.1096830368041992
0.9892632961273193
0.696322500705719
1.1663562059402466
0.9844489693641663
0.5335916876792908
0.6977444291114807
1.1266734600067139
1.0571908950805664
1.1305387020111084
1.2895053625106812
0.47064512968063354
1.0133273601531982
0.7438145875930786
0.74272620677948
0.24673545360565186
1.2269400358200073
1.5846729278564453
0.7831938862800598
1.2537437677383423
0.9805629849433899
1.1501493453979492
0.8803842067718506
0.67008376121521
0.7555307745933533
1.1115578413009644
0.8670629858970642
1.1911485195159912
0.8960404992103577
0.6631727814674377
1.1462472677230835
0.6242920756340027
0.8244296312332153
1.1435142755508423
0.8093248605728149
1.3470025062561035
1.0878177881240845
0.5735810399055481
0.9486566185951233
0.6852869391441345
1.272071123123169
1.3965113162994385
1.2722666263580322
0.9980760812759399
1.0174964666366577
1.4778410196304321
1.1176331043243408
1.6841272115707397
0.48108458518981934
0.42577898502349854
0.32202625274658203
1.0682437419891357
1.1280583143234253
0.755630612373352
1.117167353630066
0.3006971478462219
0.6223195791244507
0.8004350662231445
1.2292770147323608
0.30855220556259155
1.012574315071106
1.1954103708267212
0.37858396768569946
0.9316353797912598
0.8575816750526428
1.1063940525054932
0.6862648129463196
0.25776469707489014
1.2113327980041504
1.3352783918380737
1.5225489139556885
1.202703833580017
0.9724653959274292
1.089223861694336
1.005323886871338
1.0175400972366333
0.846003532409668
1.3137447834014893
1.1485819816589355
0.8410513997077942
0.9292318820953369
0.46359795331954956
1.0411688089370728
1.4163984060287476
0.439888596534729
0.6283087134361267
0.8722667098045349
0.15197235345840454
1.5504992008209229
0.2104588747024536
0.486403226852417
1.398413062095642
1.2573143243789673
0.5618003606796265
1.0150587558746338
0.7596006989479065
1.1522176265716553
0.1952497959136963
1.0468391180038452
0.4771556258201599
1.8408417701721191
0.8648409843444824
0.4486064314842224
0.5274195671081543
0.7246659398078918
1.184079885482788
1.3448904752731323
0.7925494909286499
1.5100756883621216
0.4607527256011963
1.1511443853378296
0.7470169067382812
1.236327052116394
1.1370437145233154
0.9205362796783447
1.2098065614700317
0.8007072806358337
1.1793711185455322
0.6931661367416382
1.1974644660949707
1.4189401865005493
1.1441102027893066
1.3276913166046143
1.3758689165115356
0.8401714563369751
1.1160231828689575
1.1856932640075684
0.8023700714111328
0.9730935096740723
0.9875892996788025
0.31800132989883423
1.194237232208252
0.21997547149658203
1.1628881692886353
0.2714843153953552
0.9446606636047363
1.0182546377182007
0.7777571678161621
0.821022093296051
0.9491421580314636
1.2297455072402954
1.4401613473892212
0.6625980138778687
1.072164535522461
0.5835497379302979
1.0719982385635376
1.2002135515213013
1.9307830333709717
1.0364662408828735
0.9358915090560913
0.6329115033149719
0.7315210700035095
1.2398109436035156
1.203147292137146
1.1321897506713867
0.900504469871521
0.28957808017730713
1.395491123199463
1.2661573886871338
1.1997523307800293
1.2741118669509888
1.1350352764129639
0.3537294864654541
1.2920042276382446
1.0001859664916992
0.9955295324325562
1.3883453607559204
1.1704264879226685
1.1193748712539673
1.401732325553894
0.9295189380645752
0.6636672019958496
1.3234752416610718
0.7405498623847961
0.8166159987449646
0.8050128817558289
0.20838814973831177
1.8958587646484375
1.5214183330535889
0.8086117506027222
1.8625191450119019
1.083564043045044
0.33653390407562256
1.2351776361465454
0.9602118134498596
0.8204878568649292
0.8209746479988098
1.1969867944717407
0.5348567962646484
0.7812229990959167
1.2615115642547607
1.5712231397628784
0.6703499555587769
1.2912367582321167
0.282493531703949
0.39699316024780273
1.223625898361206
1.111960768699646
1.2644572257995605
1.2076518535614014
0.3489875793457031
1.1449322700500488
1.5171610116958618
0.6106191873550415
1.1693061590194702
1.1112967729568481
1.1767308712005615
0.8690572381019592
0.8553057312965393
1.030423879623413
0.47096967697143555
1.2554092407226562
0.9780248999595642
1.001663088798523
1.3036561012268066
1.6290279626846313
1.2543202638626099
0.6420451402664185
1.166304111480713
0.7001445889472961
0.9935499429702759
0.7256771922111511
1.373672604560852
1.2169538736343384
0.5515811443328857
1.8079649209976196
0.6537885665893555
1.2020519971847534
1.615689992904663
1.0575031042099
1.0794670581817627
0.8658322095870972
1.1235626935958862
0.8820317387580872
0.2936698794364929
1.1677757501602173
1.5971091985702515
0.6584683656692505
1.3827866315841675
1.465903401374817
1.2828794717788696
1.3811757564544678
1.3412221670150757
0.5452193021774292
1.4094793796539307
0.9384819865226746
0.5382198095321655
1.1209063529968262
1.118373155593872
0.2023746371269226
0.25796419382095337
1.059373140335083
0.707601010799408
1.1222628355026245
1.186789631843567
0.47547632455825806
0.23680073022842407
0.8773332238197327
0.8171933889389038
1.0226476192474365
1.0136618614196777
0.8941617012023926
1.0304993391036987
0.6549719572067261
1.291906476020813
0.7035393118858337
0.7453613877296448
1.106238603591919
1.1578925848007202
0.9181138873100281
1.1832250356674194
1.3403292894363403
1.4997658729553223
0.48314499855041504
1.0885827541351318
0.9245002865791321
1.3254698514938354
0.7094855308532715
1.3018897771835327
0.8641959428787231
0.9850842952728271
1.0612361431121826
1.227406620979309
0.8502713441848755
1.0377929210662842
1.5663471221923828
1.2280954122543335
0.8159239292144775
1.452003002166748
1.2225830554962158
1.3684899806976318
1.0558010339736938
0.3008866310119629
0.8444235920906067
1.0704777240753174
0.7816810607910156
1.68936026096344
1.4410431385040283
0.530276358127594
1.189646601676941
0.7576918601989746
0.8502576947212219
0.4987736940383911
1.250023603439331
1.0345702171325684
0.8943057656288147
0.9245020151138306
0.886792004108429
0.8030954599380493
1.041865587234497
0.9887597560882568
1.7194840908050537
1.5931142568588257
0.9735379815101624
0.43520259857177734
0.659379780292511
0.5884069800376892
1.4840724468231201
0.5036033987998962
1.3504228591918945
0.5251710414886475
0.8540334105491638
1.3434771299362183
1.3988037109375
1.3878397941589355
1.5034773349761963
1.2317596673965454
0.7808278799057007
0.6546412110328674
1.0759059190750122
0.6744058728218079
1.0659995079040527
1.1721664667129517
0.8380115032196045
0.24350124597549438
1.1474980115890503
1.0163240432739258
1.2260464429855347
1.606332540512085
1.0365920066833496
1.1226693391799927
0.7778964638710022
0.9667851328849792
1.21603262424469
0.5742621421813965
0.33179402351379395
1.3547090291976929
0.44931095838546753
1.2527621984481812
1.198198676109314
1.398940086364746
1.195878028869629
0.7013183832168579
1.2299754619598389
1.0945876836776733
1.4494082927703857
0.3924331068992615
1.0039137601852417
1.8649866580963135
0.7672993540763855
0.6010252237319946
1.2283607721328735
1.7071198225021362
0.9915199279785156
1.143714427947998
0.6942607760429382
1.2935662269592285
