-0.06782206147909164
0.2664273679256439
-0.06394501775503159
0.10208739340305328
0.0013997579226270318
0.00589674012735486
-0.16513395309448242
-0.0531495027244091
-0.01214283425360918
0.10402094572782516
0.014960907399654388
-0.002120435005053878
0.06332383304834366
0.02524091862142086
0.06787765771150589
0.19280090928077698
-0.005774206481873989
-0.0013469802215695381
-0.3316621780395508
-0.08423739671707153
0.07250788062810898
-0.06223652511835098
-0.002613786142319441
-0.06509999930858612
-0.12956176698207855
-0.09798159450292587
-0.026441296562552452
-0.049306150525808334
-0.0014979219995439053
-0.10586250573396683
-0.087420754134655
0.0031096492893993855
0.0031922790221869946
-0.0023998620454221964
-0.44006311893463135
-0.00145472411531955
-0.10202750563621521
-0.04194951802492142
-0.032545171678066254
0.006746215745806694
-0.019507497549057007
-0.36704114079475403
-0.006424277555197477
-0.03373519703745842
-0.05477096512913704
-0.14143246412277222
-0.1773819625377655
-0.05265960097312927
-0.0803559347987175
-0.03276842460036278
-0.0027743044774979353
-0.02369418926537037
0.02564915083348751
-0.02235545963048935
-0.0009796035010367632
0.04309980571269989
-0.04341172054409981
-0.06971845030784607
0.014269462786614895
-0.08015776425600052
-0.07665571570396423
-0.0012845052406191826
-0.001171485404483974
-0.0038027933333069086
-0.05304640531539917
0.03957710042595863
0.0822770744562149
0.0003281603567302227
0.031988952308893204
0.016108734533190727
-0.08132953196763992
0.0019527231343090534
0.013594159856438637
-0.03692770004272461
-0.0043356651440262794
-0.0018216270254924893
-0.10191904008388519
-0.027426516637206078
-0.08159779012203217
-0.07876385003328323
-0.1390129178762436
-0.633811354637146
-0.03334653750061989
-0.002878091298043728
-0.12848371267318726
0.02902618795633316
-0.03095255233347416
-0.0003828289918601513
-0.04717951640486717
-0.09332811832427979
-0.05321734771132469
0.1350632905960083
1.5986062288284302
-0.07062620669603348
-0.009898497723042965
0.027981583029031754
0.09039897471666336
-0.10457738488912582
-0.07565607130527496
-0.010601188987493515
-0.23039433360099792
-0.042901258915662766
-0.008816199377179146
0.26226404309272766
-0.1120186299085617
-0.010586895048618317
0.1359361708164215
-0.24753700196743011
-0.004117304924875498
-0.04182155802845955
-0.005840766709297895
0.005302333738654852
-0.09408963471651077
-0.08758347481489182
-0.022821487858891487
-0.0671481043100357
0.32878124713897705
-0.03147833049297333
-0.07737336307764053
-0.5333098769187927
-0.09394431114196777
0.053221963346004486
0.0015945982886478305
-0.060402289032936096
-0.00013270512863527983
0.006361167877912521
-0.11366382241249084
-0.11305514723062515
-0.007663393393158913
0.07350603491067886
0.00026145161245949566
-0.058648549020290375
-0.043814513832330704
0.009854945354163647
-0.00094475137302652
-0.16350220143795013
-0.10252335667610168
-0.10741718113422394
-0.08882538974285126
-0.10002356022596359
-0.009529356844723225
0.006512663327157497
-0.12208004295825958
-0.06544580310583115
0.7497813701629639
-0.0023566458839923143
0.04237224906682968
-0.007564937230199575
-0.04406558349728584
-0.048300597816705704
-0.041220348328351974
-1.6732858057366684e-05
-0.11203943192958832
-0.04896068200469017
-0.0007424381910823286
-0.07594171911478043
0.3048814535140991
-0.10357047617435455
-0.1012534499168396
-0.01728467084467411
0.06258758902549744
-0.004549740813672543
0.16974720358848572
-0.04716593027114868
-0.019848354160785675
0.017908353358507156
-0.08173598349094391
0.0018440206767991185
-0.08373281359672546
-0.10762658715248108
-0.0991988405585289
-0.11345473676919937
-0.11097494512796402
0.08682219684123993
-0.2317717969417572
-0.07351648807525635
0.24059492349624634
-0.07281296700239182
-0.03291168436408043
0.2036735564470291
0.06091149151325226
-0.3614513874053955
-0.08436644077301025
-0.0037088736426085234
-0.0015392941422760487
0.0097920848056674
-0.2902510464191437
-0.006444672122597694
0.01735958643257618
0.03505215048789978
0.23001545667648315
0.23215115070343018
0.009122536517679691
0.03482883423566818
-0.0044144531711936
0.010520138777792454
-0.017268437892198563
0.01896374672651291
-0.09313993155956268
0.0015214838786050677
0.023312337696552277
-0.028997652232646942
-0.0067575424909591675
-0.08085169643163681
-0.0385478176176548
-0.03393515944480896
0.027260171249508858
-0.06404700875282288
0.03425440564751625
-0.0654987245798111
0.04822372645139694
-0.034339241683483124
0.0034656429197639227
-0.00020443664107006043
0.0008474207716062665
0.0004283132147975266
-0.05761943757534027
-0.0035815644077956676
-0.0046132998540997505
-0.2545297145843506
0.05292448773980141
-0.1441216766834259
-0.7536249160766602
-0.0180504210293293
-0.04683797433972359
0.18487237393856049
-0.36087387800216675
-0.08338049054145813
-0.00464086327701807
-0.2728191018104553
-0.09257099777460098
0.002277157036587596
-0.007812980562448502
-0.0016181380487978458
0.047611840069293976
0.003136519342660904
-0.0010079751955345273
0.12232699990272522
-0.08520416915416718
-0.002969499910250306
0.09398984909057617
-0.6401355862617493
-0.004398326855152845
-0.06287643313407898
-0.005429452285170555
-0.03719239681959152
0.46524420380592346
-0.09958530962467194
-0.09737832099199295
0.003090317128226161
-0.11660513281822205
0.000878161983564496
-0.09237828850746155
-0.031452476978302
-0.1241077110171318
-0.03537925332784653
-0.13065765798091888
-0.02734234184026718
-0.020694751292467117
-0.12224491685628891
-0.13182753324508667
0.016165049746632576
0.004315178841352463
-0.030447395518422127
0.010667490772902966
-0.12394493073225021
0.08508343994617462
-0.08691983669996262
0.010812610387802124
-0.09357958287000656
-0.09585539251565933
-0.01421493012458086
-0.0034936219453811646
-0.03409384563565254
0.012169134803116322
-0.07080968469381332
0.11955776065587997
0.005388596560806036
-0.006766779348254204
-0.09067614376544952
-0.08606289327144623
-0.08422442525625229
-0.29693514108657837
-0.1014007180929184
0.02039901539683342
0.011551090516149998
-0.06161069497466087
-0.08601025491952896
-0.11854835599660873
0.02730201557278633
-0.0475226566195488
0.025485297664999962
-0.03127773851156235
-0.08849828690290451
-0.01632997766137123
0.0013476308668032289
0.04518653079867363
-0.018696019425988197
-0.0845739021897316
0.25175559520721436
-0.5754313468933105
0.09331972151994705
-0.12389185279607773
-0.07193583250045776
-0.13656394183635712
-0.07240883260965347
-0.06541907042264938
-0.0021094712428748608
-0.0008145506144501269
0.20528565347194672
-0.03282292187213898
-0.04966592416167259
-0.003891084808856249
-0.010563683696091175
-0.03383980318903923
-0.0979122519493103
-0.0025316232349723577
-0.11114484816789627
-0.04914083704352379
-0.024545151740312576
-0.03946758061647415
-0.004561356734484434
-0.2757352888584137
-0.1461460143327713
-0.0713922455906868
0.18803483247756958
-0.08714016526937485
-0.12669958174228668
-0.011876273900270462
-0.09357727319002151
-0.09439900517463684
0.06352359056472778
0.09535666555166245
0.025340069085359573
0.013022003695368767
0.11384839564561844
0.0005960019188933074
-0.09579738974571228
0.0021420842967927456
-0.11788144707679749
0.02903497777879238
-0.005753503181040287
-0.07798104733228683
0.0048727733083069324
-0.09966612607240677
-0.03384910896420479
-0.06574631482362747
-0.016324525699019432
-0.11402994394302368
-0.0062871454283595085
-0.06824994087219238
-0.07537282258272171
-0.518835186958313
0.02083246409893036
0.017593253403902054
-0.0173592921346426
0.016523370519280434
-0.02402154728770256
0.003456880571320653
0.0010337247513234615
0.0778321772813797
-0.002355812583118677
0.12589427828788757
0.0056255110539495945
0.0009315835777670145
-0.04644816741347313
0.0006626321119256318
0.0014512697234749794
0.0679694339632988
-0.07373365759849548
-0.11798574775457382
-0.01785638928413391
-0.01673017628490925
-0.08554106950759888
-0.028166688978672028
-0.06647463887929916
0.004362554755061865
-0.10490738600492477
-0.05360301211476326
0.0020045358687639236
0.0018040863797068596
-0.09765110164880753
0.10636554658412933
0.07488293945789337
-0.0014281088951975107
-0.02981989085674286
-0.049011509865522385
-0.02406938746571541
0.029761210083961487
0.0015344418352469802
0.003702491521835327
0.03664113208651543
-0.11282650381326675
-0.1276930421590805
-0.04835106432437897
0.04814587160944939
-0.03633904829621315
-0.021276777610182762
0.0010286145843565464
0.04182521626353264
-0.07625558972358704
-0.0785730853676796
0.0031786425970494747
0.0022858448792248964
-0.10608797520399094
0.08224190026521683
-0.048380788415670395
-0.06733930110931396
-0.039381999522447586
-0.13194935023784637
-0.12304309755563736
-0.05190660431981087
-0.0311680119484663
0.004212285857647657
0.005118249449878931
0.04298542067408562
-0.26563096046447754
-0.07947368919849396
-0.03277256712317467
0.03652982786297798
0.04916640371084213
-0.036767009645700455
-0.02934848703444004
-0.6286086440086365
0.010822993703186512
0.0066961501725018024
0.033052582293748856
0.010176926851272583
-0.002278313273563981
-0.07160481810569763
-0.1269012838602066
-0.1080743595957756
0.013559187762439251
-0.08241138607263565
-0.0015624482184648514
-0.003520804224535823
-0.04011445492506027
0.01095257792621851
-0.07936622202396393
0.030043018981814384
0.07451748847961426
-0.09444420039653778
-0.058878447860479355
-0.02805575355887413
-0.11589404940605164
-0.09693074971437454
-0.017738280817866325
0.02627614699304104
-0.9390720129013062
0.0011734769213944674
-0.03593235835433006
-0.08690449595451355
-0.617270290851593
-0.003947816789150238
-0.08146332949399948
-0.017598217353224754
-0.16949208080768585
-0.1094169095158577
-0.0034758425317704678
-0.011214833706617355
0.17219488322734833
0.0370088629424572
0.010101119056344032
-5.657745714415796e-05
-0.0008908698218874633
-0.018391532823443413
0.030954835936427116
0.002916698344051838
-0.08198068290948868
0.0018267793348059058
-0.10187754034996033
0.015656739473342896
0.1391698122024536
0.5006189346313477
0.016693955287337303
-0.010810679756104946
-0.08107390254735947
0.039216142147779465
0.04359346255660057
-0.1468697190284729
-0.10174340009689331
-0.000399633776396513
-0.27477166056632996
-0.07832290232181549
-0.08719415217638016
-0.09852602332830429
-0.029854562133550644
0.050558749586343765
-0.09561310708522797
-0.02954055555164814
-0.12791767716407776
-0.014615293592214584
-0.03281359747052193
-0.0031805215403437614
-0.022013280540704727
-0.016814984381198883
0.015171312727034092
-0.0893966406583786
-0.4818758964538574
0.0014418787322938442
0.039681483060121536
-0.09538114070892334
0.22683092951774597
-0.09510517120361328
-0.07566390931606293
-0.13308881223201752
-0.08676031231880188
0.0010016405722126365
-0.015119348652660847
-0.0758248120546341
-0.033895932137966156
-0.05056067556142807
-0.02481391839683056
-0.21768248081207275
-0.08305507153272629
-0.011256350204348564
0.11288812011480331
0.03746592253446579
-0.020679188892245293
-0.002558458596467972
-0.001193645759485662
-0.02699269726872444
0.034127265214920044
-0.07551486045122147
-0.1281912475824356
0.07003634423017502
-0.08008787035942078
-0.010644841939210892
-0.10599356144666672
-0.0202681552618742
-0.08686621487140656
0.004202071577310562
-0.010829166509211063
-0.004645518027245998
0.0008615169208496809
-0.05609694868326187
-0.05306224897503853
-0.08888007700443268
0.06566376239061356
-0.009681892581284046
-0.09104321897029877
-0.06317057460546494
-0.292107492685318
-0.05474705249071121
-0.006661549210548401
-0.023469995707273483
-0.0014213407412171364
-0.08522360771894455
-0.006747352425009012
0.11704586446285248
-0.03312698006629944
-0.037142518907785416
-0.05301402881741524
-0.12185429036617279
0.017347214743494987
-0.016702795401215553
-0.1164027750492096
-0.07686983048915863
-0.0012322466354817152
0.14688202738761902
-0.13184303045272827
-0.14950883388519287
0.05714177340269089
-0.086726613342762
0.03761008009314537
-0.07530618458986282
-0.10549137741327286
-0.006336258724331856
-0.09899352490901947
0.02025052346289158
-0.0623607411980629
-0.13900232315063477
-0.003151168115437031
0.09648609906435013
0.0007933409651741385
-0.054717063903808594
0.03851131349802017
-0.052890192717313766
-0.06176101788878441
0.0003487857466097921
0.016377829015254974
0.1768760085105896
9.771159966476262e-05
0.0854351595044136
-0.09068456292152405
-0.0036627361550927162
0.06058380752801895
-0.022329337894916534
-0.0370263047516346
-0.11348243802785873
0.01754849962890148
-0.0003843498707283288
-0.05290760472416878
0.08541299402713776
-0.11036891490221024
0.1292598396539688
-0.033337581902742386
-0.0006283114780671895
-0.10379672795534134
-0.08667360246181488
-0.06310387700796127
-0.15730834007263184
0.042378980666399
-0.1260453313589096
-0.0735534057021141
-0.047080352902412415
-0.06348006427288055
-0.02855464443564415
-0.053380221128463745
-0.09533847868442535
0.07575003057718277
0.010509943589568138
-0.09748591482639313
-0.07533501833677292
-0.03147413209080696
-0.03401118144392967
-0.35771411657333374
0.008960889652371407
-0.10594673454761505
-0.3561360538005829
-0.05214069411158562
0.012599603272974491
-0.04452325776219368
-0.020020993426442146
0.21760430932044983
-0.0031268373131752014
0.006621417589485645
-0.0040023052133619785
0.02590239979326725
-0.074884794652462
-0.023964732885360718
0.05854513868689537
-0.025904586538672447
-0.29079729318618774
0.10070300847291946
0.02094476856291294
-0.008913286030292511
0.13410824537277222
-0.07817352563142776
-1.6849169731140137
-0.0017413405003026128
0.05081655830144882
0.07000115513801575
0.2657112777233124
0.011585873551666737
-0.06410966068506241
-0.018521102145314217
-0.04958165064454079
-0.05524381995201111
-0.022881723940372467
0.017481889575719833
-0.07133479416370392
-0.022620266303420067
0.05537385120987892
-0.03720281645655632
-0.015619153156876564
-0.05454310029745102
-0.025324512273073196
-0.008679863065481186
-0.1726190596818924
0.038331903517246246
-0.2673361003398895
-0.10992494225502014
-0.35303816199302673
-0.08131581544876099
-0.0156476479023695
0.024896632879972458
-0.3641118109226227
-0.05330512672662735
-0.12090925127267838
-0.004217264708131552
-0.09829659759998322
