-0.7518755793571472
-0.5803426504135132
-0.4090132713317871
0.6013970971107483
-0.14813365042209625
-0.14839407801628113
-0.7185195088386536
-1.0360842943191528
0.41622793674468994
0.12221571058034897
-0.4565889537334442
0.19168701767921448
-0.26747623085975647
0.10678443312644958
-0.15052452683448792
-2.2195756435394287
0.5952907204627991
0.6346778273582458
0.5847281813621521
-0.5871123671531677
-0.13551415503025055
0.03220447152853012
-0.2638747990131378
0.14143118262290955
0.18905644118785858
-0.2231207638978958
-0.026610232889652252
-1.5083651542663574
0.31109967827796936
-0.6414837837219238
-0.5207285284996033
-0.4285120964050293
-0.8492424488067627
0.14254239201545715
-0.3309755325317383
-1.7029345035552979
-2.403660297393799
0.1367645412683487
-0.24921171367168427
-0.442422479391098
-2.026789665222168
-0.04211334139108658
-0.9356827735900879
-0.28226587176322937
-1.414603352546692
-0.8892729878425598
-1.727970838546753
-0.18684928119182587
-0.6290425062179565
0.40220266580581665
-2.4916512966156006
0.22476664185523987
0.14694631099700928
-0.15529392659664154
-1.5122262239456177
-2.6528937816619873
-0.7838023900985718
0.14667636156082153
-1.8583406209945679
-0.9458203315734863
-0.4824961721897125
0.3171691596508026
-1.4848378896713257
0.34623631834983826
0.20736150443553925
0.4107937812805176
-2.136505603790283
-0.584906816482544
0.35630252957344055
-2.015468120574951
0.311254620552063
-0.9969832897186279
0.7522811889648438
-1.2671054601669312
-1.243600845336914
0.12701807916164398
0.18496617674827576
-0.17743562161922455
-0.38195762038230896
-1.2385367155075073
-1.0671888589859009
-1.558971881866455
0.08771346509456635
-0.6907652020454407
-2.060549736022949
-1.6238796710968018
0.427691787481308
-1.3537222146987915
-0.4859618842601776
-0.1341882199048996
0.2976728677749634
-2.4342405796051025
-1.396630048751831
-0.3342646360397339
-0.11324796080589294
-0.6410365104675293
-2.4686038494110107
-0.2800436317920685
-2.0268759727478027
-0.4956144094467163
-0.9026558995246887
-0.17500969767570496
0.4688279628753662
-0.28947463631629944
0.23513589799404144
-0.4135156571865082
0.09951933473348618
-1.8265573978424072
0.15707308053970337
-1.467589020729065
-0.20606529712677002
-2.0654399394989014
-0.6670491695404053
0.3479115664958954
-0.5000109672546387
-0.6089596152305603
-1.2101494073867798
0.001140807755291462
-1.7371655702590942
-1.5022374391555786
-0.07973600924015045
-1.757881999015808
-1.1871286630630493
0.32316479086875916
0.455976277589798
-1.2769666910171509
-1.2936877012252808
0.10404114425182343
0.747333824634552
-1.5573787689208984
0.7264792323112488
-0.6290858387947083
0.6490596532821655
-0.2593800723552704
-0.7095558047294617
-1.6172418594360352
-1.4347779750823975
-0.4723007380962372
-0.5422648191452026
0.26912224292755127
-0.30712997913360596
0.5598666071891785
-0.7301232218742371
-0.5176849961280823
-2.009049892425537
0.4699454605579376
-1.317738652229309
-0.16090963780879974
-0.579738438129425
-0.8343591094017029
-0.7561845183372498
-0.11023681610822678
-2.158517837524414
-0.7806333303451538
-1.3682987689971924
0.09746964275836945
0.6722363233566284
0.22663092613220215
-0.3354325294494629
-0.9368693232536316
0.041438762098550797
-0.3929874300956726
-0.10405133664608002
-0.204518660902977
0.21894757449626923
-0.20087485015392303
0.15964259207248688
-0.9406418204307556
-1.1027116775512695
0.09042678028345108
-0.6101878881454468
-2.7102208137512207
-2.4426064491271973
-0.7371147274971008
-0.5645260810852051
-0.22398065030574799
0.48097726702690125
-0.9991861581802368
0.37661197781562805
0.397866427898407
-0.531524658203125
-1.2773350477218628
0.18890763819217682
0.5749178528785706
-1.2699801921844482
0.04941309988498688
0.04101685434579849
-0.9013569951057434
0.18580125272274017
-0.5954379439353943
-0.22980113327503204
0.189825177192688
-0.586418628692627
-2.471285581588745
-0.5061668157577515
-0.10085704177618027
-1.8864097595214844
-0.18979355692863464
-0.1052132248878479
-0.9035816788673401
0.541572093963623
-0.21965472400188446
-1.3938994407653809
-1.5277416706085205
-0.3093729317188263
-1.4117141962051392
-0.12491676956415176
-0.18348193168640137
0.5608275532722473
-0.15834592282772064
0.2876039743423462
0.375420480966568
-0.32110485434532166
0.1381402313709259
-1.3116090297698975
-1.475228190422058
-0.6249168515205383
-2.013446092605591
0.7073595523834229
-1.496838092803955
-0.043145809322595596
-1.1343257427215576
-1.7655649185180664
0.09708967804908752
-0.34067219495773315
-0.36382856965065
-1.3462064266204834
-0.8946186900138855
0.6294825673103333
-0.16399061679840088
0.13662634789943695
-1.4880975484848022
-0.3616219758987427
-1.3876465559005737
1.2393897771835327
0.8113538026809692
0.5596955418586731
-1.877390742301941
0.14092686772346497
-1.3577169179916382
-1.2606040239334106
-0.3421942889690399
-0.6017282009124756
-1.6871668100357056
-0.5798689723014832
-0.14567123353481293
-1.2428086996078491
-2.594264030456543
0.14820705354213715
-1.14877188205719
-1.102122187614441
-1.5803495645523071
-1.1679173707962036
-0.12795193493366241
-2.1330819129943848
-0.3746468126773834
-0.4650586247444153
-1.1661432981491089
0.3191429674625397
-1.8319480419158936
-2.0591821670532227
-0.013117008842527866
0.1840270459651947
0.12448054552078247
-2.0100388526916504
-0.4517655372619629
-1.922166347503662
-1.6622670888900757
0.7328004837036133
-0.6167457699775696
0.21742098033428192
-1.2812925577163696
-0.8962366580963135
0.3222169578075409
-0.19669689238071442
-0.3937389552593231
-1.6913846731185913
0.5350037217140198
-0.5660229921340942
-1.0457799434661865
-1.297023892402649
-0.1326867789030075
-0.5701839327812195
-1.0715149641036987
0.8190012574195862
-1.2534475326538086
-0.6068512797355652
-0.6208544969558716
-2.449453592300415
-0.7666129469871521
0.2939724028110504
0.3876347541809082
0.21548542380332947
-0.3268427550792694
-1.690479040145874
0.530048668384552
0.7009096741676331
0.40912652015686035
0.2435724139213562
0.10609560459852219
-0.9498817324638367
-1.09749174118042
0.02132459543645382
-0.6920034289360046
-0.20256349444389343
-0.11436893790960312
0.009693828411400318
-0.7277188897132874
0.44288724660873413
-1.2519171237945557
-0.7555372714996338
-1.8286553621292114
0.17148543894290924
-0.33545568585395813
0.1753772497177124
0.35724377632141113
-0.9758302569389343
-0.9529762864112854
-1.0835236310958862
-1.9493262767791748
-0.4143759608268738
0.2705678343772888
-1.7007514238357544
-1.5657798051834106
0.12053611129522324
-2.288661003112793
0.18697242438793182
-2.6092584133148193
0.098331019282341
-0.00120758346747607
-0.4497446119785309
1.0348615646362305
-1.4736347198486328
-0.06649506837129593
-0.04049334675073624
-0.09673406928777695
-1.1789450645446777
-1.1549205780029297
-0.17476141452789307
-2.049978256225586
-0.5017176270484924
0.6964000463485718
-2.6467556953430176
0.08076943457126617
-1.3833595514297485
0.09334397315979004
0.3721616566181183
-0.1871013194322586
-2.6957433223724365
-0.538596510887146
-0.664593517780304
-0.6313161253929138
-0.9176715016365051
-0.1398453712463379
0.1362975388765335
-1.0300196409225464
0.5519559383392334
-3.371947765350342
-1.500666618347168
0.3459816575050354
0.1420106291770935
-0.7641531229019165
0.5931363701820374
0.7015475034713745
-1.729538917541504
-1.2218729257583618
0.15962278842926025
-1.1075142621994019
-0.4322474002838135
-2.2345194816589355
-0.09537961333990097
-0.705146074295044
-1.5139033794403076
0.16907383501529694
0.5429955124855042
-0.7934243679046631
0.5823807120323181
-1.0285165309906006
0.42362409830093384
-0.3614810109138489
-2.3840537071228027
-0.5401964783668518
-0.6299099922180176
-0.2290332019329071
-0.23855309188365936
-1.4894835948944092
0.11856935173273087
0.22332635521888733
-0.1422930210828781
-1.108197569847107
-0.9578203558921814
-1.2282209396362305
-0.17782017588615417
0.16312091052532196
-0.9673954844474792
0.8573740124702454
-0.0055299480445683
-0.08929727971553802
-0.7735410928726196
-1.7273234128952026
-1.8218498229980469
0.034757036715745926
0.12859684228897095
0.3971165716648102
-1.1889530420303345
0.7566607594490051
-1.2797290086746216
-1.0352588891983032
-1.009921669960022
-1.2469490766525269
0.42956456542015076
0.17976215481758118
-1.711119532585144
0.5625978112220764
-1.5915101766586304
-0.2743682861328125
0.22164709866046906
-1.6729583740234375
-0.45688313245773315
-0.6374022960662842
-0.22141610085964203
0.47270214557647705
-0.14368779957294464
-0.10003741830587387
0.6212078332901001
0.5542512536048889
-0.8288388848304749
0.4894540011882782
0.5991979837417603
-0.5354400873184204
-0.4573247730731964
0.02528349682688713
0.1746988445520401
-1.6874405145645142
0.4136554002761841
-0.3332594335079193
-2.336303949356079
-1.2013448476791382
0.016631681472063065
-1.100093960762024
-1.4347740411758423
0.38279837369918823
-1.2266148328781128
-1.6356620788574219
-1.658387541770935
-0.4157339036464691
-2.555406093597412
-1.312957763671875
-2.2253007888793945
-1.3151408433914185
-0.6402660012245178
-0.11918704211711884
-0.9259151816368103
0.46110278367996216
-1.6248894929885864
-0.5343301892280579
-0.2619864046573639
-1.0773075819015503
0.5288209319114685
-0.6529154181480408
0.17817437648773193
-0.7019702792167664
0.27980998158454895
-0.22327326238155365
0.6657297015190125
-0.41232621669769287
0.3682161569595337
-1.376120686531067
-0.5748645067214966
0.09827737510204315
-0.7401708364486694
0.6160368323326111
-0.25141558051109314
-1.143885850906372
0.3791555166244507
0.47480303049087524
-0.31852203607559204
-0.27756911516189575
0.5146437883377075
-2.135403633117676
-2.3630809783935547
-1.1378390789031982
-1.6163829565048218
-0.263815701007843
-0.9235865473747253
-0.7858555316925049
0.4540490508079529
-2.2315618991851807
0.12864463031291962
0.5196548104286194
-0.2135068029165268
0.07435422390699387
0.19016236066818237
-1.091772437095642
-0.6420691013336182
-0.010756025090813637
0.5615476369857788
-1.897761583328247
-0.4668489396572113
-1.3128268718719482
-1.5950918197631836
-0.14865818619728088
-1.0898873805999756
-2.408283233642578
-0.17399507761001587
-1.0465588569641113
-1.4173166751861572
0.44981345534324646
-0.867035448551178
0.2461724877357483
0.03583228215575218
-0.215312659740448
-0.01590912602841854
-0.06771203875541687
-0.6906150579452515
-0.48084530234336853
-0.2567151188850403
-0.20580078661441803
0.5743827223777771
0.0920562893152237
0.5966041088104248
0.1895640790462494
-1.0276960134506226
-0.06651270389556885
-2.943293571472168
-1.4386299848556519
-1.363874077796936
0.15906201303005219
-1.0231406688690186
-1.8386300802230835
-0.4361172318458557
-1.725174903869629
0.7643833756446838
-1.1340998411178589
0.39885011315345764
0.01557102333754301
-0.4617907404899597
0.21053412556648254
-0.3953005373477936
-1.5668656826019287
-0.18960586190223694
0.1664608120918274
-1.2011324167251587
0.3374081254005432
0.2979724407196045
0.2185148000717163
0.81843501329422
0.12717215716838837
0.408740371465683
-1.1069093942642212
0.19217751920223236
-1.4128243923187256
-0.13761025667190552
-3.96736478805542
-1.6541911363601685
0.2607918083667755
-2.22294545173645
-0.8763784170150757
0.29844504594802856
-2.860206127166748
-2.295542001724243
-0.6358441114425659
-2.43559193611145
0.23304973542690277
-0.5599014759063721
-0.9500609636306763
0.03487299010157585
-0.9695969223976135
-1.1424784660339355
-0.21487025916576385
-1.8679457902908325
-1.9485726356506348
0.4859029948711395
-0.986684262752533
0.07421349734067917
-0.36076754331588745
-1.157309651374817
-0.34538522362709045
-2.245471477508545
0.5790442824363708
-1.4675770998001099
-0.3082766830921173
-0.0922786146402359
-0.3778145909309387
-1.1572012901306152
0.37751761078834534
-0.20873641967773438
0.2853854298591614
-0.16516278684139252
-0.8136658072471619
0.2162889540195465
-0.04163072258234024
-0.07383663207292557
-1.5425384044647217
-1.805263876914978
-0.9474296569824219
0.24251043796539307
-0.1391790360212326
0.029789848253130913
-0.15075713396072388
1.0878453254699707
-1.2340919971466064
-0.5092996954917908
0.5448034405708313
-0.8184959888458252
0.22064392268657684
-2.5857291221618652
-1.415561318397522
-0.2705160677433014
-0.4661690294742584
-0.5157928466796875
0.5218473076820374
-0.7628737092018127
-0.603801965713501
-2.9565165042877197
-0.8657726645469666
-1.2196106910705566
-0.09105222672224045
-2.2290570735931396
0.04073720797896385
0.019541990011930466
-1.8744817972183228
0.21824057400226593
-1.7526518106460571
-0.40976232290267944
-0.6927211284637451
-1.209158182144165
0.7802408337593079
-0.05416838452219963
0.20624740421772003
0.13292710483074188
0.21626964211463928
-1.127860188484192
-0.9444422721862793
-0.34066057205200195
-0.6605660915374756
0.6009684205055237
-1.712739109992981
-2.3720486164093018
-0.9778771996498108
0.18543744087219238
-0.4003000855445862
0.17565131187438965
-0.16910703480243683
0.3931919038295746
-0.026622062548995018
0.10744788497686386
-0.5936007499694824
-1.1865620613098145
-0.8415666818618774
-1.742771029472351
-0.18056388199329376
-0.7732001543045044
-0.3481878340244293
0.12481614947319031
0.06063912436366081
-0.46609437465667725
-0.16713596880435944
0.464114785194397
-0.3614391088485718
-1.8902662992477417
-0.3741004765033722
-0.8364670872688293
0.13945381343364716
0.18437157571315765
-0.9648200273513794
-0.4739711582660675
-1.7018924951553345
0.028216511011123657
-2.60646915435791
-1.195684790611267
-0.6602612733840942
