0.009459972381591797
0.14797312021255493
0.006793022155761719
0.004419684410095215
0.007540643215179443
0.013703346252441406
0.010773777961730957
0.006119251251220703
0.009007513523101807
0.044544875621795654
0.026255428791046143
0.0060236454010009766
0.010969758033752441
0.0448337197303772
0.09083527326583862
0.09647941589355469
0.007971704006195068
0.019773781299591064
0.18389952182769775
0.010119378566741943
0.007626891136169434
0.010205626487731934
0.017646729946136475
0.005776464939117432
0.001878976821899414
0.00859910249710083
0.010517656803131104
0.004951655864715576
0.012972116470336914
0.003997921943664551
0.006298243999481201
0.027952373027801514
0.014166653156280518
0.014544188976287842
0.10812115669250488
0.040799856185913086
0.003491640090942383
0.011643648147583008
0.00838238000869751
0.028119444847106934
0.011876881122589111
0.33129650354385376
0.019003331661224365
0.004631340503692627
0.0023465752601623535
0.13646727800369263
0.009562313556671143
0.003977835178375244
0.009574532508850098
0.004745960235595703
0.007838606834411621
0.006646335124969482
0.13070756196975708
0.012206971645355225
0.003644883632659912
0.02733135223388672
0.012860417366027832
0.10686242580413818
0.0056574344635009766
0.011306822299957275
0.008417308330535889
0.024420857429504395
0.0064931511878967285
0.01700514554977417
0.005732238292694092
0.047345101833343506
0.13228511810302734
0.017241716384887695
0.043178558349609375
0.016710877418518066
0.004255354404449463
0.009669661521911621
0.011330962181091309
0.021575212478637695
0.003338158130645752
0.009520471096038818
0.007481396198272705
0.0034933090209960938
0.0038861632347106934
0.01943451166152954
0.004125356674194336
0.3961566686630249
0.012397587299346924
0.002640366554260254
0.011458933353424072
0.01679617166519165
0.035526812076568604
0.00219881534576416
0.023539721965789795
0.0070906877517700195
0.007437586784362793
0.02807694673538208
1.5066710710525513
0.0071566104888916016
0.04518783092498779
0.1349412202835083
0.02149522304534912
0.008454740047454834
0.00584036111831665
0.006653964519500732
0.06644833087921143
0.02606666088104248
0.0073403120040893555
0.15232592821121216
0.003026604652404785
0.018055260181427002
0.09714078903198242
0.004019677639007568
0.01595968008041382
0.01781749725341797
0.012240827083587646
0.016159474849700928
0.008531928062438965
0.0038135647773742676
0.007127285003662109
0.3332808017730713
0.15342402458190918
0.02723705768585205
0.007013916969299316
0.3922000527381897
0.005511462688446045
0.008465588092803955
0.004028499126434326
0.012392997741699219
0.0158502459526062
0.0017066597938537598
0.04102605581283569
0.001507580280303955
0.010473906993865967
0.044970810413360596
0.018344402313232422
0.01850593090057373
0.013962805271148682
0.02564394474029541
0.004321575164794922
0.07549244165420532
0.004569351673126221
0.004463493824005127
0.15117979049682617
0.006391048431396484
0.0066697001457214355
0.02699655294418335
0.10933828353881836
0.006841421127319336
0.18172401189804077
0.0323939323425293
0.005542933940887451
0.005679905414581299
0.009759783744812012
0.02268010377883911
0.0035234689712524414
0.011828362941741943
0.006859481334686279
0.003273487091064453
0.0023957490921020508
0.006587803363800049
0.315189003944397
0.002633810043334961
0.004975438117980957
0.027589082717895508
0.0596957802772522
0.023930847644805908
0.0811997652053833
0.003167450428009033
0.011538922786712646
0.05446064472198486
0.012049317359924316
0.001713871955871582
0.014903783798217773
0.004213511943817139
0.0014178156852722168
0.004934132099151611
0.004937350749969482
0.0880352258682251
0.08390098810195923
0.0025224685668945312
0.17994558811187744
0.007570087909698486
0.01155322790145874
0.14037001132965088
0.09815710783004761
0.10476857423782349
0.009112358093261719
0.028342127799987793
0.0057639479637146
0.09065753221511841
0.37289881706237793
0.01641690731048584
0.01898372173309326
0.009756684303283691
0.24875855445861816
0.1407284140586853
0.013821780681610107
0.019074618816375732
0.010879993438720703
0.0050972700119018555
0.005507111549377441
0.0053618550300598145
0.0068566203117370605
0.005021333694458008
0.02145206928253174
0.0103607177734375
0.0024250149726867676
0.08093857765197754
0.0035150647163391113
0.008889615535736084
0.05789172649383545
0.01781362295150757
0.09467089176177979
0.0014278888702392578
0.04650014638900757
0.005225181579589844
0.006893634796142578
0.005707263946533203
0.0025439858436584473
0.008523285388946533
0.0070664286613464355
0.009086668491363525
0.01086658239364624
0.0760456919670105
0.03919339179992676
0.01120215654373169
0.07928550243377686
0.01358187198638916
0.010358333587646484
0.11466467380523682
0.1328752040863037
0.00928962230682373
0.015334844589233398
0.05658942461013794
0.002015233039855957
0.006038665771484375
0.005962014198303223
0.002142488956451416
0.005584418773651123
0.011758387088775635
0.02919083833694458
0.020318031311035156
0.014530658721923828
0.012419283390045166
0.049851953983306885
0.22743916511535645
0.023242831230163574
0.01709800958633423
0.005779623985290527
0.016434013843536377
0.08107447624206543
0.003597736358642578
0.0038644075393676758
0.027221262454986572
0.005287051200866699
0.0023624300956726074
0.009339332580566406
0.0069228410720825195
0.004266321659088135
0.014983117580413818
0.07249617576599121
0.019233226776123047
0.014924466609954834
0.002350032329559326
0.007699728012084961
0.044048309326171875
0.014833927154541016
0.06905722618103027
0.00581204891204834
0.00850135087966919
0.03473258018493652
0.007386982440948486
0.05939441919326782
0.004501163959503174
0.004636049270629883
0.00201493501663208
0.29191863536834717
0.006959319114685059
0.032079994678497314
0.008415639400482178
0.08026552200317383
0.010315179824829102
0.005456745624542236
0.008776187896728516
0.005034029483795166
0.006723880767822266
0.07132464647293091
0.006338059902191162
0.008514881134033203
0.01289820671081543
0.0031258463859558105
0.005134463310241699
0.0046002864837646484
0.2468491792678833
0.018339872360229492
0.013090193271636963
0.03665095567703247
0.005903840065002441
0.014410674571990967
0.00757366418838501
0.06393885612487793
0.02488529682159424
0.007671952247619629
0.1401503086090088
0.11684441566467285
0.06322818994522095
0.004689157009124756
0.005161285400390625
0.003518402576446533
0.008776962757110596
0.005713403224945068
0.02800893783569336
0.01332080364227295
0.07167857885360718
0.004589676856994629
0.007408857345581055
0.019676804542541504
0.011533975601196289
0.007740318775177002
0.003726959228515625
0.003567218780517578
0.007796764373779297
0.011257171630859375
0.023017287254333496
0.007932126522064209
0.053171515464782715
0.3091142177581787
0.00582355260848999
0.012703895568847656
0.11443907022476196
0.004698038101196289
0.0033349990844726562
0.008066117763519287
0.0020354390144348145
0.03376972675323486
0.003245055675506592
0.05996984243392944
0.0181351900100708
0.008149564266204834
0.07381284236907959
0.007768213748931885
0.003491222858428955
0.04696452617645264
0.0033687353134155273
0.012133479118347168
0.011711180210113525
0.0039411187171936035
0.015976309776306152
0.003201305866241455
0.005316317081451416
0.014109134674072266
0.02834373712539673
0.01341778039932251
0.01087278127670288
0.0053902268409729
0.010716915130615234
0.4469805955886841
0.030857861042022705
0.00596386194229126
0.004885971546173096
0.024245142936706543
0.05367058515548706
0.009168446063995361
0.006429553031921387
0.0025138258934020996
0.0041564106941223145
0.0025053024291992188
0.010446667671203613
0.0034050941467285156
0.004376351833343506
0.022542953491210938
0.004648566246032715
0.01573193073272705
0.013599097728729248
0.0021926164627075195
0.019767463207244873
0.004065215587615967
0.003566741943359375
0.019897103309631348
0.011216342449188232
0.007399320602416992
0.012337982654571533
0.00525355339050293
0.01759546995162964
0.03442507982254028
0.006659090518951416
0.08480572700500488
0.05756872892379761
0.01626574993133545
0.004669249057769775
0.06962525844573975
0.00707852840423584
0.07945472002029419
0.004207313060760498
0.009222030639648438
0.020476698875427246
0.0028034448623657227
0.1871119737625122
0.004724681377410889
0.012154996395111084
0.02728128433227539
0.016216933727264404
0.010289311408996582
0.052755117416381836
0.016130506992340088
0.003836214542388916
0.001965343952178955
0.013328015804290771
0.0261991024017334
0.15609252452850342
0.004073441028594971
0.009929299354553223
0.01761627197265625
0.004591584205627441
0.004610955715179443
0.012119770050048828
0.013239026069641113
0.02349168062210083
0.007332980632781982
0.04783308506011963
0.08434569835662842
0.013472676277160645
0.005537867546081543
0.03197371959686279
0.046584248542785645
0.04112452268600464
0.0039160847663879395
0.104400634765625
0.014551639556884766
0.02629554271697998
0.09510594606399536
0.010210692882537842
0.04258638620376587
0.007744133472442627
0.005229592323303223
0.0065670013427734375
0.015645146369934082
0.010304391384124756
0.022258758544921875
0.0033764243125915527
0.01467674970626831
0.0016351938247680664
0.003023505210876465
0.004353463649749756
0.03655505180358887
0.0029071569442749023
0.010290324687957764
0.016643404960632324
0.006682693958282471
0.008366286754608154
0.021827638149261475
0.0100325345993042
0.37505537271499634
0.014042317867279053
0.009795963764190674
0.004273712635040283
0.36360692977905273
0.010129213333129883
0.0034617185592651367
0.010564267635345459
0.07455617189407349
0.0037431716918945312
0.010501742362976074
0.02131175994873047
0.07385140657424927
0.003883659839630127
0.027141690254211426
0.0309867262840271
0.009173691272735596
0.016594290733337402
0.004552245140075684
0.004551589488983154
0.009912431240081787
0.013965964317321777
0.012133479118347168
0.03356534242630005
0.09557151794433594
0.22249609231948853
0.016797363758087158
0.004918336868286133
0.003332197666168213
0.04347020387649536
0.03657406568527222
0.005935251712799072
0.005465149879455566
0.0020015835762023926
0.5641539692878723
0.011534929275512695
0.007069706916809082
0.07925260066986084
0.004448652267456055
0.008557498455047607
0.0033004283905029297
0.003564119338989258
0.0020974278450012207
0.0115203857421875
0.009948551654815674
0.010398805141448975
0.03887146711349487
0.004884600639343262
0.04578101634979248
0.011655807495117188
0.15999090671539307
0.002870619297027588
0.00791996717453003
0.00682520866394043
0.13859301805496216
0.012350261211395264
0.005461335182189941
0.009187877178192139
0.016625404357910156
0.013932585716247559
0.006644845008850098
0.010418415069580078
0.013321518898010254
0.08262664079666138
0.007232248783111572
0.04807424545288086
0.011940419673919678
0.005836546421051025
0.08785486221313477
0.02897036075592041
0.003491818904876709
0.013237416744232178
0.045472919940948486
0.009113788604736328
0.026013612747192383
0.007395148277282715
0.007761716842651367
0.03344756364822388
0.011317670345306396
0.00875699520111084
0.004043400287628174
0.019037365913391113
0.05687826871871948
0.0026769042015075684
0.027666568756103516
0.10705298185348511
0.0098724365234375
0.0053882598876953125
0.0072670578956604
0.008276224136352539
0.06933635473251343
0.002438068389892578
0.0028525590896606445
0.009566307067871094
0.05205857753753662
0.013708114624023438
0.020048439502716064
0.00887596607208252
0.036507248878479004
0.007571578025817871
0.013068854808807373
0.08288270235061646
0.0033443570137023926
0.0109214186668396
0.009370386600494385
0.005737900733947754
0.002238035202026367
0.002414226531982422
0.0063027143478393555
0.0011712908744812012
0.012528061866760254
0.1176345944404602
0.0032052993774414062
0.0056899189949035645
0.07198154926300049
0.004557609558105469
0.043486952781677246
0.014505863189697266
0.005711853504180908
0.02224898338317871
0.0036684274673461914
0.036239027976989746
0.009114861488342285
0.00519108772277832
0.017506718635559082
0.05036109685897827
0.02095973491668701
0.017871856689453125
0.047826409339904785
0.0027408599853515625
0.007204294204711914
0.008917510509490967
0.030331909656524658
0.11947911977767944
0.016714394092559814
0.05916130542755127
0.011423110961914062
0.009004473686218262
0.03249841928482056
0.008343040943145752
0.006149768829345703
0.002866208553314209
0.047130465507507324
0.02146124839782715
0.0019947290420532227
0.07642066478729248
0.007939279079437256
0.12225019931793213
0.004232585430145264
0.003699004650115967
0.003705918788909912
0.0052291154861450195
0.06914985179901123
0.09291946887969971
0.049374401569366455
0.013516128063201904
0.002068459987640381
0.030428826808929443
0.01629239320755005
0.014801502227783203
0.008710086345672607
0.004037141799926758
0.009403884410858154
0.011280536651611328
0.0037935376167297363
0.07601773738861084
0.03485453128814697
0.008878588676452637
0.37084901332855225
0.027941763401031494
0.011898219585418701
0.25565022230148315
0.001796722412109375
0.02538853883743286
0.04287755489349365
0.007799685001373291
0.14812105894088745
0.011218905448913574
0.02720332145690918
0.01758861541748047
0.039051711559295654
0.006524085998535156
0.03246086835861206
0.12290525436401367
0.01931893825531006
0.04961371421813965
0.006364285945892334
0.015578627586364746
0.005928337574005127
0.11234891414642334
0.0035692453384399414
0.1063835620880127
0.014228463172912598
0.040586769580841064
0.006468474864959717
0.17960995435714722
0.008113861083984375
0.014271736145019531
0.005572795867919922
0.008808314800262451
0.018701672554016113
0.005495548248291016
0.004461944103240967
0.008564531803131104
0.003846406936645508
0.054798126220703125
0.005988180637359619
0.022472798824310303
0.010189592838287354
0.009602129459381104
0.009786605834960938
0.06261605024337769
0.0525209903717041
0.028366446495056152
0.005003929138183594
0.4608341455459595
0.0018333196640014648
0.004357397556304932
0.053759634494781494
0.1777629852294922
0.009337902069091797
0.007886290550231934
0.008209466934204102
0.004089772701263428
