1.5686612129211426
1.3331830501556396
1.080222487449646
1.3703166246414185
1.4578123092651367
0.9517636299133301
1.5543034076690674
1.8711330890655518
0.5303608775138855
1.344520926475525
1.0479075908660889
0.514348030090332
1.8154560327529907
0.786935031414032
1.3187479972839355
1.566715121269226
0.3947218656539917
0.4547468423843384
1.1100555658340454
1.9841774702072144
1.9812899827957153
2.024296283721924
1.2076971530914307
0.9887495040893555
0.6894013285636902
1.9181170463562012
0.8621575236320496
1.4805419445037842
0.5917224884033203
1.2274010181427002
1.7274919748306274
1.5905686616897583
0.9891670942306519
0.7290109992027283
1.559893012046814
1.9122997522354126
1.328783392906189
1.191196322441101
1.0123893022537231
1.4699108600616455
1.457520604133606
1.9320064783096313
1.6055893898010254
1.2920869588851929
0.8689883351325989
2.307985782623291
2.0505659580230713
0.9871572852134705
2.0255672931671143
0.48779523372650146
1.480668067932129
0.5665168166160583
1.0516357421875
1.0291192531585693
1.7356706857681274
1.419007658958435
1.6428033113479614
1.0502910614013672
1.5932137966156006
2.3904707431793213
1.4581289291381836
0.5527340769767761
1.835736870765686
1.0731005668640137
0.7516753077507019
0.7066858410835266
1.300594687461853
1.3929239511489868
0.9432028532028198
1.5185563564300537
1.2349047660827637
1.3729727268218994
0.4760251045227051
2.1682419776916504
1.620632290840149
0.6203784346580505
0.588774561882019
0.6751025915145874
1.0530319213867188
0.8794695734977722
1.3513412475585938
2.269566774368286
0.6337660551071167
2.146031618118286
1.4217413663864136
1.3869702816009521
0.9867334365844727
1.888606071472168
1.3581842184066772
1.63070547580719
0.738450825214386
2.593815803527832
1.4628431797027588
1.19880211353302
1.5332002639770508
1.6178679466247559
1.5223020315170288
1.302467942237854
1.7009735107421875
1.0526885986328125
1.8987312316894531
1.6670407056808472
0.5154109001159668
0.9306871891021729
0.6708813309669495
1.241597056388855
0.88995361328125
3.8469948768615723
0.7217292785644531
1.3278346061706543
1.0744426250457764
1.4783304929733276
1.724353551864624
1.8036565780639648
1.1872880458831787
1.7585233449935913
1.1794955730438232
1.1961548328399658
2.0734035968780518
3.494898796081543
1.2128310203552246
1.7302552461624146
1.8823037147521973
1.7002214193344116
0.7420904040336609
1.7894957065582275
1.835121512413025
1.3231309652328491
0.3648221492767334
1.5987282991409302
0.3134572505950928
1.0034486055374146
0.42575061321258545
1.790103554725647
1.8064417839050293
2.6595263481140137
1.9511576890945435
1.2396246194839478
1.4249449968338013
1.2020947933197021
1.4320398569107056
0.5999467372894287
1.7419301271438599
2.1334800720214844
2.265542507171631
0.4872041940689087
1.6039109230041504
1.0826623439788818
1.4941390752792358
2.3253512382507324
1.487047791481018
1.352401852607727
1.4203331470489502
1.173161268234253
1.8664523363113403
1.0475424528121948
1.0626447200775146
0.6939505338668823
1.3511879444122314
1.7775450944900513
0.8274099826812744
1.6535757780075073
1.1049236059188843
1.2607486248016357
0.6935189366340637
1.1553479433059692
1.014773964881897
2.025078535079956
3.1200897693634033
1.0268769264221191
1.331355094909668
1.8911800384521484
1.533289909362793
1.664529800415039
1.952683925628662
0.9229140281677246
1.4099661111831665
1.131361722946167
0.6140415668487549
0.9233296513557434
1.5105376243591309
1.7770838737487793
1.6338599920272827
0.5022019743919373
1.695420503616333
0.9600691199302673
1.3865926265716553
1.4309176206588745
0.887306272983551
1.9143861532211304
1.2293453216552734
1.3396461009979248
1.816859483718872
1.1689733266830444
1.0750094652175903
1.368633508682251
2.1087846755981445
1.3202327489852905
1.3190855979919434
1.631116509437561
0.8718112707138062
1.0296990871429443
1.9845311641693115
1.8198297023773193
0.8281163573265076
1.5723516941070557
1.4166492223739624
1.3703747987747192
0.6054535508155823
1.2406177520751953
0.9288245439529419
0.6260380148887634
1.401058316230774
1.114328145980835
1.8641128540039062
1.472198724746704
1.0220330953598022
1.4221067428588867
0.3450005054473877
2.0010085105895996
1.1498777866363525
2.3608810901641846
1.9889898300170898
0.6771897673606873
1.304404854774475
1.0351895093917847
1.989759087562561
1.329761266708374
0.46376824378967285
1.3047000169754028
0.7159603834152222
1.6223074197769165
1.2399590015411377
1.6093207597732544
0.2913637161254883
0.35734832286834717
0.7904521226882935
1.7402745485305786
1.2227941751480103
1.0450329780578613
2.0202510356903076
1.3303548097610474
1.7496678829193115
2.2184877395629883
1.7577667236328125
1.1283082962036133
1.3792020082473755
1.2703948020935059
1.2335597276687622
1.2905484437942505
1.5158051252365112
1.8931593894958496
2.995875597000122
1.25148606300354
1.8660449981689453
1.586251974105835
1.5398775339126587
1.5779727697372437
0.8030860424041748
1.4626777172088623
1.6648054122924805
0.682508111000061
0.6290110945701599
0.7639930248260498
1.6144249439239502
0.7662798762321472
1.0890446901321411
1.548153042793274
0.5723696351051331
1.8161423206329346
0.6185543537139893
1.7900422811508179
1.5590862035751343
0.7126052379608154
1.6167283058166504
1.6586949825286865
1.315773606300354
0.4112374782562256
1.6609265804290771
1.3165146112442017
2.193176031112671
1.3848090171813965
1.8232382535934448
1.7642443180084229
0.34754228591918945
1.8369768857955933
1.359651803970337
1.429954171180725
1.461949348449707
1.6525232791900635
1.2025063037872314
1.1408082246780396
0.860201358795166
1.2936244010925293
1.6244856119155884
0.48061442375183105
0.5245299935340881
2.117558479309082
1.321469783782959
1.4271663427352905
2.12060809135437
1.3887275457382202
0.8600504398345947
0.9739239811897278
1.4001164436340332
1.2729735374450684
0.8897581100463867
1.8061413764953613
0.510419487953186
1.4580072164535522
1.3361319303512573
1.642004132270813
0.5846003293991089
1.0648328065872192
0.7757223844528198
0.8825095891952515
1.249326467514038
1.337646722793579
1.5471618175506592
1.579832911491394
1.5207247734069824
0.848930299282074
2.45196270942688
1.9243831634521484
2.0766758918762207
1.5546252727508545
0.8413541316986084
1.3967154026031494
0.903311014175415
1.2028124332427979
1.8336902856826782
0.47717463970184326
1.5422370433807373
1.3138115406036377
0.8631383180618286
1.3041056394577026
1.2448140382766724
1.649790644645691
1.0001215934753418
1.3707104921340942
1.7123042345046997
0.3400309085845947
1.24216890335083
0.8976902961730957
1.4761688709259033
0.8143585920333862
2.114865303039551
0.7676242589950562
3.2286767959594727
1.5030752420425415
2.189831495285034
1.96413254737854
1.7421597242355347
1.5209434032440186
1.3432000875473022
1.6364644765853882
0.6185067892074585
1.2882004976272583
1.3590970039367676
0.4731327295303345
1.3004612922668457
1.437345266342163
0.6211468577384949
0.4027378559112549
1.573277235031128
1.6779719591140747
1.0683338642120361
1.779515027999878
2.1614198684692383
1.2349185943603516
1.2290197610855103
1.0404351949691772
2.2055633068084717
1.6484274864196777
0.45787739753723145
2.7681100368499756
0.39410483837127686
1.869661569595337
0.6241309642791748
1.2820048332214355
1.4034620523452759
1.571994662284851
2.218488931655884
1.3476017713546753
1.50883150100708
1.4158473014831543
1.3965213298797607
0.9093906879425049
0.8978998064994812
1.3179233074188232
1.5772500038146973
1.2761669158935547
1.2321617603302002
0.9568989276885986
1.8525673151016235
0.9008563160896301
1.784061312675476
0.9064540863037109
1.9527472257614136
1.6315795183181763
1.2163746356964111
0.5547241568565369
1.3436641693115234
0.5760917663574219
2.0130815505981445
0.47810184955596924
1.4273415803909302
1.6394819021224976
1.5196030139923096
1.6463186740875244
1.4269413948059082
0.6476480960845947
1.1686872243881226
0.6628048419952393
1.248236060142517
1.2059497833251953
1.0920612812042236
1.818049669265747
0.726591169834137
1.1016799211502075
1.0667351484298706
0.9493783116340637
1.056192398071289
2.1736443042755127
0.5160931944847107
0.4484907388687134
1.6791390180587769
0.6975637078285217
0.47821319103240967
0.8546417355537415
2.289952278137207
1.150700569152832
0.8541002869606018
2.4597396850585938
0.6886596083641052
1.842108130455017
1.3426952362060547
2.210090160369873
0.6955171227455139
1.7237385511398315
1.3555388450622559
0.647556722164154
2.008629560470581
1.1628674268722534
1.8357106447219849
1.7061817646026611
1.2558993101119995
1.7328205108642578
1.9657570123672485
1.235440969467163
1.2860853672027588
1.0601580142974854
2.383500814437866
0.4821968078613281
1.3333947658538818
1.116685390472412
1.558366298675537
1.218746542930603
0.6268903017044067
1.4891325235366821
1.0361170768737793
1.746939778327942
0.690568745136261
1.3624842166900635
0.5702887177467346
0.9782355427742004
0.7218281030654907
1.657677173614502
2.7340447902679443
0.7544207572937012
2.6626698970794678
0.44859254360198975
0.9750446081161499
1.3381052017211914
0.7721574902534485
0.5256294012069702
1.142218828201294
1.4592350721359253
0.6344279646873474
2.3057093620300293
1.6440846920013428
2.17565655708313
2.213991165161133
2.292149066925049
1.4679404497146606
2.1682868003845215
0.46494060754776
1.8663477897644043
1.5603086948394775
0.45295751094818115
0.7477935552597046
0.7531710863113403
0.4734800457954407
1.3649665117263794
1.8790189027786255
1.152968168258667
1.5586580038070679
1.1914089918136597
1.688040852546692
1.7722841501235962
1.673492431640625
1.4838173389434814
1.0347498655319214
2.8362393379211426
0.8086612820625305
1.7151906490325928
1.972917914390564
0.47652769088745117
1.906943917274475
1.2370727062225342
0.9207748174667358
1.494065761566162
1.2415695190429688
1.671117901802063
1.9350563287734985
1.30717933177948
1.0179166793823242
1.1339154243469238
0.727942705154419
1.4444530010223389
0.5895400047302246
0.8921851515769958
1.443748950958252
1.118391990661621
1.0645463466644287
1.5807291269302368
1.2954597473144531
0.8961724638938904
1.6305997371673584
2.1147797107696533
2.0296151638031006
1.4834301471710205
0.422157883644104
1.911036491394043
0.956771731376648
0.9350300431251526
1.856675148010254
0.6411460638046265
1.3644529581069946
1.751639723777771
0.9257640242576599
1.8501484394073486
1.9411420822143555
1.2275011539459229
0.8577832579612732
0.8441176414489746
0.37505292892456055
1.1748855113983154
1.5614076852798462
1.272071361541748
0.6018516421318054
1.1599010229110718
1.1272984743118286
1.6571416854858398
2.0279054641723633
1.0964769124984741
1.799892783164978
1.4114341735839844
0.7913623452186584
1.1543668508529663
1.694635033607483
1.6157712936401367
1.289963722229004
2.3695456981658936
0.876238226890564
2.0446200370788574
2.1451785564422607
1.7283443212509155
2.130531072616577
0.8945785760879517
1.7277448177337646
1.7509894371032715
0.6783834099769592
1.7307627201080322
0.8720803260803223
2.514857292175293
1.5206537246704102
1.8176950216293335
1.8619840145111084
0.4451800584793091
1.6543701887130737
0.877960741519928
1.0462417602539062
1.2223385572433472
1.698913335800171
0.9254422783851624
0.9091420769691467
0.6760542988777161
0.9768507480621338
1.1889753341674805
0.9437564015388489
1.07344651222229
1.0043765306472778
1.3673627376556396
2.8151159286499023
1.549468755722046
0.7099739909172058
1.4417535066604614
2.0929741859436035
1.289939284324646
0.3993957042694092
2.4537816047668457
1.3714977502822876
1.6893527507781982
1.0500127077102661
0.9698382019996643
1.1961238384246826
1.7890360355377197
0.5842218995094299
1.1622135639190674
2.2009875774383545
0.8651391863822937
1.7074261903762817
1.5442475080490112
1.3774060010910034
1.5055276155471802
2.016740560531616
1.6061955690383911
1.0033479928970337
2.0498745441436768
0.849010705947876
2.2448229789733887
1.0947000980377197
1.4028799533843994
1.273263931274414
1.9523342847824097
1.3594290018081665
0.3315979242324829
1.9443823099136353
1.1414790153503418
1.3296070098876953
1.3222465515136719
2.2833175659179688
1.7786787748336792
2.113050937652588
1.2559348344802856
0.5210281610488892
1.5220448970794678
1.2946696281433105
1.2698389291763306
0.6704875230789185
0.99677574634552
1.2058130502700806
1.0980933904647827
0.5472598671913147
2.211505174636841
0.7524692416191101
1.2221240997314453
2.1573946475982666
1.531088948249817
1.4056702852249146
1.1110361814498901
1.316044807434082
1.3496793508529663
0.7322929501533508
0.9366195201873779
0.9914904832839966
1.1772434711456299
0.7713276147842407
1.870991826057434
1.4769251346588135
1.7876492738723755
1.4843441247940063
1.2744712829589844
1.2239989042282104
1.5743411779403687
1.3303210735321045
2.571303606033325
0.9989739656448364
3.6712772846221924
1.4938745498657227
0.9546718597412109
