0.4841392934322357
0.6696485280990601
0.655164897441864
0.34430423378944397
0.8961723446846008
0.596490740776062
-0.27015963196754456
0.6225395202636719
1.5764312744140625
0.0960315689444542
0.3044813871383667
0.5185283422470093
0.25009217858314514
0.6349882483482361
0.631172239780426
1.1968592405319214
0.9098271727561951
0.4770869016647339
1.1411734819412231
0.9754142761230469
0.2197534739971161
1.5508726835250854
0.760745644569397
0.8118440508842468
0.5955883264541626
1.1130328178405762
0.8055483102798462
0.6723845601081848
