-1.1216328144073486
-0.4540707468986511
-0.9987007975578308
-0.8127989172935486
-0.6335983872413635
-0.43454083800315857
-0.9669821262359619
-0.8685299754142761
0.1122625395655632
-1.4826380014419556
-0.6388233304023743
-0.03962400555610657
-0.5789529085159302
-0.5404168963432312
-1.216849684715271
-1.061891794204712
0.15116728842258453
0.35767897963523865
0.10875909775495529
-0.9916578531265259
-0.10088428854942322
-0.31879210472106934
-0.4323376417160034
-0.012167587876319885
-0.31352177262306213
-1.5853931903839111
-0.043916668742895126
-0.025017984211444855
0.05597449094057083
-0.88658607006073
-1.4287657737731934
-0.18439391255378723
-0.4235711097717285
-0.1121499165892601
-1.01936674118042
-1.215471625328064
-0.1407221108675003
-1.6591988801956177
-0.32087358832359314
-0.5192985534667969
-0.07927104085683823
-0.3678393065929413
-0.16795383393764496
-0.6396628022193909
-0.007197640836238861
0.4151781499385834
0.26970717310905457
-0.3085695207118988
-0.5419621467590332
-0.027978794649243355
0.845575213432312
0.0037992147263139486
0.4546351432800293
-0.139084130525589
0.06161760911345482
-0.8357436656951904
-0.8667457699775696
-0.2655193507671356
0.05218550190329552
-0.8004523515701294
-0.2192775011062622
-0.2673221826553345
-0.40140706300735474
-0.04237746074795723
0.022578164935112
-0.06444911658763885
-0.24830199778079987
-0.44557446241378784
0.8424333333969116
0.05210744962096214
-0.6039766073226929
-0.2894585132598877
0.6970082521438599
0.13405631482601166
0.036988478153944016
-0.03166288137435913
0.05200836434960365
0.027307279407978058
-1.3137072324752808
-0.5608895421028137
-1.1428550481796265
0.8855608105659485
-0.3477364480495453
-0.3522084057331085
-1.4215387105941772
0.20339582860469818
-0.013006688095629215
-0.20966073870658875
-0.8757048845291138
0.08424553275108337
0.21032866835594177
-0.6930158734321594
0.2457854300737381
-0.43292051553726196
0.0010928611736744642
-0.20813757181167603
0.6739306449890137
-1.1869488954544067
-0.4280628263950348
-0.4663395583629608
0.03733917325735092
-0.2862517833709717
0.2642904222011566
-2.004133939743042
-0.23905497789382935
-1.1691173315048218
-0.567082405090332
-1.5830448865890503
-0.23844663798809052
-0.8839398622512817
-0.28853631019592285
0.11830387264490128
-1.182013750076294
-1.4058077335357666
-0.05151718109846115
0.16510911285877228
-0.05278145894408226
-0.7037115693092346
-1.3438491821289062
0.17117594182491302
-0.6396991014480591
0.00311696226708591
-0.17121009528636932
-1.254286766052246
0.0408753976225853
0.08958467096090317
0.3067840337753296
-0.7740084528923035
0.9904717803001404
-1.387169361114502
0.35333874821662903
-0.45176783204078674
0.9556981921195984
-0.528996467590332
-0.4296768307685852
0.020366307348012924
-1.2934858798980713
-0.9161748290061951
0.08794107288122177
-0.47475090622901917
-0.3077436685562134
0.48839226365089417
0.0812433660030365
-1.3459701538085938
-1.8815827369689941
0.19797571003437042
0.09741997718811035
-0.329915851354599
-0.17337949573993683
-0.8511645197868347
-0.7402262091636658
-0.20576326549053192
-0.36833980679512024
0.0010507527040317655
-0.08748070895671844
-0.9657170176506042
-0.947611391544342
-0.1520530879497528
-0.6555963158607483
0.5569894313812256
-0.7714342474937439
-0.20615136623382568
-0.6653590798377991
-0.500180184841156
0.19426412880420685
-1.3665095567703247
-0.5444341897964478
-0.4314737319946289
-2.2065954208374023
-0.4611935317516327
-1.2815879583358765
-1.2816306352615356
-0.9216598868370056
-0.5320138931274414
0.040464770048856735
-0.2567724287509918
-0.9349682927131653
-0.47841835021972656
0.024104679003357887
-0.8728781342506409
-0.7274505496025085
0.027309438213706017
-1.370768427848816
0.002635998884215951
0.0010545316617935896
-0.14044497907161713
0.1475912630558014
-0.9852099418640137
-0.30519142746925354
-0.2520897090435028
-1.249476432800293
-1.1950743198394775
-0.7387285828590393
0.3307882249355316
-0.689594566822052
0.11156720668077469
-0.6987093687057495
-0.22741271555423737
-1.177980661392212
-0.4902847707271576
0.03470896556973457
-0.4326086640357971
-0.08430303633213043
0.04548288509249687
-0.12767355144023895
0.06445425748825073
-0.6849125623703003
0.12235699594020844
-0.23635853826999664
-0.2950003445148468
-0.9430913329124451
0.2981976568698883
-0.47647348046302795
-1.0393649339675903
-0.14691412448883057
0.29147595167160034
-0.622606635093689
0.08233487606048584
0.8392415046691895
0.37805065512657166
-1.2661291360855103
-1.481919765472412
0.09391920268535614
-0.24971438944339752
-0.8603387475013733
-1.0378952026367188
0.3707287907600403
-1.2125694751739502
0.3099130392074585
-0.012932408601045609
-0.3602617383003235
0.0854417234659195
-0.5693343877792358
0.08882679045200348
-0.7491008639335632
1.3477718830108643
-0.11289918422698975
0.43846651911735535
-1.1786803007125854
-0.11988447606563568
-0.35384657979011536
-0.3274194896221161
-0.7108266353607178
-1.0783735513687134
-0.6437820196151733
-0.6042287349700928
0.14692510664463043
-0.581548810005188
-0.5928340554237366
-2.4740123748779297
-0.5052184462547302
0.07195495069026947
-2.2323362827301025
-0.49437111616134644
-0.48213499784469604
-0.8462297320365906
-0.23458799719810486
-0.01692509464919567
-0.09122680127620697
-0.8651741743087769
-1.1543806791305542
0.03073212318122387
-0.008413794450461864
-0.17605485022068024
0.30705514550209045
-0.044271085411310196
-0.9231289029121399
-1.1443326473236084
0.3880142569541931
-1.4431337118148804
-0.004522357601672411
0.025968793779611588
0.14017367362976074
-0.44765767455101013
-0.7145141959190369
-1.278242826461792
-0.14307868480682373
0.1435829997062683
-0.5786626935005188
-2.7300472259521484
-0.8525720238685608
-0.6848551630973816
-0.11537432670593262
-1.0594292879104614
0.9920416474342346
-2.05481219291687
-1.0583906173706055
-0.8978386521339417
-0.509425163269043
0.16071167588233948
-0.5840486288070679
-0.9070551991462708
-0.4666404724121094
-0.945421576499939
0.21618710458278656
0.481742799282074
-0.2899519205093384
-1.419708490371704
-0.8205226063728333
-2.1723835468292236
-0.27950701117515564
-0.4368487298488617
-0.1862499862909317
-0.6485223174095154
-1.4029629230499268
-0.8579732179641724
-0.4737050533294678
-0.4947532117366791
0.3629722595214844
-0.2415565550327301
-0.4160896837711334
-0.27154842019081116
-0.05781358852982521
-0.4921160340309143
0.20868782699108124
-0.3116317391395569
-0.27190327644348145
-0.4157845377922058
-0.5677673816680908
-0.5027551651000977
-0.02267022617161274
0.07019203901290894
0.16349785029888153
-1.9246306419372559
-1.470529556274414
0.18774637579917908
0.21245312690734863
-0.5451648235321045
-0.19725029170513153
-1.3060849905014038
-0.22313635051250458
-0.3422115743160248
-0.9266038537025452
-1.4681198596954346
-0.23879128694534302
-1.0723601579666138
-0.006141804624348879
-1.01753568649292
-0.19384419918060303
-0.8624538779258728
0.34739619493484497
0.4178181290626526
0.06512559950351715
-0.35065993666648865
-1.9742215871810913
-0.15063929557800293
-1.1217716932296753
-0.11338319629430771
-1.4988771677017212
-0.5488952994346619
-0.6934939026832581
-1.28465735912323
0.20211175084114075
-0.8123909831047058
0.20433774590492249
-0.2016589641571045
0.32420647144317627
-0.3455865681171417
0.2513830363750458
0.20341482758522034
0.3889952301979065
-0.2804582417011261
0.21206161379814148
0.5031266212463379
0.14380326867103577
-0.6940752267837524
0.023485582321882248
-0.11770257353782654
0.33000195026397705
-0.13349218666553497
-0.6615445017814636
-1.715430498123169
-0.2277136892080307
-1.1612474918365479
0.6650096774101257
-1.9221187829971313
0.3799710273742676
-2.5173099040985107
-0.07417336106300354
-0.45320814847946167
-0.345106303691864
-0.578033983707428
-2.491652727127075
-0.7333272695541382
0.006602138746529818
-0.27076730132102966
0.026608392596244812
-0.4450613260269165
-0.6557671427726746
-0.7655768394470215
-0.4846471846103668
-0.13051670789718628
-0.40351682901382446
0.12238103151321411
-0.2539740800857544
-1.1835905313491821
-1.6395838260650635
-0.2827092111110687
-0.1989164799451828
-0.6069240570068359
-0.3323346972465515
0.1317857801914215
-0.641263484954834
-0.12380094826221466
0.10769743472337723
-0.4197932779788971
-0.10460622608661652
0.02712215669453144
0.22992339730262756
-1.8288381099700928
-1.5222933292388916
-0.32600852847099304
-0.2566484808921814
0.43732964992523193
0.5273479223251343
-1.0749669075012207
-0.2537265717983246
-1.7161922454833984
-0.2703428566455841
-0.4636491537094116
-2.047567367553711
-0.11488505452871323
-0.18260833621025085
-0.8270025849342346
0.33337128162384033
0.6509002447128296
-0.13340362906455994
-0.042517293244600296
0.20131327211856842
-0.8722898364067078
-2.120453357696533
-0.72507643699646
0.13245068490505219
-1.0072646141052246
0.17287853360176086
-0.8478529453277588
0.2138856202363968
0.06153671070933342
-0.278881698846817
-0.04392294958233833
-0.002153194509446621
-0.16228914260864258
-0.7494271397590637
-0.3957633376121521
-1.1031274795532227
-0.9263232350349426
0.062156639993190765
0.49849364161491394
0.3420534133911133
0.3969099819660187
0.2222471833229065
-0.49326804280281067
-0.3633795976638794
0.06309015303850174
-0.6649402379989624
-0.6835519671440125
-0.2315627783536911
-2.593770980834961
-0.0005938896792940795
-0.3700147271156311
-0.5537288188934326
-0.6669484972953796
-0.5411058664321899
-0.3909953534603119
0.8450018763542175
-0.7205246090888977
-0.09099813550710678
-0.09251229465007782
-1.90586256980896
0.17862547934055328
-1.5814063549041748
0.5037051439285278
-0.8673357963562012
0.15139412879943848
0.2877814471721649
0.3797476291656494
-2.055739164352417
-1.1202770471572876
0.4080626666545868
-0.5645332932472229
-0.3181838393211365
-0.10784832388162613
0.4001155197620392
-1.5473440885543823
-1.433681845664978
0.4365770220756531
0.4487606883049011
0.6177371144294739
-0.48575833439826965
0.26739540696144104
-0.48482176661491394
-0.5630577802658081
-0.03607380762696266
0.05182977393269539
-0.9123160243034363
0.3338342010974884
0.36726632714271545
-0.5633142590522766
-0.07746807485818863
-0.37073177099227905
0.013695293106138706
-1.268904447555542
-1.19119393825531
-1.4454684257507324
-0.6733322739601135
-0.18617895245552063
-1.6241101026535034
0.48270222544670105
-0.37447589635849
-1.4362847805023193
0.019832449033856392
-0.3864921033382416
-0.22642336785793304
-0.9113729596138
-1.2548164129257202
-1.1505881547927856
-0.392959326505661
-0.1650344878435135
-0.12207838147878647
0.1573469638824463
1.1407287120819092
0.06823109835386276
-0.552492082118988
-0.9517888426780701
-0.5774667263031006
-0.5313381552696228
-0.6592722535133362
0.05604574456810951
-1.3334753513336182
0.03387376293540001
0.08724251389503479
-0.0002836694475263357
0.3553660213947296
-0.6258801817893982
0.17140069603919983
-0.19468867778778076
-0.8788398504257202
0.050455737859010696
-0.31864193081855774
0.06641988456249237
-0.5257537961006165
-1.5500646829605103
-0.15574507415294647
-0.14187222719192505
-0.06206060200929642
-0.3586276173591614
0.38904479146003723
-0.6907629370689392
-0.9218604564666748
-1.0931349992752075
0.18934518098831177
-1.3530004024505615
-0.7349703907966614
-1.4570586681365967
-0.14664919674396515
0.35445231199264526
-0.8266910314559937
-0.8578820824623108
-0.25235697627067566
-0.6264100670814514
-0.16425281763076782
-0.8279521465301514
-0.1254667192697525
-1.383384108543396
-0.4153475761413574
-1.2074413299560547
-1.3105343580245972
-1.476604700088501
-1.0088125467300415
-0.9209915399551392
-0.41999393701553345
-1.9448639154434204
-0.3455534875392914
-0.6882692575454712
0.08620208501815796
-2.567511796951294
-0.7966849207878113
0.12119926512241364
-1.5906181335449219
0.23159335553646088
0.002344372682273388
-0.9862428307533264
-1.105234146118164
-0.3278385400772095
-0.6643899083137512
0.3214849531650543
-1.0179977416992188
-0.07184095680713654
-0.47555384039878845
0.12307410687208176
-0.2651614546775818
-0.3900957703590393
-0.08093462884426117
-1.0647408962249756
-0.4782281517982483
-1.1587432622909546
0.1648680716753006
-0.4064750373363495
-0.6839074492454529
-0.9567800760269165
-0.38724255561828613
0.35080885887145996
-0.7573793530464172
-0.7644594311714172
-0.2081473469734192
0.0312331672757864
-0.5860015749931335
0.19257327914237976
0.04954444617033005
-1.063661813735962
-0.20597946643829346
0.4693460166454315
-1.6178662776947021
-0.287030965089798
-0.4372367560863495
-0.44778722524642944
0.06433645635843277
0.37208572030067444
-0.6364143490791321
0.4227879047393799
0.43833479285240173
-0.9284910559654236
0.005092758219689131
0.054853666573762894
-1.207925796508789
-0.4635513126850128
-0.9356333017349243
0.6485154628753662
-0.9394988417625427
-0.8091365694999695
-1.0177727937698364
-0.2323138415813446
-1.748634696006775
-0.6102766394615173
-0.17268267273902893
-0.6156449913978577
0.6632452607154846
-0.9209174513816833
-0.3075554668903351
0.21480466425418854
-0.16209855675697327
-0.47942525148391724
0.5437555313110352
-0.6949104070663452
-0.2193554937839508
-2.463596820831299
0.1734960675239563
-0.525367259979248
-1.7433202266693115
-0.2037002146244049
0.3605043292045593
-0.23200999200344086
-0.12256522476673126
-1.7610328197479248
-0.17633983492851257
-0.264237642288208
-0.4241521656513214
-0.951061487197876
-0.2614285945892334
-1.0202453136444092
-0.6696907877922058
0.03513961285352707
-1.1728277206420898
0.33662500977516174
0.2239835411310196
-0.7962988018989563
-0.5273827910423279
0.5460925102233887
-0.5300601124763489
-1.2339537143707275
-0.6364310383796692
-0.9360143542289734
