2.3303940296173096
1.2308217287063599
1.6451295614242554
3.3357596397399902
2.7120766639709473
0.8850349187850952
0.7093246579170227
1.1445304155349731
2.787543296813965
2.901465654373169
0.7426092028617859
1.3056528568267822
0.7410563826560974
2.6547858715057373
0.9266998171806335
0.9755620360374451
1.278131127357483
2.017591714859009
0.8313753008842468
1.8746370077133179
1.793083667755127
2.536203622817993
1.822283148765564
1.2486544847488403
0.9986104369163513
1.0822962522506714
0.9096395969390869
2.0923287868499756
1.1350977420806885
1.8857735395431519
2.349155902862549
1.791841983795166
1.6256563663482666
1.4364269971847534
2.7062079906463623
0.8520117402076721
1.695617437362671
1.2619552612304688
1.569033145904541
2.308303117752075
1.6580349206924438
1.8706550598144531
2.3662097454071045
2.3749194145202637
1.9263968467712402
2.2499501705169678
1.721055030822754
1.3447723388671875
1.3151706457138062
2.5890755653381348
1.100274682044983
2.3646931648254395
1.314389705657959
2.5608131885528564
1.5012366771697998
0.737183690071106
0.5181927680969238
1.2753430604934692
0.8683340549468994
1.9568486213684082
2.416436195373535
2.082395553588867
1.393349528312683
2.3640995025634766
3.0062639713287354
2.643944263458252
1.341587781906128
2.298374652862549
1.805341124534607
2.0758419036865234
1.6314525604248047
2.461228609085083
2.1056032180786133
1.0219026803970337
2.7082371711730957
2.2989704608917236
0.9682120084762573
1.6318801641464233
0.8257703185081482
0.805614709854126
1.7473300695419312
1.937758445739746
1.5899385213851929
1.2223286628723145
0.7717865109443665
1.2886452674865723
1.0233418941497803
2.1791114807128906
2.943819999694824
2.298412561416626
4.2560296058654785
1.6834769248962402
0.9384118914604187
1.6357383728027344
1.856690526008606
1.1142569780349731
1.6501160860061646
0.8999685049057007
1.624167561531067
1.502890944480896
2.4095146656036377
2.8260185718536377
1.441650390625
2.744264841079712
1.2663379907608032
2.2974350452423096
2.151810884475708
1.625754475593567
0.8485917448997498
3.1566247940063477
1.1323703527450562
2.0018701553344727
