0.1772298663854599
-0.11202800273895264
-0.2616426646709442
0.4178701639175415
-0.30491769313812256
0.16359078884124756
0.15796232223510742
0.033862754702568054
-0.3121833801269531
-0.15783096849918365
0.10742097347974777
-0.17534194886684418
-0.019510213285684586
-0.45072823762893677
-0.07587213069200516
-0.13680972158908844
-0.46802425384521484
0.06963654607534409
-0.16873295605182648
-0.12824954092502594
-0.01013561338186264
0.17761996388435364
-0.16996809840202332
0.22886839509010315
0.2493942230939865
-0.34515467286109924
0.1558503359556198
-0.2097901850938797
0.055007241666316986
-0.234214186668396
0.2698759138584137
-0.04544096812605858
-0.0801842212677002
0.09130627661943436
-0.2943744957447052
0.0060629453510046005
-0.08977736532688141
0.21223092079162598
-0.180050790309906
0.01717044971883297
0.06415605545043945
-0.08252279460430145
0.05048196390271187
-0.01113698910921812
-0.14600610733032227
-0.14145894348621368
0.040729373693466187
-0.1853053867816925
-0.44958770275115967
-0.03225409984588623
-0.038313113152980804
-0.08392826467752457
-0.20648901164531708
-0.045977216213941574
-0.16302341222763062
0.00612263847142458
0.05890662595629692
-0.1248926967382431
0.007169506512582302
0.09906649589538574
0.020610064268112183
0.0878441259264946
0.214522585272789
0.02276107668876648
-0.35671544075012207
0.07921283692121506
0.17399810254573822
-0.10359561443328857
0.24751052260398865
0.33253607153892517
-0.04255881533026695
0.06545563042163849
0.3449884057044983
0.075841024518013
0.04210608825087547
-0.3104163408279419
-0.03362299129366875
0.07219850271940231
0.07064158469438553
0.09547895938158035
0.04443887993693352
0.37038370966911316
0.037497978657484055
-0.0986778661608696
0.11142032593488693
-0.4447507858276367
-0.0042815725319087505
0.14117909967899323
0.10221035778522491
0.2555534839630127
0.21008047461509705
0.2068222016096115
0.08609411865472794
-0.29661139845848083
-0.2694283425807953
-0.07032299786806107
0.12282688915729523
0.24299907684326172
0.018098080530762672
-0.028897419571876526
0.344078004360199
-0.7036598920822144
-0.13189363479614258
-0.20097514986991882
-0.33830681443214417
-0.24335072934627533
-0.0979948341846466
-0.046114541590213776
-0.28884658217430115
-0.3470059037208557
-0.3518972396850586
0.11639519780874252
