0.6507200002670288
-0.6474036574363708
0.24891267716884613
0.3452433943748474
0.4297800362110138
0.006495032459497452
0.15628264844417572
0.12942400574684143
-0.22768829762935638
-0.6408784985542297
-0.033239010721445084
-0.32122892141342163
-0.31198424100875854
-0.9136695265769958
0.039774879813194275
0.052932873368263245
-0.4218640625476837
0.12111827731132507
-0.0529203824698925
-0.3075792193412781
-0.3111310601234436
0.4656391739845276
-0.2531925141811371
-0.14631642401218414
0.1192440539598465
-0.5569465756416321
0.3178251087665558
-0.2754346430301666
-0.01398471463471651
-0.5853907465934753
0.19562144577503204
-0.251938134431839
-0.21920710802078247
0.3697543144226074
-0.9928439855575562
-0.058604493737220764
-0.45105206966400146
0.4659985899925232
0.0692390725016594
-1.164202332496643
0.49475333094596863
-0.22933804988861084
-0.25285232067108154
-0.5601508021354675
0.08276399224996567
-0.7782255411148071
0.29176196455955505
0.2743363380432129
-0.32935893535614014
-0.005682846996933222
-0.11083869636058807
-0.5691200494766235
-0.5920944213867188
0.2837715148925781
-0.0015796071384102106
-0.15717603266239166
0.03125281259417534
-0.31847140192985535
0.21838481724262238
0.23512373864650726
-0.06154872104525566
0.6023510098457336
0.3098428547382355
0.10919088125228882
-0.46627506613731384
0.21859706938266754
0.16146203875541687
-0.15279707312583923
0.40678900480270386
-0.29229843616485596
0.1363738626241684
-0.9420334100723267
0.202159121632576
-0.003831748617812991
-0.17082428932189941
0.0691680982708931
-0.09917347878217697
0.0007295237737707794
-0.028674576431512833
0.2665577530860901
0.2834438383579254
0.324652761220932
0.05489372834563255
-0.14078077673912048
0.00740585895255208
-0.43277469277381897
-0.12032835930585861
-0.3019469082355499
0.8344232439994812
0.737973153591156
0.0646888017654419
0.12756751477718353
0.07109558582305908
-0.5987324118614197
-0.2637281119823456
-0.2825743556022644
0.1318867951631546
0.3206358253955841
-0.059597600251436234
-0.39594125747680664
0.5188682675361633
-1.1057111024856567
-0.2418718934059143
-0.29944756627082825
-0.5789741277694702
0.1662953943014145
-0.6981445550918579
-0.12491656839847565
-0.27185991406440735
-0.5108087062835693
0.09333503246307373
-0.478360116481781
