0.13724273443222046
0.11071211099624634
0.10677707195281982
0.23930633068084717
0.1442176103591919
0.10445845127105713
0.105948805809021
0.08693397045135498
0.18845605850219727
0.1846054196357727
0.07481533288955688
0.09938192367553711
0.1035318374633789
0.15454107522964478
0.09007751941680908
0.09695941209793091
0.0850866436958313
0.12171816825866699
0.16402769088745117
0.11738771200180054
0.12092047929763794
0.16220182180404663
0.13520872592926025
0.08927524089813232
0.1496099829673767
0.10954868793487549
0.08866971731185913
0.10600382089614868
0.09252578020095825
0.11937928199768066
0.12436509132385254
0.12073284387588501
0.10620784759521484
0.11143368482589722
0.17420685291290283
0.11673736572265625
0.11425334215164185
0.09636533260345459
0.12028622627258301
0.15220880508422852
0.10166794061660767
0.13196492195129395
0.12867915630340576
0.13734453916549683
0.10501188039779663
0.1388358473777771
0.09938693046569824
0.09618651866912842
0.10776454210281372
0.17556846141815186
0.12709879875183105
0.1344035267829895
0.1046367883682251
0.13590842485427856
0.127272367477417
0.09408754110336304
0.0865929126739502
0.10093200206756592
0.11861282587051392
0.12132352590560913
0.14294934272766113
0.12767910957336426
0.08806145191192627
0.1379377841949463
0.18573123216629028
0.1710672378540039
0.09726536273956299
0.14857268333435059
0.11628007888793945
0.13166040182113647
0.11608409881591797
0.15826529264450073
0.11779600381851196
0.09130734205245972
0.15513569116592407
0.13801288604736328
0.10311901569366455
0.11621963977813721
0.1550053358078003
0.08232009410858154
0.10964840650558472
0.1072348952293396
0.09234368801116943
0.10397344827651978
0.1203542947769165
0.0960550308227539
0.10518169403076172
0.13108694553375244
0.21570289134979248
0.1536095142364502
0.3869559168815613
0.10560715198516846
0.0916627049446106
0.11304950714111328
0.1407409906387329
0.10042476654052734
0.09627115726470947
0.12021380662918091
0.09509998559951782
0.10842025279998779
0.14622819423675537
0.1792452335357666
0.0965038537979126
0.1585395336151123
0.09680742025375366
0.13626331090927124
0.11993098258972168
0.10542088747024536
0.11350017786026001
0.21517235040664673
0.10118889808654785
0.11830031871795654
