141.61402893066406
96.4747314453125
144.342529296875
206.14759826660156
154.99195861816406
114.2688217163086
93.60330963134766
73.54468536376953
134.63478088378906
74.00920867919922
114.28983306884766
123.39723205566406
133.906494140625
90.36795043945312
152.29409790039062
148.6142120361328
50.11898422241211
186.28016662597656
151.76657104492188
131.64088439941406
148.56002807617188
97.23422241210938
135.93966674804688
102.2054214477539
68.94037628173828
70.25804138183594
107.46542358398438
169.6685333251953
121.92961120605469
135.03732299804688
123.29328155517578
125.74300384521484
107.44464111328125
118.68301391601562
71.71168518066406
160.99598693847656
130.549560546875
129.4497833251953
155.08050537109375
86.007080078125
94.75666046142578
88.40261840820312
74.4227294921875
17.078516006469727
191.68597412109375
117.45828247070312
113.74951934814453
167.64430236816406
150.8148193359375
81.87266540527344
79.13896179199219
162.4105987548828
144.55459594726562
117.39085388183594
99.5642318725586
78.80683135986328
156.5590362548828
121.88774871826172
116.313232421875
120.86032104492188
141.91529846191406
97.65653991699219
69.606201171875
110.81246948242188
156.38189697265625
141.2396240234375
152.8615264892578
134.32290649414062
143.89422607421875
191.71624755859375
127.8291015625
176.1042938232422
138.1912384033203
126.70061492919922
92.23047637939453
155.47865295410156
94.40550994873047
53.20144271850586
112.69017028808594
150.88650512695312
133.00149536132812
103.81804656982422
152.79734802246094
108.47509765625
147.41552734375
153.46180725097656
115.31422424316406
113.04280090332031
147.5172882080078
175.5218048095703
249.20741271972656
150.24270629882812
104.2486343383789
57.63957977294922
135.14892578125
113.32749938964844
126.41352844238281
102.59130096435547
133.86158752441406
153.06198120117188
80.61592102050781
51.513431549072266
118.0595932006836
123.52851867675781
61.600379943847656
121.92820739746094
88.64325714111328
82.22117614746094
146.3419647216797
104.93083190917969
91.328369140625
53.84050369262695
141.75184631347656
50.79595947265625
125.8104248046875
175.01394653320312
67.56568145751953
183.443115234375
132.15414428710938
69.5365219116211
137.78675842285156
90.23963928222656
107.12120819091797
29.839784622192383
124.33538055419922
152.02658081054688
114.98502349853516
135.8872833251953
123.74080657958984
111.11212158203125
125.94606018066406
104.00074768066406
157.43238830566406
90.10420989990234
39.439308166503906
105.83201599121094
49.93152618408203
125.0679931640625
125.70551300048828
111.64080810546875
117.99545288085938
146.5640869140625
40.944576263427734
135.71371459960938
157.7539520263672
67.16500854492188
27.011083602905273
130.7682647705078
95.18607330322266
139.04074096679688
108.90597534179688
153.1274871826172
145.8782958984375
90.62567138671875
135.06149291992188
67.29710388183594
172.7373809814453
48.81190490722656
129.4955596923828
104.02824401855469
95.25605010986328
130.11578369140625
153.7764129638672
78.68722534179688
115.79127502441406
191.90573120117188
126.30105590820312
164.9568328857422
135.31260681152344
71.9112548828125
147.89442443847656
91.57657623291016
121.3132553100586
72.77043914794922
93.55133056640625
113.04334259033203
108.96914672851562
82.85677337646484
132.44247436523438
94.13533782958984
71.3262710571289
98.91194152832031
208.59646606445312
243.0876007080078
124.33094024658203
87.85401153564453
111.57527160644531
126.99785614013672
56.773597717285156
108.14794158935547
115.83584594726562
92.40406036376953
85.70767974853516
97.35106658935547
124.6783218383789
106.27906036376953
113.04369354248047
188.8097381591797
132.43048095703125
64.46694946289062
140.63626098632812
160.0675811767578
70.4538803100586
65.94944763183594
159.0096435546875
96.11585998535156
99.04505157470703
125.34844207763672
105.13355255126953
140.88604736328125
77.25270080566406
121.79004669189453
97.9263916015625
98.262939453125
112.8935775756836
144.2119140625
113.25746154785156
207.36257934570312
130.05288696289062
38.00104522705078
102.10745239257812
142.4551544189453
128.80517578125
209.28880310058594
133.41796875
105.49713134765625
88.6667251586914
123.42874145507812
143.7740020751953
54.63928985595703
156.15921020507812
184.58349609375
126.31246948242188
113.94285583496094
147.7782745361328
185.0519256591797
88.7165298461914
139.8424835205078
161.31399536132812
175.49867248535156
81.65662384033203
111.49375915527344
118.20750427246094
90.744384765625
53.399417877197266
128.41659545898438
109.03645324707031
125.17662048339844
125.18718719482422
147.50381469726562
92.12713623046875
88.93012237548828
137.7388458251953
180.27200317382812
131.97482299804688
91.9564437866211
139.69993591308594
149.54527282714844
105.31559753417969
139.24420166015625
149.16915893554688
159.21261596679688
158.5756072998047
150.544921875
71.88246154785156
118.68428039550781
132.3544464111328
106.59000396728516
133.485107421875
71.8290786743164
130.9913330078125
68.20209503173828
125.61061096191406
148.38392639160156
186.28030395507812
134.91204833984375
143.38143920898438
139.9716033935547
140.41749572753906
108.39464569091797
105.88188171386719
198.68795776367188
31.42951011657715
62.97107696533203
51.240901947021484
138.41928100585938
95.22459411621094
242.12722778320312
135.43455505371094
137.3128204345703
95.33595275878906
146.6339111328125
174.485595703125
26.6897029876709
111.07363891601562
149.38174438476562
102.83334350585938
172.60842895507812
165.04147338867188
62.35735321044922
155.837158203125
128.6719207763672
41.4150505065918
98.53608703613281
69.75238800048828
36.072471618652344
173.0961151123047
152.05215454101562
59.6808967590332
118.90673828125
109.62488555908203
150.8297576904297
128.75230407714844
110.63092803955078
111.63138580322266
128.90660095214844
180.7779083251953
130.43565368652344
139.9748077392578
122.80198669433594
213.19537353515625
78.14373016357422
126.66702270507812
83.11925506591797
128.99169921875
34.721038818359375
207.50755310058594
96.72161865234375
197.24464416503906
110.58282470703125
102.92198944091797
87.8321533203125
90.28470611572266
116.24141693115234
37.20087432861328
107.18919372558594
56.08974838256836
141.7285919189453
124.39559173583984
120.7301254272461
104.73775482177734
117.7794189453125
128.17514038085938
79.29335021972656
114.19346618652344
100.0071029663086
76.65374755859375
134.2589569091797
124.77863311767578
149.25936889648438
114.54642486572266
103.87986755371094
76.52727508544922
144.64768981933594
147.87405395507812
188.9322052001953
117.30935668945312
138.04342651367188
75.70071411132812
88.70829010009766
139.4958953857422
60.90838623046875
111.78951263427734
107.7699966430664
56.87533187866211
126.42304992675781
104.12614440917969
167.36123657226562
122.2853012084961
112.58463287353516
79.1474380493164
58.691246032714844
92.03211212158203
101.6814956665039
84.62670135498047
104.14603424072266
84.22399139404297
158.74899291992188
166.25521850585938
69.72527313232422
147.55140686035156
79.94583892822266
126.68033599853516
122.84487915039062
214.05162048339844
136.150390625
119.92304992675781
48.00059127807617
103.61869812011719
125.85482025146484
148.9592742919922
141.00003051757812
194.15699768066406
33.005435943603516
99.18025970458984
132.6676788330078
98.52574920654297
107.97270202636719
156.67994689941406
171.27017211914062
152.7457733154297
136.47279357910156
103.9645004272461
134.27947998046875
133.86947631835938
114.13031005859375
89.54662322998047
144.4063262939453
133.18409729003906
167.81033325195312
175.44334411621094
103.31410217285156
58.98590850830078
123.25623321533203
110.69207763671875
153.1842041015625
27.73668670654297
82.64411163330078
135.30191040039062
142.86557006835938
127.22793579101562
63.383026123046875
149.65328979492188
126.54447937011719
143.59242248535156
87.09197235107422
68.65579223632812
145.9062042236328
89.09112548828125
186.41647338867188
94.1194076538086
113.37327575683594
97.1073226928711
142.61044311523438
120.49613952636719
135.29443359375
137.9556427001953
102.73602294921875
157.62425231933594
59.82368087768555
104.70561981201172
109.22126770019531
60.59553146362305
169.42164611816406
71.29600524902344
126.68000793457031
149.84063720703125
95.28494262695312
103.3714599609375
154.2191925048828
39.444034576416016
127.69295501708984
128.44931030273438
132.2388458251953
125.14755249023438
26.375823974609375
148.1465301513672
114.36014556884766
59.28555679321289
100.81166076660156
88.15779876708984
96.8904800415039
116.56632232666016
116.23822784423828
116.8857650756836
148.02032470703125
89.40962982177734
83.11126708984375
73.1450424194336
131.48342895507812
101.44788360595703
132.8267059326172
147.40956115722656
101.14405822753906
52.22014617919922
139.58360290527344
169.9199676513672
196.3209686279297
135.2130126953125
119.22615814208984
97.40850067138672
104.1827621459961
123.41918182373047
161.2154541015625
129.3025665283203
173.98085021972656
148.2162322998047
85.94888305664062
145.16976928710938
120.49461364746094
182.498046875
85.87035369873047
115.13742065429688
107.5765380859375
107.47909545898438
131.4408416748047
166.2513885498047
81.27912139892578
139.38623046875
105.96995544433594
76.1821517944336
137.8020782470703
103.0276870727539
102.20901489257812
23.774208068847656
123.07841491699219
155.65036010742188
154.13516235351562
52.177059173583984
154.79324340820312
117.05023956298828
185.4220733642578
141.4349365234375
123.8913803100586
151.0867919921875
163.8821258544922
86.83547973632812
87.03250885009766
133.0889892578125
96.03006744384766
104.94409942626953
136.48118591308594
132.82266235351562
98.85525512695312
128.600341796875
121.04206085205078
126.36200714111328
62.33990478515625
107.64744567871094
95.7046890258789
134.67999267578125
108.40646362304688
182.5648956298828
105.26261138916016
131.27847290039062
90.60073852539062
119.9106216430664
90.3204116821289
107.2043228149414
112.2524642944336
94.57072448730469
64.08685302734375
74.3878173828125
91.76044464111328
164.310302734375
146.4812469482422
95.56798553466797
134.72598266601562
63.1319465637207
90.87394714355469
69.7618637084961
122.1914291381836
119.85238647460938
147.42832946777344
88.65018463134766
154.5326385498047
97.03321075439453
91.75481414794922
121.51695251464844
157.63650512695312
111.52610778808594
7.023902416229248
114.22759246826172
166.8775634765625
102.18799591064453
68.62686920166016
149.8805389404297
120.75007629394531
95.54762268066406
115.25642395019531
159.94837951660156
140.51119995117188
145.784423828125
87.78240203857422
156.7938995361328
119.26710510253906
117.56196594238281
168.7086944580078
118.83560943603516
61.72015380859375
110.80765533447266
144.5762176513672
38.54129409790039
162.27330017089844
106.24919891357422
131.53135681152344
117.57625579833984
116.96688079833984
118.3484878540039
100.68727111816406
89.03507232666016
130.35740661621094
109.6880111694336
181.82740783691406
73.3838882446289
102.53040313720703
134.08245849609375
85.62654113769531
99.28742218017578
179.37896728515625
121.80172729492188
106.94371032714844
148.09848022460938
135.93797302246094
94.94464874267578
129.73731994628906
116.98249053955078
159.30389404296875
99.6678237915039
99.21393585205078
68.74763488769531
141.51602172851562
52.574825286865234
106.65543365478516
23.683860778808594
103.45271301269531
139.5518341064453
125.91817474365234
78.89217376708984
151.0629119873047
99.97270965576172
104.63574981689453
91.59309387207031
148.2035675048828
116.53286743164062
83.7943344116211
182.46038818359375
95.2875747680664
121.50342559814453
123.38390350341797
123.3615951538086
139.7539825439453
135.13278198242188
121.99549102783203
112.50684356689453
155.13604736328125
93.40515899658203
105.93242645263672
89.5606689453125
138.2360076904297
91.06858825683594
93.9897232055664
148.60145568847656
123.21054077148438
99.896728515625
127.16300201416016
92.86182403564453
26.307586669921875
134.3540496826172
51.98504638671875
131.92689514160156
148.8516387939453
154.98858642578125
36.838077545166016
145.62393188476562
105.28314971923828
81.01875305175781
125.41650390625
134.68072509765625
140.33189392089844
115.54967498779297
63.89251708984375
167.0564422607422
122.29423522949219
98.07102966308594
83.9390640258789
220.823486328125
127.14081573486328
185.0799102783203
140.5624237060547
127.57392883300781
76.63274383544922
