-3.198162317276001
-1.191605567932129
-1.6435354948043823
-3.465197801589966
-4.651163578033447
-7.3634033203125
-4.593443393707275
0.21346227824687958
-2.8089349269866943
-1.5854562520980835
-1.9965918064117432
-1.7948092222213745
-6.801042079925537
-1.1074877977371216
-4.873144626617432
-2.550766944885254
0.037087321281433105
-3.7322146892547607
-1.4455217123031616
-3.897709608078003
-1.793971061706543
-1.1239252090454102
-2.813950777053833
0.9299933910369873
-1.9845778942108154
2.5992891788482666
-1.7288663387298584
-1.0559287071228027
-3.567554473876953
-2.419712543487549
-2.556993246078491
-2.7233734130859375
-3.1318907737731934
-3.6335835456848145
-0.32469233870506287
-1.232200264930725
-2.916780710220337
-3.17657732963562
-4.334255218505859
-4.237905025482178
-0.7203242182731628
0.3827897906303406
-0.7773995995521545
-4.53313684463501
-2.3544702529907227
-5.391867160797119
-3.6937074661254883
-2.4769651889801025
-2.0761678218841553
-2.3568856716156006
-1.244276523590088
-4.0792460441589355
-2.291295051574707
-2.391916036605835
-0.6659868359565735
-5.077983379364014
-3.474482536315918
-5.063182353973389
-7.97883415222168
-0.8155655264854431
-4.220462322235107
-0.7254045009613037
-0.04831941798329353
-6.435338973999023
-4.344336032867432
-1.9154492616653442
-4.062390327453613
-5.865082263946533
-7.567453861236572
-2.558303117752075
-1.8339766263961792
-2.9152095317840576
-2.4986753463745117
-4.519814968109131
-1.535738229751587
-1.0142991542816162
-1.760215163230896
-0.22596624493598938
-6.566291332244873
-3.564491033554077
-2.6454362869262695
-2.1972177028656006
-0.7184140682220459
-5.199225425720215
-1.1093426942825317
-2.137838840484619
-4.614584922790527
-4.567737102508545
-3.106696128845215
-3.4153034687042236
-3.7635488510131836
-2.989248752593994
-1.294357419013977
-0.7712299823760986
-3.5605239868164062
-2.410747528076172
0.32729360461235046
-2.487776279449463
-2.0468268394470215
-4.300715923309326
-0.4687447249889374
1.0145660638809204
-8.413971900939941
-1.9796910285949707
-1.7648204565048218
-3.9769928455352783
-2.9729790687561035
-0.32220175862312317
-4.192118167877197
-1.6366127729415894
-2.5637969970703125
-0.5977272391319275
-1.0678921937942505
-0.1918349713087082
-6.966065406799316
-1.326540470123291
-3.001945734024048
-3.4266579151153564
-2.3134925365448
-1.049773931503296
-4.139955520629883
-3.1838018894195557
0.0009755774517543614
-1.5555154085159302
2.0324978828430176
-0.8272867202758789
-4.989968776702881
-2.2700085639953613
-3.2337610721588135
-0.25371962785720825
-1.9429829120635986
-1.7407124042510986
-3.5386505126953125
0.3451496362686157
-2.489391565322876
-3.0071754455566406
-2.9242358207702637
-8.75872802734375
-2.7809271812438965
0.3732756972312927
-2.6573705673217773
-4.194256782531738
-0.2212950438261032
-2.8888633251190186
-1.8561044931411743
-1.0984861850738525
-1.1204019784927368
-4.9388580322265625
-1.0134148597717285
-0.8886153697967529
-2.2182562351226807
-0.25503143668174744
-0.6318804621696472
-3.8249313831329346
-4.812814235687256
-0.5377212166786194
-3.0948874950408936
-0.571533739566803
-3.0092947483062744
-1.078566074371338
-1.4173845052719116
-4.38122034072876
-3.6378672122955322
-2.9529826641082764
-2.09851336479187
-2.6130411624908447
-6.29841947555542
-3.2265737056732178
-0.49533671140670776
-2.3225059509277344
-3.1222400665283203
-4.7953362464904785
-2.02353572845459
-9.651765823364258
-4.306946754455566
-3.1275973320007324
-3.651742935180664
-6.713109493255615
-1.4995450973510742
-0.7651073336601257
1.360442042350769
-5.723715305328369
-2.3124725818634033
-7.364805698394775
0.3153298795223236
-0.0903039276599884
-1.7679752111434937
-5.468348026275635
-0.3086293935775757
0.4179549813270569
-3.5713613033294678
-1.4698506593704224
-2.6560909748077393
-5.893448352813721
1.4377750158309937
-6.131706714630127
-3.4342517852783203
-3.0807018280029297
-4.212986946105957
-0.17238737642765045
-2.1800763607025146
-3.260085105895996
0.9783209562301636
-0.6125491857528687
-1.389144778251648
-5.327690124511719
-1.521310806274414
-2.798919439315796
-2.6092684268951416
-2.3576784133911133
-2.9846532344818115
-0.8083450198173523
-2.6209661960601807
-3.4328057765960693
-1.1634526252746582
-2.8670661449432373
-4.873023986816406
-2.6494791507720947
-6.125189781188965
-0.720702588558197
-2.4211018085479736
-0.12340977042913437
-4.455268859863281
-1.6785011291503906
-3.250516891479492
-2.155503273010254
-4.634778022766113
-3.759215831756592
-2.7213759422302246
-2.5211777687072754
-3.03922176361084
-6.321488857269287
-5.74948787689209
-4.105167865753174
-3.3183770179748535
-3.6728079319000244
-5.123569011688232
-4.023265838623047
-6.269773006439209
-0.05550349876284599
-0.6821377277374268
-2.6391947269439697
-3.7025628089904785
-0.942048192024231
2.036694288253784
-4.338221549987793
-4.77539587020874
-3.1434614658355713
-1.572086215019226
-1.877132534980774
0.40941107273101807
-5.011682033538818
-2.562244176864624
-2.6708264350891113
-6.717524528503418
-1.9911950826644897
-3.573880434036255
-6.05433464050293
-4.102088928222656
-5.450003623962402
-3.5149121284484863
-4.987299919128418
-1.9468106031417847
-4.329715728759766
-0.028838016092777252
-6.1507792472839355
-3.0934133529663086
0.43716368079185486
-3.9962356090545654
0.0037312291096895933
-4.416207313537598
-1.9651824235916138
-5.965660095214844
-4.3612189292907715
-3.562199354171753
-2.2438712120056152
-5.148090839385986
-1.1547675132751465
-1.125540852546692
-2.8331689834594727
0.684054970741272
-2.5301990509033203
-0.9156497120857239
-0.9121830463409424
-1.3547132015228271
-2.222989082336426
-3.2239606380462646
-4.0070109367370605
-5.239555358886719
-1.171001672744751
-0.24875383079051971
-2.613266944885254
-2.0918164253234863
-1.7886337041854858
-4.456345081329346
-4.8850932121276855
-0.4324517250061035
-5.895010948181152
-4.200382232666016
0.7275656461715698
-1.972618818283081
-3.4121248722076416
-2.3480935096740723
-3.1017425060272217
-0.9864753484725952
-0.400090754032135
-4.417862892150879
-3.0673279762268066
-0.5559457540512085
-1.036583423614502
-0.7535445094108582
-2.5037360191345215
-1.8228797912597656
-4.463503360748291
-1.7813961505889893
-2.418661594390869
-0.6996185183525085
-2.571848154067993
-4.107487678527832
-3.6357064247131348
-2.680091142654419
0.08366522938013077
-2.1189184188842773
0.291832834482193
-6.016260147094727
-2.5153450965881348
-3.5274875164031982
-6.521623611450195
-3.438328504562378
-0.9805258512496948
-4.293616771697998
-2.8493733406066895
-3.635277509689331
-7.546257495880127
-1.5542460680007935
-2.2393648624420166
-0.5289280414581299
-2.3799993991851807
-7.518296718597412
-3.575486660003662
-3.954169750213623
-6.719377517700195
-2.0156543254852295
-1.7902506589889526
-4.159761428833008
-1.5806320905685425
0.7509660124778748
-1.8083264827728271
-6.065688133239746
-3.4620614051818848
-2.9731786251068115
-1.7618364095687866
-1.5220012664794922
-2.2634735107421875
-1.7848118543624878
-1.5531189441680908
-3.035475254058838
-1.0589838027954102
-0.27406027913093567
-1.4927865266799927
-6.311575412750244
0.8325924873352051
-1.9310638904571533
-4.169206619262695
1.5092051029205322
-2.2724976539611816
-2.3157613277435303
-3.459080457687378
-3.4333529472351074
-3.2955658435821533
2.1812000274658203
-1.6181933879852295
-2.381173849105835
-2.323392868041992
-0.4365658760070801
-1.3185570240020752
0.18706820905208588
-1.9877034425735474
-3.0362212657928467
1.7819222211837769
-1.2915892601013184
0.9899043440818787
-3.852792263031006
-4.733482837677002
-4.08677339553833
-4.314110279083252
-3.348763942718506
-3.0312955379486084
1.0218398571014404
-3.950932264328003
-4.732802391052246
-5.226574420928955
-2.8604190349578857
3.0290539264678955
-1.2275441884994507
-1.5299710035324097
-2.7453973293304443
-7.182451248168945
-1.9709066152572632
-2.911022901535034
-2.2478859424591064
-1.435266375541687
-1.8267320394515991
-3.0010786056518555
-4.135664939880371
-2.180509328842163
-0.12417589873075485
-2.8684821128845215
-4.2327070236206055
-3.994999408721924
-3.8140687942504883
-3.0430245399475098
1.5171363353729248
-1.1901527643203735
-5.174038887023926
-0.5697131156921387
1.3393534421920776
-0.8507021069526672
-4.263823986053467
-3.881476879119873
-4.620118141174316
-1.5567281246185303
-0.7064206004142761
-4.994473457336426
-2.7692196369171143
-5.074850082397461
-5.535691261291504
-3.4228920936584473
0.6683588624000549
-3.7269346714019775
-1.2247875928878784
-1.4815953969955444
0.5397748947143555
-2.0113942623138428
-3.2606923580169678
-2.994746446609497
-1.535125970840454
-0.7904812097549438
-4.125268936157227
0.6706063151359558
-2.18550181388855
-1.1241872310638428
1.828502893447876
-1.0160396099090576
-3.545825719833374
-5.101461887359619
-2.463998794555664
-3.6855242252349854
-4.592373847961426
-2.442577838897705
-1.0332998037338257
0.8347136974334717
-3.358675241470337
-2.1229331493377686
-2.178515911102295
-1.2352296113967896
-1.5193299055099487
-1.8290938138961792
-2.665548086166382
-2.3695850372314453
-4.251389980316162
-7.688064098358154
2.7100367546081543
-4.754119873046875
-2.403411388397217
-3.8662827014923096
2.960139036178589
-1.1770426034927368
-1.5815205574035645
-8.287345886230469
-1.926717758178711
-5.879123210906982
-1.1290881633758545
-4.561029434204102
-1.2236653566360474
-2.90478253364563
-1.274775743484497
-1.7910999059677124
-3.587202548980713
-5.880445957183838
-3.4805545806884766
-3.490628957748413
-2.7622759342193604
-0.5598787665367126
-2.7704663276672363
-0.0643983706831932
-2.317795753479004
-1.4458917379379272
-8.385648727416992
-2.5437047481536865
-6.839675426483154
-0.5803657174110413
-5.795402526855469
-3.325043201446533
-0.5021420121192932
-4.8721394538879395
-5.253006935119629
-1.2213118076324463
-6.781007766723633
-2.8176114559173584
-1.644718885421753
-5.5172648429870605
-4.633953094482422
-1.7305347919464111
-3.5226898193359375
-3.376262903213501
-5.493699550628662
-1.3241597414016724
-0.23683403432369232
-1.4567476511001587
-6.739712238311768
-2.395033121109009
-4.267839431762695
-5.384219646453857
-2.49338436126709
-0.82491534948349
-2.419552803039551
-2.192261219024658
-5.185909748077393
-1.5028681755065918
-3.2329742908477783
-3.84553861618042
-3.760331630706787
0.05745825171470642
-0.646641731262207
-2.668668031692505
-4.518987655639648
-1.8173835277557373
-4.5660576820373535
-3.432192802429199
-3.729250907897949
-1.8457649946212769
-2.132396697998047
-1.1540451049804688
-3.1233911514282227
-3.4947025775909424
-4.8466010093688965
1.4505966901779175
-0.6502571702003479
-2.6818017959594727
-2.200080394744873
-0.24945446848869324
-0.8345310091972351
-1.7751528024673462
1.515591025352478
-3.874593496322632
-5.504328727722168
-3.409722089767456
-1.790442943572998
-4.193542957305908
-5.574889183044434
-1.1420931816101074
-2.3151309490203857
-2.970381736755371
-2.843707323074341
-4.958911895751953
-2.8559389114379883
-1.1282360553741455
-6.08102560043335
-4.442173004150391
-3.894045352935791
-0.8688403964042664
-1.4148409366607666
-1.1815232038497925
-6.784363746643066
-4.834452152252197
-0.7226582169532776
-3.881398916244507
-4.323385715484619
-3.0495681762695312
-4.279569149017334
-2.031724214553833
-0.45991307497024536
-7.01717472076416
-3.77146053314209
-3.6088507175445557
-3.630636692047119
-2.443070411682129
-5.253937244415283
1.5699149370193481
-3.517249822616577
-1.6826175451278687
-1.8421601057052612
-5.566988945007324
-0.1138962060213089
-1.8010423183441162
-3.398020029067993
-4.6383376121521
-4.670552730560303
-1.322854995727539
-0.9686344265937805
-3.7119572162628174
-5.154862880706787
-2.666903495788574
-1.2769782543182373
-5.566238880157471
-3.649341106414795
-1.7205626964569092
-2.244239568710327
0.554781436920166
-4.115201473236084
-3.41106915473938
-0.9531317949295044
-4.486520767211914
-5.121597766876221
-1.1993428468704224
-2.862802267074585
-3.048938512802124
-3.2705180644989014
0.15608097612857819
-1.1095609664916992
-2.332279682159424
-2.19726300239563
-3.7523529529571533
-1.692446231842041
-2.67948842048645
-7.063008785247803
-6.244997024536133
-0.8741661906242371
-3.3440842628479004
-2.6661927700042725
-3.140759229660034
-3.8371541500091553
-2.177109718322754
-2.154804229736328
-1.101702332496643
-1.1075433492660522
-1.4177786111831665
-1.8067364692687988
-2.8477883338928223
-2.9407126903533936
-2.8007612228393555
-3.0795300006866455
-2.6371536254882812
-3.605161190032959
-3.6271133422851562
-5.133294582366943
-5.134455680847168
-1.7531821727752686
-2.995088577270508
-1.9296576976776123
-3.5177581310272217
-2.4723033905029297
-2.0599966049194336
-1.6518536806106567
-3.496171236038208
-6.872152328491211
-0.4295014441013336
-3.626715898513794
-3.202660322189331
-5.4947638511657715
-4.420340061187744
-2.6363425254821777
0.15025337040424347
-4.634121417999268
-3.4972164630889893
-7.025623321533203
-1.9500627517700195
-3.254655599594116
-2.1938042640686035
-0.6064331531524658
-0.46074172854423523
-3.851104736328125
-1.9290660619735718
-5.129082679748535
-7.814123630523682
-2.32757306098938
-4.812567710876465
-1.6190376281738281
-2.655721664428711
0.3755440413951874
1.0253852605819702
