0.8591840863227844
1.5353081226348877
0.8165998458862305
0.9182099103927612
0.8685459494590759
0.9044568538665771
1.0256388187408447
2.0743987560272217
0.9179221987724304
0.5496450066566467
0.9014227986335754
0.9104363918304443
0.737311601638794
1.6429389715194702
0.8676393032073975
0.8202856183052063
0.9066241979598999
0.8598902225494385
0.7813853621482849
0.9975631833076477
0.8710662722587585
0.8149207234382629
0.8685404658317566
0.165166974067688
0.1836887001991272
0.8905065655708313
1.4787214994430542
0.9601867198944092
0.9463139772415161
0.8935041427612305
0.9183330535888672
1.2148706912994385
1.4849830865859985
0.940427303314209
1.7450034618377686
1.0035194158554077
0.8454267382621765
0.8756124377250671
0.9843025803565979
0.8791950941085815
0.8631382584571838
1.6994293928146362
1.5536019802093506
2.0323703289031982
1.0748952627182007
0.9420253038406372
0.86802738904953
0.8453632593154907
0.955406904220581
1.0596708059310913
1.394178032875061
0.8315630555152893
0.9844613671302795
0.9875009059906006
1.334855318069458
0.9592626094818115
0.8248957991600037
0.7786677479743958
0.93900066614151
1.2003262042999268
0.7425577640533447
1.1057041883468628
0.32890814542770386
0.9895588159561157
0.8206609487533569
0.9569537043571472
0.947060763835907
0.8614355325698853
1.0464544296264648
0.992271363735199
0.8651377558708191
0.9616336822509766
0.8960946798324585
0.8253315091133118
0.15123414993286133
0.8440422415733337
0.8224747776985168
0.14206087589263916
0.8162311315536499
1.2352615594863892
0.9489612579345703
1.014947533607483
0.8088290095329285
0.8508772253990173
1.0455642938613892
0.8500092029571533
1.1924970149993896
0.6942701935768127
0.9287765622138977
0.9075103402137756
1.0601587295532227
0.9237052798271179
0.8701847791671753
0.1543073058128357
0.9389790296554565
0.8705474734306335
1.0205638408660889
1.1331796646118164
0.8441302180290222
0.7818650007247925
1.402922511100769
1.0275036096572876
1.002673864364624
0.7644791007041931
0.35345160961151123
0.9975394010543823
0.9550611972808838
1.2770977020263672
0.7550783753395081
0.867148756980896
1.649077296257019
0.14109575748443604
0.9247974157333374
1.032974362373352
0.8160808086395264
0.888590395450592
0.19664156436920166
0.8341619372367859
0.8485370874404907
1.734368920326233
0.8482403755187988
1.1907902956008911
0.18834221363067627
0.8845995664596558
0.8108609914779663
0.9098093509674072
1.1245793104171753
0.8677828311920166
0.7553498148918152
1.401488184928894
0.825130045413971
0.954379141330719
0.8600289821624756
2.125182628631592
0.665137767791748
0.9467765688896179
0.9268062114715576
0.994739830493927
1.0033172369003296
1.3975982666015625
0.8283791542053223
0.8819115161895752
0.6476244926452637
0.8144916296005249
1.0453861951828003
1.063252329826355
0.5223848223686218
0.8107038140296936
1.3389075994491577
0.8814902901649475
0.9726622104644775
0.8509668111801147
0.8810601234436035
0.7825278639793396
0.8730291724205017
2.2758750915527344
0.8479772210121155
0.13026469945907593
0.8253399133682251
1.0427685976028442
0.9531435370445251
0.8410534262657166
0.7601515650749207
0.4415501356124878
0.8504267930984497
0.9211590886116028
0.8621990084648132
1.0566959381103516
0.8310723304748535
0.5782842636108398
0.8998176455497742
1.1043931245803833
0.8120976686477661
1.2773866653442383
0.8071087002754211
0.7979098558425903
0.9662020206451416
0.45833146572113037
0.9286280870437622
1.7377158403396606
1.1481373310089111
0.3237403631210327
0.9051554203033447
0.8691638708114624
1.4125962257385254
1.2028717994689941
1.4749009609222412
0.7861306071281433
1.8888366222381592
1.364855408668518
1.1536742448806763
2.0572285652160645
0.9868133068084717
1.2470695972442627
0.5610476732254028
1.241355299949646
0.7690669894218445
0.806505024433136
0.9151130318641663
2.130625009536743
0.9131467938423157
0.7602354288101196
1.24371337890625
1.1512987613677979
0.8049113154411316
0.9043704271316528
0.8326734304428101
0.8543891906738281
0.7842405438423157
0.7675425410270691
1.3761506080627441
0.8581666946411133
0.9139012694358826
0.8658113479614258
1.1784371137619019
0.9296725988388062
0.8621820211410522
0.9711453914642334
0.7870222330093384
0.9205389618873596
1.094538688659668
0.8432843089103699
0.8132193088531494
0.8970634937286377
0.8561861515045166
0.7824708819389343
0.4878242611885071
0.887464702129364
0.9091196060180664
0.14988994598388672
0.9653976559638977
1.151610255241394
1.0315790176391602
0.9110417366027832
0.8581393957138062
0.883998453617096
1.1695791482925415
0.8312399387359619
0.9268779754638672
0.8192031383514404
0.9100441932678223
1.5215909481048584
0.8230941891670227
0.5534400343894958
0.20237624645233154
0.9044802784919739
0.9883852601051331
0.8862965703010559
1.174940824508667
1.3572384119033813
1.5353745222091675
1.0419503450393677
0.7648879885673523
0.8577966690063477
1.2234470844268799
0.8046548962593079
0.8840974569320679
0.8090265393257141
1.0809329748153687
0.8468030095100403
0.9382323026657104
0.8959335088729858
0.8869481086730957
1.1783695220947266
1.8154507875442505
0.9405077695846558
0.8431152105331421
1.6227277517318726
0.9457899332046509
1.282244324684143
0.8760842084884644
1.16397225856781
0.8274895548820496
0.8201624751091003
0.9516271352767944
0.9075525999069214
0.8730636835098267
0.8625949025154114
0.8113385438919067
0.9697127342224121
1.445030927658081
0.8517473936080933
0.1695091724395752
0.2268158197402954
0.14743751287460327
0.820915162563324
0.7733463644981384
0.9643000364303589
0.812863290309906
0.962421178817749
0.8902315497398376
1.0409283638000488
0.8954456448554993
0.5947805047035217
0.7855561971664429
0.9154922962188721
1.0811113119125366
1.205475091934204
1.0005912780761719
1.3966492414474487
0.9959300756454468
0.8691695332527161
0.47020840644836426
1.088219404220581
0.14683783054351807
0.31649911403656006
0.941236138343811
0.8566706776618958
0.5650831460952759
1.1311637163162231
0.913371205329895
0.7896945476531982
0.7606982588768005
0.7200893759727478
0.6780569553375244
0.8287068605422974
0.8735615015029907
0.8283554911613464
1.1281113624572754
0.7643394470214844
0.9005848169326782
1.5656161308288574
1.0926626920700073
0.16355425119400024
0.9854116439819336
0.5517914891242981
0.8969829082489014
0.905361533164978
0.8549731373786926
0.7663764357566833
0.8227463364601135
0.459885835647583
0.983579695224762
0.9381580948829651
0.29384326934814453
0.9710943102836609
0.8178739547729492
0.815576434135437
0.7810699939727783
0.8456177115440369
0.7489013671875
1.099246621131897
0.8886925578117371
1.4478038549423218
0.7784044146537781
1.5982829332351685
1.6872923374176025
0.8277883529663086
0.8323660492897034
1.219423532485962
0.9466305375099182
1.093499779701233
1.3646116256713867
0.891731321811676
0.8406742215156555
0.8381802439689636
1.1465134620666504
0.8151246905326843
0.1344960331916809
1.687474250793457
0.8813522458076477
0.1349959373474121
0.8275752663612366
0.9261661171913147
0.16524696350097656
1.0524168014526367
0.8351131677627563
0.8906051516532898
0.940254807472229
0.9220749735832214
0.19810354709625244
0.1301247477531433
0.8666443824768066
1.0045251846313477
2.092459201812744
1.389195442199707
0.9987738728523254
0.9676676392555237
0.8065023422241211
0.1402040719985962
0.8234310746192932
1.6164649724960327
0.8616361021995544
0.9422169327735901
0.9361391663551331
0.9701204895973206
0.7853517532348633
1.1572054624557495
0.7936459183692932
0.917411208152771
0.9234505295753479
0.853938639163971
0.8751999735832214
0.509030282497406
2.0404129028320312
0.928641140460968
1.0219531059265137
1.0633256435394287
0.8126378059387207
1.033110499382019
0.8969434499740601
0.9091215133666992
0.8746107220649719
0.9414048790931702
0.9132679104804993
0.7973234057426453
1.471646785736084
0.9354575276374817
0.8937748074531555
0.7471984624862671
0.8291285037994385
1.1765776872634888
0.13884609937667847
1.9258569478988647
1.0853828191757202
0.952916145324707
0.15938407182693481
1.4742951393127441
0.9107674360275269
0.8433616161346436
1.0318877696990967
0.8952984809875488
0.7942599654197693
0.8588603138923645
1.5302128791809082
0.21943217515945435
0.8748530745506287
0.7905729413032532
0.5821232199668884
0.9892836809158325
1.6844602823257446
0.8544524908065796
0.8387529253959656
0.868971586227417
0.8823530673980713
0.8691129088401794
0.8992413282394409
1.4496134519577026
0.9489926099777222
2.012004852294922
1.2202012538909912
0.7977224588394165
0.1289079189300537
0.9692866802215576
1.3595845699310303
0.8856825828552246
0.8774020671844482
0.8749573230743408
0.5526770353317261
0.8191077709197998
0.4717409610748291
1.2647254467010498
0.8626094460487366
0.9486674666404724
0.9992320537567139
0.261354923248291
0.7870342135429382
0.8817980289459229
0.12225526571273804
1.0248132944107056
0.8236873149871826
1.477982521057129
-0.8698140382766724
0.8464207053184509
1.0747184753417969
0.9083266854286194
0.15381020307540894
1.4298012256622314
0.6650697588920593
0.9478719830513
0.4503215551376343
0.8391569256782532
0.8940316438674927
0.6985041499137878
0.4075612425804138
0.8576450943946838
0.8566786646842957
0.9581658244132996
0.9008920788764954
0.8295143842697144
0.8342944979667664
0.9144695401191711
0.8863762617111206
0.8786628246307373
0.9709182977676392
0.8801281452178955
0.8487657308578491
1.3620235919952393
0.5436218976974487
0.8388668894767761
1.0095592737197876
0.9378259181976318
0.8989319801330566
0.9054695963859558
0.9251590371131897
0.8080849051475525
0.8874751925468445
0.7930468320846558
0.8233692646026611
0.9304512739181519
1.451145052909851
0.8553495407104492
0.9496873617172241
1.4887080192565918
1.4782509803771973
0.7641351819038391
0.8624580502510071
0.9676649570465088
1.7770134210586548
0.935840904712677
0.9623807072639465
0.8220311999320984
0.8557218909263611
1.044690489768982
0.85305255651474
0.9198624491691589
0.9573562145233154
1.6694971323013306
0.9317986965179443
1.354984164237976
0.8684711456298828
0.9318347573280334
0.7261289954185486
1.022525429725647
0.8383498787879944
0.7612263560295105
0.8971959948539734
0.2039167881011963
1.019294261932373
0.7875419855117798
0.8275386095046997
0.890596866607666
1.041763186454773
0.15078294277191162
0.8714445233345032
0.974529504776001
0.8191257119178772
0.16349154710769653
0.9258121848106384
0.8283119797706604
2.1111602783203125
1.0822170972824097
1.460455060005188
0.4690791368484497
1.4600448608398438
1.069561243057251
0.8884079456329346
0.7981194853782654
1.1944833993911743
1.0718666315078735
0.18429851531982422
1.0772507190704346
1.9818681478500366
1.0761383771896362
1.2610447406768799
0.7779625058174133
0.8191617131233215
1.2749049663543701
0.7868098616600037
0.7892354726791382
1.2287955284118652
1.1952308416366577
2.0324792861938477
1.3842461109161377
1.062022089958191
0.9327648878097534
0.8241327404975891
0.8901350498199463
0.7697461247444153
0.999184787273407
0.8443816304206848
1.048750638961792
0.9370737671852112
1.2197489738464355
0.9778687953948975
0.9267407059669495
0.8005170822143555
0.8983286619186401
0.9087332487106323
0.16279864311218262
0.7911883592605591
1.0296984910964966
0.9285656809806824
0.8210263252258301
1.916386365890503
0.8618867993354797
0.7747619152069092
0.8379321694374084
0.8210769295692444
0.9406410455703735
1.2097808122634888
0.7919329404830933
0.8137692213058472
0.7799035906791687
0.16914528608322144
0.8292285203933716
0.7956043481826782
0.6863781213760376
0.27794909477233887
0.9670078754425049
0.8615587949752808
1.3351689577102661
1.010920524597168
0.8513886332511902
0.8384200930595398
0.835577130317688
0.7680132985115051
0.9989662766456604
0.6897361278533936
1.8251326084136963
1.3206983804702759
0.8602396845817566
0.27065616846084595
0.9015848636627197
0.4848213195800781
1.1493561267852783
0.8765559792518616
0.9602475166320801
1.3925533294677734
0.8714768290519714
0.9049462080001831
0.9579846858978271
0.39093732833862305
0.7207011580467224
0.8360304236412048
1.8063175678253174
0.7859483361244202
1.457187533378601
0.8391100764274597
0.8220760226249695
0.8503620624542236
0.8715628385543823
0.8010876178741455
0.8652516603469849
0.773750901222229
0.9188445806503296
0.9309775829315186
0.9163334965705872
2.0612881183624268
0.9023939371109009
0.3719533681869507
0.853196918964386
0.8699484467506409
0.8441841006278992
1.007289171218872
0.9915651679039001
0.1543487310409546
0.16543632745742798
0.931355893611908
0.3514895439147949
0.8139364719390869
0.8322058320045471
0.9738380908966064
0.13530099391937256
0.9820879101753235
0.945435643196106
1.112136721611023
0.882368266582489
1.0746456384658813
0.8106934428215027
1.6809204816818237
-0.16510891914367676
0.8414396047592163
1.4855068922042847
0.9303922057151794
0.766131579875946
0.8533212542533875
0.8109331130981445
1.1019904613494873
0.8644124865531921
1.0062452554702759
0.19146424531936646
