-1.4615635871887207
-0.7819797992706299
-1.1817835569381714
-1.6670655012130737
-1.2898025512695312
-1.8477262258529663
-2.4123449325561523
3.650141954421997
-1.6931029558181763
-0.009168552234768867
-1.783764123916626
-1.9492080211639404
-1.275566816329956
0.32130226492881775
-1.4642235040664673
-1.8806763887405396
1.124162197113037
-1.7150684595108032
-0.9935864210128784
-1.5713144540786743
-1.7629042863845825
-1.4375723600387573
-0.9774618744850159
0.08060279488563538
0.24883656203746796
1.525009274482727
0.5716223120689392
-1.231420636177063
-1.790365219116211
-1.714271903038025
-1.4223039150238037
-0.7179449200630188
-0.9699578881263733
-1.5775755643844604
1.052450180053711
-1.1520863771438599
-1.4837027788162231
-1.5013296604156494
-1.783449649810791
-1.471648931503296
-0.42037662863731384
-0.3110192120075226
0.0823630541563034
-3.765136957168579
-1.7681554555892944
-1.7449544668197632
-1.7569494247436523
-1.497495412826538
-1.4559532403945923
-0.1888357698917389
-0.39725497364997864
-1.4921021461486816
-1.9578036069869995
-1.7038109302520752
-0.8321347236633301
-1.8658032417297363
-1.418197512626648
-1.4842805862426758
-1.5994317531585693
-0.5763896703720093
-1.1851106882095337
-1.3844443559646606
0.3157140612602234
-1.9521870613098145
-1.3809164762496948
-1.9402612447738647
-1.577319622039795
-1.5715217590332031
-2.0455098152160645
-1.44377601146698
-1.4787931442260742
-1.5765595436096191
-1.0449891090393066
-1.5716683864593506
0.04860736057162285
-1.4115220308303833
0.8931431174278259
0.2574945390224457
-1.4282503128051758
-1.9220901727676392
-1.5138736963272095
-1.2909575700759888
-1.5722627639770508
-1.7896220684051514
-1.0038737058639526
-1.6138617992401123
-2.0906620025634766
-1.1367310285568237
-1.5997999906539917
-1.6477662324905396
-1.5598443746566772
-1.3057990074157715
-1.0825921297073364
0.10354732722043991
-1.4519134759902954
-1.7978284358978271
-1.5626862049102783
-1.0723494291305542
-1.3953044414520264
-1.360514521598816
-0.5195386409759521
0.13926492631435394
-1.994217872619629
-1.325972318649292
0.49403461813926697
-1.8783433437347412
-1.1068058013916016
0.5615701675415039
-1.542447805404663
-1.1181265115737915
-0.5644261837005615
0.13610325753688812
-1.569549322128296
1.3158103227615356
-1.4453237056732178
-1.5746442079544067
0.15694640576839447
-1.436421513557434
-1.5561269521713257
0.1865098774433136
-1.3597029447555542
-1.107694149017334
-0.01172177866101265
2.2057275772094727
-1.1253715753555298
-1.407244086265564
-1.2011020183563232
-1.8565845489501953
-1.4251676797866821
-0.6365875601768494
-1.6724507808685303
-1.3561865091323853
-1.334592342376709
0.0892256423830986
1.9554897546768188
-1.5776755809783936
-0.8006853461265564
-2.1328253746032715
-1.7190396785736084
-0.3994353711605072
-1.4005310535430908
-1.6258041858673096
0.25190964341163635
-1.5984399318695068
-1.5574289560317993
0.7351801991462708
-0.4448593854904175
-1.5026477575302124
-0.5247599482536316
-1.2325114011764526
-1.9168373346328735
-1.588721752166748
-1.2344207763671875
-1.4073021411895752
-1.3348239660263062
1.45634925365448
-1.692156195640564
0.06783201545476913
-1.558201789855957
-1.0017365217208862
-2.0405092239379883
-1.629862904548645
-1.3872308731079102
0.4187450110912323
-1.4340015649795532
-1.6802058219909668
-0.23725087940692902
-1.7767996788024902
-1.3413769006729126
0.688968300819397
-1.5168510675430298
-2.4275729656219482
-1.5193685293197632
-3.193146228790283
-1.2714905738830566
-1.6049503087997437
-1.8211220502853394
0.4046344757080078
-1.7491735219955444
-0.6951353549957275
-0.42755037546157837
0.11693014204502106
-1.4835926294326782
-1.1163206100463867
-0.8249340653419495
-0.008069608360528946
-1.151816487312317
-1.5568262338638306
1.1434261798858643
-0.15768961608409882
-2.2083828449249268
-0.6383398175239563
-0.5338429808616638
-1.4811248779296875
-0.027658160775899887
-1.5195525884628296
-1.3024311065673828
-1.3943182229995728
-1.223103404045105
0.7421749234199524
-1.6278660297393799
-1.1930116415023804
-0.842488706111908
-0.9210107326507568
-1.1811058521270752
-1.8098293542861938
-1.5284266471862793
-1.6257715225219727
-1.7873566150665283
-1.5449302196502686
-0.10263124108314514
-1.5633248090744019
-1.576597809791565
-2.1140012741088867
-1.1556384563446045
-1.48036789894104
-1.6718419790267944
-1.7188931703567505
-1.689052700996399
-0.14712564647197723
-1.0826232433319092
-1.015798807144165
-1.3930171728134155
-1.360459804534912
-1.4448754787445068
-1.4096161127090454
0.06389888375997543
-1.129960536956787
-1.5355565547943115
0.0024855914525687695
-1.5178543329238892
-1.9058382511138916
-1.8492873907089233
-1.6638787984848022
-1.5533696413040161
-1.455927848815918
-2.0418620109558105
-1.884424090385437
-1.443554401397705
-1.3838019371032715
1.3037539720535278
-0.7573068737983704
-1.5518826246261597
-0.688309371471405
-0.19594396650791168
-1.6416312456130981
-2.2288525104522705
-1.6182869672775269
-1.3840090036392212
-1.3643708229064941
-0.23296186327934265
-2.0412917137145996
-1.5644464492797852
-1.700806975364685
-2.7131845951080322
-1.289726972579956
-1.6131699085235596
-1.6983073949813843
-1.7720485925674438
-1.8080565929412842
-1.716477394104004
-1.839089274406433
-1.5995739698410034
-0.7716051936149597
1.5898720026016235
-1.4837961196899414
-1.2974187135696411
-0.3449518084526062
-1.7622592449188232
-0.288359671831131
-1.935740351676941
-0.4470623731613159
-1.8137140274047852
-1.5673359632492065
-1.7839463949203491
-1.1833823919296265
-2.102524518966675
-1.4855146408081055
-1.5182827711105347
-1.9988927841186523
-0.220401331782341
-1.5021458864212036
-0.08101557940244675
0.21463346481323242
0.05056088790297508
-1.5203303098678589
-0.9130522012710571
-1.48368501663208
-1.5734435319900513
-1.835183024406433
-0.16146326065063477
-1.668808937072754
-1.915541410446167
0.05136105790734291
-1.1873852014541626
-1.6312936544418335
-1.0353760719299316
-2.1166110038757324
-1.7708239555358887
0.5629971027374268
-0.9659633040428162
-1.562401533126831
-0.28273144364356995
-1.0716936588287354
0.04389495775103569
0.3615269958972931
-1.616729497909546
-1.3846291303634644
2.7760446071624756
-0.8010289669036865
1.102934718132019
-1.4959583282470703
-1.2904876470565796
-1.36487877368927
-1.2427043914794922
-1.481420874595642
-1.4881815910339355
-1.347102165222168
-0.7382467985153198
-1.3900694847106934
-1.4487940073013306
0.9941273331642151
-1.7343167066574097
0.16514542698860168
-1.9029604196548462
1.6575099229812622
-1.6270954608917236
-1.4170410633087158
-1.5082268714904785
-1.5906319618225098
-1.129730224609375
0.0412316657602787
-1.6140727996826172
-1.700456142425537
0.9032511711120605
-1.485921025276184
1.2522624731063843
-1.4822137355804443
-1.0999771356582642
-1.5326805114746094
-1.4917327165603638
-2.6478588581085205
-1.532405138015747
-0.9168539643287659
-0.8988965749740601
-0.4618189036846161
-0.35695457458496094
-1.5651280879974365
-1.5643398761749268
-2.1800386905670166
-1.5793850421905518
-1.0203582048416138
-0.965486466884613
-1.3408043384552002
-1.26475191116333
-1.6377085447311401
-1.0854034423828125
-1.2312301397323608
0.15677624940872192
0.22604750096797943
-1.3360638618469238
0.09077387303113937
-2.0162301063537598
-1.6433637142181396
0.09135201573371887
-1.3311234712600708
-1.4013290405273438
-1.5740368366241455
-1.7081853151321411
-1.7734466791152954
0.23716937005519867
0.16832509636878967
-1.586690902709961
-2.2443017959594727
-0.3858638107776642
-1.0354599952697754
-0.4450106918811798
-1.6519376039505005
-1.592660903930664
0.0652315765619278
-1.5590616464614868
-1.3079348802566528
-1.2589341402053833
-1.5830254554748535
-1.3617936372756958
-1.4155858755111694
-1.2217315435409546
-0.293281614780426
-0.7102219462394714
-1.5902198553085327
-1.463337779045105
-1.6486620903015137
-1.4245651960372925
3.1720550060272217
0.4965399205684662
-1.6564949750900269
-1.0691564083099365
-2.0844931602478027
-1.3516263961791992
-2.093258857727051
-1.4029680490493774
-1.515190839767456
-1.0443912744522095
-1.4913532733917236
-1.4772475957870483
-1.3834822177886963
-0.6663956642150879
-1.730944275856018
-1.4551013708114624
-1.174268364906311
-1.2598638534545898
-1.015712022781372
0.06326565146446228
-0.29714423418045044
-2.2479069232940674
-1.6562528610229492
0.0138218579813838
-0.6228672862052917
-1.5730539560317993
-1.0657132863998413
-2.021735906600952
-0.24854417145252228
-1.6052476167678833
-1.3764818906784058
-0.7921003699302673
0.211772158741951
-1.4440276622772217
-1.313651442527771
0.7082210183143616
-1.650621771812439
0.05743911489844322
-1.3473241329193115
-1.086574673652649
-1.6286611557006836
-1.4001489877700806
-1.339165210723877
-1.3908473253250122
-0.6018273234367371
-1.540558099746704
0.4916072487831116
-1.1203874349594116
-1.4090468883514404
0.01987539976835251
-1.6360362768173218
-1.9436184167861938
-1.0970724821090698
-1.5555121898651123
-1.106146216392517
0.9152775406837463
-1.5631003379821777
-0.1395425796508789
-0.7776655554771423
-0.8613715767860413
-1.5297677516937256
-1.509208083152771
0.07790209352970123
-1.292114496231079
-1.5550321340560913
0.07556257396936417
-1.8945152759552002
-1.9057526588439941
-3.731555700302124
-1.539141297340393
-1.5389000177383423
-1.3286221027374268
-1.356255054473877
-0.04616314917802811
-0.7938024401664734
-1.2339236736297607
-1.9437414407730103
-0.062349408864974976
-1.3169362545013428
-1.7121319770812988
-1.3892852067947388
-0.3068608045578003
-1.5947072505950928
-1.6393013000488281
-1.5786559581756592
-1.7145360708236694
-1.4981931447982788
-0.44128701090812683
-1.3169333934783936
-0.9298130869865417
-1.4078813791275024
-1.6800355911254883
-0.9738746881484985
-1.4134494066238403
0.7569698691368103
-1.1171057224273682
-1.6588308811187744
-1.454473614692688
-1.430544137954712
-1.2417726516723633
-1.8193844556808472
-1.3101439476013184
-1.7999006509780884
-1.4854938983917236
-1.4522762298583984
-1.2713401317596436
-1.475775122642517
-0.527004063129425
-1.6955180168151855
-1.5948625802993774
-0.9852334260940552
-2.518986701965332
-1.2502162456512451
-0.9490023255348206
-1.714360237121582
0.8256055116653442
-1.7306550741195679
-1.7861945629119873
-1.1847199201583862
-1.7673671245574951
-2.0831995010375977
-1.669508934020996
-1.3894617557525635
-0.8708231449127197
-0.13263371586799622
-1.7318295240402222
-0.5525721311569214
-1.5696293115615845
-1.83185875415802
-1.4709540605545044
-1.416417121887207
-1.4446038007736206
-1.3552272319793701
-1.3278132677078247
-0.0075578223913908005
-1.7561967372894287
-1.1692984104156494
-1.1757216453552246
-1.674397587776184
-1.7129672765731812
0.019653569906949997
-1.0502402782440186
-1.8496845960617065
-1.4301350116729736
0.08546803146600723
-0.6320250630378723
-1.4958652257919312
-0.4937572181224823
-1.9973526000976562
-1.322887897491455
0.3398377597332001
0.6447559595108032
-1.740290880203247
-1.788008213043213
-1.6849373579025269
2.0452382564544678
-2.0065178871154785
0.1034582257270813
-1.2061574459075928
0.725986897945404
-2.4050161838531494
-1.9259507656097412
-1.2892842292785645
-1.5565890073776245
-0.8927379846572876
-1.6093461513519287
-1.2823728322982788
-2.1837663650512695
-0.07475338131189346
0.4845631718635559
-0.6752382516860962
-2.1315507888793945
-1.6465866565704346
-1.4604538679122925
-1.428266167640686
-1.253597378730774
-1.4952791929244995
-1.7725294828414917
-1.8990602493286133
-1.785187005996704
-2.9380877017974854
-1.7193279266357422
-1.9398711919784546
-1.5635757446289062
-1.3738160133361816
-1.9748189449310303
0.20134548842906952
-1.4309430122375488
-1.3190898895263672
0.40780797600746155
-1.3105281591415405
0.5206459164619446
-1.520482063293457
-1.5648282766342163
-1.7335357666015625
-1.507719874382019
-1.304750919342041
-1.2125455141067505
-1.5736286640167236
-1.5516958236694336
-1.3445991277694702
0.224280446767807
-1.6321896314620972
-1.4619337320327759
-1.335193157196045
4.510767936706543
-1.283861517906189
-1.4161584377288818
-2.383924722671509
-1.7543504238128662
-1.454971432685852
-1.7779955863952637
-1.3688641786575317
-1.5740330219268799
-1.6722383499145508
-1.4943124055862427
1.1557177305221558
1.4486231803894043
-1.564198613166809
-0.07000350207090378
-2.2458062171936035
-0.5552183389663696
-0.8932290077209473
-1.4741878509521484
-1.659974455833435
-0.5681564211845398
-1.8766522407531738
-1.6197845935821533
-1.8851686716079712
0.4799758791923523
-1.4056569337844849
-1.1542507410049438
0.5295735001564026
-1.3498518466949463
1.3868550062179565
-1.4390199184417725
-1.6638339757919312
-1.386122703552246
-1.7340662479400635
-1.461417555809021
-1.302129864692688
-0.8975045680999756
-1.2872737646102905
-1.2217825651168823
-1.7918097972869873
-0.9145282506942749
-1.4601528644561768
-0.1358867883682251
-1.470145344734192
-1.7761493921279907
-1.6234476566314697
-0.39668843150138855
-1.5158939361572266
0.1442793756723404
-0.29627567529678345
-1.7627087831497192
0.06833288818597794
-1.4328845739364624
-1.7219393253326416
-1.692726731300354
0.10767996311187744
-1.214805245399475
-2.288151264190674
-2.368631601333618
-1.1596815586090088
-2.2674121856689453
-1.3880656957626343
-0.15494711697101593
0.10790572315454483
-1.6046786308288574
-1.051459789276123
-2.857447862625122
1.9713160991668701
-1.4121538400650024
-1.5892215967178345
-1.8103055953979492
-1.3343688249588013
-1.4734079837799072
0.1475084125995636
