1.5745095014572144
1.4222304821014404
5.265384674072266
2.7338521480560303
2.5696024894714355
1.4710999727249146
0.38737237453460693
-1.5998730659484863
1.6838202476501465
2.8144044876098633
2.1534698009490967
1.6248853206634521
4.534237384796143
0.2892117500305176
2.6451878547668457
2.1210832595825195
-0.6323239803314209
2.4522764682769775
2.5418293476104736
2.182292938232422
1.9698643684387207
1.6070687770843506
2.7717907428741455
2.3680942058563232
0.03704044222831726
-1.7142834663391113
0.9110034108161926
2.6696937084198
1.961785912513733
1.952090859413147
2.6098334789276123
4.680728435516357
3.2270631790161133
1.7863049507141113
-0.5239271521568298
5.100963592529297
1.1264259815216064
2.664583206176758
2.0871517658233643
0.6987962126731873
1.5089142322540283
2.0998408794403076
0.7747821807861328
-1.0620744228363037
1.9660016298294067
2.416314125061035
1.8617645502090454
2.4119181632995605
4.754307746887207
3.040452241897583
2.374812602996826
2.5455377101898193
2.224311351776123
2.2766165733337402
2.0834052562713623
0.45502418279647827
2.6214020252227783
1.3806482553482056
0.6199871301651001
1.091476321220398
2.6034326553344727
3.6361398696899414
-1.7525780200958252
0.9250092506408691
2.6211342811584473
2.14973521232605
2.6645147800445557
1.461380124092102
2.059837818145752
2.4990227222442627
2.4509074687957764
2.737116813659668
4.554188251495361
1.247445821762085
2.42643666267395
2.497387647628784
-1.188327431678772
0.43231290578842163
1.3271584510803223
0.675504744052887
1.446085810661316
1.305687665939331
1.7838141918182373
1.8763725757598877
3.6567721366882324
2.2558584213256836
1.147387146949768
1.259738564491272
2.161295175552368
2.187648057937622
2.333280086517334
2.459885597229004
4.390476226806641
-0.27101147174835205
2.178675889968872
1.2332894802093506
4.060935974121094
4.883662700653076
2.390944242477417
2.3647522926330566
0.006276499480009079
1.8594378232955933
0.7006096839904785
2.516131639480591
0.5099024176597595
1.9826072454452515
5.19984769821167
1.0016711950302124
2.3673582077026367
2.7830188274383545
1.3460626602172852
0.016062157228589058
2.284886121749878
-0.06539062410593033
1.7433053255081177
2.6994400024414062
-0.26710063219070435
2.593360424041748
1.9048811197280884
0.050987306982278824
2.185615301132202
1.6727516651153564
2.009028911590576
-1.696160912513733
3.6998519897460938
1.9715006351470947
3.059781789779663
2.01224684715271
1.8063232898712158
2.119520425796509
1.84499192237854
1.931380271911621
5.192348003387451
2.288734197616577
-2.6052498817443848
1.2972500324249268
3.0253541469573975
0.6220541596412659
1.5874013900756836
3.117034912109375
2.2051024436950684
2.6137032508850098
-1.1041855812072754
1.9537780284881592
2.669513463973999
0.11161430925130844
-1.0630074739456177
1.8655407428741455
0.8321493268013
1.1275204420089722
2.0305449962615967
1.7916514873504639
2.3193695545196533
1.4829063415527344
0.6200786232948303
0.05676586180925369
2.147339344024658
-1.0750950574874878
2.409301996231079
2.806032657623291
0.8627402782440186
2.1990628242492676
2.1522305011749268
-0.2153427004814148
2.6427249908447266
2.7785911560058594
3.6849288940429688
2.198906421661377
2.4909775257110596
1.3011199235916138
2.7788138389587402
0.8896902203559875
2.1929714679718018
0.28403282165527344
1.3581130504608154
1.0400301218032837
1.3331066370010376
1.2068620920181274
2.4896585941314697
2.7752249240875244
2.3425545692443848
2.3312740325927734
2.013998031616211
2.7032928466796875
4.739673614501953
1.870922327041626
1.760543704032898
2.299039125442505
-1.1629949808120728
1.6202694177627563
0.9812500476837158
1.18890380859375
1.2679781913757324
2.6977527141571045
3.0575337409973145
3.291337728500366
2.0320889949798584
2.6582703590393066
2.2022197246551514
0.8550025224685669
2.407620906829834
2.683579444885254
1.7142610549926758
3.4395649433135986
2.4328901767730713
1.439151644706726
2.1731925010681152
2.1069416999816895
1.3193544149398804
2.2124319076538086
0.6674914360046387
1.9483524560928345
1.5144484043121338
1.9361672401428223
2.9224460124969482
1.645924687385559
2.199972629547119
2.508091926574707
1.6760286092758179
-1.0092302560806274
5.238615989685059
3.551697254180908
2.4791548252105713
2.706216335296631
2.4402832984924316
2.372464895248413
2.9616525173187256
4.663531303405762
2.3485779762268066
4.71432638168335
2.6121394634246826
1.7232099771499634
2.507460832595825
0.728256344795227
1.4661427736282349
2.465085029602051
1.7587543725967407
1.7433408498764038
1.8425846099853516
2.395237684249878
-0.4520508646965027
3.224942922592163
2.2656822204589844
-1.2331457138061523
1.1055387258529663
1.6687979698181152
0.6133629083633423
1.7161434888839722
3.510014772415161
1.8587514162063599
0.20648404955863953
1.24554443359375
2.3767404556274414
2.5869734287261963
0.8898277878761292
3.106152296066284
1.6863054037094116
2.5682716369628906
2.2430224418640137
2.7024731636047363
1.7612547874450684
2.109980344772339
2.273003101348877
2.3120059967041016
-0.4716860353946686
1.8830820322036743
2.1433775424957275
2.679319143295288
2.6323623657226562
1.0460714101791382
2.162290573120117
3.455611228942871
1.9242122173309326
1.9963582754135132
2.1278128623962402
4.2726335525512695
1.7111446857452393
2.19819974899292
2.6571364402770996
1.4517607688903809
1.0878931283950806
2.740676164627075
-1.2572153806686401
0.9555816054344177
-0.2827313244342804
1.9446637630462646
0.8686704039573669
2.518775224685669
2.1509134769439697
2.3425638675689697
3.0498440265655518
1.9521514177322388
2.3131425380706787
-1.388392686843872
3.608125925064087
2.547071695327759
1.8315346240997314
2.168738603591919
1.6290580034255981
0.12333367019891739
4.779423713684082
2.5874109268188477
1.645269513130188
3.2743608951568604
-0.030409757047891617
-1.238595962524414
1.9223227500915527
1.7513271570205688
-0.6334781050682068
3.207303047180176
-0.22890733182430267
1.5746510028839111
2.5791361331939697
1.62880539894104
2.1168723106384277
1.9381515979766846
2.383390426635742
2.7193145751953125
3.0254573822021484
2.1859021186828613
2.539720296859741
1.0049422979354858
1.8546608686447144
-1.2882004976272583
2.2782492637634277
-2.9155452251434326
2.5886456966400146
0.9761173129081726
2.624136447906494
1.8398442268371582
3.4277400970458984
2.4796063899993896
0.922995924949646
1.881779670715332
-2.7261099815368652
3.7142231464385986
-0.5504493117332458
2.311910390853882
4.223982810974121
2.3535499572753906
1.3111587762832642
1.3316677808761597
1.9134224653244019
2.0255002975463867
3.873060464859009
2.477942943572998
1.6262835264205933
2.5264782905578613
1.9730708599090576
1.7203153371810913
2.1258511543273926
2.991466522216797
1.419681191444397
1.5080095529556274
1.9630353450775146
2.390981674194336
2.7552881240844727
2.715329885482788
0.32351624965667725
1.0562224388122559
2.0557990074157715
-1.5924243927001953
2.3644821643829346
1.0078362226486206
-1.732222080230713
5.222933292388916
1.1265218257904053
2.7944986820220947
1.7804102897644043
1.5131824016571045
-1.1683728694915771
0.12536990642547607
1.3583296537399292
1.309981107711792
1.2749844789505005
2.0181968212127686
1.7898826599121094
1.9503264427185059
2.362064838409424
-0.4885537624359131
2.308680534362793
2.566131114959717
4.224180698394775
2.2814619541168213
2.264509916305542
1.6770212650299072
2.4216740131378174
1.9749754667282104
3.9188292026519775
1.1524890661239624
2.686349868774414
2.464918613433838
2.5175275802612305
-2.707185983657837
0.010667713358998299
2.1367926597595215
4.781124591827393
1.0901716947555542
2.3972067832946777
1.8254696130752563
1.4523241519927979
2.0528745651245117
1.7979331016540527
2.2956228256225586
2.2963716983795166
2.517827272415161
0.922819972038269
1.645692229270935
2.0147647857666016
2.335331678390503
2.2739484310150146
3.271918535232544
-0.7664759159088135
1.0348083972930908
0.34495341777801514
2.2312729358673096
-1.920365333557129
0.10933937132358551
1.7247802019119263
4.032701015472412
1.7405449151992798
3.191133975982666
2.17401123046875
2.093724489212036
1.988625407218933
0.5402242541313171
1.359928011894226
1.7095986604690552
2.2313857078552246
2.7259786128997803
0.7902417778968811
1.670862078666687
3.285478353500366
1.8581912517547607
0.7637640237808228
2.2057993412017822
2.39426589012146
1.7856093645095825
1.0226964950561523
-0.10418590158224106
4.382608413696289
2.420546770095825
0.4010389447212219
2.0844502449035645
1.2146745920181274
3.6382741928100586
1.9937773942947388
3.666825771331787
0.29405677318573
2.681736707687378
-0.718455970287323
4.804798603057861
1.408693552017212
2.6178717613220215
1.7098408937454224
-1.5395593643188477
2.2731173038482666
2.4128012657165527
0.3796026408672333
1.4667820930480957
1.480741262435913
0.762683093547821
2.113072156906128
1.9492555856704712
2.633572816848755
2.4057817459106445
0.9758941531181335
-0.1495327353477478
0.4213225841522217
0.982712984085083
2.747767448425293
1.7051303386688232
2.4633331298828125
1.8616567850112915
-2.6201133728027344
1.8163541555404663
2.85522723197937
2.4751601219177246
2.2757840156555176
1.4991481304168701
3.3325555324554443
2.0844054222106934
1.5626760721206665
2.4257941246032715
2.2399332523345947
4.867712497711182
2.0170533657073975
0.6682043075561523
1.151476502418518
2.1587789058685303
2.3941614627838135
3.540127992630005
-0.2216702252626419
2.3640594482421875
3.290428638458252
1.3115324974060059
1.3938711881637573
1.0580698251724243
2.124237060546875
1.4708728790283203
0.7619736790657043
2.4167163372039795
1.6712077856063843
1.1897660493850708
-1.3518108129501343
2.0153603553771973
2.459742307662964
2.176414728164673
1.015588402748108
2.747730016708374
2.0305352210998535
2.557175397872925
1.7703286409378052
1.4648256301879883
2.340083360671997
2.706716299057007
3.4650728702545166
1.5661075115203857
1.4497828483581543
2.209169626235962
2.1410040855407715
1.8508108854293823
0.4703547954559326
2.066426992416382
2.673539876937866
2.428102970123291
2.3357789516448975
3.110475540161133
2.176006317138672
1.9098368883132935
1.7183705568313599
1.837782621383667
2.1228976249694824
1.6367703676223755
3.34460186958313
1.078018069267273
3.968707323074341
1.2604517936706543
3.137077808380127
2.455914258956909
0.22331857681274414
1.0131161212921143
2.0385544300079346
3.25189208984375
0.352067232131958
1.8614308834075928
1.9168059825897217
1.570439338684082
-1.517516016960144
0.5701387524604797
0.37112152576446533
3.18999981880188
-0.09069191664457321
1.8185219764709473
3.663177251815796
2.298781156539917
1.471103310585022
0.7816764712333679
1.6294050216674805
2.3338944911956787
1.0487171411514282
-1.2842227220535278
1.6608209609985352
2.0987868309020996
1.037928819656372
-0.09186423569917679
2.6198794841766357
3.4892916679382324
1.1948908567428589
4.166024684906006
1.4637055397033691
2.2871437072753906
2.4744439125061035
0.5355726480484009
2.5706942081451416
1.5696187019348145
2.2545015811920166
2.7225897312164307
1.0959330797195435
0.22492018342018127
2.3766965866088867
1.5691823959350586
-1.4897656440734863
2.467590093612671
-0.04286268725991249
1.694581389427185
1.4556163549423218
2.5363059043884277
2.2685720920562744
3.560356855392456
1.3230218887329102
2.112467050552368
1.2119190692901611
2.4211204051971436
1.4579797983169556
2.1699471473693848
2.212409734725952
1.37838876247406
3.4304583072662354
4.941895484924316
2.319520950317383
1.7279969453811646
2.67382550239563
2.531388282775879
1.1835110187530518
1.8936458826065063
2.4624369144439697
2.603480577468872
0.5859190225601196
0.5822173953056335
-1.170133352279663
2.0797812938690186
2.3784096240997314
1.272129774093628
-2.74957275390625
1.8005443811416626
2.1041040420532227
1.649610996246338
0.30764541029930115
2.418480396270752
1.4876049757003784
1.2566940784454346
0.7280375957489014
2.0949862003326416
1.6571805477142334
0.05644684284925461
2.5563061237335205
0.45304054021835327
5.9359846115112305
2.3055171966552734
1.486116886138916
1.803476095199585
2.0581939220428467
1.9073609113693237
2.2660913467407227
2.5722599029541016
1.3627196550369263
1.5439003705978394
2.5332350730895996
2.568516492843628
2.2594292163848877
4.611027717590332
2.189382791519165
2.1288328170776367
2.344741106033325
0.7255637645721436
0.08099149167537689
-1.4643746614456177
2.58168888092041
2.0892865657806396
1.8035284280776978
2.2640819549560547
2.0566866397857666
-1.4703998565673828
3.81195068359375
1.7286689281463623
-2.394120216369629
2.155806064605713
1.205194354057312
2.598210573196411
1.5126967430114746
-0.7753673195838928
1.8054418563842773
1.880328893661499
1.8691445589065552
0.061651282012462616
2.585198163986206
2.1700472831726074
2.3921563625335693
2.3624513149261475
3.4360415935516357
2.2573013305664062
