0.008216321468353271
0.2047925591468811
0.013491272926330566
0.00937122106552124
0.015433132648468018
0.008439421653747559
0.008518874645233154
1.9745993614196777
0.007366955280303955
0.031345486640930176
0.01000666618347168
0.006543755531311035
0.0052550435066223145
0.40428626537323
0.012420296669006348
0.010750353336334229
0.20931756496429443
0.010976910591125488
0.023195981979370117
0.01587778329849243
0.012261748313903809
0.008187413215637207
0.010857582092285156
0.003599405288696289
0.005455732345581055
0.32818514108657837
0.5891932845115662
0.018476486206054688
0.012985467910766602
0.009618401527404785
0.013869643211364746
0.10507380962371826
0.2673143148422241
0.008128821849822998
0.6320883631706238
0.027386486530303955
0.015377461910247803
0.0107649564743042
0.009658873081207275
0.007401704788208008
0.07820063829421997
0.23932695388793945
0.27606379985809326
0.02925962209701538
0.013383448123931885
0.012633442878723145
0.010298073291778564
0.015250980854034424
0.010391473770141602
0.07249701023101807
0.29584550857543945
0.008327007293701172
0.011503100395202637
0.016869664192199707
0.10156571865081787
0.009009361267089844
0.009542107582092285
0.007269680500030518
0.012540280818939209
0.07875436544418335
0.009988486766815186
0.03145366907119751
0.014191150665283203
0.011088788509368896
0.012977182865142822
0.009434103965759277
0.015541136264801025
0.007290244102478027
0.011844158172607422
0.017031610012054443
0.010945379734039307
0.01683223247528076
0.01809871196746826
0.008732378482818604
0.0029355287551879883
0.00965648889541626
0.19869160652160645
0.00428694486618042
0.010573744773864746
0.00855332612991333
0.0095633864402771
0.016413450241088867
0.011168062686920166
0.00824350118637085
0.028545022010803223
0.01107090711593628
0.012270569801330566
0.014202892780303955
0.011984527111053467
0.012769460678100586
0.015913307666778564
0.015031754970550537
0.013563096523284912
0.0028943419456481934
0.01167362928390503
0.014244318008422852
0.013392329216003418
0.0589560866355896
0.010834813117980957
0.006584346294403076
0.14730888605117798
0.1250346302986145
0.009780049324035645
0.01401907205581665
0.02504044771194458
0.012598991394042969
0.02892458438873291
0.27822279930114746
0.008446276187896729
0.010287642478942871
0.18727856874465942
0.0025557279586791992
0.010496795177459717
0.2613598704338074
0.010458052158355713
0.00911092758178711
0.0051808953285217285
0.012956619262695312
0.009211182594299316
0.3194957375526428
0.010448276996612549
0.04853177070617676
0.003944516181945801
0.18703126907348633
0.008566975593566895
0.009272634983062744
0.04824566841125488
0.008869349956512451
0.006514608860015869
0.1884360909461975
0.012778878211975098
0.020105838775634766
0.0067705512046813965
0.9929372072219849
0.21653932332992554
0.008498191833496094
0.02853250503540039
0.019164741039276123
0.012845218181610107
0.21251606941223145
0.011368870735168457
0.011938691139221191
0.046159446239471436
0.006732046604156494
0.01613527536392212
0.2260974645614624
0.00738757848739624
0.012435674667358398
0.0987059473991394
0.028032243251800537
0.009173929691314697
0.008814632892608643
0.02965104579925537
0.010319113731384277
0.01144784688949585
1.0554949045181274
0.010108709335327148
0.002169489860534668
0.010138332843780518
0.034621238708496094
0.00865471363067627
0.008120954036712646
0.01065737009048462
0.035018324851989746
0.00998765230178833
0.011252164840698242
0.05960816144943237
0.014584541320800781
0.009832561016082764
0.08057743310928345
0.009302079677581787
0.008341014385223389
0.010865569114685059
0.014726638793945312
0.012843787670135498
0.012341022491455078
0.007855832576751709
0.03890383243560791
0.013118982315063477
0.3591156005859375
0.08198904991149902
0.012824773788452148
0.01269519329071045
0.026229560375213623
0.19528979063034058
0.16732299327850342
0.12211328744888306
0.008679091930389404
0.594947099685669
0.2525526285171509
0.012737572193145752
0.6432480812072754
0.032327890396118164
0.03442966938018799
0.02961742877960205
0.056268513202667236
0.006518065929412842
0.007936477661132812
0.012216687202453613
0.6581746339797974
0.014865458011627197
0.01130741834640503
0.05527365207672119
0.06789052486419678
0.01911616325378418
0.009915530681610107
0.007477700710296631
0.010610580444335938
0.009281933307647705
0.010113835334777832
0.18361324071884155
0.006566524505615234
0.010389626026153564
0.00589299201965332
0.08595234155654907
0.010898172855377197
0.012796938419342041
0.013898789882659912
0.0085676908493042
0.05490618944168091
0.049765825271606445
0.00871431827545166
0.01098012924194336
0.01551210880279541
0.01019829511642456
0.008794605731964111
0.02632904052734375
0.020728230476379395
0.009981691837310791
0.0033721923828125
0.012019515037536621
0.035830140113830566
0.017128467559814453
0.007420480251312256
0.01728236675262451
0.015459418296813965
0.011083483695983887
0.010540008544921875
0.010550856590270996
0.011766016483306885
0.24813556671142578
0.21782457828521729
0.009002685546875
0.02705913782119751
0.0013842582702636719
0.008245468139648438
0.016930878162384033
0.012573063373565674
0.030427098274230957
0.04649108648300171
0.2466503381729126
0.01820307970046997
0.00751650333404541
0.010992169380187988
0.01234966516494751
0.004876911640167236
0.01036679744720459
0.016545116901397705
0.020414233207702637
0.01304095983505249
0.010395288467407227
0.014221549034118652
0.011432647705078125
0.0628017783164978
0.8519150018692017
0.0346493124961853
0.01177072525024414
0.43954360485076904
0.009549140930175781
0.1261892318725586
0.006966829299926758
0.07127821445465088
0.020917952060699463
0.014914989471435547
0.016152799129486084
0.014053046703338623
0.011047124862670898
0.017962217330932617
0.008494734764099121
0.005786478519439697
0.20583093166351318
0.010342419147491455
0.001478731632232666
0.009877026081085205
0.00243532657623291
0.010050058364868164
0.015188634395599365
0.012355148792266846
0.00843501091003418
0.010186374187469482
0.06781721115112305
0.010608494281768799
0.010336875915527344
0.022904694080352783
0.005376756191253662
0.01428365707397461
0.031199097633361816
0.02382582426071167
0.008618056774139404
0.31529557704925537
0.023243308067321777
0.00934898853302002
0.009536027908325195
0.036709606647491455
0.0030618906021118164
0.008784115314483643
0.013609588146209717
0.014551639556884766
0.3132582902908325
0.057696521282196045
0.3506615161895752
0.01175600290298462
0.008601605892181396
0.005621969699859619
0.010754585266113281
0.010867536067962646
0.013294816017150879
0.011695384979248047
0.05180156230926514
0.0075234174728393555
0.013026118278503418
0.5782569050788879
0.011476218700408936
0.005468964576721191
0.014465272426605225
0.08653068542480469
0.010800182819366455
0.016534924507141113
0.013892412185668945
0.013422667980194092
0.01046288013458252
0.018397986888885498
0.007717549800872803
0.011034369468688965
0.022339463233947754
0.009692013263702393
0.16540288925170898
0.01024538278579712
0.007036685943603516
0.00998687744140625
0.00962918996810913
0.01763206720352173
0.011401593685150146
0.15118694305419922
0.012311875820159912
0.541192352771759
0.394461452960968
0.013128578662872314
0.00919109582901001
0.020721852779388428
0.015294671058654785
0.05184030532836914
0.09525120258331299
0.016156017780303955
0.011227130889892578
0.009817779064178467
0.062451064586639404
0.008764445781707764
0.003198862075805664
0.4698629379272461
0.014042496681213379
0.0032335519790649414
0.009766459465026855
0.010034382343292236
0.0033242106437683105
0.017203152179718018
0.006971836090087891
0.010089576244354248
0.01081693172454834
0.006936252117156982
0.006351172924041748
0.002930760383605957
0.009903311729431152
0.020599305629730225
0.7508541345596313
0.08502662181854248
0.04986226558685303
0.009694933891296387
0.011290192604064941
0.002547144889831543
0.007977664470672607
0.1613675355911255
0.009797334671020508
0.01615607738494873
0.015769898891448975
0.0149039626121521
0.011753857135772705
0.11402064561843872
0.021468937397003174
0.009793281555175781
0.014426767826080322
0.012234807014465332
0.014423847198486328
0.45553386211395264
0.8159266710281372
0.011674940586090088
0.019702911376953125
0.01154237985610962
0.010236680507659912
0.015661954879760742
0.023140907287597656
0.01522982120513916
0.02314084768295288
0.01509624719619751
0.018087923526763916
0.009006798267364502
0.18288016319274902
0.0074942708015441895
0.014987289905548096
0.008107364177703857
0.01287001371383667
0.06238818168640137
0.002288520336151123
0.5093668103218079
0.007091641426086426
0.015622317790985107
0.0022006630897521973
0.12807327508926392
0.00964808464050293
0.009060263633728027
0.009594500064849854
0.056507647037506104
0.008861064910888672
0.015032410621643066
0.3429396152496338
0.008025288581848145
0.007732868194580078
0.013368546962738037
0.09877294301986694
0.011467337608337402
0.35584092140197754
0.013506591320037842
0.011059820652008057
0.012939631938934326
0.010070443153381348
0.013013064861297607
0.007760286331176758
0.17065274715423584
0.011467695236206055
0.6280766129493713
0.07435673475265503
0.010377347469329834
0.0018211007118225098
0.014312386512756348
0.012409865856170654
0.014431595802307129
0.010043561458587646
0.022317886352539062
0.15115141868591309
0.01110750436782837
0.005648016929626465
0.1560167670249939
0.028873085975646973
0.011412501335144043
0.01199263334274292
0.0022221803665161133
0.009866178035736084
0.010277211666107178
0.0017853975296020508
0.008508503437042236
0.007208466529846191
0.012830853462219238
0.01042020320892334
0.0063443779945373535
0.019465982913970947
0.015073716640472412
0.0021460652351379395
0.10048550367355347
0.011470258235931396
0.014434337615966797
0.02268242835998535
0.019668400287628174
0.00951528549194336
0.007719695568084717
0.011505663394927979
0.011262476444244385
0.010782241821289062
0.011652112007141113
0.011658132076263428
0.009650886058807373
0.030312418937683105
0.011299312114715576
0.019744277000427246
0.012050747871398926
0.014667630195617676
0.01753699779510498
0.016750812530517578
0.435632586479187
0.010725021362304688
0.007053732872009277
0.01595783233642578
0.010986804962158203
0.02336108684539795
0.00758129358291626
0.010723412036895752
0.009125351905822754
0.011949241161346436
0.009899437427520752
0.00966799259185791
0.013149738311767578
0.132485032081604
0.012264788150787354
0.014425694942474365
0.15407109260559082
0.01525193452835083
0.008479475975036621
0.025998473167419434
0.014180958271026611
0.532366931438446
0.011480212211608887
0.018842101097106934
0.014703094959259033
0.011149764060974121
0.009355127811431885
0.009461700916290283
0.01068425178527832
0.02912086248397827
0.45762717723846436
0.01080542802810669
0.1800175905227661
0.008464932441711426
0.00920027494430542
0.01386326551437378
0.01053541898727417
0.012078702449798584
0.009009599685668945
0.015901625156402588
0.0033015012741088867
0.01565086841583252
0.009902000427246094
0.013830482959747314
0.011925458908081055
0.01286846399307251
0.003192424774169922
0.011017262935638428
0.008319735527038574
0.003924846649169922
0.004577934741973877
0.03915810585021973
0.01241689920425415
0.42121922969818115
0.011613130569458008
0.10717707872390747
0.04367375373840332
0.7211734056472778
0.013068139553070068
0.01029902696609497
0.00908571481704712
0.54026198387146
0.0055272579193115234
0.004126012325286865
0.026873886585235596
1.2640682458877563
0.010980665683746338
0.07939165830612183
0.007168591022491455
0.007181525230407715
0.06278479099273682
0.006722629070281982
0.008275330066680908
0.011918723583221436
0.03783220052719116
1.0372343063354492
0.24085968732833862
0.010329246520996094
0.007384359836578369
0.008203506469726562
0.006900370121002197
0.007710576057434082
0.011397898197174072
0.007325172424316406
0.031336426734924316
0.010069847106933594
0.008191406726837158
0.010782599449157715
0.016453802585601807
0.010181188583374023
0.015178859233856201
0.011315584182739258
0.0037165284156799316
0.01131141185760498
0.014084577560424805
0.10013878345489502
0.012222766876220703
0.7359969019889832
0.0164034366607666
0.006339430809020996
0.014074742794036865
0.009475111961364746
0.016990840435028076
0.04414111375808716
0.009671449661254883
0.009419739246368408
0.012531161308288574
0.00490647554397583
0.010378777980804443
0.010020136833190918
0.012194693088531494
2.4707558155059814
0.013130903244018555
0.009692013263702393
0.01728159189224243
0.01138448715209961
0.009158551692962646
0.008543670177459717
0.010812819004058838
0.008129715919494629
0.016179680824279785
0.0057378411293029785
0.7795015573501587
0.5324910879135132
0.010773420333862305
0.004799962043762207
0.011716842651367188
0.002007901668548584
0.05343520641326904
0.01250380277633667
0.008932888507843018
0.12028026580810547
0.01240074634552002
0.009180009365081787
0.021590888500213623
0.0502086877822876
0.008957207202911377
0.013248026371002197
0.4849052429199219
0.01337522268295288
0.71284419298172
0.013442695140838623
0.01162111759185791
0.010705769062042236
0.015116572380065918
0.010934531688690186
0.010692834854125977
0.018336713314056396
0.02356618642807007
0.02462780475616455
0.006855487823486328
0.7988029718399048
0.009316444396972656
0.013047337532043457
0.009073376655578613
0.01306074857711792
0.010652661323547363
0.14081978797912598
0.011279642581939697
0.004787027835845947
0.0006771087646484375
0.009709179401397705
0.012544989585876465
0.009177207946777344
0.010307133197784424
0.009732306003570557
0.0022426247596740723
0.011314034461975098
0.008056282997131348
0.006530821323394775
0.01884061098098755
0.008609473705291748
0.011116743087768555
0.4201885461807251
0.003478407859802246
0.009045600891113281
0.12238073348999023
0.010824263095855713
0.4166823625564575
0.01170659065246582
0.008439600467681885
0.01485210657119751
0.01944863796234131
0.009116649627685547
0.004619598388671875
