1.0328174829483032
1.6128740310668945
1.0061006546020508
1.1404876708984375
1.1060611009597778
1.0228010416030884
1.201192021369934
2.236266851425171
1.1292589902877808
1.3562912940979004
1.0647507905960083
1.0614731311798096
1.0306504964828491
1.8202602863311768
1.1618022918701172
1.1906945705413818
2.047806739807129
1.2190018892288208
1.1925532817840576
0.9564551711082458
1.1558220386505127
1.1261707544326782
0.902015745639801
1.3728322982788086
1.8723974227905273
3.2777161598205566
1.7374267578125
1.0870745182037354
1.0944781303405762
1.0848244428634644
0.9996393918991089
1.1498055458068848
1.3011711835861206
1.054048776626587
2.497086763381958
1.0028095245361328
1.1544091701507568
1.1243168115615845
1.0640264749526978
1.183501124382019
1.7329457998275757
1.028586983680725
1.6034636497497559
4.794659614562988
1.0384070873260498
1.0919777154922485
1.0193458795547485
1.1660139560699463
0.918752908706665
0.8727812767028809
1.3237825632095337
1.0750460624694824
1.0936756134033203
1.0124555826187134
1.2240619659423828
1.1272777318954468
1.1942412853240967
1.0767195224761963
1.1385432481765747
1.5313891172409058
1.128303050994873
0.9297354221343994
3.2100298404693604
1.0055296421051025
1.2610746622085571
1.0569660663604736
1.1468969583511353
1.0744142532348633
0.979589581489563
1.056995153427124
1.0744330883026123
1.135710597038269
0.9667630195617676
1.0938254594802856
1.385418176651001
1.06307053565979
3.0608181953430176
1.4984333515167236
1.0320584774017334
1.0772407054901123
1.201758861541748
0.9161319136619568
1.151999592781067
1.1321358680725098
0.925704300403595
1.206700325012207
1.2046698331832886
1.0514966249465942
1.0354355573654175
1.179011583328247
1.1859256029129028
1.1462103128433228
0.9485151171684265
1.9190458059310913
1.046798825263977
1.2082574367523193
0.9371417164802551
1.049757719039917
1.1204142570495605
1.065701961517334
2.6214966773986816
1.1761091947555542
1.0933160781860352
1.1401634216308594
1.573410153388977
1.0172796249389648
0.9892612099647522
1.3129723072052002
1.2228049039840698
1.1255689859390259
1.2729336023330688
1.8875499963760376
0.9654389023780823
1.7236829996109009
1.0897338390350342
1.2070703506469727
2.051614284515381
1.1578788757324219
1.1019195318222046
1.9432826042175293
1.054753303527832
1.3409899473190308
1.4261939525604248
2.127276659011841
0.9617466926574707
1.0475032329559326
1.072095513343811
1.1583325862884521
1.1491975784301758
1.2466211318969727
1.1827253103256226
1.0184381008148193
1.0852354764938354
1.2399460077285767
2.094299077987671
1.1631454229354858
1.0073955059051514
1.2916643619537354
1.100461721420288
0.9661203622817993
1.089553952217102
1.115464448928833
1.8314907550811768
1.0468907356262207
1.0902118682861328
1.9990602731704712
1.6873515844345093
1.2300665378570557
1.6039214134216309
1.3516430854797363
0.9987888336181641
1.1615124940872192
1.172232747077942
1.1433333158493042
1.1717990636825562
1.661702275276184
1.245495319366455
2.4522628784179688
1.1264829635620117
1.0006654262542725
1.118144154548645
1.083609938621521
1.0938910245895386
2.091383695602417
1.0827176570892334
1.2282352447509766
1.0242342948913574
1.1138091087341309
1.0114209651947021
1.2499268054962158
1.0764731168746948
1.0142148733139038
1.1189850568771362
1.1992942094802856
1.0823895931243896
1.2424741983413696
0.9936689138412476
1.2261106967926025
1.061540126800537
1.0371555089950562
0.916368842124939
1.0556877851486206
1.2938990592956543
1.2373228073120117
1.14244544506073
1.1372075080871582
1.4382436275482178
1.1892683506011963
2.729595184326172
1.3663785457611084
1.2365673780441284
1.8857553005218506
1.2780232429504395
1.2927998304367065
1.0940237045288086
1.2839140892028809
1.0403385162353516
1.1151374578475952
1.0226322412490845
1.4198451042175293
1.1003198623657227
1.1787834167480469
1.0279775857925415
1.021141767501831
1.1509373188018799
1.1874767541885376
1.049885630607605
1.1368074417114258
1.2394976615905762
1.1487057209014893
1.7770617008209229
1.2066508531570435
0.9625805616378784
1.1157644987106323
1.2280997037887573
1.281323790550232
1.1495779752731323
1.153456687927246
1.176256537437439
1.794127345085144
1.0256973505020142
0.9113960862159729
1.1544028520584106
1.1010212898254395
1.1404118537902832
1.0475435256958008
0.944983959197998
1.0714221000671387
1.0133180618286133
1.626664400100708
0.9930698871612549
1.2258003950119019
1.0735344886779785
1.070792555809021
1.2361845970153809
1.163240671157837
1.0549288988113403
1.1931767463684082
1.0666943788528442
1.2097312211990356
2.021184206008911
1.140731930732727
1.1119893789291382
1.70094895362854
1.4830775260925293
1.054805040359497
1.1963751316070557
1.0850681066513062
1.0037965774536133
1.285984754562378
2.2879040241241455
1.003553032875061
1.104682207107544
1.1852232217788696
1.1291401386260986
0.9708471298217773
1.0734144449234009
1.2388756275177002
0.9692614078521729
1.28126859664917
1.1144413948059082
1.183666706085205
1.171041488647461
1.0782748460769653
2.0464000701904297
1.1445025205612183
1.0735538005828857
1.1697863340377808
1.1000114679336548
1.4930434226989746
1.1202300786972046
1.0603169202804565
1.2477370500564575
1.163010835647583
1.0887632369995117
0.9621977210044861
1.2149138450622559
1.1311168670654297
1.0247013568878174
1.1357874870300293
1.555084466934204
1.1884616613388062
2.4651143550872803
1.5065995454788208
2.0278427600860596
1.1306630373001099
1.1519477367401123
1.2802270650863647
1.130814552307129
1.076758861541748
1.0350780487060547
1.1082426309585571
1.2283804416656494
1.6507554054260254
0.9716812372207642
1.1323964595794678
1.2019485235214233
1.172340989112854
1.112877607345581
1.773384690284729
0.9937617778778076
1.146422266960144
1.189886212348938
0.9671624898910522
2.061286211013794
2.2471835613250732
1.108282446861267
1.191911220550537
2.5311660766601562
0.9592543244361877
2.2305755615234375
1.1370564699172974
1.1117626428604126
1.1230512857437134
1.1274479627609253
1.1420968770980835
1.0941448211669922
1.0747294425964355
1.030842661857605
1.1474082469940186
1.3297151327133179
1.3462069034576416
1.0408449172973633
2.6333365440368652
1.1386550664901733
2.8801779747009277
1.1784213781356812
1.0657718181610107
1.2110161781311035
1.2521300315856934
0.927720844745636
1.1048184633255005
1.1162489652633667
1.0326851606369019
2.1598570346832275
0.9629881381988525
1.9453575611114502
1.2016096115112305
0.9723334908485413
1.1047735214233398
1.1253743171691895
1.2180233001708984
1.1138907670974731
1.1964486837387085
0.9664345979690552
1.4006049633026123
1.496738076210022
1.153207778930664
1.171606421470642
1.3382235765457153
1.0591671466827393
0.9762079119682312
1.424070119857788
1.0998483896255493
1.0381158590316772
1.1848812103271484
1.1737078428268433
1.088861107826233
1.7939834594726562
1.4707399606704712
1.0414824485778809
2.632256031036377
1.1500219106674194
1.0314857959747314
2.886995792388916
0.9839736223220825
1.1941560506820679
1.1112669706344604
1.071466088294983
0.9422942996025085
2.732506036758423
1.8032292127609253
1.01405930519104
1.2437902688980103
1.6920881271362305
1.1774121522903442
1.0299248695373535
0.9655611515045166
1.221487283706665
2.3395724296569824
1.1207727193832397
1.2572007179260254
0.9206352233886719
1.0777817964553833
1.0871144533157349
1.045121431350708
1.0580787658691406
1.1496098041534424
0.8399298787117004
1.2290037870407104
1.0998735427856445
1.1974430084228516
1.1398414373397827
3.5076706409454346
2.2102503776550293
1.0779097080230713
0.8341033458709717
1.062354564666748
1.1759436130523682
1.198315978050232
1.1695854663848877
1.1637977361679077
1.0400677919387817
1.192392110824585
1.1641216278076172
1.0960321426391602
1.8999100923538208
1.0895298719406128
1.0954054594039917
1.1082544326782227
1.0626884698867798
0.9916638135910034
2.276357412338257
1.70988929271698
1.1117148399353027
1.070286512374878
2.9591870307922363
2.3185884952545166
1.1095741987228394
1.006183385848999
1.0448660850524902
0.960715651512146
1.1454055309295654
1.1511098146438599
1.823937177658081
1.5536930561065674
0.9659650325775146
1.1889067888259888
1.0459153652191162
1.0730477571487427
1.565600037574768
1.3481898307800293
0.8507857918739319
1.1395883560180664
1.0614771842956543
1.1229087114334106
0.9947213530540466
1.3135030269622803
1.090254783630371
2.3777732849121094
1.0084842443466187
1.0318169593811035
1.7351051568984985
1.0633134841918945
1.2300102710723877
0.9814356565475464
1.0562231540679932
0.9345300793647766
1.8345366716384888
1.1837916374206543
1.9254677295684814
1.1258063316345215
1.1977304220199585
1.0726721286773682
1.0658541917800903
2.137669801712036
1.1380292177200317
1.0052605867385864
1.5966248512268066
1.021186113357544
1.1574558019638062
1.058722734451294
1.0708991289138794
1.0438034534454346
0.9990488290786743
1.0980604887008667
1.7017842531204224
2.8453543186187744
1.2712790966033936
1.1824415922164917
1.2572072744369507
1.1468725204467773
1.1474345922470093
1.1229442358016968
1.7732064723968506
1.1525887250900269
1.2292594909667969
1.138168215751648
1.0875357389450073
1.0746108293533325
0.9393793940544128
1.0278401374816895
1.6390907764434814
1.027170181274414
1.0402106046676636
0.9851793646812439
1.1285078525543213
1.5949586629867554
1.2903305292129517
1.0255424976348877
1.0278511047363281
0.816330075263977
1.278503656387329
1.03768789768219
0.9457863569259644
1.2666071653366089
1.1205662488937378
1.2241290807724
1.124822974205017
0.9492365121841431
1.705285668373108
1.1972272396087646
1.0614047050476074
1.8143601417541504
1.9122952222824097
1.069857120513916
1.2063252925872803
1.0584028959274292
1.1306742429733276
1.0937130451202393
1.1186535358428955
1.2057645320892334
1.1514899730682373
1.059809684753418
1.11244535446167
1.0963536500930786
0.9094952940940857
1.4529824256896973
1.0358340740203857
1.1491469144821167
1.038617730140686
1.0846638679504395
1.3976380825042725
1.3115609884262085
1.1515494585037231
1.1246774196624756
1.1195589303970337
1.4570469856262207
1.032759189605713
0.9153727293014526
1.1500087976455688
1.1304634809494019
1.1705536842346191
1.597414255142212
1.0019558668136597
1.0679048299789429
1.0008760690689087
1.2215467691421509
0.9371297955513
1.1688954830169678
2.334779739379883
1.084493637084961
1.365071415901184
1.0038446187973022
2.105242967605591
1.3025052547454834
1.0534530878067017
1.128214716911316
2.460775136947632
1.1818183660507202
1.53413724899292
0.8899109959602356
2.784398317337036
1.0936466455459595
1.3724358081817627
1.0606588125228882
1.125058889389038
1.7752660512924194
1.1089895963668823
1.0875989198684692
1.2171002626419067
4.23575496673584
1.2410037517547607
1.463139295578003
0.9654381275177002
1.1167263984680176
1.092888593673706
0.9010974764823914
0.9496496915817261
0.9365093111991882
1.2113548517227173
1.0857096910476685
1.0680705308914185
1.1140135526657104
1.0583181381225586
1.1589710712432861
1.1378284692764282
1.187261939048767
1.1937297582626343
1.6258227825164795
1.1291401386260986
1.0554721355438232
1.9177292585372925
1.1742727756500244
2.217674970626831
1.0466606616973877
1.5009249448776245
1.2470479011535645
1.1121753454208374
0.9415708780288696
1.683706283569336
1.1736162900924683
1.1199616193771362
1.2256726026535034
1.1619256734848022
1.1183021068572998
1.1777256727218628
1.1629040241241455
2.1247124671936035
1.0367435216903687
1.0934712886810303
1.2066876888275146
1.068260669708252
1.129102349281311
1.0945465564727783
1.0145741701126099
1.1297557353973389
1.1375283002853394
1.178542971611023
1.5140421390533447
2.5798633098602295
1.033675193786621
1.3544282913208008
1.167505145072937
1.8406755924224854
1.1904748678207397
1.0259522199630737
1.0241717100143433
2.3036305904388428
1.1703864336013794
1.1089075803756714
1.1720411777496338
1.6696768999099731
1.1387279033660889
1.0288561582565308
1.9944802522659302
1.2080167531967163
1.5563362836837769
1.0863051414489746
1.1481404304504395
1.0530791282653809
1.189552664756775
1.1277174949645996
1.0286705493927002
1.075927972793579
1.150314211845398
0.9569387435913086
1.02785062789917
1.7775520086288452
1.2046319246292114
1.3889613151550293
0.900016188621521
1.1571741104125977
1.084760069847107
1.4181807041168213
1.1512314081192017
1.8395239114761353
2.97065806388855
1.0773863792419434
1.2780911922454834
1.0970585346221924
1.0560518503189087
1.1326236724853516
2.410456895828247
1.0352630615234375
1.0727570056915283
1.8386635780334473
1.0778799057006836
1.0338937044143677
1.102117896080017
1.352347493171692
2.6390562057495117
1.1430238485336304
1.282965064048767
1.1911423206329346
1.6394366025924683
1.1650152206420898
1.087763786315918
1.0248888731002808
1.1134806871414185
0.9006027579307556
1.0453780889511108
