-0.24464929103851318
-0.10632218420505524
0.2305135726928711
-0.27098265290260315
-0.240009143948555
-0.24836225807666779
-0.21189050376415253
-3.0819718837738037
-0.22832584381103516
-0.005001829005777836
-0.2348550707101822
-0.23897288739681244
0.2612892985343933
-0.5129615664482117
-0.25821158289909363
-0.29842883348464966
-0.7605788111686707
-0.27580735087394714
-0.22290608286857605
-0.20660068094730377
-0.259021133184433
-0.22149403393268585
0.16437211632728577
-0.04858993738889694
-0.12191883474588394
-1.0966185331344604
-0.6604442000389099
-0.21070849895477295
-0.23223474621772766
-0.2560153007507324
-0.23269237577915192
0.0074723875150084496
-0.04647800326347351
-0.2208397388458252
-0.889575719833374
0.17928270995616913
-0.2605806291103363
-0.23933780193328857
-0.23156054317951202
-0.19499675929546356
0.010734825395047665
-0.26836252212524414
-0.37993189692497253
-0.013903276063501835
-0.2258049100637436
-0.24794860184192657
-0.26167988777160645
-0.28540557622909546
0.21747994422912598
-0.10428363084793091
-0.16986316442489624
-0.2725636661052704
-0.2440100759267807
-0.19500727951526642
-0.009107647463679314
-0.20877084136009216
-0.2699301242828369
-0.2670324146747589
-0.22595013678073883
-0.03419281542301178
-0.26535770297050476
0.14615891873836517
-0.14054080843925476
-0.23405855894088745
-0.2718091309070587
-0.2369443029165268
-0.2373952865600586
-0.25979137420654297
-0.2273903489112854
-0.21970413625240326
-0.23659542202949524
-0.2460409551858902
0.1839858740568161
-0.2591911256313324
-0.02989920973777771
-0.24589595198631287
-0.5801162719726562
-0.14250512421131134
-0.24665409326553345
-0.18422359228134155
-0.22522111237049103
-0.17259269952774048
-0.2990681231021881
-0.26335766911506653
0.13038700819015503
-0.2620077133178711
-0.17728011310100555
-0.2640818655490875
-0.23797550797462463
-0.2666510343551636
-0.2352471649646759
-0.21884562075138092
0.1804056465625763
-0.05521945282816887
-0.2310972809791565
-0.2787681221961975
0.1856621503829956
0.11531122028827667
-0.24983526766300201
-0.26912128925323486
-0.13237865269184113
-0.020748063921928406
-0.23682518303394318
-0.26652124524116516
-0.2894701659679413
-0.21179403364658356
0.16270847618579865
-0.5407238602638245
-0.3094833195209503
0.16751007735729218
-0.19946353137493134
-0.0670967698097229
-0.2246461659669876
-0.9089819192886353
-0.2658320665359497
-0.25317975878715515
-0.07815538346767426
-0.27908065915107727
-0.2631589472293854
-0.4371708929538727
-0.23948240280151367
0.07154425233602524
-0.004680779296904802
0.24701648950576782
0.19268293678760529
-0.23236531019210815
0.12886250019073486
-0.26483476161956787
-0.26310762763023376
-0.09560082852840424
-0.2663472890853882
-0.20051811635494232
0.2431415319442749
-0.6825866103172302
0.1513819545507431
-0.19987879693508148
-0.02440352737903595
-0.29515570402145386
-0.23099593818187714
-0.18443243205547333
-0.2501562535762787
-0.2672567367553711
0.0034439435694366693
-0.27143430709838867
-0.19822236895561218
-0.5749341249465942
-0.0012730825692415237
-0.28470227122306824
-0.08963200449943542
-0.22183012962341309
-0.2220320701599121
-0.2642923593521118
-0.2313740849494934
-0.23752638697624207
-0.23018881678581238
-0.18550466001033783
-0.28983092308044434
-0.03629805147647858
-0.2598395347595215
0.11443708837032318
-0.2375095635652542
-0.26708200573921204
-0.2925727069377899
-0.23378786444664001
-0.22762444615364075
-0.2720382511615753
-0.04286647588014603
-0.21711501479148865
-0.24324552714824677
-0.44971445202827454
-0.2282303273677826
-0.20533882081508636
-0.26267009973526
-0.16931815445423126
-0.22215138375759125
-0.29506948590278625
-0.22705936431884766
-0.26323604583740234
-0.2376381903886795
-0.2130948007106781
-0.051614679396152496
-0.08408111333847046
-0.2705148756504059
-0.2513561248779297
-0.05634121969342232
-0.24481143057346344
-0.0012604393996298313
-0.27496373653411865
-0.9489633440971375
-0.25843167304992676
-0.18923674523830414
-0.3615916967391968
0.02573440782725811
0.11922622472047806
-0.0536363311111927
0.13864609599113464
-0.2497888207435608
-0.2805038094520569
-0.208171084523201
-0.1502666026353836
-0.2351847141981125
-0.2640276849269867
0.012932149693369865
0.06644691526889801
-0.2584448456764221
-0.2613458037376404
-0.2346992939710617
-0.2507527470588684
-0.30071118474006653
-0.28396061062812805
-0.24443747103214264
-0.22055596113204956
-0.21354392170906067
-0.2278563529253006
0.09333370625972748
-0.22280645370483398
-0.25867366790771484
-0.26936236023902893
-0.30307185649871826
-0.02652011439204216
0.12408789992332458
0.19337160885334015
-0.26089954376220703
-0.24817121028900146
-0.25502076745033264
-0.24655619263648987
-0.07942923903465271
0.19481593370437622
-0.23920206725597382
-0.001714911195449531
-0.2194174826145172
-0.2330196350812912
-0.2033047378063202
-0.2265678346157074
-0.2802577018737793
-0.2599203288555145
-0.1516418159008026
-0.298025906085968
-0.23036988079547882
-0.26512885093688965
-1.030269742012024
-0.1104811355471611
-0.2603955864906311
-0.22298116981983185
0.03603273257613182
-0.24248173832893372
-0.22715850174427032
-0.23889124393463135
0.13957056403160095
0.08793232589960098
-0.2565183639526367
-0.21502485871315002
-0.28698262572288513
-0.29895275831222534
-0.20019462704658508
0.21096941828727722
-0.2695232331752777
-0.3058309257030487
-0.18806862831115723
-0.28872713446617126
-0.2566658556461334
-0.2754121720790863
-0.2665017247200012
0.026639122515916824
-1.3756284713745117
-0.24788236618041992
-0.23620998859405518
-0.2880789339542389
-0.2321304976940155
-0.1520804911851883
-0.26600268483161926
-0.015663959085941315
-0.3036116361618042
-0.2806664705276489
-0.2777383029460907
0.1909971982240677
-0.27700650691986084
-0.2767212390899658
-0.25891104340553284
-0.1990245133638382
-0.2592684030532837
-0.2876109182834625
0.005803885869681835
-0.10881516337394714
-0.027921466156840324
-0.26294901967048645
-0.15063247084617615
-0.26226046681404114
-0.2852579653263092
-0.22906634211540222
-0.07575904577970505
-0.2093251496553421
-0.28324100375175476
-0.0053694280795753
0.20344296097755432
-0.23902307450771332
0.09938876330852509
-0.22518420219421387
-0.24948355555534363
-0.5122314691543579
0.14272096753120422
-0.23521900177001953
-0.001963050337508321
0.11409414559602737
-0.027791215106844902
-0.027968760579824448
-0.270164430141449
-0.2607518136501312
-2.058500051498413
0.04929347708821297
-0.8355042934417725
-0.29169192910194397
-0.25477948784828186
-0.2742745876312256
-0.29016414284706116
-0.25984475016593933
-0.24970915913581848
-0.24198822677135468
0.041368741542100906
-0.2634401023387909
-0.26414167881011963
-0.9558728337287903
-0.19308890402317047
-0.08877012878656387
-0.23941263556480408
0.40056276321411133
-0.2869478166103363
-0.22988779842853546
-0.3040916323661804
-0.3029821515083313
0.195348858833313
-0.05875575914978981
-0.1810723841190338
-0.2378845065832138
0.0660078153014183
0.18628641963005066
-0.8440421223640442
-0.2686140537261963
0.21149522066116333
-0.2543748617172241
-0.27524057030677795
-0.2048928141593933
-0.2396422028541565
-0.031128358095884323
0.17816415429115295
-0.2257193624973297
-0.27742087841033936
-0.2637579143047333
-0.2648211121559143
-0.1970030516386032
-0.2249724566936493
0.09900103509426117
0.0029989671893417835
-0.21260161697864532
-0.2352847307920456
-0.29958993196487427
0.10074226558208466
-0.2294040322303772
-0.09184389561414719
-0.5329222679138184
-0.2369888424873352
-0.05572511628270149
-0.2645956873893738
-0.21858088672161102
-0.04844413325190544
0.17484107613563538
-0.220412015914917
-0.2622295916080475
-0.2107660174369812
-0.22645749151706696
-0.11768945306539536
-0.09480852633714676
-0.21555130183696747
-0.250555157661438
-0.4579053819179535
0.005137098953127861
-0.004852937534451485
-0.23740576207637787
-0.30832624435424805
-0.0362362377345562
-0.2657042145729065
-0.017511632293462753
0.2179429978132248
-0.2352491021156311
-0.24932155013084412
-0.20322361588478088
-0.2403692752122879
0.03166685625910759
0.12414243072271347
-0.24639824032783508
-0.23436348140239716
-0.27520209550857544
-0.28230491280555725
0.5683296918869019
-0.7969520092010498
-0.23509357869625092
0.13865643739700317
-0.22502580285072327
-0.2587195336818695
-0.27384698390960693
-0.2371021807193756
-0.25126853585243225
-0.18253518640995026
-0.24759089946746826
-0.23842819035053253
-0.25286558270454407
-0.11812852323055267
-0.24290655553340912
-0.23391646146774292
-0.2729951739311218
-0.24009673297405243
0.08135943859815598
-0.036800045520067215
-0.4480016529560089
-0.19049471616744995
-0.2330159842967987
-0.005211022682487965
-0.12020885944366455
-0.24018913507461548
0.191432386636734
-0.2056206464767456
-0.038728829473257065
-0.2878195345401764
-0.26390156149864197
-0.13331559300422668
-0.10751491039991379
-0.19556309282779694
-0.2649752199649811
-0.5388925671577454
-0.23773078620433807
-0.4516626298427582
-0.20597508549690247
0.17647510766983032
-0.25745701789855957
-0.21223090589046478
-0.23513765633106232
-0.2169945240020752
-0.1090073212981224
-0.23609206080436707
-0.67772376537323
0.08226679265499115
-0.23930594325065613
-0.01459544152021408
-0.25150352716445923
-0.11967825144529343
0.18056035041809082
-0.253568172454834
0.18105927109718323
-0.6969286799430847
-0.28681185841560364
0.004454122856259346
-0.015302374958992004
-0.16004210710525513
-0.21668651700019836
-0.19897635281085968
-0.004984789062291384
-0.256068617105484
-0.21899913251399994
-0.0409025177359581
-0.2050444334745407
-0.25089773535728455
-0.12254941463470459
-0.24430161714553833
-0.24261683225631714
0.15467922389507294
-0.2204962968826294
0.01910349167883396
-0.06513985246419907
-0.28376057744026184
-0.27802371978759766
0.01461779698729515
-0.24531450867652893
-0.24539747834205627
-0.2783510088920593
-0.072841577231884
-0.27250999212265015
-0.2842146158218384
-0.2500305771827698
-0.25006264448165894
-0.2567064166069031
0.04557168483734131
-0.1927572339773178
0.14121811091899872
-0.23738281428813934
-0.2245425581932068
0.19586443901062012
-0.25137943029403687
-0.7434266805648804
-0.32397642731666565
-0.2585605978965759
-0.21784725785255432
0.1755128800868988
-0.2092215120792389
-0.2256743162870407
0.18370452523231506
-0.25798577070236206
-0.2619037628173828
-0.24320220947265625
-0.2466542273759842
-0.19602292776107788
-0.1272348016500473
-0.2782118022441864
-0.22136694192886353
-0.05223480612039566
-0.08633098006248474
-0.24763764441013336
-0.19296380877494812
-0.23550111055374146
-0.702480673789978
-0.24542784690856934
-0.2417583465576172
-0.2481592744588852
-0.2666473090648651
-0.22547946870326996
-0.26418378949165344
-0.2244044840335846
0.10376396030187607
-0.38486814498901367
-0.24600209295749664
-0.11185316741466522
-0.2237699031829834
-0.251374214887619
-0.3345976173877716
0.147858664393425
-0.24806462228298187
-0.26638147234916687
-0.20976130664348602
-0.002852794248610735
-0.20814058184623718
-0.21199701726436615
-0.2317410409450531
-0.2375487983226776
-0.24035964906215668
-0.016242796555161476
0.17815737426280975
-0.23113273084163666
0.23302467167377472
-0.051543399691581726
0.07206514477729797
-0.2632215619087219
-0.40889132022857666
-0.15708042681217194
0.033550508320331573
-0.2474168837070465
-0.8175193667411804
-0.20591513812541962
-0.23918293416500092
-0.2969229817390442
-1.5877174139022827
-0.1786196529865265
-0.05142989754676819
0.13890597224235535
-0.8981292247772217
-0.22739282250404358
0.13467180728912354
-0.26485300064086914
-0.22968724370002747
0.00783338863402605
-0.2742237150669098
-0.24811774492263794
-0.1703844517469406
-0.028061393648386
-0.7905433773994446
-0.09505192190408707
-0.20595194399356842
-0.20159807801246643
-0.2548324763774872
0.21886520087718964
-0.20018817484378815
0.18282267451286316
-0.2752058207988739
-0.21969595551490784
-0.2336788922548294
-0.1657171994447708
-0.2323865443468094
-0.26009315252304077
-0.2687777578830719
-0.24485448002815247
-0.26827532052993774
-0.09952306002378464
-0.274013489484787
-0.17976830899715424
-0.013199817389249802
-0.2612079083919525
-0.7686354517936707
-0.25217634439468384
-0.2336968332529068
-0.2793842852115631
-0.25771135091781616
0.17913247644901276
0.07871585339307785
-0.2917676270008087
-0.2703084349632263
-0.28633150458335876
-0.12386250495910645
-0.25728657841682434
-0.27855384349823
-0.2968631982803345
-10.23171615600586
0.20446661114692688
-0.23828944563865662
-0.14734163880348206
-0.2133951336145401
-0.2529553174972534
-0.26151779294013977
-0.2389887273311615
-0.2742919325828552
-0.2364310771226883
-0.29292500019073486
-1.2197611331939697
-1.161080241203308
-0.26390060782432556
0.006581252906471491
-0.25792741775512695
-0.023164400830864906
0.059220582246780396
-0.2445196807384491
-0.22721923887729645
-0.10457009822130203
-0.26629936695098877
-0.21146412193775177
-0.23475557565689087
-0.32032403349876404
-0.2981080710887909
-0.19440767168998718
-0.664982259273529
-0.2860244810581207
-1.3742905855178833
0.26671043038368225
-0.28342264890670776
-0.24436935782432556
-0.2958276569843292
-0.2871113121509552
-0.21924933791160583
-0.17201609909534454
-0.22600406408309937
-0.17995184659957886
-0.24139291048049927
-0.26862186193466187
-0.22726288437843323
0.022145258262753487
0.21542032063007355
-0.2778815031051636
-0.28283965587615967
-0.0385659858584404
-0.18862757086753845
-0.08276531845331192
0.018786614760756493
-0.23867300152778625
-0.005877731833606958
-0.25652360916137695
-0.27732357382774353
-0.23614110052585602
-0.03701455891132355
0.1806807965040207
-0.22156602144241333
-0.20250453054904938
-0.20342759788036346
-0.22231745719909668
-0.2697039544582367
-0.3900391757488251
-0.05637887492775917
-0.28791049122810364
-0.011076531372964382
-0.19656911492347717
-1.7008945941925049
-0.2945549488067627
-0.27669528126716614
-0.2134796679019928
-0.2309248000383377
0.18339531123638153
-0.0846533477306366
