0.46862608194351196
0.5450410842895508
0.5447284579277039
0.9494765996932983
0.258247047662735
0.5840949416160583
0.3330678641796112
0.4793321490287781
0.3560720384120941
0.43715569376945496
0.30195116996765137
0.40324077010154724
0.27658611536026
0.03695877641439438
0.6753722429275513
0.4575090706348419
0.4824179410934448
0.6663949489593506
0.3379738926887512
0.40243110060691833
0.6671428680419922
0.5892656445503235
0.21913065016269684
0.27713677287101746
0.20417095720767975
0.3728141188621521
0.37583595514297485
0.8006238341331482
0.3987177014350891
0.7693107724189758
0.3535730838775635
0.44712477922439575
0.3418489992618561
0.5628893375396729
0.5170603394508362
0.20559607446193695
0.49363794922828674
0.8523721694946289
0.44081056118011475
0.2999575138092041
0.3812936544418335
0.025600554421544075
0.4055553078651428
0.19912029802799225
0.8229010701179504
0.48209118843078613
0.2946164906024933
0.4269378185272217
0.6831139326095581
0.1849391758441925
0.5836251974105835
0.40110787749290466
0.2635529041290283
0.7670292258262634
0.4359729588031769
0.4902162253856659
0.25953513383865356
0.383409708738327
0.2026425153017044
0.16999347507953644
0.31995564699172974
0.5408302545547485
0.438963919878006
0.11716511845588684
0.6543796062469482
0.7837976217269897
0.5089799761772156
0.6635075211524963
0.2587588131427765
0.3974772095680237
0.27195003628730774
0.5605013966560364
0.26378333568573
0.6620970368385315
0.25732421875
0.3493886888027191
0.31560635566711426
0.2568809986114502
0.37790971994400024
0.3295430839061737
0.3398573398590088
0.3837450444698334
0.9384178519248962
0.2564593553543091
0.411783903837204
0.5035362839698792
0.35590124130249023
0.5278815031051636
0.8857080936431885
0.8069905638694763
0.5178596377372742
0.5830241441726685
0.382781445980072
0.1287246197462082
0.5856110453605652
0.7038648724555969
0.17047874629497528
0.2735646367073059
0.43489962816238403
0.30880340933799744
0.4930487871170044
0.25684472918510437
0.5874970555305481
0.5430888533592224
0.23319053649902344
0.21004433929920197
0.5242974162101746
0.26680707931518555
0.820100724697113
0.11144472658634186
0.5968304872512817
0.4957225024700165
0.6181479096412659
0.37276309728622437
0.1849968433380127
0.8271186947822571
1.2499589920043945
0.6619279384613037
0.4092188775539398
0.39246663451194763
0.36098867654800415
0.28333866596221924
0.5415968298912048
0.3648994266986847
0.23684898018836975
0.48270174860954285
0.2331436276435852
0.2708495557308197
0.5982636213302612
0.5761923789978027
1.0379709005355835
0.23756900429725647
0.33586782217025757
0.6340032815933228
0.646921694278717
0.5065798163414001
0.4281025230884552
0.4301438331604004
0.5891027450561523
0.4186529219150543
0.49954649806022644
0.570419430732727
0.3539334237575531
0.6732668280601501
0.8215146660804749
0.3798837959766388
0.31223779916763306
0.4680356979370117
0.4416866898536682
1.1803702116012573
0.44608160853385925
0.7755110859870911
0.4319821894168854
0.4990960359573364
0.506266713142395
0.5469601154327393
0.4787311255931854
0.37563419342041016
0.7492508292198181
0.5481820106506348
0.7913215160369873
0.18988622725009918
0.5304054021835327
0.31261149048805237
0.5863448977470398
0.9229491949081421
0.2202855497598648
0.5921182632446289
0.6299777030944824
0.28489306569099426
0.6764963269233704
0.5247485637664795
0.5841782093048096
0.6804715394973755
0.6327875256538391
0.6967452168464661
0.24780705571174622
0.2510148584842682
0.4016200006008148
0.6279941201210022
0.44863244891166687
0.12597501277923584
0.7035691142082214
0.5406662225723267
0.4902254343032837
0.43033987283706665
0.6382103562355042
0.41873034834861755
0.42444974184036255
0.5841979384422302
0.9778210520744324
0.6028903722763062
0.5000916719436646
0.5924824476242065
0.2363797128200531
0.40732601284980774
0.5452004671096802
0.6000442504882812
0.6017349362373352
0.4895584285259247
0.949295699596405
0.7975021600723267
0.48677340149879456
0.21634258329868317
0.3285067081451416
0.397103488445282
0.393547385931015
0.6533413529396057
0.7733162045478821
0.1564488261938095
0.6466670632362366
0.4630064070224762
0.649696409702301
0.1866896003484726
0.7050313353538513
0.3899889588356018
0.21449369192123413
0.8226398229598999
0.5634750723838806
0.38632655143737793
0.619938313961029
0.4056984484195709
0.3526443839073181
0.7485294342041016
0.2323128581047058
0.4347546100616455
0.042522042989730835
0.6125852465629578
0.6012950539588928
0.23894259333610535
0.29518646001815796
0.7879201769828796
0.5214187502861023
0.12853221595287323
0.6911959648132324
0.5301613807678223
0.759012758731842
0.45182135701179504
0.4803413450717926
0.8516095876693726
0.6474851965904236
0.3895333409309387
0.6128652095794678
0.5468132495880127
0.24801763892173767
0.668862521648407
0.30648934841156006
0.6069430708885193
0.5339999794960022
0.5859203338623047
0.7608487010002136
0.26096346974372864
0.48686346411705017
0.5747703909873962
0.8399471640586853
0.49983087182044983
0.5828222632408142
0.7018749713897705
0.4840524196624756
0.43736210465431213
0.6736997365951538
1.0231304168701172
0.46045351028442383
0.42317643761634827
0.3821389079093933
0.849129319190979
0.39804548025131226
0.5661453008651733
0.7387761473655701
0.4212876260280609
0.4056110382080078
0.4461197555065155
0.8615821599960327
0.6146677732467651
0.6504054665565491
0.3269282281398773
0.8387758731842041
1.1969009637832642
0.4730427861213684
0.4599851667881012
0.5888655185699463
0.4433792531490326
0.4262264668941498
0.15938813984394073
0.22390232980251312
0.5299277901649475
0.3079012632369995
0.4737124443054199
0.3883470594882965
0.5415124893188477
0.10072387754917145
0.2956417500972748
0.658175528049469
0.248274564743042
0.2635256350040436
0.632996141910553
0.3118757903575897
0.9073820114135742
0.31887754797935486
0.6428824663162231
0.3864351212978363
0.7608477473258972
0.47666507959365845
0.33867812156677246
0.15411671996116638
0.3233214318752289
0.6367990970611572
0.4050196707248688
0.5077759027481079
0.25657883286476135
0.48778045177459717
0.5526962280273438
0.5517217516899109
0.591262936592102
1.055538296699524
0.8332260251045227
0.2281261831521988
0.5981905460357666
0.37102600932121277
0.38076961040496826
0.845163106918335
0.3362501859664917
0.0629240870475769
0.4660836160182953
0.428263396024704
0.5621560215950012
0.6520006656646729
0.36273396015167236
0.9679228067398071
0.5717073082923889
0.249594047665596
0.3430677056312561
0.6022260189056396
0.34515541791915894
0.399578720331192
0.6093460321426392
0.30678147077560425
0.8252735137939453
0.4409905672073364
0.5344125032424927
0.8876457810401917
0.4181627631187439
0.5889768004417419
0.41904592514038086
0.5311741828918457
0.8495984673500061
0.45496976375579834
0.8331298232078552
0.519528865814209
0.5740892291069031
0.4079694151878357
0.21962399780750275
0.6614707708358765
0.31130433082580566
0.24350078403949738
0.5179886221885681
0.5181124806404114
1.0028882026672363
0.4207794964313507
0.3975195288658142
0.23401077091693878
0.351276695728302
0.6234096884727478
0.5494572520256042
0.38914093375205994
0.5547850728034973
0.3253600597381592
0.48335251212120056
0.28483426570892334
0.3559608459472656
0.638473391532898
0.07621116936206818
0.2586654722690582
0.7182203531265259
0.7347092628479004
0.7063641548156738
0.62859708070755
0.33922865986824036
0.5497323870658875
0.10113120824098587
0.6118383407592773
0.6702702045440674
0.4782271683216095
0.5026238560676575
0.7306547164916992
0.9006896018981934
0.4053269028663635
0.21579745411872864
0.25130531191825867
0.37321072816848755
0.5923715829849243
0.3448646664619446
0.47229963541030884
0.2746230661869049
0.6545655131340027
0.20573842525482178
0.2712803781032562
0.3882845342159271
0.40706583857536316
0.6919569373130798
0.9056881666183472
0.921503484249115
0.7509918808937073
0.5895252227783203
0.5335306525230408
0.43579041957855225
0.5450693964958191
0.24295081198215485
0.4816442131996155
0.21788690984249115
0.2148837149143219
0.4959374964237213
0.09640996903181076
0.5666119456291199
0.15214397013187408
0.5033731460571289
0.3768720030784607
0.5317683219909668
0.26534655690193176
0.2898107171058655
0.3475756347179413
0.29959848523139954
0.4132247269153595
0.4277789294719696
0.5779938697814941
0.5438827276229858
0.25527942180633545
0.884929358959198
0.30115118622779846
0.4885345995426178
0.22926199436187744
0.41109952330589294
0.4642396867275238
0.535574734210968
0.32474464178085327
0.526727557182312
0.46903765201568604
0.4736591875553131
0.3960384428501129
0.3601747155189514
0.6346717476844788
0.3240509033203125
0.2805676758289337
0.602618932723999
0.556158721446991
0.37712362408638
0.54383385181427
0.4900754392147064
0.35005322098731995
0.4879797101020813
0.229841411113739
0.34786084294319153
0.27286744117736816
0.5052225589752197
0.5382155179977417
0.2376260757446289
0.3478381931781769
0.4388635754585266
0.5059208273887634
0.7977657914161682
0.35836106538772583
0.6894103288650513
0.25765708088874817
0.3869408965110779
0.615853488445282
0.20184095203876495
0.2652931809425354
0.49746865034103394
0.820807158946991
0.4363550841808319
0.28959161043167114
0.5167133212089539
0.7883716225624084
0.48345187306404114
0.5819028615951538
0.3722727596759796
0.6223487854003906
0.6311164498329163
0.3998435437679291
0.6181959509849548
0.37470296025276184
0.7293964624404907
0.46782660484313965
0.6790242195129395
0.4241851568222046
0.5651047229766846
0.6898435950279236
0.19516195356845856
0.5686667561531067
0.3367222547531128
0.3097119927406311
0.30532997846603394
0.6081011891365051
0.4317122995853424
0.5247350335121155
0.7650390863418579
0.4319250285625458
0.33434808254241943
0.7158359885215759
0.26928961277008057
0.3480616807937622
0.40013429522514343
0.372465580701828
0.7119104266166687
0.25962650775909424
0.30650219321250916
0.2857974171638489
0.46031516790390015
0.43807950615882874
0.7455788850784302
0.4883178472518921
0.46808743476867676
0.5896956324577332
0.4084981083869934
0.5349249243736267
0.6308106184005737
0.571599543094635
0.49640193581581116
0.2036179155111313
0.6067599058151245
0.6443414688110352
0.4169362485408783
0.4306320250034332
0.6545671820640564
0.28839051723480225
0.578808605670929
0.6291680932044983
0.1897537112236023
0.4364376962184906
0.14990481734275818
0.49471333622932434
0.7266524434089661
0.7116223573684692
0.290768563747406
0.18295761942863464
0.22045549750328064
0.34738871455192566
0.26121020317077637
0.20789219439029694
0.3958033621311188
0.7436121106147766
0.31148311495780945
0.3594893217086792
0.23910008370876312
0.4589335322380066
0.530423641204834
0.5876349806785583
0.3413127362728119
0.47606587409973145
0.49946245551109314
0.8559537529945374
0.38552799820899963
0.6316997408866882
1.1327435970306396
0.5312363505363464
0.3426536023616791
0.2732067108154297
0.7037099599838257
0.5225436091423035
0.6328650116920471
0.5091468691825867
-0.27887603640556335
0.5896686315536499
0.537825345993042
0.46651244163513184
0.26093363761901855
0.5848248600959778
0.4965389370918274
0.2102421373128891
0.5412435531616211
0.7663472294807434
0.5376203656196594
0.39574265480041504
0.3028617203235626
0.5734114646911621
0.4261842668056488
0.4366292357444763
0.6049663424491882
0.5248070955276489
0.40966540575027466
0.23227769136428833
0.009434879757463932
0.24982225894927979
0.5993629097938538
0.6274892091751099
0.5204134583473206
0.7308467626571655
0.5429437160491943
0.38152721524238586
0.5811042785644531
0.5280809998512268
0.6140707731246948
0.7142373323440552
0.4338203966617584
0.20929665863513947
0.3343763053417206
0.5248764157295227
0.6085786819458008
0.11934603750705719
0.5931717753410339
0.4522453248500824
0.4989285469055176
0.5174036026000977
0.8408352732658386
0.3496491014957428
0.5838136076927185
0.7429701089859009
0.6235983967781067
0.6030977964401245
0.48131629824638367
0.5856423377990723
0.48148152232170105
0.19589345157146454
0.7957066893577576
0.25209328532218933
0.7830935120582581
0.5109472274780273
0.31640106439590454
0.5795282125473022
0.3180054724216461
0.35556477308273315
1.1144375801086426
0.4718065857887268
0.5282782912254333
0.16075542569160461
0.40711987018585205
0.6800963282585144
1.2709497213363647
0.8422167301177979
1.0062506198883057
0.8244906067848206
1.0175687074661255
0.352144718170166
0.6208804845809937
0.3085831105709076
0.544581413269043
0.4964059293270111
0.566758394241333
0.50550776720047
0.655765175819397
0.2529516816139221
0.49906983971595764
0.35758134722709656
0.6196737885475159
0.19567275047302246
0.33048442006111145
0.22020059823989868
0.3159262537956238
0.8083057403564453
0.47275757789611816
0.35452672839164734
0.6617273092269897
0.8204950094223022
0.28680819272994995
0.11235397309064865
0.6021198630332947
0.2638232409954071
0.3357294797897339
0.579207718372345
0.29933005571365356
0.5214374661445618
0.3602822721004486
0.3615063428878784
0.5952904224395752
0.5333972573280334
0.7141125798225403
0.4669104814529419
0.4706805348396301
0.9256718158721924
0.4765290915966034
0.7453528046607971
0.3135169744491577
