-0.003927002195268869
-0.00743095763027668
-0.006439944263547659
-0.0009630814893171191
-0.0034427836071699858
-0.008477165363729
0.012737304903566837
0.0032587407622486353
-0.003755164798349142
0.006382755469530821
0.009845170192420483
0.0006233231979422271
-0.013080691918730736
0.00992574356496334
-0.009464738890528679
-0.006637717597186565
0.009385664016008377
0.007405634503811598
0.0026107158046215773
0.004755264148116112
0.027495410293340683
0.003978018648922443
0.0019409448141232133
0.012378761544823647
0.010723299346864223
0.006436619907617569
0.020571906119585037
-0.017893219366669655
-0.008951363153755665
-0.026061903685331345
-0.011861717328429222
-0.001926252618432045
0.003183352295309305
-0.01807429827749729
-0.0064052133820950985
0.008821778930723667
-0.007220023777335882
-0.011538922786712646
-0.004688164684921503
0.004407740663737059
0.01137478556483984
0.020821673795580864
-0.007149678189307451
-0.013455594889819622
-0.019339783117175102
0.014713024720549583
0.007944729179143906
-0.005856493953615427
0.0023366031236946583
0.019100425764918327
0.0028196941129863262
-0.017034022137522697
0.01327524147927761
0.0062404475174844265
-0.0003646413388196379
0.0013039234327152371
0.024145105853676796
-0.01859181933104992
0.020020123571157455
-0.012646438553929329
0.00422948133200407
-0.009678345173597336
0.009626951068639755
0.03003499284386635
0.0012630766723304987
-0.0036862699780613184
0.003033845452591777
-0.009032195433974266
0.014008433558046818
-0.0026525971479713917
0.016991134732961655
0.022947948426008224
-0.01613779179751873
-0.018759991973638535
-0.01099394354969263
-0.003821287304162979
-0.0009786310838535428
-0.005559566896408796
-0.010235507972538471
-0.010626149363815784
-0.0195258017629385
0.014468814246356487
-0.025418460369110107
-0.009878844022750854
-0.011540920473635197
-0.0066256835125386715
-2.6854220777750015e-05
0.005169556941837072
-0.012471704743802547
0.001570864929817617
0.0021517083514481783
-0.004332428798079491
0.0029682936146855354
-0.006981125567108393
0.007347047328948975
-0.015400316566228867
-0.0076311565935611725
0.003252134658396244
0.006380416918545961
0.024507658556103706
-0.012148693203926086
0.022302638739347458
-0.005450451280921698
0.011580009013414383
-0.009591224603354931
0.0028367822524160147
0.007553881034255028
-0.0009037398849613965
-0.010610179975628853
0.002083422616124153
0.015843313187360764
-0.004876621533185244
-0.010276016779243946
0.002400541678071022
-0.01348639652132988
-0.01900644786655903
-0.011425856500864029
-0.025853130966424942
-0.0042078616097569466
-0.004099447280168533
0.003813134040683508
0.007572469301521778
-0.00035664235474541783
-0.006902911700308323
0.011745826341211796
0.021262558177113533
-0.015430212020874023
0.00385382235981524
0.002751301508396864
0.006885902490466833
0.014071449637413025
-0.00824692752212286
-0.010155333206057549
0.004669777117669582
0.013708074577152729
-0.006583834532648325
0.019634749740362167
-0.008081291802227497
-0.012815864756703377
-0.0021012267097830772
-0.0012607794487848878
-0.010822989046573639
-0.00707778288051486
0.004690099973231554
-0.016037702560424805
0.010145298205316067
-0.003905707271769643
-0.01476217433810234
0.01357884518802166
0.005286712199449539
0.003992159850895405
-0.011225555092096329
-0.00630823103711009
0.0025357906706631184
0.00045437333756126463
-0.022444626316428185
-0.010641120374202728
0.003129109740257263
-0.01799221709370613
-0.005288613960146904
-0.002943890169262886
0.0021062479354441166
0.00295995338819921
0.007971415296196938
-0.009098168462514877
0.0020155352540314198
-0.021259037777781487
0.008524774573743343
0.0009429548517800868
-0.0029883827082812786
0.00792016088962555
0.004374180920422077
0.02218555100262165
-0.017149830237030983
0.010649827308952808
0.0008000536472536623
-0.010408269241452217
0.004048350732773542
0.022968430072069168
-0.012527422979474068
0.006512879393994808
0.008370165713131428
0.01032470352947712
-0.018106156960129738
-0.004230776336044073
-0.013578775338828564
-0.006583560258150101
-0.025337114930152893
0.013708801008760929
0.01666073128581047
0.003371474565938115
0.0016866467194631696
