-6.3322014808654785
-4.397521495819092
-7.532954692840576
-2.2888784408569336
0.27472609281539917
1.4128789901733398
1.1404163837432861
2.659560441970825
-1.348556399345398
1.7597227096557617
1.9979597330093384
-5.314027309417725
3.5331380367279053
-4.533457279205322
-8.491487503051758
4.698605060577393
-3.0315585136413574
8.9010009765625
-3.956913709640503
-0.7274978756904602
5.306427478790283
12.765279769897461
-4.612590312957764
0.6168896555900574
-2.691547155380249
-6.54558801651001
1.1917662620544434
-0.6524254679679871
-0.4329233467578888
-3.2207274436950684
-3.2043721675872803
9.484892845153809
-2.816225051879883
8.4371919631958
3.8915579319000244
-0.221255362033844
2.6907401084899902
-2.5167670249938965
2.6980972290039062
1.5760016441345215
5.489002227783203
1.5868436098098755
-1.2097512483596802
-9.137011528015137
-7.622280597686768
0.3243551254272461
1.8196501731872559
-7.185511589050293
-9.51393985748291
3.215918779373169
-0.4427906572818756
5.3503007888793945
12.582598686218262
-3.4446980953216553
2.4251813888549805
-3.9567973613739014
-0.2546829879283905
0.24361129105091095
2.55355167388916
1.5449024438858032
-3.356020212173462
1.5485332012176514
3.639960765838623
1.4629108905792236
-6.1841936111450195
-5.604198455810547
-4.373993396759033
2.36665415763855
3.7359368801116943
-9.736129760742188
5.345484256744385
-5.629579067230225
-7.870026111602783
-2.016244649887085
1.6032421588897705
-0.007551366928964853
3.1035940647125244
1.2398877143859863
1.6505544185638428
-0.6468030214309692
2.4151217937469482
-8.38580322265625
-3.193934440612793
-6.326058864593506
1.6337268352508545
10.163216590881348
5.573908805847168
1.7279300689697266
-6.192433834075928
-3.1443657875061035
-2.6043152809143066
1.4048712253570557
-4.68678092956543
-3.591683864593506
7.771592140197754
3.456451892852783
1.682482361793518
-1.0906041860580444
2.659964084625244
-1.794398307800293
0.17126059532165527
-6.462052345275879
4.71735954284668
5.601888656616211
10.046110153198242
-5.325656414031982
-6.8361496925354
2.721895933151245
4.0234246253967285
-4.130327224731445
6.2169389724731445
1.183376431465149
-4.101825714111328
-2.818455219268799
-0.8301879167556763
-5.390737056732178
2.681248903274536
0.09287115186452866
6.832346439361572
2.0883803367614746
0.19466833770275116
-6.038031101226807
-6.894711494445801
-5.952422618865967
2.562833309173584
-7.257260322570801
6.939894676208496
-3.6808650493621826
-5.551352024078369
9.531782150268555
5.351927280426025
-6.336618900299072
-1.682092547416687
-2.3473751544952393
2.7431485652923584
9.455321311950684
1.4889947175979614
-1.2068185806274414
11.874964714050293
7.88818359375
-6.125541687011719
-4.428730010986328
6.649536609649658
-3.812750816345215
1.1166363954544067
2.066818952560425
-1.8176127672195435
-12.8467378616333
3.2397208213806152
-2.0310256481170654
-0.3965473175048828
-10.977176666259766
-0.7750336527824402
-8.585840225219727
-4.446374893188477
5.1158342361450195
2.642756700515747
-4.285673141479492
-9.492000579833984
-5.122055530548096
2.077843189239502
4.641811370849609
0.008715009316802025
-0.08311061561107635
5.527196884155273
-1.3558253049850464
-5.577825546264648
-2.4216883182525635
0.37812453508377075
-5.848017692565918
9.370325088500977
4.826529502868652
0.455875426530838
-2.0614850521087646
-7.415572643280029
-3.9025168418884277
-11.637120246887207
-0.2845041751861572
0.08537467569112778
1.4195752143859863
6.394959926605225
0.3638017773628235
3.902176856994629
0.365894615650177
0.997099757194519
-2.839573860168457
-1.7208110094070435
-0.7601180076599121
4.366194248199463
4.63292121887207
-5.3385114669799805
5.501338958740234
