3.8781578540802
4.9961724281311035
4.321383953094482
3.95989990234375
4.187921524047852
4.33582067489624
5.318719387054443
4.279211044311523
4.028427600860596
5.883626461029053
4.416165351867676
4.7123870849609375
4.834294319152832
3.9945569038391113
4.731554985046387
4.356143951416016
3.899193525314331
3.9487016201019287
3.8081564903259277
4.192809581756592
4.463428020477295
4.068673133850098
6.386908531188965
4.075221538543701
3.9356729984283447
6.064591884613037
3.78135085105896
3.976404905319214
4.992456912994385
5.507084846496582
4.401727199554443
4.304838180541992
3.768458127975464
4.478484153747559
4.050872325897217
4.4772047996521
3.5818424224853516
6.05680513381958
3.874713182449341
3.8954098224639893
4.1392436027526855
5.200360298156738
4.341290473937988
3.821521520614624
4.767693996429443
4.206433296203613
4.650511264801025
4.494264125823975
5.691011428833008
3.7748098373413086
4.440225124359131
4.2207465171813965
5.2894978523254395
4.311455726623535
3.8082871437072754
3.9126968383789062
4.177812576293945
3.948890209197998
4.195231914520264
3.8886303901672363
6.362593650817871
4.0687737464904785
3.8475284576416016
3.8560564517974854
3.9405953884124756
4.231558799743652
5.957270622253418
4.044998645782471
4.533542633056641
4.062546253204346
4.68618106842041
5.45753812789917
3.980862855911255
4.225075721740723
3.9145071506500244
4.280397891998291
3.9538815021514893
4.048236846923828
3.667555809020996
3.829146146774292
3.559988021850586
4.034818649291992
4.896431922912598
4.211791038513184
4.182137966156006
4.098592758178711
3.852236270904541
3.9838171005249023
3.891174554824829
3.697892665863037
3.882964611053467
4.30339241027832
5.6725754737854
3.9156341552734375
4.523498058319092
4.140230178833008
4.25997257232666
3.8520190715789795
3.5435194969177246
6.089790344238281
4.007808685302734
4.230991363525391
3.863558769226074
3.9885873794555664
3.8618550300598145
4.076405048370361
4.531585693359375
3.7935380935668945
3.819187879562378
3.984464645385742
3.8594706058502197
4.425590515136719
3.968998670578003
3.9802191257476807
3.6174747943878174
4.610335350036621
4.197458267211914
5.698329448699951
5.574804782867432
4.2953782081604
4.573056221008301
3.531088352203369
4.575133323669434
4.536252975463867
4.028784275054932
5.9394211769104
3.6598258018493652
4.146437644958496
3.7630717754364014
6.625308990478516
4.153897285461426
4.168789386749268
3.96421480178833
4.163304805755615
3.9544224739074707
4.758284568786621
4.038054466247559
3.824398994445801
4.235291481018066
4.054567337036133
3.7896478176116943
5.47873592376709
4.033824920654297
4.054305553436279
4.095736026763916
4.162764072418213
4.15542459487915
3.860260486602783
4.564525604248047
3.879136562347412
4.162627696990967
4.853453636169434
4.612030982971191
3.89819598197937
3.886335849761963
6.147520542144775
4.076595306396484
5.601316452026367
3.8095245361328125
4.152690887451172
4.059970855712891
4.2401204109191895
4.893555164337158
4.073031425476074
4.650835037231445
3.9145703315734863
4.500183582305908
4.765716552734375
3.755533218383789
4.096358776092529
4.7158613204956055
4.188574314117432
4.189766883850098
4.348176002502441
5.42868709564209
4.038658618927002
4.59643030166626
3.9428951740264893
5.918273448944092
4.537655353546143
6.013453006744385
3.993168354034424
3.950880289077759
4.0738935470581055
5.39574670791626
4.074406147003174
3.565690517425537
3.9912431240081787
3.8641724586486816
4.32832670211792
4.218906879425049
3.852174997329712
