8.384793281555176
18.850833892822266
11.5191011428833
9.542342185974121
11.073545455932617
11.091922760009766
25.06959342956543
11.697915077209473
9.63883113861084
35.962398529052734
11.681915283203125
16.139205932617188
16.633949279785156
9.260040283203125
15.78146743774414
11.995013236999512
8.67286491394043
8.697688102722168
8.050636291503906
10.654956817626953
12.59994125366211
9.670819282531738
53.931610107421875
9.406486511230469
8.5785551071167
40.345191955566406
8.096052169799805
9.6784086227417
20.748258590698242
26.637006759643555
11.778166770935059
12.03408432006836
7.895077228546143
12.790142059326172
9.927404403686523
14.179008483886719
7.013156414031982
37.9433479309082
8.27584457397461
9.237625122070312
10.130040168762207
21.288728713989258
11.38170051574707
8.340768814086914
16.361637115478516
11.245992660522461
14.67447280883789
14.165132522583008
32.43956756591797
8.1616849899292
12.115192413330078
10.807692527770996
24.02824592590332
11.499439239501953
8.325759887695312
8.876657485961914
10.827235221862793
8.709123611450195
10.307707786560059
8.536182403564453
50.19377136230469
9.42448616027832
8.33692455291748
6.818130016326904
8.990534782409668
11.195566177368164
35.94824981689453
9.644173622131348
11.778042793273926
10.321075439453125
11.908029556274414
26.056636810302734
9.26785659790039
10.443486213684082
8.409710884094238
11.91971206665039
9.820451736450195
9.229308128356934
7.445466995239258
8.51167106628418
7.155294418334961
8.629433631896973
16.9744815826416
11.056804656982422
10.754227638244629
9.968022346496582
8.88732624053955
9.981141090393066
8.731207847595215
7.505840301513672
8.43147087097168
11.514842987060547
29.289396286010742
9.269621849060059
11.039755821228027
10.164047241210938
10.86195182800293
8.303406715393066
7.118049144744873
45.57717514038086
9.526958465576172
10.904605865478516
8.411293029785156
9.636204719543457
8.999561309814453
9.634333610534668
14.913652420043945
8.168731689453125
8.499868392944336
9.750287055969238
8.483023643493652
12.153061866760254
9.268522262573242
9.46823787689209
7.643052577972412
14.463687896728516
11.102152824401855
32.90796661376953
27.290884017944336
11.064860343933105
13.808860778808594
7.047264575958252
14.485779762268066
13.376192092895508
9.44467544555664
35.323055267333984
7.432643890380859
10.581360816955566
7.835368633270264
62.405208587646484
10.299169540405273
9.31020736694336
8.587333679199219
10.551447868347168
8.970481872558594
15.524739265441895
8.82160758972168
9.120854377746582
11.43708324432373
9.917064666748047
8.156055450439453
27.210681915283203
9.733175277709961
9.944978713989258
10.270463943481445
9.831944465637207
10.034590721130371
8.78166389465332
14.269599914550781
9.274345397949219
9.642980575561523
16.81470489501953
14.583127975463867
8.650927543640137
8.666291236877441
42.24864196777344
9.638813018798828
27.449865341186523
8.119624137878418
10.187931060791016
9.915816307067871
11.659782409667969
16.732481002807617
9.66708755493164
15.80721378326416
9.063399314880371
13.8826322555542
17.00503158569336
8.083788871765137
9.558854103088379
16.212709426879883
10.729924201965332
10.340514183044434
12.897578239440918
25.907930374145508
9.446502685546875
13.997968673706055
9.642595291137695
38.08270263671875
11.075959205627441
37.07390213012695
9.37600326538086
9.191895484924316
9.82071304321289
25.73511505126953
9.86485767364502
7.19108247756958
9.302844047546387
8.169393539428711
10.24300765991211
11.296685218811035
8.687259674072266
