-0.0012235980248078704
0.0028994304593652487
0.003174901707097888
0.0024782230611890554
-0.015615536831319332
-0.006554781924933195
-0.0052113039419054985
0.01475357823073864
-0.019191212952136993
-0.0013383314944803715
-0.01061328500509262
-0.02448897808790207
-0.014742723666131496
-0.015496001578867435
-0.0213010236620903
-0.0060479482635855675
-0.00784957967698574
-0.005197156686335802
-0.008816140703856945
-0.01416285615414381
-0.004499442875385284
-0.005898015107959509
-0.009681246243417263
0.025307511910796165
-0.007303015328943729
-0.01846206933259964
0.005325017962604761
-0.012019810266792774
-0.009620727971196175
-0.017906658351421356
0.004024263005703688
-0.017361918464303017
-0.013887870125472546
-0.01135468203574419
-0.008595529943704605
-0.014847613871097565
-0.0011636796407401562
-0.0013686632737517357
-0.0035402108915150166
0.007831360213458538
-0.03781447932124138
-0.016010340303182602
-0.005077395588159561
-0.006200783420354128
-0.0062234424985945225
-0.0023466909769922495
-0.002375503769144416
-0.017802895978093147
0.000862235901877284
-0.021077999845147133
-0.013255673460662365
-0.016876112669706345
0.00591118773445487
-0.020827164873480797
0.013446848839521408
-0.027941644191741943
-0.0135912811383605
-0.006877083797007799
-0.01105415914207697
-0.01033216156065464
-0.008727050386369228
-0.009380909614264965
0.0045083253644406796
0.0038435393944382668
-0.010808850638568401
-0.007670711260288954
-0.010598544962704182
-0.007830563932657242
-0.00912053044885397
0.002349540125578642
-0.010810512118041515
0.001247348147444427
-0.0005264550563879311
0.006995133589953184
-0.01035312283784151
-0.005506517365574837
0.0001903737138491124
-0.016235804185271263
-0.010247083380818367
-0.004360806196928024
-0.017355039715766907
0.002140527358278632
0.0021509553771466017
-0.025127707049250603
-0.019958678632974625
-0.009355351328849792
-0.004472940694540739
-0.0089871222153306
-0.011219294741749763
-0.005308620166033506
-0.019580768421292305
-0.01940174214541912
-0.00043031599489040673
-0.025349967181682587
-0.005712853278964758
0.005506584886461496
0.005481439176946878
0.008355372585356236
-0.0013631971087306738
-0.0007528439164161682
0.010136314667761326
-0.01143253967165947
-0.0016521989600732923
-0.0009351277840323746
-0.018869474530220032
-0.010358793660998344
-0.014982074499130249
0.001971711404621601
-0.02248278446495533
-6.660616054432467e-05
0.0034370056819170713
-0.015935659408569336
-0.006969855632632971
-0.006099510472267866
-0.00430878484621644
-0.019122770056128502
-0.022920051589608192
-0.016169827431440353
-0.013561447151005268
-0.010633586905896664
-0.0037818101700395346
-0.004360151011496782
-0.013659177348017693
-0.0009036389528773725
-0.007009595632553101
-0.018028344959020615
0.0015604404034093022
0.008076174184679985
-0.011944534257054329
-0.010823936201632023
-0.010438804514706135
-1.7572916476638056e-05
0.006855223327875137
-0.017587024718523026
-0.0003874004178214818
-0.002156282542273402
0.011004654690623283
-0.00268456875346601
0.004294228740036488
0.011238072998821735
-0.02327730320394039
-0.013711794279515743
-0.021773263812065125
-0.027041984722018242
0.009426329284906387
-0.018231680616736412
-0.009234762750566006
-0.039368435740470886
-0.013505291193723679
-0.03037666529417038
-0.0128573477268219
-0.015555155463516712
0.00038766462239436805
-0.023046107962727547
-0.0029626803006976843
-0.005870971363037825
-0.0122229540720582
-0.014892497099936008
-0.017067881301045418
-0.019138619303703308
-0.0016498601762577891
-0.01477296743541956
-0.017412986606359482
-0.014412523247301579
-0.003219941398128867
0.0072445194236934185
-0.015516526997089386
-0.01563793048262596
-0.0046615637838840485
0.0064043812453746796
-0.00928790494799614
-0.01585601083934307
0.0019426826620474458
0.0037702638655900955
-0.014511218294501305
-0.009634639136493206
0.012584207579493523
-0.01514518167823553
-0.00424259714782238
-0.005817885044962168
0.008295723237097263
-0.04848119616508484
0.004905181936919689
-0.009931364096701145
0.0013122867094352841
-0.026349099352955818
-0.021256202831864357
-0.03334176540374756
-0.006424556951969862
-0.013628304935991764
-0.022542346268892288
-0.01759360171854496
-0.009592274203896523
-0.007538409437984228
-0.01153164729475975
-0.017471633851528168
-0.011366104707121849
0.001138088759034872
-0.018650691956281662
0.0023949421010911465
-0.01130301970988512
-0.0027510682120919228
-0.018747299909591675
-0.00457331258803606
-0.006197985727339983
0.0012620921479538083
-0.007146911229938269
-0.0060598780401051044
-0.013376288115978241
-0.018921487033367157
-0.012212242931127548
-0.017113570123910904
-0.00846297387033701
-0.012814005836844444
-0.022342747077345848
-0.002328256843611598
0.014088936150074005
0.008128258399665356
-0.01634894497692585
-0.0040664998814463615
-0.01742679439485073
-0.003989024553447962
-0.004970975685864687
-0.013661795295774937
-0.003632103092968464
0.0022779349237680435
0.004547629039734602
-0.013379791751503944
-0.01353949960321188
0.012763438746333122
-0.01270025409758091
-0.005621866323053837
-0.011796718463301659
-0.008767111226916313
0.009928385727107525
-0.022032469511032104
-0.015421843156218529
-0.01974901556968689
-0.011888472363352776
-0.0014069521566852927
-0.0037606952246278524
-0.004899526014924049
-0.01343715563416481
-0.01670929230749607
-0.015358764678239822
-0.00807156227529049
-0.005456479731947184
-0.02215445600450039
-0.013728820718824863
-0.005368285346776247
-0.012845795601606369
-0.009926225058734417
-0.013157159090042114
0.018421413376927376
-0.01912624202668667
0.0012429081834852695
-0.010099472478032112
-0.020691797137260437
-0.036090005189180374
-6.922602551640011e-06
-0.020223185420036316
-0.010099763050675392
-0.0024411033373326063
-0.02202903851866722
-0.009198200888931751
-0.0020889551378786564
-0.01850888878107071
-0.007869360037147999
-0.004450496751815081
3.5763448977377266e-05
-0.015164286829531193
-0.011874698102474213
0.008707938715815544
0.0007067920523695648
0.003158937208354473
-0.006012274883687496
0.0026773267891258
-0.0014239109586924314
-0.015750013291835785
-0.009825657121837139
-0.010585921816527843
0.003979822155088186
-0.016997970640659332
-0.00750920083373785
-0.02362043410539627
-0.005712935235351324
-0.0018594651482999325
0.01773499883711338
-0.037711117416620255
-0.0033367443829774857
-0.004821015056222677
-0.005258196033537388
0.0014890262391418219
-0.013942711055278778
-0.0049933684058487415
-0.02896629087626934
0.01161117572337389
-0.011630544438958168
0.017245404422283173
-0.011495458893477917
-0.023404277861118317
0.0013906176900491118
-0.01945752277970314
-0.007391089107841253
-0.007413764484226704
-0.013030805625021458
-0.01185775175690651
-0.000276612991001457
-0.0016768347704783082
0.013101545162498951
-0.011914187110960484
-0.02209336869418621
0.00325949490070343
-0.006570556201040745
-0.014193645678460598
-0.0059373993426561356
0.002927481895312667
-0.008187911473214626
-0.007149829063564539
0.02554856240749359
-0.008551487699151039
-0.020142748951911926
0.018494106829166412
0.001381794223561883
0.005913287401199341
-0.004917307291179895
0.018481316044926643
0.0003210274444427341
-0.007824596017599106
0.0031658129300922155
0.00017706913058646023
-0.024372488260269165
0.005600178148597479
-0.01863260008394718
-0.03543202206492424
0.0042719594202935696
-0.027115708217024803
-0.011650562286376953
-0.0038972527254372835
0.0001307154743699357
-0.0020003397949039936
0.004179748240858316
0.011556972749531269
0.01581028662621975
-0.0022341101430356503
-0.005068671423941851
0.010952122509479523
-0.004791962448507547
0.007007017731666565
-0.009004820138216019
-0.013355545699596405
-0.012956541031599045
-0.012949429452419281
-0.005281521938741207
0.002989164087921381
-0.005940863396972418
-0.013094902038574219
-0.01236199215054512
-0.00792824849486351
-0.011819032020866871
-0.01406149286776781
-0.027101198211312294
-0.022408446297049522
-0.01770525425672531
-0.01961466111242771
0.0016608366277068853
-0.008786257356405258
0.009589122608304024
0.0019156902562826872
-0.007582078222185373
-0.0075224400497972965
-0.020436061546206474
-0.028340525925159454
0.005134677514433861
-0.018742794170975685
-0.01879017986357212
0.0014721255283802748
-0.014685506001114845
-0.009716090746223927
-0.011201032437384129
-0.016989951953291893
0.002365084830671549
-0.0002709287509787828
-1.7656282125244616e-06
0.020351344719529152
-0.024724097922444344
-0.007894784212112427
-0.01802014373242855
-0.005953595507889986
-0.024783989414572716
-0.011846481822431087
-0.01710953749716282
0.00013131149171385914
-0.0004282178415451199
-0.02721143327653408
-0.009575917385518551
0.00018636127060744911
-0.013256030157208443
0.00998404435813427
0.0053436788730323315
0.007984490133821964
-0.005700666923075914
0.012376273982226849
-0.011863683350384235
0.0028091471176594496
-0.002123232465237379
-0.003939314745366573
0.003396236104890704
0.012499164789915085
-0.004419196862727404
-0.0036888346076011658
0.009348154067993164
-0.006099472288042307
-0.012307812459766865
-0.018379800021648407
-0.004436998628079891
-0.021656015887856483
-0.004656821023672819
-0.023523131385445595
-0.006096287630498409
-0.009611120447516441
-0.006725970655679703
-0.001440265099518001
-0.009011299349367619
-0.011958861723542213
-0.01201515644788742
-0.0017965852748602629
0.018862538039684296
-0.023765956982970238
-0.005587359890341759
-0.009937997907400131
-0.00499778613448143
-0.0014151022769510746
-0.01597137190401554
-0.020291274413466454
-0.007740723434835672
0.007115793880075216
-0.009410316124558449
0.01375090517103672
-0.025623444467782974
-0.01645614579319954
0.004955432377755642
-0.022283099591732025
-0.008166651241481304
0.010086600668728352
-0.019923647865653038
-0.008628690615296364
-0.013863135129213333
0.014196867123246193
-0.0038757852744311094
-0.0038448015693575144
-0.004839719273149967
-0.017839910462498665
-0.013097316958010197
-0.006125043146312237
-0.004859104286879301
-0.02035686932504177
-0.00510136503726244
0.0032262438908219337
-0.01339332852512598
-0.010884989984333515
-0.02175660990178585
0.006811054889112711
-0.00935065746307373
-0.019481398165225983
0.010264021344482899
-0.010567027144134045
-0.0078004468232393265
-0.004128128290176392
-0.025670649483799934
-0.02781066484749317
-0.0018474688986316323
-0.022884530946612358
-0.007028840482234955
-0.01983443833887577
-0.010499686934053898
-0.01372839417308569
-0.0010361643508076668
-0.00818596314638853
-0.02421637251973152
-0.010199828073382378
0.006688548251986504
-0.014775442890822887
-0.008935865946114063
0.005505818873643875
-0.010832531377673149
-0.0032929391600191593
-0.01952200010418892
-0.006199385970830917
-0.009400534443557262
-0.012286785058677197
-0.014689558185636997
0.002143815392628312
-0.017046064138412476
0.005577602423727512
0.0009554181015118957
-0.018092967569828033
-0.03526763245463371
-0.007591367699205875
-0.005869945511221886
0.009403742849826813
-0.02489321120083332
-0.028562145307660103
-0.0017245244234800339
0.00046175075112842023
-0.007423438131809235
-0.007940144278109074
-0.008738340809941292
-0.01913498342037201
-0.017270248383283615
0.0051813917234539986
-0.01655787229537964
0.0045236507430672646
-0.01665847934782505
-0.019562680274248123
0.0008539918926544487
-0.028177589178085327
-0.01607256755232811
0.013983012177050114
-0.01100711990147829
-0.029230842366814613
-0.0002240915346192196
-0.01625780574977398
-0.0205118115991354
-0.01298176497220993
-0.0076297190971672535
-0.010410862043499947
-0.00554315373301506
-0.015038713812828064
-0.014231170527637005
0.003211513627320528
-0.014227106235921383
-0.006433356087654829
-0.01949075236916542
-0.001520094694569707
-0.010644625872373581
-0.0020698339212685823
-0.022398358210921288
-0.007920905947685242
0.007164222188293934
0.000857135746628046
0.006025266833603382
-0.000920420337934047
-0.02409062720835209
-0.007357340306043625
-0.031739890575408936
-0.014691514894366264
-0.002774421824142337
-0.01107899472117424
-0.016709836199879646
-0.0029233016539365053
-0.03518780693411827
0.0016810583183541894
-0.004536526743322611
0.009125081822276115
0.002309635281562805
-0.02114340476691723
-0.02200550213456154
-0.00934555847197771
0.003462154185399413
0.004209410399198532
0.002448352286592126
-0.017420513555407524
0.016633490100502968
-0.0013711488572880626
-0.005331131163984537
-0.027052393183112144
-0.008493646048009396
-0.023958485573530197
-0.004984981846064329
-0.01920164003968239
-0.025958921760320663
0.0008543704752810299
0.010648556984961033
-0.013632457703351974
-0.01405908539891243
0.00499809579923749
-0.010640140622854233
-0.005411386024206877
-0.005898995790630579
0.006843692157417536
-0.004395578522235155
0.005114767234772444
0.003701715962961316
-0.0023400066420435905
-0.007479548454284668
-0.017912982031702995
-0.0077672055922448635
-0.002300854539498687
-0.005231247749179602
-0.0069615812972188
0.0030545899644494057
0.0012656805338338017
-0.0013887635432183743
-0.00884254276752472
-0.009863883256912231
0.005015432368963957
-0.015797751024365425
-0.018360560759902
0.008939468301832676
-0.013107538223266602
-0.012810402549803257
-0.0001817576849134639
-5.8720772358356044e-05
0.003436526283621788
-0.010979210026562214
-0.010921577922999859
-0.005566209554672241
-0.005975828040391207
-0.01100069098174572
-0.013972841203212738
0.006944131571799517
-0.018439991399645805
-0.0019182984251528978
-0.013235747814178467
-0.015669841319322586
0.023737085983157158
-0.00797560065984726
0.017127620056271553
-0.0005822840030305088
-0.005413374397903681
-0.01563436910510063
-0.01311069168150425
-0.0262431800365448
0.008318527601659298
0.004797896835952997
-0.013619604520499706
-0.02501981146633625
-0.00916740857064724
-0.0011921346886083484
0.01618463546037674
-0.027608735486865044
-0.004034218844026327
-0.0031358343549072742
0.005093422718346119
0.020505843684077263
-0.0036024025175720453
-0.005443297792226076
-0.02567293308675289
-0.021356981247663498
-0.01875467598438263
0.0016139796935021877
-0.007350231520831585
-0.008954085409641266
-0.011350584216415882
0.0007553136092610657
-0.012169639579951763
-0.019733211025595665
-0.007377141155302525
-0.01663179136812687
-0.008547427132725716
-0.014050147496163845
-0.010729657486081123
-0.012554177083075047
-0.000966445601079613
-0.009297497570514679
-0.002289018826559186
-0.011792046017944813
-0.010167431086301804
0.012675829231739044
0.006543118041008711
-0.019675925374031067
-7.600165554322302e-05
-0.015301750972867012
-0.03804910182952881
-0.011364635080099106
0.007422667928040028
0.00046090909745544195
-0.026986492797732353
-0.01600353978574276
-0.017534838989377022
-0.020388616248965263
-0.03268891200423241
-0.003680346067994833
-0.007997145876288414
-0.013503076508641243
-0.0031109973788261414
0.00743877375498414
-0.02200678363442421
0.0025884206406772137
0.0010750045767053962
-0.015796948224306107
0.005583264399319887
-0.02171609178185463
-0.012624694965779781
-0.027769677340984344
0.004021447151899338
-0.022394107654690742
-0.014521179720759392
-0.002069692127406597
-0.0030042864382267
-0.0014136098325252533
-0.030573861673474312
0.0013040228514000773
-0.019818628206849098
-0.010384783148765564
-0.008454686030745506
-0.0012290294980630279
0.00693370308727026
-0.00863598007708788
-0.0006083240150474012
-0.010059045627713203
-0.013250701129436493
-0.002327332738786936
-0.010454666800796986
-0.0054382095113396645
0.00448964536190033
0.00012292304018046707
0.00547805754467845
0.001153927412815392
-0.014560827985405922
0.01615520380437374
-0.005733085796236992
-0.002795734442770481
-0.017083339393138885
-0.016341539099812508
-0.008921938017010689
-0.009844321757555008
0.0016726385802030563
-0.00849875807762146
0.005418086424469948
-0.033136967569589615
-0.004134663380682468
-0.001476479577831924
-0.026946140453219414
0.0008591958903707564
0.0019522453658282757
-0.016180578619241714
0.012428922578692436
0.003187892958521843
-0.029089299961924553
-0.006796741392463446
-0.015237411484122276
0.0072866505943238735
-0.0022097169421613216
-0.018980590626597404
-0.025923408567905426
-0.010856016539037228
0.004151863511651754
-0.02970821037888527
-0.0015201589558273554
0.011578564532101154
-0.01746206171810627
0.006530463229864836
-0.002252023434266448
-0.01835324428975582
0.0010598887456580997
-0.005366509780287743
-0.023430852219462395
-0.03050648793578148
-0.012641247361898422
-0.023900754749774933
-0.012319722212851048
-0.02455008774995804
0.005383307114243507
-0.01964425854384899
0.008111609145998955
-0.0032503618858754635
-0.012571793980896473
-0.006867865100502968
-0.010576200671494007
-0.013061048462986946
-0.0052548972889781
-0.006515564862638712
-0.00011787878611357883
-0.018091769888997078
-0.0052422224543988705
-0.010681563057005405
0.020363561809062958
-0.015918614342808723
0.00947197712957859
0.006892228964716196
-0.013798330910503864
-0.0002869590825866908
0.004653469193726778
-0.013097775168716908
-0.005079288501292467
-0.014232149347662926
-0.015214920043945312
-0.002103023463860154
0.0057061840780079365
-0.020104553550481796
-0.01301037147641182
-0.012786353938281536
-0.02517995610833168
-0.012835336849093437
-0.01189360860735178
0.00678944680839777
-0.007038244511932135
-0.0017441377276554704
-0.015134073793888092
0.00807935930788517
0.008561662398278713
-0.00459884200245142
-0.017744574695825577
-0.0270613431930542
-0.007851766422390938
-0.00015394299407489598
-0.0007315172115340829
0.0029280853923410177
-0.013592819683253765
0.007312621455639601
-0.022187449038028717
-0.010459763929247856
-0.019586464390158653
-0.01968793012201786
-0.04257648438215256
-0.023909393697977066
0.014528308995068073
-0.008747732266783714
0.00262623792514205
-0.011881482787430286
-0.021775109693408012
-0.026363207027316093
-0.02712276577949524
-0.012625965289771557
-0.0026572137139737606
-0.0048672850243747234
-0.009884418919682503
-0.025793878361582756
0.007021383382380009
-0.014571644365787506
-0.015182140283286572
-0.013773554936051369
0.013624490238726139
0.0017752747517079115
0.007993889041244984
-0.01637345924973488
-0.00022810684458818287
-0.02052951045334339
-0.0013501998037099838
-0.009287122637033463
-0.0009898027637973428
0.025220919400453568
-0.015641391277313232
-0.005132639780640602
0.0016838182928040624
-0.020930275321006775
-0.015207936987280846
-0.009223921224474907
-0.01324807945638895
-0.0005777260521426797
-0.010805674828588963
-0.029427098110318184
-0.009600173681974411
-0.014790951274335384
-0.0074559967033565044
-0.006057667545974255
-0.014164943248033524
-0.012411997653543949
-0.01174433995038271
-0.00543247489258647
-0.011273583397269249
-0.017544100061058998
-0.002794162603095174
0.0028370199725031853
-0.01872871443629265
-0.0002543124428484589
-0.0015761802205815911
-0.013502956368029118
-0.006190645042806864
-0.006389424204826355
-0.0005875670467503369
-0.00690567959100008
-0.015932640060782433
-0.0023986720480024815
-0.021683447062969208
-0.008280225098133087
-0.016567399725317955
-0.014523820020258427
-0.0007450715056620538
5.9588332078419626e-05
-0.02509532868862152
-0.012759177014231682
-0.0029885077383369207
0.0038950529415160418
-0.022182097658514977
0.0034187741111963987
-0.0012403622968122363
-0.010187063366174698
0.003486255183815956
-0.010462476871907711
-0.03344271332025528
-0.014522754587233067
-0.012322288006544113
-0.007758660241961479
-0.005576022434979677
-0.023344652727246284
-0.020692214369773865
-0.003909035585820675
-0.007543774321675301
5.050653271609917e-05
0.009079629555344582
-0.017482947558164597
0.01413458026945591
0.003969819284975529
0.0024810945615172386
-0.01736774481832981
-0.031177036464214325
-0.009243820793926716
-0.014979704283177853
-0.015494666993618011
-0.00930121447890997
-0.004181202966719866
-0.015530392527580261
-0.0023681456223130226
-0.012653949670493603
-0.018879199400544167
0.002834067912772298
-0.022899026051163673
0.002662074053660035
-0.010155853815376759
-0.023774808272719383
-0.018397832289338112
-0.02382098324596882
0.005647915415465832
-0.0246256235986948
-0.012624568305909634
-0.0054552992805838585
-0.010829121805727482
-0.0031523730140179396
-0.021102745085954666
0.00391352130100131
-0.006267823278903961
-0.033069077879190445
0.006210325285792351
-0.010711544193327427
-0.006510892882943153
-0.017639651894569397
-0.0279239509254694
-0.004015084356069565
-0.00618709484115243
-0.005582775920629501
-0.0039937300607562065
-0.023690886795520782
-0.007480757776647806
-0.005242459941655397
-0.002640287159010768
-0.01783750392496586
0.0023766837548464537
-0.008135166019201279
0.0029505942948162556
0.0007568818400613964
0.0007807575166225433
-0.0016264795558527112
-0.01636640541255474
-0.0015986234648153186
-0.01025613583624363
-0.0037778005935251713
-0.013978374190628529
0.01936928927898407
0.02396494336426258
-0.016916701570153236
-0.007833398878574371
-0.02506788820028305
0.004855705890804529
0.007511402480304241
-0.0005397923523560166
0.005732028745114803
-0.0016888455720618367
-0.01873503439128399
-0.012777993455529213
0.001808691886253655
-0.009978782385587692
-0.007011758629232645
-0.021758142858743668
-0.010985192842781544
-0.014336690306663513
-0.005184634122997522
-0.012079337611794472
-0.001175602083094418
-0.015335028059780598
-0.012496869079768658
-0.0031540507916361094
-0.009772825054824352
-0.01669229008257389
-0.01401811558753252
-0.008102619089186192
-0.013259608298540115
-0.006445620208978653
-0.00486429687589407
0.01581028662621975
-0.015047089196741581
-0.006700892001390457
-0.005146796349436045
-0.017577504739165306
-0.026223964989185333
-0.018508965149521828
0.006817457731813192
-0.015038926154375076
-0.0062679098919034
-0.0029589482583105564
-0.025975426658988
0.012912430800497532
-0.0021133176051080227
-0.0019783927127718925
0.005450942553579807
-0.004535959102213383
-0.006285068579018116
-0.015153959393501282
-0.015636064112186432
-0.011015217751264572
0.005795056466013193
-0.0038559846580028534
-0.017491918057203293
-0.026736121624708176
-0.01157025620341301
0.011305565945804119
-0.0028870420064777136
-0.02362782694399357
0.0009236586047336459
-0.01377807930111885
-0.01359650306403637
-0.0038286345079541206
-0.0011449164012447
0.0015562279149889946
-0.012488515116274357
-0.0030763978138566017
0.00972946360707283
-0.0054436735808849335
-0.008522029034793377
0.0018717797938734293
-0.012974170967936516
-0.01686171628534794
-0.009896486066281796
-0.005835286807268858
-0.019794752821326256
-0.011246772482991219
0.013206598348915577
-0.01133688073605299
-0.012129844166338444
-0.002735808026045561
-0.02263188548386097
2.0398223568918183e-05
-0.028519732877612114
-0.0350988507270813
0.009320508688688278
-0.00752501143142581
-0.004384166095405817
-0.034832436591386795
-0.011041900143027306
-0.032255396246910095
-0.00862121395766735
-0.01778792217373848
0.013329988345503807
-0.02614295296370983
-0.010099154897034168
-0.003332891734316945
-0.0068956175819039345
-0.010377955622971058
-0.009112818166613579
-0.017668206244707108
0.00047210828051902354
-0.03014550544321537
-0.008405846543610096
-0.008547328412532806
-0.008223079144954681
-0.012219210155308247
-0.03647639602422714
-0.03452709689736366
-0.007074396591633558
-0.006897264625877142
-0.011401964351534843
-0.013219062238931656
-0.0030196188017725945
-0.00030921402503736317
-0.0009524776833131909
-0.027825582772493362
0.0051581840962171555
-0.0037918263114988804
0.0002500612463336438
0.00248955050483346
-0.009670577943325043
-0.021601034328341484
-0.010059100575745106
-0.010574615560472012
1.179760329250712e-05
-0.029702823609113693
-0.004201234318315983
-0.012801196426153183
-0.0010328369680792093
-0.004121388308703899
0.0027432283386588097
-0.01668735407292843
-0.0177012849599123
0.008668387308716774
-0.013448027893900871
-0.01987287774682045
-0.003021063981577754
0.00029532297048717737
-0.017022855579853058
-0.022746581584215164
-0.02796844393014908
-0.009902761317789555
-0.006572715938091278
-0.012030919082462788
-0.002970717614516616
0.000928158056922257
-0.00922083668410778
-0.00385473296046257
-0.00914973858743906
-0.011062836274504662
-0.02571440301835537
0.003809860907495022
-0.01778857596218586
-0.012073272839188576
-0.005031227134168148
0.004773393273353577
-0.0013207935262471437
-0.02728891372680664
0.00677501829341054
-0.01731891930103302
-0.019799748435616493
-0.021697722375392914
-0.004861331079155207
-0.03206658735871315
-0.02121841162443161
-0.010503052733838558
-0.019499342888593674
-0.013322124257683754
0.004032358061522245
-0.013181418180465698
-0.011614078655838966
-0.02020624279975891
0.005792459938675165
-0.004429440945386887
-0.000977379851974547
0.007729832082986832
-0.00560489296913147
-0.00693200808018446
-0.0016614892520010471
-0.017873490229249
-0.014491209760308266
-0.010752163827419281
-0.0011429007863625884
-0.017082350328564644
-0.019105946645140648
-0.006502950098365545
-0.002268752548843622
0.012415654957294464
-0.03204106539487839
-0.030397983267903328
-0.010276049375534058
-0.013894256204366684
-0.01706039160490036
-0.006674225442111492
0.006864141207188368
-0.007415316998958588
-0.0045785256661474705
-0.009953881613910198
-0.01424251589924097
-0.019644426181912422
