19.021549224853516
21.319751739501953
14.222818374633789
15.82949447631836
32.04243469238281
21.7564754486084
20.362098693847656
29.105239868164062
24.532865524291992
20.89968490600586
24.570526123046875
20.666580200195312
15.07003116607666
20.710952758789062
16.167755126953125
24.016845703125
27.887941360473633
20.260543823242188
17.245101928710938
18.850677490234375
15.146172523498535
19.109846115112305
35.96113586425781
16.896411895751953
19.839588165283203
16.827880859375
20.98232078552246
21.206645965576172
15.284140586853027
22.899059295654297
16.115585327148438
19.62618637084961
11.12588882446289
16.796751022338867
15.44253921508789
15.748686790466309
15.842223167419434
12.996636390686035
16.769567489624023
22.51814842224121
28.93720817565918
16.906341552734375
11.019634246826172
19.6168270111084
29.98268699645996
23.20575714111328
13.25833511352539
16.49441909790039
20.177288055419922
18.12120819091797
26.174978256225586
18.121551513671875
17.504262924194336
17.998991012573242
21.700651168823242
24.13419532775879
23.19864845275879
13.438151359558105
22.18732261657715
21.187089920043945
28.288599014282227
24.16342544555664
26.913768768310547
23.08661651611328
26.480602264404297
13.25113582611084
25.55017852783203
13.041027069091797
15.875868797302246
13.77566909790039
12.572186470031738
18.07295799255371
20.871328353881836
18.4879093170166
23.35736656188965
11.7947998046875
21.232595443725586
16.85554313659668
39.09105682373047
14.24661922454834
14.030460357666016
21.871095657348633
18.07263946533203
25.123367309570312
14.599437713623047
12.261343955993652
23.841981887817383
16.788848876953125
26.86907196044922
20.620140075683594
11.94448471069336
16.881956100463867
15.974014282226562
21.767107009887695
26.680753707885742
15.494353294372559
18.166667938232422
27.74906349182129
25.808664321899414
17.568506240844727
23.0693359375
19.081693649291992
23.71613311767578
19.509483337402344
32.34872055053711
21.52322006225586
34.33628845214844
25.722156524658203
30.85739517211914
14.822210311889648
24.116424560546875
22.883590698242188
17.7774658203125
18.990947723388672
20.319665908813477
13.055777549743652
16.3571720123291
15.647941589355469
11.82593822479248
16.42646026611328
19.946369171142578
23.634260177612305
14.355774879455566
22.340248107910156
16.4344482421875
18.453901290893555
19.402652740478516
25.73655128479004
18.21480941772461
20.307287216186523
18.608633041381836
19.8175106048584
24.88929557800293
19.45488166809082
19.43937873840332
19.961423873901367
28.354843139648438
10.37019157409668
31.86517333984375
38.23300552368164
19.857675552368164
17.868799209594727
21.36418914794922
18.125627517700195
19.730634689331055
19.416471481323242
17.699623107910156
26.678211212158203
21.149015426635742
18.722562789916992
18.803783416748047
22.43970489501953
13.499754905700684
25.670394897460938
17.38287925720215
12.901522636413574
52.31499481201172
27.649606704711914
19.632625579833984
20.138912200927734
14.858518600463867
22.027591705322266
24.05954933166504
21.734771728515625
24.046157836914062
19.613021850585938
19.608030319213867
24.06128692626953
23.35979461669922
26.821786880493164
11.6509428024292
27.00247573852539
26.84615135192871
21.05486297607422
17.56891632080078
13.416251182556152
23.769994735717773
21.589889526367188
11.443857192993164
17.689254760742188
29.306396484375
38.22246170043945
15.982170104980469
31.664384841918945
17.16703987121582
19.063968658447266
30.83414649963379
25.587886810302734
20.71715545654297
21.533628463745117
22.92517852783203
18.94769859313965
18.224037170410156
20.010791778564453
20.069326400756836
21.834260940551758
26.195667266845703
18.26897430419922
29.86395263671875
15.728647232055664
21.919456481933594
19.514142990112305
20.90099334716797
26.518390655517578
15.667040824890137
12.353514671325684
11.970823287963867
16.297122955322266
14.001795768737793
26.506549835205078
24.817821502685547
22.48428726196289
17.4108829498291
20.126937866210938
17.64243507385254
36.48716735839844
18.168075561523438
17.061861038208008
21.99403953552246
18.677412033081055
29.046710968017578
11.022276878356934
20.712745666503906
12.526535034179688
16.719402313232422
17.274627685546875
18.936941146850586
24.592676162719727
20.201011657714844
20.4896240234375
27.855623245239258
18.117048263549805
21.431495666503906
19.26477813720703
33.14992141723633
17.05754852294922
20.963956832885742
20.03500747680664
17.849910736083984
15.684305191040039
10.668913841247559
17.00739288330078
32.97734451293945
26.99350929260254
17.60890769958496
15.214902877807617
14.947076797485352
16.40935707092285
18.881006240844727
13.7974271774292
22.10426139831543
19.898174285888672
14.914292335510254
24.59210777282715
17.831884384155273
23.94914436340332
13.395966529846191
21.548480987548828
23.27779197692871
19.200824737548828
21.717954635620117
13.999832153320312
21.65813636779785
25.96978759765625
16.74740219116211
20.37717056274414
24.9973087310791
14.570549011230469
21.71564483642578
23.024494171142578
19.381519317626953
13.57320785522461
21.271394729614258
21.260297775268555
18.29973030090332
14.534231185913086
25.00691795349121
17.230239868164062
22.032968521118164
23.21177101135254
15.133160591125488
13.764195442199707
16.82586669921875
17.6130428314209
24.677236557006836
15.519344329833984
18.949575424194336
28.03944969177246
19.360475540161133
21.917522430419922
22.303709030151367
17.402624130249023
12.073248863220215
18.21424102783203
15.623636245727539
23.255624771118164
16.01148223876953
18.992963790893555
21.736568450927734
20.98394203186035
20.634517669677734
19.31349754333496
18.369462966918945
23.468746185302734
18.220848083496094
21.822542190551758
14.154492378234863
16.993896484375
12.17796516418457
27.860628128051758
19.06710433959961
23.633995056152344
22.0676212310791
25.720319747924805
20.74477195739746
15.17674446105957
25.40386962890625
17.399141311645508
13.299548149108887
29.363117218017578
17.56093406677246
21.010486602783203
20.157121658325195
19.111785888671875
14.30374526977539
19.945938110351562
29.34878158569336
22.483243942260742
20.288862228393555
25.327377319335938
23.312679290771484
19.905481338500977
15.278644561767578
20.64179801940918
17.88747215270996
22.03166961669922
15.055296897888184
23.2518367767334
22.805418014526367
21.289806365966797
11.568904876708984
24.07583236694336
20.246456146240234
24.352293014526367
24.874649047851562
15.84492301940918
15.66133975982666
20.48077964782715
21.877904891967773
17.833776473999023
20.925186157226562
7.436795711517334
19.50328826904297
31.311283111572266
16.841886520385742
15.348872184753418
22.773548126220703
18.289148330688477
18.93874168395996
22.092626571655273
19.144689559936523
20.95755386352539
20.121620178222656
14.37466049194336
18.08940315246582
19.396442413330078
25.685157775878906
23.04865264892578
19.1301212310791
20.2230167388916
15.162772178649902
18.27670669555664
15.960216522216797
13.89625072479248
21.6218204498291
24.51831817626953
20.584243774414062
21.169551849365234
17.620946884155273
22.201719284057617
22.06299591064453
17.73336410522461
19.89571189880371
26.994508743286133
21.174131393432617
18.719913482666016
22.79117202758789
19.793136596679688
23.11934471130371
21.84804916381836
20.422155380249023
33.864097595214844
19.417285919189453
24.696229934692383
15.976856231689453
16.5860652923584
15.73690128326416
19.292518615722656
15.270545959472656
12.910343170166016
31.03169822692871
18.756925582885742
19.48738670349121
14.301215171813965
31.845020294189453
14.729944229125977
13.133759498596191
24.55348777770996
15.120360374450684
21.80152702331543
16.88570785522461
20.730031967163086
32.32094955444336
12.55583667755127
25.10288429260254
26.346080780029297
14.674826622009277
16.22268295288086
19.817699432373047
12.996210098266602
16.648950576782227
18.496591567993164
14.95248031616211
19.52530860900879
20.53543472290039
14.855557441711426
16.07463264465332
22.467071533203125
15.929510116577148
19.63165283203125
17.477516174316406
25.83307456970215
28.922548294067383
13.53251838684082
23.71411895751953
16.158994674682617
21.833751678466797
24.97368049621582
12.10521411895752
22.85282325744629
13.741217613220215
29.36577033996582
16.50801658630371
28.38355827331543
27.87604522705078
17.282066345214844
14.927310943603516
15.905922889709473
27.067914962768555
15.455680847167969
17.25295639038086
15.944540023803711
26.752765655517578
13.978214263916016
15.87545108795166
23.955577850341797
18.375728607177734
15.384391784667969
22.024946212768555
22.466325759887695
16.97294807434082
18.609228134155273
14.555334091186523
15.055500030517578
18.322616577148438
23.561676025390625
12.321359634399414
14.29834270477295
21.050983428955078
21.78093910217285
15.861047744750977
14.245742797851562
19.325979232788086
29.045679092407227
31.02315330505371
21.77617645263672
17.707616806030273
21.17733383178711
22.677562713623047
22.638423919677734
22.307710647583008
25.521318435668945
15.832868576049805
17.742685317993164
11.16015625
23.78022003173828
27.281551361083984
16.739727020263672
13.592023849487305
21.80885887145996
16.491146087646484
20.032588958740234
18.445222854614258
19.15793228149414
18.93597412109375
12.118733406066895
19.745603561401367
57.578590393066406
18.870738983154297
14.765893936157227
16.41279411315918
21.54195213317871
26.72454261779785
19.733905792236328
18.587923049926758
12.886224746704102
15.294075012207031
17.23603057861328
22.97686195373535
15.456668853759766
18.654926300048828
12.012290954589844
18.496257781982422
14.371567726135254
18.424455642700195
16.51058578491211
24.47903823852539
21.34453773498535
19.30498695373535
24.73705291748047
24.44452667236328
17.697473526000977
15.913881301879883
16.654315948486328
19.968107223510742
15.215848922729492
22.412918090820312
21.96399688720703
14.686420440673828
16.991914749145508
15.420466423034668
23.24955940246582
14.889251708984375
19.515979766845703
20.296674728393555
31.482927322387695
13.501265525817871
18.310897827148438
14.746243476867676
14.980184555053711
11.76750659942627
16.467506408691406
17.30331802368164
21.103654861450195
18.241411209106445
22.980804443359375
15.384446144104004
23.305200576782227
18.421300888061523
15.001568794250488
14.220222473144531
19.06395721435547
17.70893669128418
20.299312591552734
17.88479995727539
15.988524436950684
16.22960090637207
19.67085838317871
15.77564811706543
18.94220542907715
17.271839141845703
24.900184631347656
20.183242797851562
20.03219223022461
22.76289176940918
19.57805824279785
18.1539306640625
23.241132736206055
16.788639068603516
17.327116012573242
19.12870979309082
15.484543800354004
14.73259162902832
31.641157150268555
15.411355018615723
23.103313446044922
27.631717681884766
19.468578338623047
15.361488342285156
18.249591827392578
22.78646469116211
26.808931350708008
13.983819961547852
24.47510528564453
17.076383590698242
15.610219955444336
18.055763244628906
15.20375919342041
14.590587615966797
15.107088088989258
24.12966537475586
39.94838333129883
9.518647193908691
19.697080612182617
14.079333305358887
19.158710479736328
14.793551445007324
15.546829223632812
21.580703735351562
14.212246894836426
22.561532974243164
20.36490249633789
14.591447830200195
14.683703422546387
17.35987663269043
21.977968215942383
20.258867263793945
18.15144157409668
14.034316062927246
19.288087844848633
15.965819358825684
19.33746337890625
22.81494903564453
13.048258781433105
13.046072959899902
17.934921264648438
29.451290130615234
24.39718246459961
26.775466918945312
23.475486755371094
17.84035873413086
22.617176055908203
17.988584518432617
18.716968536376953
15.62210464477539
23.95669937133789
19.724700927734375
16.875181198120117
21.206722259521484
20.310487747192383
23.438457489013672
23.247758865356445
24.16926383972168
16.5179386138916
25.154632568359375
20.39495277404785
27.43524169921875
24.4114933013916
18.026094436645508
14.014289855957031
16.89779281616211
25.38933753967285
14.615028381347656
19.433887481689453
17.549379348754883
16.93404769897461
14.640298843383789
28.719879150390625
19.32024574279785
21.529888153076172
24.81453514099121
20.2135009765625
20.161663055419922
17.92123031616211
25.745346069335938
14.81704044342041
16.354562759399414
19.045583724975586
21.138423919677734
26.071325302124023
14.25582504272461
17.628829956054688
16.94062614440918
18.12677001953125
20.3005313873291
16.511091232299805
24.514596939086914
21.302650451660156
15.814850807189941
30.903038024902344
21.4625186920166
33.603492736816406
20.974767684936523
15.660669326782227
17.04075050354004
19.379770278930664
22.82781219482422
20.92182731628418
16.395566940307617
17.41988182067871
21.221044540405273
22.2391300201416
13.608765602111816
15.803688049316406
20.949630737304688
25.612491607666016
32.45561599731445
19.223873138427734
24.16080665588379
17.02759552001953
15.385674476623535
12.076969146728516
22.64069366455078
22.89167594909668
30.409299850463867
30.43141746520996
12.925309181213379
13.3818359375
24.059860229492188
19.225313186645508
14.346949577331543
16.55789566040039
16.53624153137207
28.99686050415039
19.215164184570312
18.918903350830078
21.561325073242188
24.350542068481445
16.718505859375
18.561054229736328
14.864763259887695
13.37313461303711
18.48143196105957
22.0579833984375
22.450204849243164
35.03250503540039
16.240848541259766
24.038116455078125
24.09320831298828
21.318910598754883
24.28226089477539
24.269620895385742
22.855470657348633
20.03392791748047
26.231979370117188
16.86280059814453
10.630987167358398
19.46152687072754
23.093730926513672
26.188934326171875
16.80358123779297
15.168230056762695
22.5537052154541
23.926551818847656
18.915714263916016
30.83692169189453
22.737245559692383
20.313465118408203
20.27783203125
22.010257720947266
19.887256622314453
19.335433959960938
21.15083122253418
27.382938385009766
16.799570083618164
32.92430114746094
36.52251052856445
23.702186584472656
20.954254150390625
20.433610916137695
19.19649887084961
18.879070281982422
17.86925506591797
17.091503143310547
18.63714599609375
15.437187194824219
14.824853897094727
23.111055374145508
15.81810188293457
20.12476921081543
24.228195190429688
20.7539119720459
21.478525161743164
18.34679412841797
18.614307403564453
27.721874237060547
15.694974899291992
14.39571762084961
26.393238067626953
24.771657943725586
19.17967414855957
25.87525749206543
17.325780868530273
11.6963529586792
19.074674606323242
19.249650955200195
27.6258602142334
19.460973739624023
27.94452667236328
19.997406005859375
26.429363250732422
22.46563720703125
23.08146858215332
19.064517974853516
38.168853759765625
21.74846076965332
18.17206573486328
23.217288970947266
20.762346267700195
14.264554023742676
20.0726261138916
11.366964340209961
19.038301467895508
19.15411376953125
23.871374130249023
16.46354103088379
18.662935256958008
15.250959396362305
15.436915397644043
12.417570114135742
19.388113021850586
22.711030960083008
23.73152732849121
23.371591567993164
16.944507598876953
20.95728302001953
24.62655258178711
18.646221160888672
17.46377944946289
14.492542266845703
14.334124565124512
14.752388000488281
28.828758239746094
26.14556312561035
22.74045753479004
17.29990577697754
18.132966995239258
22.480148315429688
21.63823699951172
21.451244354248047
25.979022979736328
15.086021423339844
15.75596809387207
26.139305114746094
27.994930267333984
17.245439529418945
15.336518287658691
14.368294715881348
16.337778091430664
25.401111602783203
21.450672149658203
19.434049606323242
12.121604919433594
32.44524002075195
16.858461380004883
14.565872192382812
22.529781341552734
15.62100887298584
19.35666847229004
18.59425926208496
19.133602142333984
20.322813034057617
12.566214561462402
23.583845138549805
16.875661849975586
26.408788681030273
16.84947395324707
20.990493774414062
21.009057998657227
16.432985305786133
19.576637268066406
22.184574127197266
19.377212524414062
21.215396881103516
15.562527656555176
19.85356330871582
50.49154281616211
16.007648468017578
24.176727294921875
21.37022590637207
23.25008773803711
14.441733360290527
11.082674026489258
16.670198440551758
14.800827980041504
22.71402359008789
18.916841506958008
17.186378479003906
13.411676406860352
21.143436431884766
13.660619735717773
21.39871597290039
22.178409576416016
16.730789184570312
23.48226547241211
18.885583877563477
20.234861373901367
19.953357696533203
29.738527297973633
21.48464012145996
19.253711700439453
14.148816108703613
20.026247024536133
18.017438888549805
17.884117126464844
18.104480743408203
20.94615936279297
17.72242546081543
26.639375686645508
27.313854217529297
17.909177780151367
19.31744384765625
20.387733459472656
17.941396713256836
15.547883033752441
19.85455322265625
35.68561935424805
18.913827896118164
21.427106857299805
30.509891510009766
18.224811553955078
19.207143783569336
18.928607940673828
11.293171882629395
14.083667755126953
13.643716812133789
19.330005645751953
19.894447326660156
15.67847728729248
21.86835289001465
17.294389724731445
21.853084564208984
15.157415390014648
16.267927169799805
22.266864776611328
19.695899963378906
23.125289916992188
24.966999053955078
13.563405990600586
31.906450271606445
16.171239852905273
14.97217082977295
20.6839599609375
32.31838607788086
20.189130783081055
21.246522903442383
25.368831634521484
30.21282958984375
21.03681182861328
21.497718811035156
18.50575065612793
15.394392013549805
25.00562286376953
17.094520568847656
29.022302627563477
15.71042251586914
21.217470169067383
16.285280227661133
26.132097244262695
22.65195655822754
16.312286376953125
25.3946590423584
21.456371307373047
34.58662033081055
15.339868545532227
17.358306884765625
22.349777221679688
42.845497131347656
16.614700317382812
19.876171112060547
21.538888931274414
23.418500900268555
22.54632568359375
17.95195960998535
17.32839012145996
13.595767974853516
15.358660697937012
22.514436721801758
26.32218360900879
17.776975631713867
18.54531478881836
16.74905014038086
21.022111892700195
24.92461395263672
15.875865936279297
17.32597541809082
15.751399993896484
15.16703987121582
18.400278091430664
21.713542938232422
18.341041564941406
19.542373657226562
21.60446548461914
19.49456214904785
25.78598403930664
21.013898849487305
21.95460319519043
20.518768310546875
19.87339210510254
13.189859390258789
16.563133239746094
21.886632919311523
23.787782669067383
25.19141387939453
23.427425384521484
14.643604278564453
19.77552604675293
22.513446807861328
18.027870178222656
24.1944580078125
23.078771591186523
11.22481632232666
23.125469207763672
29.35790252685547
21.01738929748535
13.207205772399902
34.090965270996094
14.4818115234375
15.723187446594238
15.686209678649902
17.36116600036621
17.719074249267578
23.815370559692383
20.838518142700195
12.985626220703125
32.5035400390625
20.174427032470703
23.787479400634766
27.292306900024414
29.63487434387207
17.31972885131836
22.07241439819336
17.407405853271484
22.652849197387695
13.661809921264648
16.511661529541016
19.060840606689453
24.378963470458984
15.199402809143066
17.763469696044922
19.8336124420166
15.024256706237793
19.673004150390625
28.456764221191406
28.46467399597168
15.725828170776367
23.68168830871582
15.095427513122559
17.91811752319336
21.73354148864746
14.818623542785645
18.85853385925293
31.26692008972168
15.55051040649414
16.332246780395508
25.71458625793457
42.39662551879883
16.880916595458984
30.929943084716797
19.024763107299805
25.5655460357666
26.684734344482422
16.485610961914062
21.536455154418945
25.113008499145508
22.195804595947266
16.24228858947754
12.8667631149292
17.135528564453125
22.858896255493164
13.22671890258789
21.19548225402832
14.877249717712402
22.253149032592773
17.83008575439453
37.741065979003906
27.428211212158203
17.265106201171875
19.124370574951172
24.63995361328125
29.20676040649414
24.150007247924805
20.8501033782959
21.319623947143555
13.208954811096191
12.037201881408691
25.05602264404297
22.469646453857422
16.924362182617188
13.411848068237305
21.44923973083496
14.287796020507812
16.390949249267578
14.591963768005371
19.109270095825195
16.079914093017578
20.13899803161621
19.86852264404297
13.92358112335205
15.129758834838867
17.290616989135742
32.6241455078125
13.59815502166748
21.9202938079834
18.377870559692383
19.48884391784668
13.557283401489258
27.114736557006836
22.451335906982422
14.588967323303223
26.26884651184082
19.700422286987305
21.082727432250977
21.561866760253906
14.329811096191406
18.254411697387695
18.161924362182617
23.134145736694336
22.626806259155273
15.46876335144043
19.88823699951172
21.94464874267578
26.716739654541016
13.070780754089355
14.315376281738281
16.12434196472168
17.04952621459961
18.406497955322266
12.336639404296875
23.22479820251465
17.798580169677734
16.870433807373047
18.374645233154297
21.255605697631836
16.0806827545166
23.327083587646484
23.979188919067383
14.880546569824219
22.145832061767578
15.204297065734863
15.902165412902832
15.70628833770752
15.342083930969238
20.68645477294922
17.61727523803711
36.42042922973633
25.360368728637695
20.544662475585938
23.30983543395996
18.37173843383789
21.476505279541016
25.76167869567871
17.84861946105957
23.446611404418945
25.155664443969727
22.488637924194336
16.754404067993164
21.86716651916504
13.61658000946045
19.012657165527344
16.858503341674805
32.98978042602539
17.284475326538086
19.364076614379883
16.328081130981445
15.894227981567383
18.821115493774414
17.718416213989258
19.88239097595215
23.63590431213379
22.38863182067871
15.047924995422363
