0.23342901468276978
0.7471802830696106
0.36539512872695923
0.6808757185935974
1.1840134859085083
0.2802188992500305
1.5494707822799683
1.5467246770858765
1.1088056564331055
0.39450669288635254
0.23234772682189941
0.5644795298576355
0.9481940269470215
0.392808198928833
1.429840326309204
0.8537054657936096
0.38101714849472046
1.3620858192443848
0.27481865882873535
1.1515711545944214
0.7091585993766785
0.36618709564208984
1.4084783792495728
0.21052026748657227
0.703647255897522
0.23904341459274292
0.310971200466156
1.1525700092315674
0.2956901788711548
0.6620957851409912
0.48132359981536865
0.3297961950302124
0.7319967746734619
0.8543066382408142
0.26173722743988037
0.6295686960220337
0.29287028312683105
0.6065891981124878
1.4026813507080078
0.4007987976074219
0.8562040328979492
0.2207258939743042
0.5564228296279907
0.8155630230903625
1.2041621208190918
1.0854594707489014
0.22568374872207642
0.31103062629699707
0.7133479118347168
0.5565786957740784
0.9196338653564453
1.030673861503601
1.363130807876587
0.9120669364929199
0.3386417627334595
1.3061764240264893
1.016088843345642
0.22989660501480103
1.160108208656311
0.6113418340682983
0.9739385843276978
1.103644847869873
1.4813082218170166
1.0067634582519531
0.659701406955719
0.22475600242614746
0.7953112125396729
0.8139564394950867
0.7200539708137512
0.33394569158554077
0.9509575963020325
0.6851660013198853
1.0016725063323975
0.27509260177612305
0.41846442222595215
0.2380990982055664
1.1720722913742065
0.44856834411621094
0.2241126298904419
0.6054583191871643
0.27228033542633057
0.8345104455947876
0.1945021152496338
0.5725567936897278
0.4739813804626465
0.24514895677566528
-0.2117689847946167
0.3934359550476074
1.0573492050170898
0.23457348346710205
0.42118674516677856
0.4178878664970398
0.503440260887146
1.180726408958435
2.0514864921569824
0.26174676418304443
0.26156753301620483
1.1726961135864258
0.9212622046470642
0.5993735194206238
0.9812281131744385
0.6096965074539185
0.8859285712242126
0.6469628810882568
0.9082903265953064
0.3315765857696533
1.0188571214675903
1.851422905921936
1.1927034854888916
0.21553564071655273
1.282763123512268
1.090329647064209
0.3317829370498657
1.7628921270370483
0.6312795877456665
0.2632371187210083
0.323642373085022
0.934903621673584
0.3539550304412842
0.5482518076896667
0.536354660987854
0.2843872904777527
0.9268518090248108
0.6034931540489197
0.30957067012786865
1.0412338972091675
0.20616519451141357
1.4138636589050293
1.1040669679641724
0.2653045654296875
0.8985061645507812
0.4270360469818115
1.5234146118164062
0.5816596746444702
0.2773769497871399
0.6915758848190308
0.9699535369873047
0.37067973613739014
0.8763555884361267
0.7727704048156738
0.8556215167045593
0.506019115447998
1.0207351446151733
0.8202568292617798
1.261691689491272
0.5836815237998962
0.683600664138794
1.445690631866455
0.9458866715431213
0.8100355267524719
0.7140570878982544
0.6424380540847778
0.26575636863708496
0.4217618703842163
1.5640220642089844
0.1967247724533081
0.6888884902000427
1.19255793094635
0.6680145263671875
0.5702421069145203
1.2132073640823364
1.1222981214523315
0.7661328911781311
1.229550838470459
0.6879327297210693
0.24042201042175293
1.149985909461975
1.232226848602295
0.44584715366363525
0.28115081787109375
0.21074700355529785
0.6656526923179626
0.5686469078063965
1.5974681377410889
0.7476969957351685
0.3273812532424927
0.25206804275512695
0.9022433757781982
0.4678801894187927
0.5261796712875366
0.2919864058494568
1.1823718547821045
0.3424873352050781
0.6217672228813171
0.7263427972793579
0.8603596687316895
1.2246084213256836
1.2059156894683838
0.9256169199943542
1.0134564638137817
0.7426194548606873
0.4698014259338379
1.2712626457214355
0.9715681672096252
0.9324800968170166
1.14897882938385
0.3224135637283325
1.0861583948135376
0.8384056687355042
0.43974506855010986
0.7780413627624512
0.7886597514152527
0.7172255516052246
1.0610535144805908
0.25759971141815186
0.2297549843788147
0.27169597148895264
1.0089243650436401
0.5870100259780884
0.8302326798439026
0.9254783391952515
0.598172128200531
1.4579453468322754
0.8727439045906067
0.6641189455986023
1.0504629611968994
0.21832990646362305
0.2716243267059326
0.9346985220909119
0.48066115379333496
0.7706088423728943
0.9334273338317871
0.40995776653289795
1.034754753112793
0.3557248115539551
0.2848583459854126
1.4245396852493286
1.0424396991729736
0.8864766359329224
0.2614339590072632
0.9028917551040649
0.42662787437438965
0.9483363628387451
1.0564123392105103
1.6664490699768066
0.4777449369430542
0.6636379361152649
1.058663249015808
0.4016804099082947
0.33565354347229004
0.5154250264167786
0.7058722972869873
0.32338523864746094
0.8490012884140015
0.5067635774612427
0.5199778079986572
0.4921310544013977
1.1921775341033936
1.1639633178710938
0.3883560299873352
0.7249847054481506
0.6605930328369141
0.34315216541290283
0.9657343626022339
0.4676867723464966
0.22238409519195557
0.5925971865653992
1.0196317434310913
0.6060880422592163
0.5143611431121826
0.5868543386459351
0.40829169750213623
0.6592392325401306
1.2393534183502197
0.6163794994354248
0.6179087162017822
0.8362563252449036
0.3605232834815979
0.7378789186477661
2.2452640533447266
0.6130489706993103
0.24412739276885986
0.24530255794525146
0.5559213757514954
0.9792489409446716
0.4132334589958191
0.5218334197998047
0.4755406975746155
1.263127326965332
0.9716890454292297
0.9122059941291809
0.8085476160049438
0.8917921185493469
0.3223154544830322
0.8733928203582764
1.0565271377563477
0.3304785490036011
1.5019688606262207
1.0542457103729248
1.43185293674469
0.43798166513442993
0.3359934091567993
0.22491276264190674
0.38482987880706787
0.23504012823104858
0.9403036832809448
0.3453634977340698
0.7499024271965027
0.7053282856941223
0.5374704599380493
0.3558715581893921
0.37347662448883057
0.7148178219795227
0.6727792620658875
0.40163612365722656
0.23323917388916016
0.5824941992759705
0.2985175848007202
0.5375347137451172
0.24808871746063232
0.42075157165527344
0.8622205257415771
0.7914895415306091
2.0715816020965576
0.5246925950050354
0.7753801345825195
0.23176276683807373
1.0302391052246094
0.6734033823013306
0.6089979410171509
0.241033136844635
0.7200894355773926
1.0166542530059814
0.6328588128089905
0.5773745775222778
0.4758460521697998
1.5867410898208618
0.9694778323173523
1.2071998119354248
1.035079002380371
0.8465889692306519
1.298181176185608
0.2746615409851074
0.7759110927581787
1.1905202865600586
0.5079806447029114
1.0274990797042847
0.9637186527252197
0.24134087562561035
1.071192979812622
0.2877647876739502
1.2509342432022095
0.2788172960281372
0.29619622230529785
1.1239932775497437
0.47127097845077515
0.29164910316467285
1.228766679763794
0.22361940145492554
0.5464720726013184
0.6439720392227173
0.5195586681365967
1.3893760442733765
1.0752644538879395
0.21747112274169922
1.108096718788147
0.7942750453948975
0.3287930488586426
0.6106346845626831
1.243016242980957
0.7639321684837341
0.9063525199890137
0.4867444634437561
0.6192353367805481
0.46105074882507324
0.2970191240310669
0.5029094815254211
0.6387798190116882
0.3664342761039734
0.793451726436615
0.8971759676933289
0.7470039129257202
0.7745270133018494
0.38355791568756104
1.7901138067245483
1.2180216312408447
0.2655969262123108
0.8573501706123352
0.856404721736908
0.8419396281242371
1.1145278215408325
0.8065522909164429
0.29849958419799805
1.0210908651351929
0.21459203958511353
0.39125311374664307
0.790054202079773
0.35146915912628174
0.4407549500465393
1.160099983215332
0.5587590336799622
2.2173917293548584
0.6173216104507446
0.790153443813324
0.9517173767089844
1.0585055351257324
0.2911979556083679
0.8220041990280151
0.27525532245635986
0.2553046941757202
1.354560375213623
0.4100791811943054
0.3115353584289551
0.40927183628082275
0.6284860372543335
0.1979837417602539
0.25542593002319336
0.5657875537872314
0.23414701223373413
0.20258188247680664
0.2350444197654724
0.8995289206504822
0.5610016584396362
0.2887380123138428
1.2281628847122192
1.7517099380493164
1.038130760192871
0.2527049779891968
0.9136655330657959
0.3568531274795532
0.27938687801361084
0.6850880980491638
0.2851078510284424
0.8516778349876404
0.982947051525116
0.31759417057037354
0.9732462167739868
0.7764953970909119
0.7023196816444397
0.5733157992362976
0.8445257544517517
0.30104827880859375
0.9132808446884155
0.24894046783447266
1.2860984802246094
0.28375566005706787
0.4157073497772217
0.3258422613143921
0.6604741811752319
0.8144856095314026
0.5787750482559204
1.1653661727905273
0.9965128898620605
1.6687047481536865
0.25533682107925415
0.9093961119651794
0.28989601135253906
0.20682942867279053
0.22973370552062988
0.8441267609596252
0.2780630588531494
0.42817223072052
1.2057011127471924
0.26395606994628906
0.763843297958374
0.8154463171958923
0.30197209119796753
0.29282790422439575
0.44274938106536865
0.815074622631073
0.33347856998443604
0.5529423356056213
0.18509483337402344
0.3773590326309204
1.101435899734497
1.8873281478881836
0.704262375831604
0.8191649913787842
0.43073534965515137
0.5682060718536377
0.8522782921791077
0.8418511748313904
0.8603822588920593
0.8860922455787659
1.3640741109848022
0.9749705195426941
1.0638808012008667
0.46627920866012573
1.0337260961532593
0.7901465892791748
0.5883722305297852
1.1766949892044067
0.25965940952301025
0.9437169432640076
0.4335883855819702
0.3779298663139343
0.26653116941452026
0.9132099151611328
0.5523125529289246
0.9495964050292969
1.0573748350143433
0.8816993832588196
0.5531416535377502
0.8749680519104004
0.253432035446167
0.36866867542266846
1.0571614503860474
0.8263025283813477
0.3681846261024475
0.546000063419342
0.2546590566635132
0.6714329123497009
0.613604724407196
0.48219871520996094
1.0123937129974365
0.3804187774658203
0.36834168434143066
0.8756458163261414
0.7110515236854553
0.5284447073936462
0.28734999895095825
0.6063347458839417
0.8605325222015381
0.26097893714904785
0.9583134055137634
0.41776132583618164
0.94740891456604
1.3333648443222046
0.462505042552948
0.7096650004386902
1.3276677131652832
0.2663559913635254
0.28887587785720825
0.9726372361183167
1.142918348312378
1.303360939025879
0.28363776206970215
1.222625970840454
0.8337435126304626
0.414188027381897
0.2537716031074524
0.889633059501648
0.21600216627120972
1.064034342765808
0.4137604236602783
2.1055898666381836
0.22518885135650635
1.1096858978271484
0.9389342069625854
0.25586998462677
0.4366990923881531
0.20451736450195312
0.2151775360107422
0.9251421093940735
1.0221405029296875
0.7673720717430115
0.25377142429351807
0.4474470615386963
0.2870853543281555
0.8648708462715149
0.9378952980041504
1.1972570419311523
0.2535531520843506
0.32183414697647095
0.2570887804031372
0.39607226848602295
1.0884357690811157
0.37533438205718994
1.0335638523101807
0.5381760001182556
0.2731737494468689
0.25023847818374634
0.9843196868896484
0.295526385307312
1.4180248975753784
0.20589393377304077
0.922080397605896
1.137369990348816
0.5066057443618774
0.6211793422698975
1.1313755512237549
1.1674227714538574
0.24896901845932007
1.1667712926864624
1.2312726974487305
0.8490362763404846
0.2032974362373352
1.1079846620559692
0.23085922002792358
0.3422544002532959
0.7893469333648682
1.2386819124221802
0.23932766914367676
0.35430634021759033
0.38716602325439453
0.24447572231292725
0.614790141582489
0.21319663524627686
0.5166670680046082
0.621174156665802
1.2176088094711304
0.826255202293396
0.40511631965637207
0.7267632484436035
0.34141242504119873
0.8216843605041504
0.21164661645889282
0.8638988137245178
0.8829006552696228
0.5392804741859436
0.5743359327316284
0.49322330951690674
0.5747073292732239
0.27329790592193604
0.8820016980171204
0.24962788820266724
0.7185941338539124
0.5374036431312561
0.1828685998916626
1.6564322710037231
0.4816715717315674
0.4562760591506958
0.7236805558204651
0.20813393592834473
0.2927479147911072
1.0968178510665894
0.3425654172897339
1.181738018989563
0.18728667497634888
0.35266077518463135
0.48345911502838135
0.2956148386001587
0.5566867589950562
1.0254781246185303
0.7181493043899536
0.2858181595802307
1.0432957410812378
0.5112445950508118
0.9718568325042725
0.9992990493774414
1.459428071975708
0.844896674156189
1.3828403949737549
0.6730596423149109
0.33855366706848145
0.2529714107513428
1.1336894035339355
1.2618070840835571
0.4112960696220398
0.6132269501686096
1.1182178258895874
0.24237370491027832
0.24720942974090576
0.9688235521316528
0.5484781861305237
0.781588613986969
0.830089271068573
0.8643413782119751
0.2243691086769104
0.7002866268157959
0.21843814849853516
1.0121889114379883
0.34989362955093384
0.22507309913635254
0.48398566246032715
0.2349231243133545
0.4426755905151367
0.20836329460144043
1.0313626527786255
1.1247637271881104
0.27233457565307617
1.0120282173156738
0.9071899652481079
0.929305374622345
1.1048740148544312
0.7310938239097595
0.35556572675704956
0.9284411668777466
0.8169569969177246
0.7604038715362549
0.961371898651123
0.4570077061653137
1.7679804563522339
0.7915688753128052
0.7577922940254211
1.1910109519958496
0.3993399143218994
0.2873450517654419
1.2780375480651855
1.0725761651992798
1.0134024620056152
1.3041296005249023
0.6208030581474304
0.6002774238586426
0.5260807275772095
0.6930084824562073
0.49302881956100464
0.8559490442276001
1.1349387168884277
0.23892152309417725
0.43345922231674194
0.2835097312927246
0.40475815534591675
0.6722952127456665
0.26549434661865234
1.2951152324676514
0.23862099647521973
0.21268272399902344
1.0019341707229614
0.6671074032783508
0.9442031979560852
0.32466793060302734
0.5353549718856812
0.22420907020568848
0.4799959659576416
1.6953572034835815
0.4626891613006592
1.2294012308120728
0.22773605585098267
1.2742316722869873
1.2763605117797852
0.5791124701499939
1.5049103498458862
0.5126148462295532
0.40704989433288574
1.5534770488739014
0.4767906069755554
0.5039548873901367
1.1951606273651123
0.6026054620742798
0.29533278942108154
1.8968924283981323
0.34419041872024536
0.9449593424797058
0.5295530557632446
0.5344535112380981
0.2563735246658325
0.9637084603309631
1.2857850790023804
1.358096718788147
0.6462258696556091
0.4589015245437622
1.0634222030639648
0.22328656911849976
0.8356409072875977
0.8146005272865295
0.8056578636169434
1.0610785484313965
1.9628593921661377
1.2039507627487183
0.2398802638053894
0.36458760499954224
1.2143882513046265
0.9666939973831177
1.5221099853515625
0.6829507946968079
0.19088423252105713
1.4242804050445557
0.6888373494148254
0.6236972808837891
1.1971298456192017
0.7915902137756348
0.6325074434280396
0.5295928716659546
0.5196513533592224
0.5119991898536682
0.27590644359588623
0.9614121913909912
0.6648423671722412
0.18791621923446655
0.3915552496910095
0.9221051335334778
0.24513471126556396
0.7087411880493164
0.2683066129684448
1.6470402479171753
0.22681117057800293
0.4053546190261841
0.2003037929534912
0.8294653296470642
0.904608964920044
0.4425007104873657
1.0919772386550903
0.2381429672241211
0.9676337242126465
0.29670846462249756
1.103418231010437
1.083446741104126
0.7743709087371826
0.7628201842308044
0.7893608808517456
0.5354939103126526
1.730151891708374
0.607645571231842
1.2457860708236694
0.740622341632843
0.9515935778617859
1.3635822534561157
0.20129549503326416
0.2635692358016968
1.1810139417648315
0.20887887477874756
0.2247362732887268
0.8303549885749817
0.38152194023132324
0.5929999947547913
1.2185240983963013
0.6533542275428772
0.9669904112815857
0.22785979509353638
0.4283343553543091
0.27732837200164795
1.2069458961486816
0.66656094789505
1.5858128070831299
0.5884859561920166
0.9266266226768494
0.752052366733551
0.2935129404067993
0.23990380764007568
0.225591778755188
0.35476529598236084
1.2475001811981201
1.1467180252075195
0.6733860969543457
0.9932242631912231
0.43213558197021484
1.0161346197128296
0.9629416465759277
0.9859368205070496
1.7368781566619873
0.6688587069511414
1.1914879083633423
0.9287109971046448
0.919779896736145
0.7955802083015442
0.2494608759880066
0.33438408374786377
0.44182831048965454
0.7965340614318848
0.20044296979904175
0.87324059009552
0.486477255821228
0.21539419889450073
0.8274295926094055
0.29375457763671875
0.8198739290237427
0.9091901183128357
0.6425467729568481
1.2106423377990723
0.870949923992157
0.307023823261261
0.23704802989959717
1.0169087648391724
1.0009864568710327
1.1475330591201782
0.7240326404571533
1.1228787899017334
0.741935133934021
0.9025244116783142
0.4514782428741455
1.0005422830581665
0.36290502548217773
0.7647929191589355
0.394528865814209
0.34114885330200195
0.40946537256240845
0.22585368156433105
1.494871735572815
1.0818192958831787
0.8433403372764587
0.595055341720581
0.24192053079605103
0.4501016139984131
1.1507573127746582
0.37045180797576904
0.3977017402648926
1.1381396055221558
0.5501111149787903
0.6245886087417603
0.23810839653015137
0.26833128929138184
0.4951145648956299
0.618973970413208
1.0501326322555542
0.22995853424072266
1.232304573059082
1.1638892889022827
1.2737358808517456
1.1111257076263428
0.46072787046432495
0.26608872413635254
1.1936132907867432
0.7954536080360413
0.5976223349571228
0.8834611773490906
1.5134636163711548
0.18599075078964233
1.1502386331558228
1.9859269857406616
0.467789888381958
0.2659670114517212
1.2058080434799194
0.7225804328918457
0.26919347047805786
0.20585376024246216
0.3640793561935425
2.0521647930145264
1.1975847482681274
1.1191470623016357
1.043286681175232
0.5858106017112732
0.6191423535346985
0.23390823602676392
1.0129444599151611
0.45666956901550293
1.102371096611023
0.6979773640632629
0.24775081872940063
0.8429641723632812
0.27651214599609375
0.8919758796691895
0.21935904026031494
1.3138831853866577
0.6207425594329834
1.4276463985443115
0.9793916940689087
0.7967664003372192
0.20647555589675903
0.9939910769462585
0.43649929761886597
0.4800363779067993
1.1539616584777832
0.7592400312423706
0.5983562469482422
0.22924703359603882
0.7087761163711548
1.5550438165664673
1.2441208362579346
1.36574387550354
0.579008936882019
0.3668912649154663
1.185389757156372
0.5012102723121643
0.9831200242042542
0.4554816484451294
0.8850950598716736
1.3151777982711792
1.0286272764205933
1.1534868478775024
0.6256057620048523
0.7160459160804749
0.861618161201477
1.2878106832504272
0.2108616828918457
0.2716158628463745
1.7276599407196045
2.43294620513916
0.661346971988678
1.355117678642273
0.6868384480476379
0.32663941383361816
0.8155970573425293
0.20337599515914917
0.27415764331817627
0.2624672055244446
0.29902559518814087
1.3469412326812744
1.339006781578064
0.8748592138290405
0.8689441084861755
0.34480994939804077
0.2910516858100891
0.9548515677452087
0.27875328063964844
0.9877725839614868
0.8278039693832397
1.0875377655029297
0.538428783416748
0.569917619228363
0.3665217161178589
0.5558198094367981
1.0539600849151611
0.8490634560585022
0.6201420426368713
0.9150539040565491
0.9645370841026306
0.3687765598297119
0.23341453075408936
0.21349096298217773
0.2617790699005127
0.25158512592315674
1.087768793106079
0.4615499973297119
1.1554478406906128
0.548427164554596
0.7615774273872375
0.9035744667053223
0.4212552309036255
0.5223588943481445
0.6434397101402283
0.24960404634475708
1.5491373538970947
0.525174081325531
0.5672034025192261
0.23839402198791504
0.3613394498825073
0.2566436529159546
0.22655856609344482
0.6457335352897644
1.00203537940979
0.8120211362838745
1.147606611251831
0.4972832202911377
0.8245902061462402
0.8051158785820007
1.1813255548477173
0.9864431619644165
1.00790274143219
1.2920628786087036
0.7480445504188538
0.9713472723960876
0.6775081157684326
0.5968254804611206
0.2133994698524475
0.5867459177970886
0.5328549742698669
1.154222846031189
0.28561198711395264
0.7250370979309082
1.0973824262619019
0.6807398200035095
0.5797451734542847
1.187468409538269
0.8385330438613892
0.5606429576873779
0.7777003645896912
0.9184342622756958
0.8774983882904053
0.5346714854240417
0.27147090435028076
0.3912731409072876
1.0752791166305542
0.699336051940918
0.7437567710876465
0.9976996183395386
1.46359384059906
0.24994075298309326
1.1074254512786865
0.9991676211357117
0.38994354009628296
1.2879244089126587
0.47902804613113403
0.9537407755851746
0.3620964288711548
0.9947260022163391
0.2196783423423767
0.22422218322753906
0.9393972158432007
0.6022704243659973
0.7566137313842773
1.108912467956543
0.2505146265029907
0.6040889024734497
0.5707263350486755
0.5016427636146545
1.018659234046936
1.1293951272964478
0.8708809018135071
0.7806113958358765
0.9119956493377686
1.0610405206680298
0.655793309211731
1.002524495124817
0.25855493545532227
0.9283925890922546
0.3197380304336548
0.8367399573326111
0.21721893548965454
0.2051384449005127
0.6479508876800537
0.2193318009376526
0.37564003467559814
0.2322690486907959
0.5412591099739075
0.7961034774780273
0.6744688153266907
0.9980263113975525
0.2140142321586609
0.26372790336608887
0.32088685035705566
0.25081443786621094
0.5789183974266052
1.1205649375915527
0.6244843006134033
0.45788925886154175
0.5573999881744385
1.10861074924469
0.5466778874397278
0.33307623863220215
1.7597469091415405
0.807015597820282
0.7457758188247681
0.3752734065055847
0.5150701999664307
0.39967525005340576
0.3137286305427551
0.8268478512763977
2.061527967453003
0.24507492780685425
0.2495902180671692
0.5886772274971008
1.0840641260147095
0.2055124044418335
0.5496994256973267
0.7000378966331482
0.7580714821815491
0.6617535948753357
0.4484473466873169
1.044069766998291
0.7811614274978638
0.584137499332428
1.3180960416793823
0.538178563117981
0.21260303258895874
0.5435410141944885
0.9996793866157532
0.22771841287612915
1.1485848426818848
0.26270830631256104
0.928673505783081
0.2731454372406006
0.49555742740631104
0.48361653089523315
0.3441131114959717
1.445085883140564
1.0511023998260498
0.7170966267585754
0.47775208950042725
0.3998538851737976
0.9421936869621277
0.726776123046875
0.7415105104446411
0.5968186259269714
1.1794078350067139
0.708210825920105
0.2853647470474243
0.6628290414810181
0.22218459844589233
0.1731167435646057
1.2549612522125244
0.8675987124443054
0.9955121278762817
0.7842516303062439
0.7004985809326172
0.5102879405021667
0.584645688533783
0.9897066354751587
0.22978544235229492
0.8210643529891968
0.6468302607536316
0.7668737173080444
