0.06772273033857346
-0.5285177826881409
-0.021368345245718956
-0.5555972456932068
-0.14788426458835602
0.27009350061416626
0.45323944091796875
-0.7433609962463379
-1.4794249534606934
-0.006431730929762125
0.006532223895192146
-0.2172592133283615
-1.3057949542999268
0.09334052354097366
-1.8239809274673462
0.706756055355072
0.2556019425392151
-1.159200668334961
-0.16346855461597443
0.649236261844635
0.5537270307540894
1.1250633001327515
1.2050740718841553
0.07899302244186401
-0.4719799757003784
-0.0017977077513933182
0.035710256546735764
-0.02116413787007332
-0.05438092723488808
-0.5251328945159912
0.25709637999534607
0.014493952505290508
-0.992898166179657
-1.5309064388275146
-0.14706626534461975
1.1123888492584229
0.37850815057754517
0.6904252171516418
0.10590487718582153
0.7517754435539246
-0.559865415096283
0.023733654990792274
0.06521821022033691
-0.7804549932479858
0.32404160499572754
0.018674388527870178
-0.0432455912232399
-0.18627792596817017
-0.6820361018180847
-0.5041965842247009
-1.189351201057434
-1.6685045957565308
0.10936205089092255
-0.9377831816673279
0.00637823948636651
-2.0813488960266113
-1.3476675748825073
-0.03802032396197319
-0.8105250597000122
-0.6225762367248535
-1.335251808166504
-1.6620733737945557
1.31754732131958
0.675893247127533
0.015581455081701279
0.060552194714546204
-0.19463351368904114
-1.2932146787643433
-0.1913881152868271
-0.1612606644630432
-1.3883936405181885
-0.5896725654602051
-0.034397564828395844
0.05813804641366005
-0.18957796692848206
-0.021525966003537178
-1.5448848009109497
-0.19323599338531494
-0.05855715647339821
-0.3414073884487152
0.006936649791896343
-0.16495145857334137
0.07735606282949448
-0.41706201434135437
-0.4705035090446472
-0.05973959341645241
0.14399242401123047
-0.05760979652404785
-0.942618727684021
-0.030580667778849602
-0.04221402108669281
-0.029085326939821243
-0.5213311910629272
-1.6342661380767822
-0.06626250594854355
0.023142704740166664
-0.12115485966205597
0.692089855670929
-1.1934019327163696
0.6108123660087585
-0.8401287794113159
0.5749941468238831
0.6763277649879456
-0.5802498459815979
-1.0550497770309448
1.0756644010543823
1.1291049718856812
0.2185705006122589
1.8070694208145142
-0.07598937302827835
-1.7825639247894287
-0.16824489831924438
-0.05110912397503853
-0.8466237187385559
-0.349226713180542
-0.043342363089323044
0.008688155561685562
0.8919053673744202
0.20436646044254303
-0.23114287853240967
-0.22674889862537384
0.5844395756721497
-1.7653820514678955
-0.5239483714103699
-0.05546586960554123
-1.7845884561538696
0.060541339218616486
-0.5571252703666687
-1.516679286956787
0.14494431018829346
0.42662686109542847
-0.08100798726081848
0.8581578135490417
-0.2816942036151886
0.14386644959449768
-0.1027418002486229
0.4507993459701538
-0.17043006420135498
0.5219991207122803
-0.7467710971832275
-1.2918826341629028
-0.5011564493179321
-1.491357445716858
-0.865421712398529
1.1248245239257812
-0.5970444083213806
0.6079369187355042
-2.5250043869018555
-1.3778703212738037
-0.962145984172821
-0.0825033187866211
-0.8009268641471863
-0.1543881595134735
0.2511786222457886
-0.3116927742958069
0.021203674376010895
2.61501407623291
-1.699863076210022
-0.4823697805404663
0.2288624495267868
-1.4398645162582397
-2.105283498764038
-0.12611913681030273
-1.1060571670532227
-0.3716665506362915
0.2245398312807083
-1.3669309616088867
-0.8808744549751282
-0.1359144002199173
-0.0759485587477684
0.04000489041209221
-0.7702416181564331
0.3280929625034332
-0.16641125082969666
-0.8736634850502014
-0.19845034182071686
0.29234763979911804
-0.6651045083999634
-0.34660208225250244
0.6571220755577087
0.12237570434808731
0.5320714712142944
0.07277192175388336
1.1959842443466187
-0.5105546712875366
-0.6649909019470215
0.24788950383663177
0.08978976309299469
-1.6036615371704102
-1.3576663732528687
0.22978076338768005
-0.13646355271339417
-2.1385879516601562
-1.5193901062011719
-0.9663682579994202
1.067710518836975
0.13585755228996277
-0.4525812268257141
-0.5979673266410828
-0.33447861671447754
-0.07134261727333069
-0.050565123558044434
-0.9590763449668884
0.6943678855895996
0.014301015064120293
-0.06977371126413345
-0.0721282958984375
0.46905717253685
0.1983184516429901
-0.34386301040649414
-1.162086009979248
-0.5718545317649841
-1.6364120244979858
-0.9632870554924011
-0.18211205303668976
1.120848298072815
0.2310362607240677
-0.11360512673854828
-0.7942808270454407
-0.15084119141101837
-0.8635461330413818
-1.856465458869934
0.1995190978050232
-0.724433183670044
0.058780718594789505
0.2500893473625183
-0.05322723090648651
-1.0464742183685303
-0.9144033789634705
0.08448123931884766
-1.1805187463760376
0.3046710789203644
-0.24061650037765503
0.13479657471179962
0.7212051749229431
-0.5526436567306519
-0.44753819704055786
-1.3859384059906006
-0.1249619647860527
-0.10991530865430832
-0.2437756359577179
-0.5073415040969849
0.30248400568962097
-0.3049555718898773
-0.24057365953922272
0.27597153186798096
-0.18085981905460358
-2.2095460891723633
-0.47020256519317627
-0.11328824609518051
-0.32337504625320435
-0.6432624459266663
-0.08198735117912292
-0.664277195930481
-0.11212420463562012
0.021097572520375252
-0.7745668292045593
0.557986855506897
-0.6617722511291504
-0.17581939697265625
0.36852923035621643
-0.16130420565605164
0.42873615026474
1.0176644325256348
-0.27381831407546997
-0.851553738117218
-0.8245856761932373
-0.2676165997982025
-0.4602036476135254
-0.24407169222831726
-0.35721710324287415
-0.03501254320144653
0.03489027917385101
0.9405845403671265
-1.5871832370758057
0.09016749262809753
0.8107362389564514
0.6868687868118286
-1.5461570024490356
-1.124706745147705
-0.3270465135574341
-0.9226265549659729
-1.0849881172180176
-0.051476042717695236
-0.753931999206543
-1.6550650596618652
0.2534031271934509
-0.10330935567617416
-0.16509927809238434
-0.5637521147727966
-0.12084807455539703
-0.07549186050891876
0.006751030217856169
-0.024219021201133728
-0.0370447002351284
-1.0691417455673218
1.1305509805679321
-1.0384317636489868
-0.4367866814136505
-0.637159526348114
0.11714057624340057
-0.1575731486082077
0.0031933907885104418
0.5977561473846436
0.05481509119272232
0.012631569989025593
-0.4817558526992798
-0.11319161206483841
-0.21409161388874054
0.0306174848228693
-0.05560016259551048
-0.8313024044036865
-0.4009430706501007
0.24971254169940948
-0.2062356323003769
0.10278770327568054
-0.10252556204795837
-2.122304677963257
-0.9006983637809753
-0.04939701035618782
-0.03402892127633095
-0.37981748580932617
0.7697824835777283
-0.506266713142395
-0.6484978795051575
-0.25369903445243835
1.3230761289596558
-0.45298728346824646
-1.5759457349777222
1.0282762050628662
0.9824554920196533
-2.968782424926758
0.001948871067725122
-0.8381298780441284
-2.5222132205963135
-0.11662253737449646
-1.485864281654358
-1.5524641275405884
-0.18225069344043732
-1.1407179832458496
-0.032312508672475815
0.8620755672454834
0.10952325165271759
-0.16513630747795105
0.4372056722640991
-0.15557946264743805
0.09520334750413895
-0.9977864623069763
0.2816678285598755
1.0752921104431152
-0.6665371060371399
-0.22075305879116058
-0.04588855057954788
-0.5296969413757324
0.04174619913101196
-1.7661513090133667
-0.18807150423526764
-0.12784500420093536
-0.9128412008285522
-1.2771037817001343
-0.45116958022117615
-1.1890274286270142
-0.13067379593849182
-0.1352548450231552
-0.1542282998561859
0.12553942203521729
-0.36493489146232605
0.7647317051887512
0.18681539595127106
-0.3810696601867676
-1.8124476671218872
-0.48002463579177856
-0.5387973189353943
0.30429163575172424
-0.008073337376117706
-0.3770061731338501
0.027823345735669136
-1.2441260814666748
-0.6285735368728638
-0.23311927914619446
-1.7087607383728027
-0.07730863243341446
-0.004685929510742426
-0.41615620255470276
0.06865731626749039
-0.12848174571990967
0.3426923453807831
-0.12389091402292252
1.2546216249465942
-1.7896990776062012
-0.06062883138656616
-0.12861454486846924
-0.4846130907535553
-0.1446119248867035
-0.7791111469268799
-1.3362654447555542
0.1281493604183197
-0.7768458127975464
-0.051152363419532776
-0.03927905485033989
-1.4893779754638672
1.162308931350708
0.5966339707374573
-0.25362029671669006
-0.1997068226337433
-0.04941003397107124
-0.006029675714671612
-0.08163055777549744
-0.07874444872140884
0.12265776842832565
0.10276754945516586
-0.7837383151054382
1.771624207496643
-0.2213926911354065
0.0921277180314064
-0.9104493260383606
-1.0915305614471436
0.05588676780462265
-0.8667048215866089
-0.0910702720284462
0.0019929027184844017
-0.4069473445415497
-0.12485040724277496
2.0043461322784424
-1.2305766344070435
-0.22820711135864258
-0.5799539089202881
0.7256264686584473
-0.5899102091789246
0.068108931183815
-0.9614887833595276
-0.07136883586645126
-0.7081285715103149
-0.04494506120681763
-1.896498203277588
0.09192339330911636
0.2467009723186493
-0.1762136071920395
-0.053366970270872116
-0.7726451754570007
-0.3246304988861084
-1.4004992246627808
0.813075065612793
-0.7058628797531128
-0.2429358959197998
-0.14001727104187012
0.029297156259417534
0.059010136872529984
0.1234215497970581
-1.3110365867614746
0.03377857431769371
0.02383933588862419
-0.9818435907363892
-0.06352300941944122
0.8011882305145264
-0.28420963883399963
-0.006898929364979267
0.01399319153279066
0.17652015388011932
-0.9813277721405029
-0.036780573427677155
-0.8598464131355286
0.06900622695684433
-0.09849200397729874
-0.6546735763549805
-0.8754463195800781
-0.4433356821537018
-1.3959071636199951
0.2590443789958954
-0.5047692060470581
-1.4687262773513794
-0.8979959487915039
0.35885727405548096
-1.270158052444458
0.8074321150779724
-1.4602688550949097
-0.37716126441955566
0.9554320573806763
-0.06870842725038528
-0.6884806752204895
-0.026664480566978455
0.10306041687726974
-0.023236647248268127
-0.8677628636360168
-0.15165594220161438
1.338518738746643
-0.02780206874012947
-1.7647805213928223
0.6314882636070251
-0.9375443458557129
-1.9726834297180176
-1.3144290447235107
0.8464872241020203
0.8783481121063232
0.23198139667510986
-0.22671326994895935
-1.6307014226913452
0.7101984024047852
-0.16111049056053162
-0.37545162439346313
-0.047989074140787125
-0.6594752073287964
-0.4769267737865448
1.3004647493362427
-0.9152219891548157
-0.340826153755188
-0.07334387302398682
-1.6522915363311768
-0.10808432102203369
-0.2875584065914154
0.12879708409309387
-0.3935754597187042
0.5079997777938843
0.011976130306720734
-1.1490452289581299
0.4661799967288971
-1.1409859657287598
-1.9217770099639893
0.3935968279838562
-0.42060643434524536
-1.9711225032806396
-0.08288818597793579
-0.038061849772930145
-0.6968291997909546
0.18039706349372864
0.3288519084453583
0.14948132634162903
-1.7322670221328735
0.15947335958480835
-0.14848893880844116
0.14632989466190338
-0.5632097721099854
0.008198394440114498
-0.8521519899368286
-0.06411796063184738
-0.2985800504684448
-0.0019227961311116815
-1.468580722808838
-0.4769272804260254
-0.0026663511525839567
-0.06717115640640259
-0.012945497408509254
0.06653276085853577
-1.201729416847229
1.6491060256958008
-0.25035521388053894
-0.05589340627193451
0.4907648265361786
0.02536078914999962
-0.5047587156295776
-1.7816495895385742
-0.4875584542751312
0.033797573298215866
0.5961820483207703
0.12496226280927658
0.41389337182044983
-0.9284812808036804
0.01369897834956646
-1.7635000944137573
0.5101237297058105
-0.061627425253391266
-0.02437647059559822
-0.9479631185531616
0.1410975456237793
-1.1930214166641235
-0.00355554954148829
-1.473539113998413
0.51698237657547
-0.11865459382534027
-0.5868273377418518
-1.780486822128296
-2.0450639724731445
-0.001209703623317182
-1.4192272424697876
-1.8779886960983276
-0.15146058797836304
0.18764960765838623
-2.0155184268951416
0.030775010585784912
0.23160237073898315
-0.08436269313097
-0.5445957183837891
0.0030064801685512066
-0.021243657916784286
-0.031063774600625038
0.03774678334593773
-0.36487075686454773
-0.009552333503961563
0.8592903017997742
0.18790701031684875
-0.26094192266464233
0.5429894328117371
-0.1033967062830925
1.003068447113037
0.015216700732707977
-1.2081568241119385
0.015498998574912548
0.8922434449195862
-1.387072205543518
-0.21130786836147308
-0.4013645350933075
-0.2906099259853363
-0.10724394768476486
0.036786504089832306
-1.4321231842041016
0.06333178281784058
-0.08224999904632568
-0.2787497639656067
-0.0776016041636467
-2.073713541030884
-0.004316070582717657
-0.27594006061553955
-0.17686913907527924
0.04128773882985115
0.028085147961974144
-1.908942461013794
0.2280866801738739
-0.42680123448371887
0.07570477575063705
0.043364621698856354
-0.1619569957256317
-0.03834153711795807
-0.34461086988449097
-1.2619893550872803
-0.5575686097145081
0.004236225038766861
-2.1226727962493896
-0.41372841596603394
-1.253083348274231
-0.6547712087631226
-0.994774580001831
-0.9352710843086243
-0.050337258726358414
0.5939527750015259
-0.10856989026069641
0.08219116926193237
-1.328616738319397
-0.8165110349655151
1.1561229228973389
-0.2855285108089447
-1.2382662296295166
0.15997210144996643
-0.1551884114742279
-0.45022258162498474
-0.5832927823066711
0.9700068235397339
-1.3649845123291016
-0.16173988580703735
0.04489106312394142
-0.8690820932388306
-0.023533044382929802
-1.860939860343933
-0.0488068088889122
0.06929075717926025
-0.12353571504354477
0.047132402658462524
-0.24945712089538574
0.09356614202260971
-1.3342739343643188
-0.7079655528068542
0.02402321994304657
0.33625125885009766
-1.1792073249816895
-0.6914469003677368
-0.8243792057037354
0.6651723384857178
0.5271655917167664
0.7220227122306824
-1.4335784912109375
1.7784945964813232
0.8184747695922852
0.08640571683645248
-0.004756496287882328
0.3963453769683838
0.5468953251838684
-0.9119014739990234
0.044727250933647156
-0.04507283493876457
-1.6667180061340332
-1.3422648906707764
1.4957489967346191
-2.485558271408081
-0.6700018644332886
-0.09437792748212814
0.45404016971588135
-0.41367873549461365
-0.008444895967841148
-1.1095610857009888
-0.6743003129959106
0.00915396399796009
0.6864565014839172
-0.0796632319688797
-0.09568697214126587
-0.5237593650817871
0.009666434489190578
-0.26120251417160034
-0.03985445573925972
-0.05923688784241676
1.128688931465149
0.8996071219444275
0.24769052863121033
0.2956283986568451
-0.22670409083366394
0.14462080597877502
-0.020065009593963623
-1.6684101819992065
-0.29935505986213684
-1.396939992904663
-0.09148399531841278
1.049634337425232
-0.989948570728302
1.4003937244415283
0.7583538293838501
-0.07836638391017914
0.19224920868873596
0.4654500186443329
-0.10365628451108932
-0.4059476852416992
-0.1796017736196518
-0.2778729498386383
0.13081328570842743
-0.43206000328063965
0.21264177560806274
-0.4269149899482727
-0.5215452909469604
-0.39758631587028503
-0.07044308632612228
-0.3487856090068817
0.8811242580413818
-1.2548457384109497
-0.5666268467903137
-0.3483279347419739
-1.574470043182373
0.16104282438755035
-0.7725008130073547
-1.007662296295166
-0.9643517136573792
-0.6359894275665283
-0.7682340145111084
-0.25491830706596375
0.07260644435882568
-0.07089181989431381
-0.31889909505844116
-0.03416759893298149
-1.27901029586792
-0.20642486214637756
0.11984259635210037
-0.17213702201843262
1.1905021667480469
-0.3063063323497772
0.09416836500167847
-0.47265002131462097
-0.5844602584838867
-0.2710370719432831
0.44303134083747864
-0.4742797613143921
0.09746911376714706
-1.4791877269744873
-0.0842856615781784
0.11151180416345596
0.8895646333694458
-0.8736812472343445
0.08801311254501343
-0.9986981749534607
0.12529321014881134
-0.6496838331222534
0.09214619547128677
-0.2630316913127899
0.07149426639080048
-0.8988416194915771
-1.6270803213119507
0.12818139791488647
-0.6203173995018005
-0.07053131610155106
-1.3019212484359741
-0.07448586821556091
-0.23729673027992249
-2.0920591354370117
-0.7889694571495056
0.8386244177818298
0.5649756193161011
-0.3301594853401184
0.09083637595176697
-0.3099851906299591
0.7628965973854065
-0.637022852897644
-0.6265801191329956
-0.5221858620643616
0.0015959433512762189
-0.0020898778457194567
-1.257824420928955
-0.0780978724360466
0.07711527496576309
-0.7388725280761719
0.004108082037419081
-0.36440831422805786
-0.9767966866493225
0.7235245108604431
-1.9069411754608154
-0.0031791627407073975
-0.02178069017827511
0.18125572800636292
-1.6279428005218506
-0.4815885126590729
0.06843922287225723
0.9715779423713684
-1.1021441221237183
-0.5739829540252686
-0.08660551905632019
0.05299755558371544
0.04780793562531471
-0.11650621891021729
-1.7386962175369263
-2.032883644104004
-0.3508434295654297
-0.9290816783905029
-0.0025571249425411224
-1.2605869770050049
-0.36564335227012634
-0.338630735874176
0.40271496772766113
-0.5232117176055908
-0.249528169631958
0.5110588073730469
0.03461691737174988
-1.4238590002059937
-0.01773087866604328
-0.009910019114613533
-0.21224083006381989
1.4155902862548828
0.09001608937978745
-1.535536766052246
0.06038659065961838
-0.47027894854545593
-1.1854740381240845
0.007525123190134764
-0.03705578297376633
-1.8138704299926758
-0.08310797065496445
-2.142773389816284
-1.0643908977508545
0.1245780736207962
0.04137466102838516
-0.5229101181030273
-1.605497121810913
-0.9013200402259827
-0.4600209593772888
-0.1396595984697342
-0.437334805727005
-1.0781155824661255
-0.09280014783143997
-0.13638511300086975
0.25619935989379883
-0.9202248454093933
-0.11740536242723465
0.2580302059650421
-0.018945619463920593
-0.05540108680725098
-1.3225983381271362
-2.2156388759613037
1.2362650632858276
-0.34309443831443787
-0.004525509662926197
0.017432300373911858
-2.0309507846832275
1.341062068939209
-0.0444733202457428
-1.8166942596435547
0.25061914324760437
-0.3391314148902893
-0.017037175595760345
0.07776796817779541
-0.08653184771537781
1.1145552396774292
-0.11269499361515045
0.25524088740348816
-1.2850910425186157
-0.5095311999320984
-0.6036830544471741
-0.04404355213046074
-0.13235539197921753
-0.05194403603672981
-2.442199468612671
-0.5922535061836243
-0.3332507610321045
-0.6877086162567139
0.4831109344959259
-0.13275708258152008
-1.4628705978393555
-0.35318300127983093
-0.14245149493217468
0.11418573558330536
1.0618460178375244
-0.12675325572490692
-0.1113184317946434
-0.0007613084744662046
0.12758038938045502
0.2788708806037903
-1.8165373802185059
-0.9400163292884827
-1.977786898612976
-0.18660862743854523
1.191100001335144
-0.05243683606386185
-2.2316417694091797
1.334641456604004
-1.8396801948547363
-0.7394407987594604
-0.05605098977684975
0.2433857023715973
0.10514073073863983
-1.1267808675765991
0.04929976165294647
0.7183041572570801
-0.37382081151008606
0.3629506230354309
-1.4791171550750732
-0.7748481035232544
0.01570458523929119
0.4268684387207031
-0.2732299864292145
-0.1654898077249527
0.9629778265953064
-0.07370784133672714
-0.258633017539978
0.17311391234397888
0.11657873541116714
-0.5000078678131104
-0.22382289171218872
-1.8644607067108154
0.730130672454834
-0.03081403858959675
-1.6744351387023926
-0.20192329585552216
-1.3772236108779907
1.0457711219787598
-0.6662716865539551
-0.7882726192474365
0.909109890460968
-1.2226967811584473
0.46942633390426636
-0.24964025616645813
-0.3533274531364441
0.13468481600284576
0.12255588173866272
0.011962764896452427
0.05163656920194626
-0.3613281846046448
-0.3673793375492096
-1.6077075004577637
1.0282827615737915
-0.022766832262277603
-0.7525481581687927
0.04654344916343689
-0.03577331453561783
-0.11759589612483978
-0.05280118063092232
1.4829118251800537
-0.9391498565673828
-0.012738116085529327
-0.37755194306373596
0.19841371476650238
0.1987990140914917
-0.39834219217300415
-0.005444748792797327
-0.7559847831726074
-1.7556254863739014
-2.2665457725524902
-0.3343549072742462
0.19218379259109497
0.01206169556826353
-0.20607154071331024
-2.349417209625244
-1.1232731342315674
-0.3260635435581207
-1.04865562915802
-1.2055290937423706
0.4762977957725525
0.03798547014594078
-0.041509874165058136
-0.08009693026542664
0.4203079044818878
-0.19016331434249878
-0.07733800262212753
0.09315100312232971
-0.2121972143650055
-0.4918616712093353
-0.7546073198318481
0.5286118388175964
0.25435149669647217
-0.5996608734130859
-0.03939342871308327
-0.45643919706344604
0.6690341234207153
0.36080464720726013
0.09927113354206085
2.4747228622436523
0.015004097484052181
0.05674388259649277
-0.6652058959007263
-0.33806124329566956
0.8804473280906677
0.7098197340965271
-0.1657746434211731
1.5758931636810303
-0.8172397613525391
-1.2748723030090332
0.8406052589416504
-0.6884214282035828
1.1305453777313232
0.5196382999420166
-1.6007667779922485
1.5027283430099487
-0.0893058180809021
-0.05112016201019287
1.6943451166152954
0.27707964181900024
-0.4030238389968872
-0.01320610661059618
-0.6311753988265991
0.22840024530887604
-0.01154834870249033
-0.07384271174669266
0.28179794549942017
-0.4951953589916229
1.0914654731750488
-0.604174792766571
-1.1308377981185913
1.3107408285140991
0.32286182045936584
0.08362432569265366
0.710071325302124
0.6660649180412292
-0.9424068331718445
-0.5668497681617737
-1.1942802667617798
0.2903193235397339
-0.1413399875164032
-1.1299186944961548
-1.190919280052185
-0.15810510516166687
-0.8599714636802673
1.2598950862884521
-0.6113608479499817
0.28328830003738403
-1.4086321592330933
0.03650598227977753
0.021272070705890656
-1.7340483665466309
-0.30008262395858765
-1.4392319917678833
-1.0205157995224
-0.012619190849363804
-0.3504229187965393
-0.1765308827161789
-0.4568161070346832
-0.7621951103210449
0.9863964915275574
-1.257864236831665
-1.0191073417663574
-0.46403083205223083
-2.0625061988830566
-0.7230556011199951
-0.9937657117843628
-0.06991172581911087
0.031254060566425323
-0.129474937915802
-0.836918294429779
-0.046099208295345306
-0.05025303736329079
-0.39220595359802246
0.06646103411912918
-0.06551989912986755
-0.11659256368875504
1.2226414680480957
-0.5717781186103821
1.5327961444854736
-1.9122352600097656
-0.02128841169178486
-0.09969990700483322
-0.04619692638516426
0.14837609231472015
0.5561655163764954
-1.4168413877487183
0.026255542412400246
-0.09324784576892853
-0.03174709156155586
0.07588476687669754
-0.411251962184906
-0.028388451784849167
-0.0834728330373764
-1.0567903518676758
-0.40045443177223206
-0.08572565764188766
-0.294901967048645
0.04754368215799332
0.10155639797449112
-0.589240550994873
0.01578601822257042
0.03404170647263527
0.12377408146858215
0.2861860990524292
-1.245725154876709
0.05016765370965004
-0.40136635303497314
-1.370835542678833
-0.15357546508312225
0.32513555884361267
0.46223530173301697
-1.1756782531738281
1.3842142820358276
-0.0051404996775090694
0.20358245074748993
-0.3211604654788971
0.06283237785100937
-0.2772030830383301
0.2908177077770233
0.02576611563563347
-0.32151785492897034
-0.1003192812204361
-0.724740207195282
0.11407842487096786
0.009606014005839825
-0.17578697204589844
-0.10990442335605621
0.2831037938594818
0.018164679408073425
-0.716988205909729
0.45477136969566345
-0.16285769641399384
0.5479690432548523
-0.9539998769760132
-0.8341216444969177
-0.5079250335693359
-0.003441102569922805
-0.7005531191825867
-0.11434686928987503
-0.6719346046447754
0.020760899409651756
0.09502969682216644
-1.5124684572219849
-0.03751657158136368
-1.1381291151046753
-0.8359423279762268
-0.8914108872413635
1.173574447631836
0.3910798132419586
-0.8072182536125183
-0.032646529376506805
-0.9434895515441895
0.07230982184410095
-0.11567160487174988
