-0.6901835799217224
-2.0938570499420166
-1.2336848974227905
-2.4128477573394775
-3.0659422874450684
-1.2586333751678467
-0.9961395263671875
-0.4601074159145355
-0.7086313366889954
-1.0046541690826416
-0.8741565942764282
-0.8640738725662231
-0.779064953327179
-0.9490938782691956
0.11434128135442734
-1.75046968460083
-1.3915233612060547
0.19243422150611877
-0.39190423488616943
-0.09425731748342514
-0.9776293039321899
-0.5809311866760254
-0.3268539309501648
-1.3433152437210083
-2.083613872528076
-1.120460033416748
-1.2506628036499023
0.3089461624622345
-0.1682167947292328
-1.0296186208724976
-1.526837944984436
-1.1552599668502808
-0.94895339012146
-2.97408390045166
-0.6551368236541748
-0.4398850202560425
-0.3719804883003235
-0.628320038318634
-0.09586700797080994
-1.100796103477478
-1.4110420942306519
-1.1993391513824463
-1.4073288440704346
-1.7592642307281494
-2.2294418811798096
-1.2619295120239258
-1.3794325590133667
-0.16445662081241608
-1.1239908933639526
-1.9765158891677856
-0.8390926718711853
-1.6170786619186401
-0.9996294379234314
-0.40684860944747925
-0.5953388810157776
-0.12465374916791916
-1.569144368171692
-1.2528862953186035
-0.2863577604293823
-1.3441144227981567
-0.06070965528488159
-0.2697591185569763
0.154099702835083
-0.07992803305387497
0.2843816578388214
-1.418003797531128
-0.5854746699333191
0.31028425693511963
-0.3841577470302582
-0.6236271262168884
-0.2680210471153259
-1.314435362815857
-2.026383399963379
-1.4338093996047974
-1.7420086860656738
-1.2430816888809204
0.22861678898334503
-0.881292462348938
0.16571879386901855
-0.6061397790908813
-1.2348445653915405
-0.37262019515037537
-1.1591538190841675
-1.3472529649734497
0.10803420841693878
-1.3705723285675049
-1.5723830461502075
-0.8485065698623657
-0.03687366098165512
-0.9264190793037415
-0.7065940499305725
-1.0626766681671143
-1.7473373413085938
-1.725085735321045
-0.7170902490615845
-1.4262266159057617
-0.3352864682674408
0.5111262798309326
0.14512141048908234
-1.1273037195205688
-0.6698966026306152
-0.6981971859931946
-0.3577824831008911
-1.1678627729415894
-1.4882394075393677
-0.6630899310112
0.5281844735145569
-0.5793676376342773
0.42033782601356506
-1.3761658668518066
0.3364008367061615
0.666924774646759
-1.3170814514160156
0.9068375825881958
-1.9694442749023438
-1.1842221021652222
-0.49053555727005005
-0.15669384598731995
-0.5999637246131897
-1.8298430442810059
-1.2559674978256226
-0.6568697690963745
-0.8607606887817383
-0.5049118995666504
-0.5032954812049866
0.12360712140798569
-1.5365924835205078
-0.5934744477272034
-1.5836842060089111
-1.4079315662384033
-1.5439131259918213
-0.28489941358566284
-1.4633252620697021
-2.2305216789245605
-1.926201343536377
-1.5130794048309326
-1.096800684928894
-1.3757288455963135
-2.1861894130706787
0.5690830945968628
-0.9576853513717651
-2.4179751873016357
-0.1839732527732849
-1.9583077430725098
-0.8871408104896545
-2.6680386066436768
-0.9996920228004456
-0.29962724447250366
-0.7646804451942444
-1.5180046558380127
-2.008113384246826
-1.6539164781570435
-1.2966527938842773
-1.817575216293335
-0.4290723204612732
-1.2793172597885132
-1.0092439651489258
-0.4486004710197449
-1.9136121273040771
-1.166602611541748
-0.05557319521903992
0.102663554251194
-2.5712177753448486
0.0946112647652626
-1.9036585092544556
-1.3271230459213257
-0.9396449327468872
-0.7598420977592468
-1.2116870880126953
-0.20849767327308655
-1.2725774049758911
-1.229316234588623
0.6043930649757385
-0.2245577871799469
-0.9226855039596558
-0.587303638458252
-0.1735323667526245
-0.9294542670249939
-1.460131287574768
-0.17394405603408813
-0.2755388021469116
0.5196918249130249
-0.7051231265068054
0.014951910823583603
-0.8499999642372131
-0.7872284054756165
-2.83358097076416
-0.8720781207084656
-0.13260063529014587
-0.9998617172241211
-0.2880876958370209
-1.861539363861084
-0.03477858379483223
-2.3854377269744873
-1.5766922235488892
-1.0493676662445068
-1.3476972579956055
-0.5211352705955505
-0.74647456407547
0.2508126199245453
-1.5134800672531128
-1.3653640747070312
-1.252352237701416
-2.010608434677124
-0.9814571738243103
-1.1919879913330078
-1.3667806386947632
-0.17159080505371094
-1.1273826360702515
-1.6878931522369385
-0.3735404312610626
-0.7388467192649841
0.1303451657295227
-1.175377607345581
-0.4002867639064789
-0.4139198064804077
-2.396585464477539
-1.313751220703125
-1.2102916240692139
-3.1526706218719482
-2.0199084281921387
-0.41506049036979675
-2.3142528533935547
-1.0911695957183838
-1.2722783088684082
-0.47754764556884766
0.19224438071250916
-2.1102871894836426
-0.7654779553413391
-1.5404099225997925
-0.2450494021177292
-0.8692373633384705
-1.3881475925445557
-0.2674110531806946
0.264767050743103
-1.7192107439041138
-1.8757978677749634
-1.8628772497177124
-0.8654505014419556
-0.6728955507278442
-1.1606056690216064
-0.3018306791782379
-0.03449925407767296
-0.37671777606010437
-2.1882052421569824
-0.8712078928947449
0.0006316915969364345
0.01748088374733925
0.7052572965621948
-1.1814558506011963
-1.5494266748428345
-1.9416311979293823
-0.8737066388130188
-0.3242983818054199
-1.4655325412750244
-1.12901771068573
-0.7013807892799377
-1.4679911136627197
-1.2679773569107056
-0.993213415145874
-2.0192348957061768
-0.8637382984161377
-1.2321754693984985
0.09066177904605865
-0.22439464926719666
-2.0642764568328857
-1.9746167659759521
-0.2560054361820221
-1.8977428674697876
-0.052237965166568756
-1.9727954864501953
-1.4005343914031982
-1.3342750072479248
-0.566186249256134
-0.8381386995315552
-0.25650379061698914
-1.7272621393203735
-0.3883298337459564
-0.41850781440734863
-1.8527222871780396
-0.07074160873889923
-0.32282212376594543
-0.5090650916099548
-1.3127459287643433
-0.7650846242904663
-0.5126197934150696
-2.5169692039489746
-0.4128521978855133
-1.8443979024887085
-0.4817737638950348
-2.155876874923706
-0.32276254892349243
-1.3995370864868164
-2.4779884815216064
-1.212093710899353
-1.717874526977539
-0.9024981260299683
-1.5779013633728027
-0.9929685592651367
-0.568236231803894
-1.6263562440872192
-0.9160251021385193
-0.3971916139125824
-1.2460205554962158
0.13035935163497925
-0.8152307271957397
-1.7530632019042969
-0.5299128890037537
-1.1337682008743286
0.2556837201118469
-0.9164628982543945
-0.9222610592842102
-1.458035945892334
-0.9217244982719421
-0.6744764447212219
-2.5271921157836914
-0.007382453419268131
0.027246810495853424
-1.3313997983932495
-0.921873927116394
-1.3015007972717285
-1.4342340230941772
-0.7689688205718994
-2.303213119506836
-2.800123453140259
-1.5148745775222778
0.025355659425258636
-0.43975916504859924
-0.34058672189712524
0.32302799820899963
-1.4339923858642578
-0.4152987599372864
-0.9167835712432861
-1.0369744300842285
-0.17659740149974823
-1.2139018774032593
-0.26154136657714844
0.07679907977581024
-1.1304302215576172
-1.1379709243774414
-1.2635504007339478
-0.29867294430732727
0.1485120803117752
-0.8434103727340698
0.2608645260334015
-0.2419055998325348
-1.3171396255493164
-0.21291197836399078
-1.914721965789795
-0.3589506149291992
-1.1235631704330444
-1.261101484298706
-0.6207176446914673
-1.595739722251892
-1.290052056312561
0.14541290700435638
-1.5067224502563477
-0.671848475933075
-2.216858386993408
-0.5119568705558777
-0.865931510925293
-0.02018526755273342
-0.5092195272445679
-2.3053252696990967
0.10642038285732269
-0.9684646129608154
-0.6504037976264954
-0.10472676157951355
-1.4208766222000122
-1.608345866203308
-0.06819266825914383
-1.1739318370819092
-0.8680694103240967
-1.120151162147522
-0.07243108004331589
-0.9625690579414368
-1.2910072803497314
-0.6344555020332336
-0.9304782748222351
-1.2991900444030762
-0.37162327766418457
-0.8452924489974976
-1.2527828216552734
-1.9131847620010376
-1.8005995750427246
-2.2214529514312744
-2.0759823322296143
-1.2278333902359009
-0.7759858965873718
-0.902858555316925
0.11526205390691757
-0.6950082182884216
-1.8556913137435913
-0.7062809467315674
-0.2547205984592438
-0.8470615148544312
-0.5721885561943054
-0.5094484686851501
-0.8221787810325623
-1.4827539920806885
0.44937896728515625
-0.8318652510643005
-1.8285754919052124
-0.5139914751052856
-0.06761863827705383
-1.3970826864242554
-1.3700361251831055
-2.0888442993164062
-1.3490289449691772
-0.031580474227666855
-1.296147108078003
-0.41677412390708923
-0.7590100765228271
-0.7764326333999634
-0.9380507469177246
-0.3334042429924011
-0.7570406794548035
-1.006150484085083
-1.7199198007583618
-1.353873610496521
-0.9981474280357361
-0.2094770073890686
-0.857133686542511
-0.4331745505332947
-0.561652421951294
-0.3299407958984375
-0.5008007287979126
-1.3757047653198242
-0.2978453040122986
-0.863097608089447
-0.030241798609495163
-1.661463975906372
-0.3275378346443176
-1.298873782157898
0.21197785437107086
-0.6513468027114868
-1.7567156553268433
-0.2838987708091736
-1.1642135381698608
-1.8716626167297363
-0.07246152311563492
-0.09181709587574005
-1.7127609252929688
-0.44467124342918396
-1.7420246601104736
-0.4468030333518982
-0.4558841288089752
-1.3618961572647095
-1.074746012687683
-0.6971784830093384
-1.5191624164581299
0.08498435467481613
-0.33168911933898926
-0.5685187578201294
-1.6308389902114868
-1.1422932147979736
-0.6340616345405579
-0.6945841908454895
-1.2879400253295898
-1.836350917816162
-0.8480143547058105
-0.9542511701583862
-1.39794921875
-1.1063305139541626
-0.13950076699256897
-0.24886299669742584
-0.348696768283844
-1.060569167137146
-0.6953811049461365
-2.062598943710327
-0.32452866435050964
-0.9550439119338989
-1.473140001296997
-0.3627355098724365
0.19296878576278687
-0.006134789437055588
-0.3223550021648407
-0.9783490896224976
-1.577045202255249
-1.0652406215667725
-2.31701397895813
-1.2338788509368896
-0.9917239546775818
-0.7503578662872314
-0.6398821473121643
-0.5057910680770874
0.42398151755332947
-0.026133542880415916
-0.2464124858379364
-0.6192704439163208
-1.0561089515686035
-1.8120015859603882
-1.6395227909088135
-0.8640068173408508
-1.6809360980987549
-0.5885418057441711
-0.9681078791618347
0.7582474946975708
-0.3695855736732483
-0.8223685622215271
-0.5984396934509277
-0.5697697997093201
-1.5144258737564087
-0.48565906286239624
-0.6690722703933716
-0.296379417181015
-0.8523968458175659
-0.09690607339143753
-0.2613682150840759
-0.232625350356102
-1.5388104915618896
-0.42415910959243774
-0.4009108543395996
-1.3184149265289307
-0.5337742567062378
-1.4671649932861328
-0.41659948229789734
0.26891618967056274
-0.9389703273773193
-1.5725678205490112
-0.4140024483203888
-0.8463534712791443
-0.6375634074211121
-2.291231393814087
-0.1158229261636734
-0.23758618533611298
-1.696789264678955
-0.41009217500686646
0.05616290867328644
-0.4435255229473114
-0.6508453488349915
-0.6460056304931641
-1.3130320310592651
-0.7024376392364502
-0.9218407273292542
-0.682705819606781
-1.0789047479629517
-0.8008774518966675
-0.43267160654067993
-1.3256968259811401
-0.6358182430267334
-1.338353157043457
-1.3572299480438232
-0.1750478744506836
-2.4047670364379883
-2.8166019916534424
-0.39456549286842346
-0.3878478705883026
-0.8941637873649597
-0.07358278334140778
-1.4188933372497559
-1.4204154014587402
-1.3138833045959473
-0.9940499067306519
-2.1738693714141846
-0.4066212475299835
-0.7590420842170715
-0.21862943470478058
-0.11714670062065125
-1.3749701976776123
-1.3128552436828613
-1.4849321842193604
-0.37847834825515747
-1.4676107168197632
-0.31409841775894165
-0.7354593873023987
-0.9542203545570374
-0.7424041032791138
-1.424519419670105
-1.510323166847229
-1.6693792343139648
-0.04851360619068146
-1.3259599208831787
0.4534994065761566
0.12117978185415268
-1.2115519046783447
0.14973370730876923
0.13235270977020264
-1.343982219696045
-1.560025691986084
-0.7093045115470886
-0.5446327328681946
-1.292164921760559
0.39593496918678284
0.01037765946239233
-1.2768851518630981
-1.7756550312042236
-1.2429758310317993
0.12740395963191986
-1.3479317426681519
-0.7650438547134399
0.5079919099807739
-1.36674964427948
-0.0013497016625478864
-1.5068535804748535
-2.0706515312194824
-1.351879358291626
-0.49034470319747925
-0.4477519094944
-0.8068451881408691
0.006964043248444796
-2.1663599014282227
-2.432013988494873
-1.2705427408218384
-0.7149972319602966
-1.6041706800460815
-0.6446747183799744
-2.0016098022460938
-1.291155219078064
0.426618367433548
-0.5117425918579102
-2.2490482330322266
-1.0582610368728638
-1.266818881034851
-1.4740663766860962
-0.5062766671180725
0.5027496218681335
-0.4825051426887512
-0.457629531621933
-0.06442870199680328
-0.7804321646690369
-0.8703889846801758
-2.2098090648651123
-1.0252763032913208
-0.7512064576148987
-0.460526704788208
-0.01878608949482441
-2.26206636428833
-1.500247597694397
-0.2052082121372223
0.7798888683319092
-0.6005030870437622
-1.2232978343963623
-0.8612207174301147
0.1454724669456482
-1.5305713415145874
-0.10396222770214081
-0.38788551092147827
-0.7638216614723206
-0.8666023015975952
0.0834987685084343
0.010693326592445374
-0.19266875088214874
-0.9825929403305054
-1.7491587400436401
0.14581717550754547
-1.1258113384246826
-1.3531560897827148
-1.1229745149612427
-2.00475811958313
0.011801553890109062
-0.0002488011377863586
-0.5535527467727661
-1.2821853160858154
-1.9542869329452515
-1.2273987531661987
-0.5573869943618774
-1.1326322555541992
-0.0824393630027771
-0.20433534681797028
-1.3520684242248535
-0.14969521760940552
-2.8422462940216064
-0.4736064374446869
-1.9618315696716309
-0.3442060649394989
-3.6430740356445312
-0.7695741057395935
-1.3887993097305298
0.0651019737124443
-1.2485334873199463
-1.7667213678359985
-0.5387915372848511
-0.2470630556344986
-0.9388318657875061
-0.5983622670173645
-2.479457378387451
-1.2454516887664795
-0.4836145043373108
-0.767340898513794
-1.2310492992401123
-0.30334019660949707
-0.5150218605995178
-0.5343360900878906
-1.397507667541504
-0.6380433440208435
-1.9708298444747925
-0.9392449855804443
-0.1886938363313675
-0.5216251015663147
-1.0259406566619873
-1.3084304332733154
-1.2090175151824951
-1.5696650743484497
-1.3977644443511963
-1.8713892698287964
-1.363706111907959
-0.23175695538520813
-1.802016258239746
-0.707960844039917
-0.8247950673103333
-0.4585520625114441
-3.124821186065674
-1.5178894996643066
-0.6876394748687744
0.38206610083580017
-0.8585184812545776
-0.21644839644432068
-1.3126516342163086
-0.8208636045455933
0.17747576534748077
0.884148895740509
0.07584554702043533
-0.26367324590682983
-2.1227283477783203
-1.813108205795288
-1.4212887287139893
-2.131962776184082
-0.09107914566993713
-0.3629114627838135
-1.4247267246246338
-0.07121387869119644
-1.3161520957946777
-1.014578938484192
-0.5309569239616394
-0.9024834036827087
-1.4297951459884644
-1.1091400384902954
-1.4931426048278809
0.2770276367664337
-2.125474691390991
-1.3626033067703247
-1.9411770105361938
-1.9760550260543823
-1.4262837171554565
-0.8592299818992615
-1.1750128269195557
-0.747992753982544
0.248890221118927
-0.814434826374054
-1.1140846014022827
-0.6923757791519165
-0.5128419995307922
-1.2161632776260376
-0.4202291667461395
-0.8099361062049866
-1.8903534412384033
-1.633543848991394
-0.49882444739341736
-1.939685583114624
-0.08945295214653015
-0.5608214735984802
-1.6937321424484253
-2.075608730316162
-0.6383165121078491
-2.181447744369507
-1.482421636581421
0.01181124895811081
-2.334486246109009
-1.8349523544311523
-0.5504499077796936
-0.4184451103210449
-1.5479971170425415
-0.46474236249923706
-1.3566173315048218
-0.5186143517494202
-1.1881977319717407
-0.38622143864631653
-1.7118607759475708
-1.6140590906143188
-0.07924066483974457
0.4156215488910675
-0.7702548503875732
-1.4323488473892212
-2.3580102920532227
-0.6108683347702026
-0.16812066733837128
-0.6659421324729919
-0.8042600750923157
-1.2471506595611572
0.8014623522758484
-2.4791908264160156
-0.7165549397468567
-2.4102869033813477
-1.3357620239257812
-1.223982810974121
-1.9728974103927612
-0.16159817576408386
-0.7524011135101318
-1.2942262887954712
-0.9154133796691895
-1.1935625076293945
-1.5422885417938232
-1.6650491952896118
-2.010434150695801
-0.8178498148918152
0.2597586214542389
-0.43462368845939636
-0.16480830311775208
-1.4598075151443481
-1.6110670566558838
-1.3716989755630493
0.2562747001647949
-2.0287883281707764
-2.511347770690918
-1.0859225988388062
-1.962164044380188
-1.3712754249572754
-0.5404905080795288
-1.2809844017028809
-1.297776699066162
-0.6555988192558289
-0.6506164073944092
-0.5377766489982605
-0.8276824355125427
-0.551479697227478
-0.5330612659454346
0.14640335738658905
-1.011305570602417
-2.3709604740142822
-1.0914533138275146
-1.3139691352844238
-1.4470769166946411
0.5127723217010498
-1.2875324487686157
-0.7064899206161499
-1.1833852529525757
-1.2949761152267456
-0.4238083064556122
-0.32026371359825134
-1.0651453733444214
-0.5813584327697754
-1.6234118938446045
-1.5449576377868652
-0.6240394711494446
-0.5861281752586365
-1.8500012159347534
-0.065347820520401
-0.620842695236206
-1.781982421875
-1.035871982574463
-1.3215548992156982
-1.290298342704773
-1.000646948814392
-1.8197308778762817
-0.8304871916770935
-0.5220257639884949
0.7178624868392944
-1.1033072471618652
-0.5407181978225708
-1.952864408493042
-0.7305548787117004
-0.5198698043823242
-1.9212993383407593
-0.5181822180747986
-1.5046358108520508
0.04740676283836365
-1.3590521812438965
-0.13087712228298187
-1.765813946723938
-0.20869766175746918
-0.8869414925575256
-1.4763089418411255
-0.3041413128376007
0.020479848608374596
-0.9084795713424683
-1.4125474691390991
-0.006784016266465187
0.10828706622123718
-2.0630974769592285
-1.3593946695327759
-1.347158432006836
-2.0422885417938232
-0.4793913662433624
-0.5307738780975342
-1.170601487159729
-0.423947811126709
-1.08632230758667
-0.6675860285758972
-0.3491598069667816
-0.6816255450248718
-1.2312989234924316
0.10767422616481781
-0.5921006798744202
-1.393031358718872
-0.9030245542526245
-0.5225047469139099
-0.18918006122112274
-1.6146868467330933
-0.0779201090335846
-2.3484082221984863
-0.7089959383010864
-1.818551778793335
0.06801346689462662
-1.2666813135147095
-1.5181443691253662
-1.9774001836776733
-0.39059945940971375
-0.0762285441160202
-0.12493196129798889
-0.19520370662212372
-1.5204769372940063
-1.014701247215271
-1.2830779552459717
-0.16903729736804962
0.03963762894272804
-1.081891417503357
-1.0723153352737427
-1.330446720123291
-1.7905323505401611
-1.2325069904327393
-2.1273629665374756
-1.128069281578064
-0.9039332866668701
-1.5834568738937378
-0.5019891858100891
-0.1265411227941513
-1.2763155698776245
-1.2885886430740356
-1.5863298177719116
-0.19239629805088043
-0.9442430734634399
-0.8048884272575378
-0.8493054509162903
-1.9306886196136475
-0.48206987977027893
-0.10085058212280273
0.04579698294401169
-0.35662803053855896
0.24212011694908142
-0.3036899268627167
-0.7408757209777832
0.22574365139007568
-1.0644227266311646
-2.1330020427703857
-1.0492650270462036
-1.1989178657531738
-1.0881563425064087
0.35438287258148193
-0.39188095927238464
-0.47869864106178284
-0.9175621867179871
-1.351915955543518
0.6058298945426941
-1.3383923768997192
-1.1235746145248413
-0.4920054078102112
-0.14443087577819824
-1.0806756019592285
-1.5617451667785645
-1.0222326517105103
-1.0784584283828735
-1.4619407653808594
0.05561647564172745
-0.8230831027030945
-1.277445912361145
-1.1914973258972168
-0.5735438466072083
-0.9086138010025024
-0.23065774142742157
-1.6174198389053345
-0.6811447739601135
-2.0530924797058105
-1.2591536045074463
-1.1156837940216064
-1.0656267404556274
-0.08465994894504547
-0.3299056887626648
-1.437551498413086
0.0011735084699466825
0.399946928024292
-1.2562068700790405
-0.8752424716949463
-2.321805000305176
-0.9991699457168579
-0.8987019062042236
-0.24901512265205383
-2.1628332138061523
-0.5556153059005737
-1.46311354637146
-1.3278799057006836
-1.387127161026001
-0.5215283632278442
-1.5822806358337402
-0.5148623585700989
-0.10338839888572693
-1.4084715843200684
-1.2641680240631104
-0.929832935333252
0.16158519685268402
-1.102795124053955
-1.3208175897598267
-0.10724490880966187
0.5093817114830017
-0.12971633672714233
-1.407811164855957
-1.745336651802063
-0.518775463104248
-1.2545361518859863
-2.2802460193634033
-0.9560545086860657
-0.9547396302223206
-0.7293747663497925
-0.17996428906917572
-0.7167697548866272
-2.044699192047119
-0.7409375309944153
-0.7684250473976135
0.08726750314235687
-1.1107741594314575
-0.5262638926506042
-0.5891402363777161
-0.6971703171730042
-0.11108880490064621
-1.2236793041229248
0.521782636642456
-0.674389123916626
-0.3629913330078125
-1.526245355606079
-0.6915717720985413
-0.6778208017349243
-0.7665061354637146
-0.7953885793685913
-0.18428067862987518
-0.593962550163269
-1.1079270839691162
-1.4088135957717896
-0.7401174902915955
-1.507741093635559
0.5260475277900696
-0.7466210126876831
-0.6289225220680237
0.49924391508102417
-0.8708648085594177
-1.6070456504821777
-0.9436535835266113
-0.6307749152183533
0.2221461981534958
-1.5026299953460693
-1.722097396850586
-1.2538256645202637
-1.4181991815567017
-1.237636923789978
-1.1391308307647705
-1.6209617853164673
-0.1645309180021286
-1.342616081237793
-1.3566383123397827
-0.17194287478923798
-0.8227397203445435
-0.9813669919967651
-0.8852724432945251
-1.3096141815185547
-1.3871021270751953
-0.2838616669178009
-0.028962720185518265
-0.12112916260957718
-0.2191016674041748
-1.0394538640975952
-1.3150941133499146
-0.9801257252693176
0.3669586181640625
-0.8921613693237305
-1.113053321838379
-1.2148500680923462
0.0904868096113205
-1.1420196294784546
-0.6283643841743469
-0.8204772472381592
-1.2547029256820679
-1.420843243598938
-1.295109748840332
-0.9901853203773499
-0.0568392351269722
-1.0099126100540161
-1.2489959001541138
-1.832160234451294
-0.25380373001098633
-1.179964542388916
-1.2418543100357056
-0.3850758969783783
0.018561962991952896
-0.03277172893285751
0.10524234175682068
-0.30992764234542847
-1.3983060121536255
-0.40797215700149536
-0.3928360342979431
-1.2766032218933105
-0.8447167873382568
-0.3003869354724884
-1.3516349792480469
-0.3944858908653259
-2.198207378387451
-2.7667124271392822
-1.7151802778244019
-1.4032925367355347
-0.8771794438362122
-0.5789782404899597
-1.0827620029449463
-1.0821210145950317
-0.46615880727767944
-0.47140175104141235
-1.317090630531311
-1.8919905424118042
-2.1413662433624268
-1.4492930173873901
-0.2033744603395462
-0.5036602020263672
-0.07603629678487778
0.16255584359169006
-0.6822201609611511
0.2334827333688736
-2.1515793800354004
-1.174506664276123
-2.5939738750457764
-1.0044560432434082
-1.2853522300720215
-0.43868952989578247
-0.8231125473976135
-0.2302565723657608
-1.541454553604126
0.028183618560433388
-1.6065844297409058
-1.0787909030914307
0.585519015789032
-0.08618755638599396
-0.605934739112854
1.0289335250854492
-0.7134135365486145
-0.2554469108581543
-3.0472757816314697
-2.376044750213623
-1.348474383354187
-0.4123132824897766
-1.3608516454696655
-1.0384374856948853
-0.833345890045166
-0.5510967373847961
-1.6945011615753174
-0.16416500508785248
-0.4356394112110138
-0.9275373220443726
-0.8912877440452576
-1.8121944665908813
-1.7713606357574463
-0.23953422904014587
-0.8580900430679321
-0.28364017605781555
-1.2125028371810913
-1.5119903087615967
-1.6548690795898438
