0.0007485345122404397
-0.04328910633921623
-0.0014587575569748878
-0.055662594735622406
0.12330202013254166
-0.10390213876962662
-0.2744743227958679
-0.03903009742498398
-0.08884754031896591
0.014502263627946377
-0.0020976420491933823
-0.009923353791236877
-0.06914270669221878
-0.01711200550198555
-0.05567532777786255
-0.29691457748413086
-0.08823453634977341
-0.007611073553562164
-0.0027297704946249723
0.17922379076480865
-0.06026242673397064
-0.19891585409641266
0.2293497622013092
-0.03515192121267319
-0.04678379371762276
-0.001370408572256565
0.0008656989666633308
0.03795446828007698
-0.001238322933204472
-0.0594644621014595
-0.011299066245555878
0.012595239095389843
-0.029718253761529922
-0.12936246395111084
0.004296791274100542
-0.2751832902431488
-0.0247602928429842
-0.06571897119283676
-0.05762314051389694
-0.234615758061409
-0.04297739267349243
-0.0025722808204591274
-0.006842827424407005
-0.06543868780136108
0.3026367723941803
-0.10636305809020996
0.0008163727470673621
-0.005371557082980871
-0.06874582171440125
-0.07159937173128128
-0.09769126027822495
-0.11762088537216187
-0.10019618272781372
-0.07400639355182648
-0.0009027147316373885
-0.067042775452137
-0.09875425696372986
-8.325331873493269e-05
0.011926243081688881
-0.07202766835689545
-0.09600119292736053
-0.09105918556451797
0.36056870222091675
0.17727598547935486
0.035106971859931946
-0.0014297612942755222
0.01728879287838936
-0.03062029369175434
-0.0008445460698567331
-0.010444672778248787
-0.040293607860803604
-0.05875925347208977
0.09317626059055328
-0.003962159156799316
-0.027766970917582512
-0.00010202072735410184
-0.0810350850224495
-0.013218400999903679
-0.003582294564694166
-0.005700056906789541
-0.0007587340660393238
0.02279376983642578
-0.008239645510911942
-0.05819123238325119
0.0026383078657090664
-1.4453709809458815e-05
-0.05674589425325394
0.0013627649750560522
-0.03602151572704315
-0.00036585412453860044
-0.0037751025520265102
0.0033081944566220045
-0.07635270059108734
-0.0865783840417862
-0.2514994740486145
-0.0013979984214529395
-0.006498906761407852
-0.020473502576351166
-0.08761811256408691
-0.22956307232379913
-0.05224856734275818
-0.05373044312000275
-0.018999269232153893
-0.06138981878757477
-0.09598664194345474
-0.0041101183742284775
0.3299655616283417
-0.27980896830558777
-0.013622825965285301
0.0007325217593461275
-0.05893450975418091
0.023783065378665924
-0.0007075814064592123
-0.07118556648492813
-0.029363464564085007
0.00029921645182184875
-0.00016823252371978015
0.11450421810150146
-0.008273232728242874
-0.020966911688447
-0.020337145775556564
-0.06898202747106552
-0.1149706020951271
-0.058073077350854874
0.0016066632233560085
-0.0988316461443901
-0.028012333437800407
0.0767487958073616
-0.09353988617658615
-0.05277589336037636
-0.02898920513689518
0.0023067572619765997
-0.3727208077907562
-0.0280847679823637
-0.055379584431648254
0.03263941407203674
-0.22720950841903687
0.0018896064721047878
0.28744685649871826
0.032753199338912964
-0.10755278915166855
-0.07476789504289627
-0.06463538110256195
-0.07990841567516327
-0.17316797375679016
-0.08320876955986023
-0.0716206505894661
-0.09250344336032867
-0.10372950881719589
-0.08746088296175003
0.03356536477804184
-0.10389571636915207
0.0027488989289849997
0.09480296075344086
0.07435968518257141
-0.0006831820355728269
-0.4375878870487213
-0.10044791549444199
-0.054988399147987366
-0.032697971910238266
-0.04611751437187195
-0.1022118553519249
0.044985316693782806
-0.04385675862431526
-0.0260442066937685
-0.08170607686042786
-0.0515960268676281
-0.021696051582694054
0.006651509553194046
0.00330786919221282
-0.002161491895094514
-0.08852323889732361
0.08580760657787323
-0.14988726377487183
-0.09662463515996933
-0.007439091335982084
0.004128789063543081
-0.04053078591823578
-0.021878346800804138
-0.005718611180782318
0.0034543892834335566
0.16018469631671906
0.010523882694542408
-0.14582879841327667
-0.03558154031634331
-0.04110270366072655
0.25927454233169556
0.15382172167301178
-0.10833325982093811
-0.09209060668945312
0.08834456652402878
-0.005977386608719826
-0.08185753226280212
-0.0969017967581749
-0.08552579581737518
-0.12895359098911285
0.051928918808698654
0.01457391306757927
-0.039701979607343674
-0.0072036790661513805
0.04696112498641014
0.046290621161460876
-0.0778227224946022
0.38939666748046875
-0.0005513154901564121
0.0010615838691592216
0.002435063011944294
-0.0033326647244393826
-0.012283475138247013
-0.0031648194417357445
-0.09171726554632187
-0.06680343300104141
-0.0331127904355526
-0.09160490334033966
0.0023575020022690296
0.41042986512184143
-0.0989852026104927
0.0012279467191547155
-0.05199376866221428
-0.010297015309333801
-0.09702647477388382
-0.08840752393007278
0.07889396697282791
-0.009834225289523602
0.009099777787923813
-0.05134091153740883
-0.1339150071144104
-0.06737179309129715
-0.06870589405298233
-0.0364663302898407
-0.08651190251111984
-0.04252101108431816
0.043850503861904144
0.07918558269739151
-0.5503592491149902
-0.08485163748264313
-0.04628841578960419
-0.09511356055736542
-0.0031534379813820124
-0.0022904719226062298
-0.00505519425496459
-0.04363369196653366
0.005603367928415537
-0.007424267940223217
-0.02930988185107708
0.00584961986169219
0.003985509276390076
-0.07683645188808441
-0.02261798083782196
-0.0015222554793581367
-0.01674947887659073
-0.06787807494401932
-0.0031785452738404274
0.03287651389837265
-0.0037155060563236475
-0.006062454078346491
-0.060318928211927414
-0.14467665553092957
-0.09097295254468918
0.002384955994784832
0.15695719420909882
-0.008659716695547104
-0.03709150850772858
0.2829382121562958
-0.009909198619425297
-0.1035916656255722
-0.08087283372879028
-0.010005459189414978
-0.031488142907619476
-0.2344599962234497
-0.030670909211039543
0.0002873340854421258
0.0001714190875645727
-0.05698080733418465
-0.09974855184555054
0.010770265944302082
-0.30409863591194153
-0.005558531265705824
-0.07606726884841919
-0.08833525329828262
0.009172366000711918
-0.07015477865934372
-0.06262630224227905
-6.82285099173896e-05
-0.05938940495252609
-0.0893603265285492
0.10368406772613525
-0.14731337130069733
0.07429899275302887
0.050228510051965714
-0.00693427724763751
-0.0001520153455203399
-0.0011606595944613218
0.01411038264632225
-7.157816435210407e-05
-0.08040013164281845
-0.10188446938991547
-0.09273148328065872
-0.029319629073143005
-0.07159987092018127
0.04355643317103386
-0.0052572875283658504
0.024391209706664085
-0.22863173484802246
-0.003357992507517338
-0.0033468161709606647
-0.041424158960580826
-0.00027264130767434835
-0.001234072376973927
-0.010787964798510075
0.004316552076488733
-0.06727439165115356
-0.013452292419970036
-0.2883946895599365
-0.009558712132275105
0.09788437932729721
-0.0030581194441765547
-0.07072199136018753
-0.10344628244638443
-0.023747600615024567
-0.0009793302742764354
-0.022315504029393196
-0.31728577613830566
-0.05126918852329254
-0.09199170768260956
-0.035362787544727325
0.3645094931125641
0.0020597653929144144
-0.08176295459270477
0.14851826429367065
-0.36379021406173706
-0.07969734817743301
-0.0016031275736168027
-0.08321917057037354
-0.0854664221405983
0.0026927816215902567
-0.0659046471118927
-0.09311230480670929
0.0027231827843934298
-0.06619836390018463
-3.05605681205634e-05
0.20763088762760162
-0.03427266329526901
0.009813076816499233
-0.22766812145709991
3.704214032040909e-05
-0.007123983930796385
-0.035322919487953186
-0.11189606785774231
0.13885486125946045
-0.07079390436410904
0.006599757820367813
0.12152396142482758
-0.0003603497170843184
-0.002588532632216811
-0.08003830909729004
0.016830792650580406
-0.006185373291373253
-0.11145790666341782
-0.055562302470207214
-0.02678825333714485
-0.060547806322574615
-0.0010980108054354787
0.007911769673228264
-0.00821200106292963
-0.01585797220468521
-0.026432344689965248
-0.2914685010910034
-0.02053598314523697
-0.019138183444738388
-0.11287013441324234
-0.03815104439854622
-0.03760731965303421
-0.03238580375909805
-0.1894681453704834
0.0482172928750515
-0.014064222574234009
-0.08290110528469086
-0.026388902217149734
0.016663145273923874
-0.10468493402004242
-0.022978512570261955
-0.0008242286858148873
0.016984444111585617
-0.03244166448712349
-0.016306297853589058
0.17508205771446228
-0.01408294215798378
-0.05925808474421501
-0.10309876501560211
0.010245315730571747
-0.3527310788631439
-0.059097953140735626
0.02704526297748089
-0.03057188354432583
-0.08127008378505707
0.0038119247183203697
-0.057513441890478134
-0.001909639686346054
-0.0002067510358756408
0.06304385513067245
-0.17547856271266937
-0.198551207780838
-0.007267882116138935
-0.002481280593201518
0.0009379633120261133
-0.00334342522546649
0.013048854656517506
0.0008181518060155213
0.005575708579272032
-0.004601695574820042
-0.0526408813893795
-0.13476750254631042
0.0019494188018143177
0.1507740318775177
-0.04753739386796951
-0.0694744735956192
-0.001683770795352757
-0.06599725037813187
-0.0027823573909699917
0.002622291212901473
-0.01608419232070446
0.00424233777448535
-0.050865139812231064
-0.08008019626140594
-0.010626554489135742
-0.01810990646481514
-0.3020237982273102
-0.025811465457081795
0.007115591317415237
-0.011373667977750301
-0.010349134914577007
-0.04622097685933113
2.9300628739292733e-05
-0.07241395115852356
-0.005569579545408487
-0.0850047692656517
0.009724680334329605
-0.0109518738463521
-0.07757387310266495
0.0032530513126403093
-0.06256526708602905
-0.1360730677843094
-0.08902402967214584
-0.004975929390639067
0.03340766206383705
0.005980268120765686
-0.0037936910521239042
-0.05224021524190903
-0.09941813349723816
-0.003396584652364254
0.00014588718477170914
-0.025638269260525703
0.0033780066296458244
-0.09483087062835693
0.010822330601513386
0.0025937692262232304
0.0009976289002224803
-0.027325687929987907
-0.09302611649036407
-0.0007308453787118196
-0.12202035635709763
-0.005586773157119751
0.003708841744810343
0.0038246256299316883
-0.07154224812984467
-0.030672268941998482
-0.10348603129386902
0.007405747659504414
-0.06756610423326492
-0.09610845148563385
-0.058766040951013565
-0.10167364031076431
-0.091527059674263
0.28204771876335144
-0.09211640059947968
-0.0022841980680823326
-0.26852038502693176
0.09526081383228302
-0.06355170905590057
0.03340478986501694
-0.0759771391749382
-0.001985433278605342
-0.04789168760180473
-0.007618012372404337
-0.0035211697686463594
0.004489293321967125
-0.12547044456005096
-0.07698089629411697
-0.05916939303278923
-0.08024710416793823
-0.10504463315010071
0.2659037411212921
-0.07281167060136795
-0.08123340457677841
-0.0012434603413566947
-0.10997825860977173
-0.2972663938999176
-0.014596771448850632
-0.02310989238321781
0.004083146806806326
-0.07959866523742676
-0.06280963867902756
0.015289423987269402
-0.050275810062885284
0.005159303080290556
-0.000525616342201829
-0.09416212886571884
0.023178070783615112
-0.0027825997676700354
-0.04738319292664528
-0.015563532710075378
0.01921422965824604
-0.0012164681684225798
-0.08483942598104477
-0.028840690851211548
-0.08837932348251343
-0.08130265772342682
-0.03752554953098297
-0.035725418478250504
-0.07965399324893951
0.003235317999497056
0.00035297730937600136
-0.04636996239423752
0.13478299975395203
-0.10363195091485977
0.061083607375621796
-0.09243067353963852
-0.06263065338134766
-0.007733974140137434
0.003527419874444604
-0.02901720441877842
-0.0031068376265466213
-0.025857949629426003
0.0008013358456082642
-0.2758324146270752
-0.0032967424485832453
-0.058799661695957184
-0.011510012671351433
-0.00018961542809847742
0.0007304250029847026
-0.0006531299441121519
-0.0015605910448357463
-0.09023328125476837
0.6585174202919006
0.005892274435609579
-2.7879530534846708e-05
-0.06978945434093475
0.0014153065858408809
-0.0007502814987674356
-0.10289333760738373
0.03324567899107933
-0.0035122300032526255
-0.05085136368870735
-0.04801654443144798
-0.036452215164899826
-0.03378649055957794
-0.0019812495447695255
-0.10191602259874344
-0.023704275488853455
0.0014720300678163767
-0.004130630753934383
-0.05156813561916351
-0.05339968204498291
-0.017510075122117996
0.0004683088627643883
-0.10070158541202545
-0.2765510380268097
0.0019863408524543047
-0.0770580843091011
-0.09415830671787262
-0.07763949781656265
1.925905598909594e-05
-0.034063681960105896
-0.07614503055810928
0.03929724171757698
0.008854030631482601
-0.08982964605093002
-0.0027081677690148354
-0.025543535128235817
0.03639715909957886
0.038426414132118225
-0.0006739597301930189
0.001993312733247876
-0.001129576237872243
-0.004027445800602436
-0.041617706418037415
-0.0006559367175213993
-0.04188929870724678
-0.017547491937875748
0.08030470460653305
0.15857909619808197
0.0009436981636099517
-0.04646901413798332
0.01173366792500019
-0.11238446831703186
-0.0034445729106664658
-0.12703192234039307
-0.1135866791009903
0.004667863715440035
-0.010948450304567814
-0.0420534685254097
0.01624367944896221
-0.0010076253674924374
-0.10514891147613525
0.03449141979217529
0.03608931601047516
-0.03099261038005352
0.0031963903456926346
-0.020559091120958328
0.013166947290301323
-0.041106052696704865
0.013096216134727001
-0.005060382187366486
-1.0500378266442567e-05
-0.10095112770795822
-0.08167944848537445
0.04041287675499916
-0.031563740223646164
0.015879923477768898
-0.006530141457915306
-0.0014617117121815681
-0.03916947916150093
-0.08267951011657715
-0.017744407057762146
-0.0043587158434093
-0.1044970229268074
-0.06892712414264679
-0.1024327501654625
-0.020641788840293884
0.0006296474020928144
-0.07752256840467453
-0.15192675590515137
-0.056095413863658905
0.006637487094849348
-0.03409052640199661
0.06361095607280731
-7.889042899478227e-05
0.01845848746597767
-0.010883409529924393
-0.06551156938076019
0.004071972332894802
-0.0004616148362401873
-0.004073942545801401
-0.07765901833772659
0.05792951583862305
-0.10595636069774628
0.041299834847450256
-0.0006772404303774238
-0.10451187193393707
-0.002592793432995677
-0.10851386189460754
-0.0026865340769290924
-0.004598645027726889
-0.0018979713786393404
-0.000763421063311398
0.005573264788836241
0.010471247136592865
-0.09385012835264206
0.009912652894854546
0.00020477472571656108
0.058483660221099854
-0.0917215421795845
-0.021225402131676674
-0.033661823719739914
0.030876772478222847
-0.0804506242275238
-0.29827508330345154
-0.10841100662946701
0.028892546892166138
-0.09537088871002197
0.05226960778236389
-0.1957043558359146
-0.06512010097503662
-0.06331866979598999
-0.020968612283468246
0.0348225012421608
-0.000926093605812639
-0.07351187616586685
-0.07732866704463959
-0.11727137118577957
-0.09131217002868652
-0.04581635445356369
0.00010369084338890389
-0.17890478670597076
-0.03555894270539284
0.02991538681089878
-0.101493701338768
-0.00852383766323328
0.00017937380471266806
0.049847230315208435
0.0011534792138263583
-0.007254464086145163
-0.055341169238090515
0.015389528125524521
0.09894778579473495
0.00042125978507101536
0.0014156339457258582
-0.4591050148010254
-0.07895895838737488
0.050479210913181305
0.004076968878507614
-0.020999588072299957
-0.0560234896838665
0.005025129299610853
-0.015401534736156464
-0.0017027530120685697
-0.05584194138646126
0.0044005815871059895
-0.40593475103378296
-0.026877861469984055
0.1269531100988388
0.31382855772972107
0.007980553433299065
0.08709757030010223
-0.33975741267204285
0.0017935780342668295
-0.06230311468243599
0.07206562906503677
-0.017449984326958656
-0.051274266093969345
-0.14788244664669037
-0.005788407288491726
-0.0038942324463278055
-0.05722452327609062
-0.011698590591549873
-0.002254318678751588
0.01515205204486847
-0.44917285442352295
-0.01988244242966175
-0.06468881666660309
-0.030641963705420494
-0.10668551921844482
-0.06706319749355316
-0.06355167925357819
-0.10711447149515152
-0.07904738932847977
-0.01532753836363554
-0.09938016533851624
0.048041678965091705
-0.030569404363632202
0.001758691854774952
0.05794498696923256
-0.09020977467298508
-0.013124515302479267
-0.00031987743568606675
-0.04795759171247482
0.13903188705444336
-0.05386260151863098
-0.024013973772525787
0.015079136937856674
-0.026424961164593697
-0.07000601291656494
-0.030173800885677338
0.02992061898112297
-0.07514642924070358
-0.008556749671697617
-0.10784976184368134
0.02976606786251068
-0.04958668723702431
-0.07209596782922745
-0.06964407116174698
-0.03974379226565361
-0.09845862537622452
-0.009228196926414967
-0.08876460790634155
-0.001698778010904789
-0.019542960450053215
-0.034070901572704315
-0.09021981805562973
-0.10313103348016739
0.04583384841680527
-0.0071398550644516945
0.0009509766823612154
-0.10606393218040466
0.001102173118852079
0.053351134061813354
-0.10200896114110947
-0.08454931527376175
0.09905533492565155
-0.03270987048745155
-0.03940221294760704
-0.20415513217449188
-0.032923124730587006
0.3979855179786682
-0.0640513077378273
-0.028466714546084404
-0.05610956251621246
-0.0019112563459202647
-0.0037505608052015305
-0.042078811675310135
0.002477831905707717
-0.032437801361083984
-0.06218576803803444
0.0208358783274889
-0.021241851150989532
-0.009697823785245419
-0.03272195905447006
-0.09528080374002457
-0.000821513298433274
0.017044126987457275
-0.06711754202842712
-0.08566468209028244
-0.0455033965408802
0.23552857339382172
-0.08900018781423569
-0.09814919531345367
-0.055510856211185455
0.00026598788099363446
-0.005118477623909712
-0.0028128374833613634
-0.004417990334331989
-0.1021026149392128
-0.09831353276968002
-0.025582242757081985
-0.05941619351506233
0.015536489896476269
-0.08133594691753387
0.014033251442015171
0.024030741304159164
-0.25999903678894043
-0.055900938808918
0.0736922174692154
-0.05232403427362442
0.09591414034366608
-0.10280875861644745
0.0005621416494250298
0.007599175907671452
-0.010774347931146622
-0.07314570993185043
0.0006020062719471753
-0.10747848451137543
-0.008645176887512207
0.017259862273931503
-0.055351559072732925
-0.0011802958324551582
0.057789117097854614
-0.09595634788274765
0.025993933901190758
-0.0927538350224495
-0.08293838798999786
-0.049376536160707474
-0.0039992439560592175
-0.00398810813203454
-0.10649687051773071
-0.03618352487683296
-0.03174503520131111
0.028198668733239174
-0.030718272551894188
-0.07945025712251663
0.0037724219728261232
0.06670734286308289
-0.08230731636285782
-0.10231009125709534
-0.0030475433450192213
-0.08848799020051956
0.012541486881673336
0.002207008423283696
0.011567608453333378
-0.08335056900978088
0.022254914045333862
-0.007801670115441084
-0.0002884948335122317
-0.0004912690492346883
-0.08104604482650757
-0.08588162064552307
0.008047516457736492
-0.0780647024512291
-0.01487000286579132
-0.028603211045265198
7.373623520834371e-05
0.001696694758720696
0.0053806365467607975
-0.05897454544901848
0.09319563210010529
-0.09340836852788925
-0.05543394014239311
0.022512199357151985
-0.039382241666316986
0.08971089869737625
0.0004895896418020129
-0.0006656618206761777
-0.08850179612636566
-0.02551834098994732
-0.03433290496468544
-0.026892149820923805
-0.2759653627872467
0.003848281456157565
-0.08869139105081558
-0.18100915849208832
-0.009738302789628506
-0.0002689508255571127
-0.06231776624917984
-0.006733646150678396
0.0036304022651165724
2.571423101471737e-05
0.06928126513957977
-0.25560951232910156
-0.08720862865447998
-0.02883165515959263
-0.09498574584722519
-0.00767145911231637
-0.01678154058754444
-0.0008084275177679956
-0.09301269799470901
0.03275002911686897
-0.10374134033918381
-0.08121038973331451
-0.0013267799513414502
0.13899612426757812
-0.0014688856899738312
-0.10334818810224533
-0.002737369854003191
-0.10049484670162201
-0.0434725247323513
-0.08971255272626877
-0.09773711115121841
-0.06799855083227158
-0.0018963441252708435
0.2304932177066803
-0.011373222805559635
-0.007954254746437073
0.09236837178468704
-0.04300929233431816
-0.0226819459348917
-0.06730037927627563
0.059037044644355774
-0.09590200334787369
0.07065840065479279
-0.05292412266135216
0.1284765601158142
0.0031357035040855408
-0.0808793231844902
-0.013145789504051208
-0.11086871474981308
0.06904666870832443
-0.047501739114522934
0.008278443478047848
0.1696266084909439
-0.06413599103689194
-0.04413217306137085
-0.0019585578702390194
4.229369369568303e-05
-0.18974857032299042
-0.0033498243428766727
-0.0005974071682430804
-0.24620583653450012
-0.42228034138679504
-0.0053774286061525345
-0.06233500689268112
-0.38736608624458313
-0.005811764858663082
-0.06287579238414764
0.0005399701767601073
0.00041812320705503225
0.0013398980954661965
0.0005349483108147979
-0.17282985150814056
-0.0032721853349357843
-0.004501603543758392
-0.0040187956765294075
-0.0065019684843719006
-0.07636319845914841
0.0006025084876455367
0.00037170862196944654
-0.043691541999578476
-0.11238636076450348
-0.07210873067378998
-0.04103465750813484
0.042508967220783234
0.004803701303899288
-0.011587826535105705
-0.1073150783777237
-0.10795474797487259
-0.028124716132879257
-0.08127482235431671
-0.08371499925851822
0.19576478004455566
-0.007996469736099243
0.001065211370587349
0.0011144564487040043
-0.16091494262218475
-0.06012904644012451
0.005608994979411364
0.11268534511327744
-0.0046641337685287
-0.03820359334349632
-0.05525911599397659
-0.046413153409957886
0.04756535589694977
-0.056623898446559906
0.0005169279174879193
-0.09060259163379669
0.16180232167243958
-0.005281268619000912
-0.004290251526981592
-0.5157570838928223
-0.0022803707979619503
-0.0038346785586327314
-0.07938249409198761
0.024658815935254097
-0.027509713545441628
0.22308579087257385
-0.006465830374509096
-0.6555746793746948
-0.08640633523464203
-0.054020822048187256
0.14759561419487
0.025287607684731483
0.6307561993598938
0.07123149931430817
-0.09536407142877579
-0.1393512338399887
-0.00341401738114655
0.0007698346744291484
-0.48657360672950745
-0.03351281210780144
0.02693280577659607
-4.9604543164605275e-05
-0.048497166484594345
-0.14993679523468018
0.005724028218537569
0.016559328883886337
0.18063154816627502
-0.02932734787464142
0.21081112325191498
-0.05918111652135849
-0.061925772577524185
0.07423141598701477
-0.06356032192707062
-0.00956067442893982
-0.03778776898980141
0.22295570373535156
-0.07506850361824036
-0.05259959399700165
-0.09770949929952621
0.28604090213775635
-0.004438732750713825
-0.0823882594704628
-0.08312370628118515
-0.020967096090316772
0.0003863372257910669
-0.06995590776205063
-0.02647823467850685
-0.09449614584445953
-0.10279077291488647
-0.0023686911445111036
-0.0020686695352196693
-0.12215525656938553
-0.0048161456361413
-0.09192973375320435
-0.04999932274222374
-0.0009679325739853084
-0.03948098048567772
-0.0015680703800171614
-0.03172413259744644
-0.030921941623091698
0.15621013939380646
-0.09967207908630371
-0.11032692342996597
-0.007888760417699814
-0.10110680758953094
-0.07302870601415634
-0.062429800629615784
0.0024678055197000504
-0.016384853050112724
-0.0004968506400473416
-0.05455075204372406
0.0009436733671464026
0.0009854394011199474
-0.03884444013237953
-0.0016962955705821514
0.0007934534805826843
-0.0012469239300116897
-0.08396477997303009
-0.03932572901248932
-0.22256378829479218
-0.12280449271202087
-0.00024367900914512575
0.0008980437996797264
-0.0021079399157315493
0.0137515589594841
0.0025274683721363544
-0.06825865805149078
-0.0458977185189724
-0.00016196831711567938
0.0006805049488320947
0.1051262766122818
-0.03952688351273537
0.005225018598139286
-0.19905243813991547
-0.10283840447664261
-0.014289391227066517
-0.004269079305231571
-0.0359131395816803
0.03436554968357086
-0.010700549930334091
-0.04784531146287918
-0.24690571427345276
-0.0006767474114894867
-0.010387668386101723
0.06271302700042725
-0.06572037190198898
-0.003387927310541272
-0.058358848094940186
-0.1271556168794632
0.023567920550704002
0.0178830549120903
-0.04005813971161842
-0.06804075092077255
-0.1957576721906662
0.024511931464076042
0.030393797904253006
-0.03957635536789894
-0.001721385633572936
-0.03622562065720558
0.170205220580101
-0.002924447413533926
0.04332563653588295
0.0013411869294941425
-0.029246309772133827
-0.004954623524099588
0.016625601798295975
-0.014694230630993843
0.0016803810140118003
-0.249641552567482
0.08211423456668854
-0.06543350964784622
-0.14219246804714203
-0.009805934503674507
0.14528992772102356
-0.11709322035312653
-0.09038373827934265
-0.0651112049818039
-0.11424071341753006
-0.07513278722763062
-0.006942553445696831
-0.0833892971277237
-0.002591515425592661
-0.041646718978881836
-0.07572762668132782
0.07738621532917023
-0.08298927545547485
-0.07357525825500488
-0.10565537214279175
-0.15367169678211212
-0.04433024302124977
-0.03761477395892143
0.0008563855662941933
-0.08666258305311203
0.0704507976770401
0.02407495304942131
