1.7441905736923218
1.2071242332458496
1.608916163444519
1.4952967166900635
1.1944001913070679
2.420705795288086
2.006624460220337
2.5298123359680176
1.070773959159851
1.473370909690857
2.0275635719299316
2.0009288787841797
1.3025156259536743
1.9651869535446167
1.1204909086227417
2.005794048309326
2.183910846710205
1.8349632024765015
1.4084323644638062
1.4525024890899658
1.6365865468978882
1.3824694156646729
2.372100591659546
1.9086545705795288
1.1254087686538696
1.9466004371643066
2.5400631427764893
0.9646271467208862
1.4609103202819824
1.0482844114303589
2.1469874382019043
1.9148585796356201
2.1107122898101807
1.4947222471237183
1.6310615539550781
1.5245120525360107
1.7626879215240479
1.7606076002120972
1.2531651258468628
2.241591453552246
1.528565526008606
2.05839204788208
2.148191452026367
1.0399678945541382
1.3009047508239746
2.4100723266601562
1.7753117084503174
1.4892776012420654
1.6648553609848022
1.6217596530914307
1.253408432006836
0.9531179070472717
2.218687057495117
1.097620964050293
2.2107343673706055
2.064720869064331
1.486653208732605
1.7799110412597656
2.2621002197265625
1.2074244022369385
1.0908665657043457
0.6620379090309143
1.5981227159500122
1.8343194723129272
1.9753168821334839
1.8890143632888794
1.7085151672363281
0.8292016386985779
0.9698428511619568
1.5318197011947632
1.0559678077697754
1.825250267982483
1.2742135524749756
2.3151886463165283
1.4184441566467285
1.3785216808319092
1.0596307516098022
0.964503288269043
1.1595432758331299
1.683298945426941
1.66731858253479
1.5198274850845337
1.4993391036987305
1.3759137392044067
1.6199411153793335
1.8314749002456665
1.5520559549331665
1.5451586246490479
2.008697271347046
2.050032138824463
1.7707439661026
1.4043971300125122
1.2362539768218994
1.3693128824234009
2.6861603260040283
2.091679334640503
1.5028682947158813
0.917989194393158
0.7888597249984741
1.9378490447998047
1.2432700395584106
1.6311286687850952
2.66471529006958
1.0810011625289917
1.5494272708892822
1.6851110458374023
1.536698818206787
2.2407920360565186
1.258847951889038
1.826442003250122
1.531612515449524
0.5649402737617493
1.9038244485855103
0.4813573360443115
1.268775463104248
1.6824392080307007
1.5039912462234497
1.1808651685714722
1.4710997343063354
1.3443481922149658
1.1087658405303955
1.8468663692474365
1.0594393014907837
1.9958363771438599
1.55294668674469
1.075160264968872
1.716329574584961
1.1954799890518188
1.4004507064819336
1.5477384328842163
2.3674652576446533
1.3790584802627563
2.834416627883911
1.2630853652954102
1.9577007293701172
1.6102654933929443
2.4391584396362305
1.8783979415893555
1.3478825092315674
1.0256413221359253
0.9632032513618469
1.190976619720459
2.1017844676971436
1.471008539199829
2.112379312515259
1.3196882009506226
1.9838727712631226
1.103521704673767
1.2120670080184937
1.311728835105896
1.1507385969161987
1.1796878576278687
1.6743706464767456
1.294084072113037
1.4364213943481445
1.6546534299850464
2.41538667678833
1.1179600954055786
1.7543258666992188
2.233569860458374
1.1456689834594727
1.0893223285675049
1.2790532112121582
0.7337074279785156
1.2877106666564941
1.8892543315887451
2.248244047164917
1.6893839836120605
2.946948766708374
1.6368589401245117
1.421959638595581
2.1493775844573975
1.1207969188690186
2.040447235107422
1.527014136314392
1.420820951461792
1.4170701503753662
1.0874159336090088
1.9786977767944336
1.461057424545288
1.5250612497329712
0.6994199752807617
1.5682473182678223
1.4393118619918823
1.464301586151123
0.8726654052734375
1.2964650392532349
0.8764452934265137
1.2536863088607788
1.1831185817718506
1.5899817943572998
1.1832432746887207
1.1696702241897583
1.0674326419830322
1.537055492401123
1.9099324941635132
1.5407215356826782
1.1962025165557861
1.6418769359588623
0.8779930472373962
1.3115935325622559
1.1000874042510986
1.238698124885559
1.6333383321762085
1.6414631605148315
1.7128021717071533
1.7824279069900513
1.4682796001434326
2.0645859241485596
1.424047827720642
1.577690839767456
2.212562322616577
1.4224419593811035
0.8428150415420532
1.2593029737472534
1.5998859405517578
2.773482084274292
1.9466081857681274
1.0222657918930054
1.3219517469406128
1.310874104499817
1.1639010906219482
1.558269739151001
0.8315494656562805
1.8267065286636353
1.5361114740371704
1.4761537313461304
1.4434176683425903
1.5538204908370972
1.650161623954773
2.7585718631744385
1.4654514789581299
1.081601858139038
1.147281289100647
1.8936504125595093
0.9169295430183411
1.2472392320632935
0.9001929759979248
1.953963279724121
1.4302551746368408
1.8795543909072876
1.215084433555603
1.320811152458191
2.231600761413574
1.4577302932739258
1.800666093826294
1.0425729751586914
0.9940582513809204
0.5337028503417969
2.2353997230529785
1.5376869440078735
0.894762396812439
1.3477591276168823
1.743712067604065
1.4898988008499146
2.304023504257202
1.5674269199371338
2.137146234512329
1.0801829099655151
2.7428903579711914
1.2419990301132202
1.697014570236206
2.21393084526062
1.817901372909546
1.4893969297409058
1.1603813171386719
1.8889358043670654
1.351191759109497
0.9597703814506531
1.8395543098449707
1.189099907875061
1.8286176919937134
1.681530237197876
1.5783950090408325
1.386481761932373
1.1658339500427246
2.0375757217407227
1.7060033082962036
1.0063848495483398
1.3343733549118042
0.8792572617530823
1.383617877960205
1.1007649898529053
2.4076154232025146
1.3959323167800903
1.2105497121810913
1.355828881263733
1.8990564346313477
1.5811526775360107
1.473497748374939
1.3773720264434814
1.6704628467559814
1.6618800163269043
1.3350334167480469
1.9319052696228027
1.400665044784546
1.8243930339813232
1.0837386846542358
1.046191692352295
1.1897133588790894
1.3602898120880127
1.7988781929016113
1.2593331336975098
2.3375940322875977
1.064222812652588
2.031095266342163
2.014953136444092
1.479169487953186
2.236098051071167
2.0244903564453125
1.4993051290512085
1.0013501644134521
1.323950171470642
2.5232627391815186
1.470609188079834
1.1780178546905518
1.467888355255127
1.3356479406356812
1.182025671005249
2.1986243724823
1.7868951559066772
1.2160611152648926
1.8733192682266235
1.3250162601470947
1.3003722429275513
1.2164027690887451
2.080136299133301
1.3208259344100952
0.8554094433784485
2.0366203784942627
2.127352476119995
1.733777642250061
2.212946891784668
1.3000638484954834
1.6536306142807007
1.087166428565979
0.7583600282669067
1.0672576427459717
1.746593713760376
0.984882652759552
1.8522155284881592
2.3408803939819336
1.1940937042236328
1.9987797737121582
1.5159523487091064
1.0671019554138184
2.1820757389068604
1.305168628692627
2.467935562133789
1.9206314086914062
2.242539167404175
1.5392504930496216
0.9463310241699219
1.5967642068862915
1.8181313276290894
1.0093320608139038
2.1257336139678955
1.8216166496276855
1.0362509489059448
0.7625554800033569
1.4091438055038452
1.1502214670181274
2.116100788116455
1.1888893842697144
1.1814128160476685
1.6485576629638672
1.908034086227417
1.778201699256897
2.4682066440582275
1.083145260810852
1.1291935443878174
1.2556462287902832
1.0803457498550415
2.0761170387268066
2.0645740032196045
0.895272433757782
1.8636609315872192
0.9717523455619812
1.3499082326889038
1.4428333044052124
1.4029918909072876
1.8585549592971802
1.9308184385299683
0.9618793725967407
1.8365147113800049
1.2609806060791016
1.714820146560669
1.3028613328933716
1.9037598371505737
1.3063963651657104
1.207523226737976
2.45263409614563
1.0425755977630615
1.0346919298171997
0.7939357757568359
1.3375828266143799
1.954360842704773
1.5237822532653809
1.7157399654388428
1.789584755897522
0.9598484635353088
1.8540096282958984
2.271512985229492
1.4675253629684448
1.0581375360488892
1.58987295627594
1.9528920650482178
1.642066240310669
1.8528826236724854
1.4409233331680298
1.6489042043685913
1.5848290920257568
2.343186855316162
1.6722599267959595
1.4916026592254639
2.2886648178100586
0.767643392086029
2.0303494930267334
1.0401129722595215
1.6414295434951782
2.2452523708343506
1.1961767673492432
1.7307418584823608
1.9961978197097778
1.4663169384002686
1.3622246980667114
1.879621982574463
2.736619710922241
1.1058685779571533
2.3899245262145996
1.0039165019989014
1.6220173835754395
2.0414531230926514
1.7564902305603027
1.744574785232544
1.4744468927383423
1.9446407556533813
2.0931408405303955
2.2443833351135254
1.312524437904358
1.144382357597351
1.3885940313339233
2.487072706222534
1.9073840379714966
2.6028037071228027
1.6615509986877441
1.5881283283233643
2.293161153793335
1.7577861547470093
1.7780262231826782
2.244488000869751
1.3139592409133911
1.6624119281768799
1.652581810951233
2.0546975135803223
1.532896876335144
1.740860939025879
1.4679193496704102
2.161949396133423
1.4596354961395264
1.6880429983139038
1.4593759775161743
1.9255191087722778
1.9842168092727661
1.5928634405136108
2.3998262882232666
1.2080588340759277
1.7843270301818848
1.8166314363479614
2.440335273742676
1.234319806098938
1.6443454027175903
2.1472015380859375
1.2754769325256348
1.8011293411254883
0.983269453048706
1.5707502365112305
1.8752796649932861
1.2850794792175293
1.5608495473861694
1.5121347904205322
2.9618442058563232
2.06141996383667
1.1541815996170044
1.2194626331329346
1.7056514024734497
1.3188496828079224
1.0291502475738525
1.2428853511810303
0.9979199767112732
1.236714243888855
1.054747462272644
2.242168664932251
1.8068890571594238
2.2227158546447754
1.8821145296096802
1.095525860786438
1.0532219409942627
1.2540907859802246
1.5895130634307861
2.2496867179870605
1.3027440309524536
1.0659674406051636
1.880285620689392
1.274418830871582
1.7190018892288208
1.6852971315383911
1.7165664434432983
1.2269339561462402
1.2854499816894531
1.8214305639266968
1.2062742710113525
2.306873083114624
2.1844828128814697
1.3194172382354736
1.8679239749908447
1.064572811126709
0.9458439350128174
2.335531711578369
1.4211256504058838
1.0375758409500122
2.1617414951324463
1.8204314708709717
1.4843021631240845
1.1904367208480835
1.2584179639816284
1.406829595565796
0.9357708096504211
1.1487523317337036
1.1957262754440308
1.6529265642166138
1.404051661491394
2.003495693206787
1.5659587383270264
2.287243127822876
2.4662997722625732
1.8298321962356567
1.0089237689971924
1.1001442670822144
2.0451600551605225
1.4148179292678833
2.019279718399048
1.8532997369766235
1.116593360900879
2.012226104736328
1.170346736907959
1.3652753829956055
1.820186734199524
1.7965483665466309
0.7520138025283813
1.8410450220108032
1.4136754274368286
1.9494987726211548
1.9454786777496338
1.8865705728530884
1.6821208000183105
1.1627169847488403
1.4406938552856445
1.2107884883880615
1.913185954093933
2.407682418823242
1.9708527326583862
0.9389997720718384
1.8906893730163574
1.7975071668624878
2.1785712242126465
1.0553579330444336
2.0041873455047607
0.9636472463607788
1.1720807552337646
1.6362682580947876
0.7720114588737488
2.114293098449707
1.1071208715438843
0.9152045249938965
1.388637900352478
1.323891043663025
0.6471335887908936
1.9136978387832642
2.1944456100463867
1.1314594745635986
1.7606699466705322
1.8315105438232422
1.2905988693237305
1.4602950811386108
1.8003039360046387
1.4921550750732422
1.7914046049118042
1.277671456336975
1.8178107738494873
0.953376054763794
1.7684298753738403
2.0602099895477295
1.994624376296997
2.02961802482605
1.2544232606887817
2.2320590019226074
1.4472577571868896
1.0471470355987549
2.0952200889587402
1.1469703912734985
1.498229742050171
1.006142258644104
2.033438205718994
1.3125889301300049
1.4137680530548096
1.5113022327423096
1.1026611328125
1.7318629026412964
1.5367857217788696
1.0221997499465942
1.583957552909851
1.1948002576828003
1.8126285076141357
2.181288003921509
1.0439366102218628
1.6280485391616821
0.9899247884750366
1.6464531421661377
1.8173493146896362
1.7322341203689575
2.1128768920898438
1.279945731163025
1.8799662590026855
1.689732551574707
1.7421146631240845
0.9136042594909668
1.1755878925323486
1.5788655281066895
1.3167694807052612
0.825994074344635
1.4753612279891968
2.0553579330444336
2.1769514083862305
1.857296109199524
1.7214136123657227
1.5888735055923462
1.5143123865127563
2.099428653717041
1.686474323272705
1.0059014558792114
1.4449928998947144
1.5097897052764893
1.4864498376846313
0.9639570713043213
0.880031168460846
1.700164556503296
1.1076562404632568
2.3224592208862305
1.4935519695281982
1.4447351694107056
0.9281991720199585
1.71709144115448
1.810357689857483
1.4396039247512817
1.5294438600540161
1.5850788354873657
1.61872136592865
1.6896758079528809
1.6436820030212402
1.5710840225219727
1.0049504041671753
1.3402715921401978
1.1459479331970215
1.4109042882919312
1.317173719406128
3.937753200531006
2.2285349369049072
0.7677672505378723
1.1917046308517456
1.95974600315094
1.4998410940170288
2.1359963417053223
1.358184814453125
1.973299264907837
1.9886109828948975
1.2798699140548706
2.3856523036956787
1.126879334449768
0.9577589631080627
2.1516599655151367
0.9967249035835266
1.093567132949829
1.5516254901885986
1.7631486654281616
1.586855173110962
1.4828401803970337
1.5489250421524048
1.8625094890594482
1.8741462230682373
2.0599453449249268
1.7322157621383667
1.0976659059524536
1.241182565689087
1.4956976175308228
1.1926292181015015
1.9008612632751465
1.5490177869796753
2.8050858974456787
1.7778016328811646
2.114931583404541
1.5129457712173462
1.3622809648513794
1.7890654802322388
1.9499257802963257
0.8575902581214905
2.165809154510498
1.0715279579162598
2.0612289905548096
2.4155044555664062
0.8340495228767395
0.7684454917907715
1.2333800792694092
1.5031671524047852
1.4507219791412354
2.6125316619873047
1.787947416305542
1.1773921251296997
1.8303496837615967
1.198362946510315
2.0222690105438232
2.0099430084228516
2.289482831954956
1.7079588174819946
2.1988794803619385
1.3734495639801025
1.389027714729309
1.577298641204834
2.620154857635498
1.4012824296951294
1.457853078842163
1.6159460544586182
1.2973040342330933
1.778127908706665
1.0891307592391968
1.6056450605392456
0.9442945718765259
1.0444254875183105
1.7335180044174194
1.9735339879989624
1.8651233911514282
1.8204519748687744
1.70850670337677
2.19018292427063
1.04860520362854
2.1175737380981445
2.136183023452759
1.0406031608581543
1.9944448471069336
1.1239380836486816
1.4397103786468506
1.3950843811035156
1.017486572265625
1.3540607690811157
1.5911575555801392
1.2949773073196411
1.9340962171554565
1.436612844467163
1.0334981679916382
1.6840444803237915
1.9272202253341675
1.2953460216522217
1.762157678604126
1.526647925376892
1.799994945526123
1.828953742980957
1.9978832006454468
1.1202163696289062
2.046807050704956
1.253738284111023
0.6350874900817871
1.4745067358016968
1.114821434020996
1.9931690692901611
1.3725757598876953
1.8641499280929565
1.5006282329559326
1.2453957796096802
1.2401528358459473
1.8860218524932861
0.8448058366775513
1.7914282083511353
2.5044705867767334
1.2278574705123901
1.221805453300476
1.6060700416564941
1.6517932415008545
1.9914497137069702
2.0290467739105225
2.1125237941741943
1.9741151332855225
1.5989296436309814
1.6086760759353638
1.1741764545440674
1.424914836883545
1.0895063877105713
0.7153406739234924
1.5416558980941772
1.2021384239196777
2.2644383907318115
1.2011116743087769
1.8884592056274414
0.9614189267158508
1.2216451168060303
1.3545705080032349
1.7565943002700806
1.574795126914978
1.0512906312942505
1.8185712099075317
1.8596230745315552
1.5133250951766968
1.184973120689392
1.1969408988952637
1.0741974115371704
0.9978601336479187
0.9469629526138306
1.6985472440719604
0.9046289324760437
1.1042306423187256
1.3598686456680298
2.63188099861145
1.3707307577133179
1.2219332456588745
0.8707653880119324
1.223685383796692
0.9911717176437378
1.83453369140625
1.6876013278961182
1.2039055824279785
1.7171376943588257
2.0478415489196777
1.2355849742889404
2.348437547683716
2.842799186706543
2.086596727371216
1.6430367231369019
1.4130886793136597
1.2832309007644653
1.629744052886963
1.5368701219558716
1.1044399738311768
1.6358866691589355
1.8763511180877686
1.1648552417755127
1.7165735960006714
0.812004566192627
1.180290699005127
0.7002013921737671
1.3439910411834717
1.513526439666748
1.2304916381835938
1.188001036643982
1.9979454278945923
1.1895445585250854
1.421628713607788
1.7055771350860596
1.5140341520309448
2.311652183532715
2.290513277053833
1.0826942920684814
1.3240485191345215
1.557914137840271
1.9947999715805054
1.2991071939468384
0.8466053605079651
2.0826878547668457
1.5790890455245972
1.6879475116729736
0.9706907868385315
1.0123522281646729
1.8185665607452393
2.477861166000366
1.4156526327133179
2.0672194957733154
1.2722711563110352
1.8882194757461548
1.1171077489852905
1.2617250680923462
2.085756540298462
1.2310805320739746
2.195678949356079
1.8784009218215942
0.9966204166412354
1.4982619285583496
1.2725112438201904
1.387349009513855
2.358412265777588
1.5315546989440918
1.6546869277954102
2.2179017066955566
1.2141366004943848
1.8540066480636597
1.8861826658248901
1.2582437992095947
1.671626329421997
1.9964388608932495
1.5690224170684814
2.394273042678833
1.057038426399231
2.171844005584717
0.965277910232544
1.470447301864624
2.1071369647979736
1.5794538259506226
2.135160207748413
1.687510371208191
1.301108717918396
1.0160056352615356
1.7986358404159546
1.3120453357696533
1.5591107606887817
1.7860395908355713
1.667470097541809
2.3254683017730713
1.2804714441299438
1.4863240718841553
1.6896392107009888
1.5012648105621338
1.5880924463272095
1.047210693359375
1.055275797843933
1.641036033630371
2.4353952407836914
1.9944034814834595
1.1206645965576172
2.0672993659973145
1.4011834859848022
1.8543617725372314
1.2698806524276733
1.6737111806869507
1.674770474433899
1.4323374032974243
1.1261826753616333
1.6502686738967896
1.4986763000488281
1.8870422840118408
1.4271020889282227
1.509050726890564
2.0874783992767334
0.9119528532028198
1.4048292636871338
1.3428860902786255
1.0679677724838257
1.345956802368164
1.900029182434082
2.3267080783843994
2.1136064529418945
1.9552720785140991
2.324291944503784
1.2903718948364258
2.321554660797119
2.4168314933776855
1.0015665292739868
1.5293198823928833
2.0615768432617188
1.4882951974868774
2.009864568710327
1.8894261121749878
2.230774164199829
1.7980390787124634
0.8958332538604736
1.4315104484558105
2.057476043701172
0.9656578302383423
1.950583577156067
0.9225729703903198
0.9651957750320435
1.0391367673873901
1.1012102365493774
2.1914849281311035
0.8117688894271851
1.6545032262802124
1.5822815895080566
1.3536219596862793
1.3432902097702026
1.2153215408325195
0.8377703428268433
1.3018178939819336
1.7452259063720703
1.9758321046829224
1.9259790182113647
2.162468671798706
1.7014092206954956
1.3767178058624268
2.0906260013580322
1.2532496452331543
1.0296508073806763
0.7468783259391785
1.9169002771377563
1.323859453201294
2.062469482421875
1.3804601430892944
2.240070104598999
1.3282139301300049
1.349961280822754
1.8694099187850952
3.3313775062561035
1.5139727592468262
1.6992225646972656
1.174335241317749
1.1159615516662598
1.5885320901870728
1.828450322151184
1.4600235223770142
2.7518997192382812
1.4946331977844238
1.5853517055511475
2.563399076461792
1.7408902645111084
1.172757863998413
1.5753614902496338
1.5836642980575562
1.5800517797470093
1.7776570320129395
1.7108335494995117
1.1474167108535767
2.1387882232666016
0.9647979140281677
1.7972403764724731
1.2488977909088135
2.3300819396972656
2.143153190612793
1.1619256734848022
1.1101151704788208
1.4840294122695923
2.35866117477417
1.123432993888855
1.5845593214035034
2.7439911365509033
0.6874485611915588
1.7732658386230469
1.9898748397827148
1.622335433959961
1.0410349369049072
1.496203899383545
1.3335009813308716
0.9700383543968201
1.2760063409805298
1.4733761548995972
1.2242604494094849
1.2889635562896729
2.175705671310425
2.2544033527374268
1.495420217514038
1.787995457649231
1.110036015510559
1.8633501529693604
1.9770417213439941
1.1053210496902466
2.7022321224212646
1.6028445959091187
1.3378045558929443
1.9843769073486328
1.2157020568847656
1.4887572526931763
1.3942410945892334
0.8366551995277405
1.1951910257339478
1.4923880100250244
1.2487448453903198
1.005907654762268
0.9751677513122559
1.6907274723052979
1.5335137844085693
1.7960065603256226
1.1716636419296265
1.5562043190002441
1.0889618396759033
1.8485532999038696
2.1415531635284424
1.7656499147415161
2.1080899238586426
1.7809292078018188
1.8782365322113037
2.2808444499969482
1.7362167835235596
2.2844598293304443
1.5469586849212646
1.9182000160217285
2.00801944732666
1.9859318733215332
1.4804352521896362
1.3583741188049316
1.5387341976165771
1.7197500467300415
1.3040908575057983
1.265630841255188
0.9949585795402527
1.6304266452789307
1.2982923984527588
1.894753336906433
1.2971833944320679
2.033839702606201
1.2481836080551147
1.2082273960113525
1.3154270648956299
2.0237035751342773
1.286458134651184
2.613206148147583
1.694297432899475
2.2021055221557617
1.2494863271713257
1.9584664106369019
1.4103914499282837
1.2248812913894653
1.1198232173919678
1.6643956899642944
1.8090554475784302
1.5076433420181274
1.8557254076004028
1.5165897607803345
1.3643912076950073
1.3899779319763184
1.1956846714019775
1.8035602569580078
1.4682326316833496
1.271080732345581
2.068809986114502
1.2189234495162964
2.0620126724243164
1.1364192962646484
2.4398374557495117
1.0152335166931152
1.7723345756530762
1.743569016456604
0.7554306983947754
1.5401870012283325
1.3958518505096436
1.0203989744186401
1.5660715103149414
1.8861993551254272
1.3615459203720093
1.1555323600769043
1.307429552078247
1.5662622451782227
1.3212103843688965
2.1132233142852783
1.1423810720443726
1.4050475358963013
1.8160314559936523
0.7953183650970459
1.066160798072815
0.870571494102478
1.1558094024658203
1.8909900188446045
2.1116561889648438
1.784708857536316
1.4570822715759277
1.5843392610549927
1.3542636632919312
1.137107491493225
1.8199808597564697
