-0.7579578757286072
-0.13385502994060516
-0.04761696234345436
-0.3598485589027405
0.2957908511161804
-0.4738766551017761
-0.6349796652793884
0.13414637744426727
-0.5013867616653442
-0.36527305841445923
-0.15561561286449432
-0.7639445662498474
-0.6889645457267761
-0.16456183791160583
-0.0747358500957489
0.4360004663467407
0.1876615583896637
-0.3530855178833008
0.3315877318382263
-0.6251471042633057
-0.18590956926345825
-0.06604652851819992
-1.0004057884216309
-0.050007838755846024
-1.175919771194458
-0.04228799417614937
-0.3047650158405304
0.15093182027339935
-0.3698464632034302
-1.106215476989746
-0.1068563312292099
-0.24595129489898682
-0.20354744791984558
0.1606588363647461
-0.09954891353845596
-0.20351259410381317
-0.18180781602859497
0.1182694137096405
0.20416618883609772
-0.08301594853401184
-0.900713324546814
-0.1727007031440735
-0.13866856694221497
-0.3522854745388031
-0.4301530420780182
0.03346634656190872
0.07884645462036133
0.03757825493812561
-1.155419111251831
-0.901239812374115
-0.819786787033081
-0.9144604802131653
-0.12683315575122833
-0.8817357420921326
-0.7834099531173706
-0.509579598903656
-0.8126699328422546
0.12683017551898956
0.31045451760292053
-1.0215190649032593
-0.5062849521636963
-0.5723361968994141
-0.09877274930477142
-0.5610730051994324
-0.6646944284439087
-0.0500083789229393
-0.3296058773994446
-0.2931145429611206
-0.21853484213352203
-0.14961998164653778
-0.0202748142182827
-0.086527019739151
-0.41240882873535156
-0.19749143719673157
-0.0801534578204155
0.13907499611377716
-0.6324165463447571
-0.13543544709682465
0.4059832692146301
-0.31271684169769287
0.08487087488174438
-1.1887089014053345
0.5280348062515259
-0.8050953149795532
0.575647234916687
0.2744944393634796
1.1092699766159058
-0.10859823226928711
-0.3511715531349182
0.011649624444544315
0.12737971544265747
-0.15910804271697998
-0.783907413482666
-1.0571916103363037
-0.266541987657547
-0.35632744431495667
-0.4197199046611786
0.5076937675476074
-0.4063507616519928
-0.39518237113952637
-0.6724019646644592
-0.003658188274130225
-0.4582477807998657
-0.8423693180084229
-0.9613847732543945
0.11919296532869339
-0.3863517940044403
-0.387254536151886
-0.7031140923500061
0.18573392927646637
-0.6633930206298828
0.6816208958625793
-0.273092657327652
-0.5000693798065186
-1.0755484104156494
0.2009008675813675
-0.25320398807525635
-0.633319616317749
0.13612382113933563
-0.12489905953407288
-0.5891590118408203
0.23725652694702148
-0.439872145652771
-0.6934383511543274
-0.36989009380340576
-0.4563409984111786
0.29654598236083984
-1.0461798906326294
-1.1360526084899902
0.6812946796417236
-0.4079097807407379
0.04196804389357567
-0.1611560881137848
-0.0007832169067114592
0.10453309118747711
-0.6779508590698242
0.42200034856796265
-0.007947498932480812
-0.3506498336791992
-0.7775249481201172
-1.2093570232391357
0.35374245047569275
-0.5876131653785706
-0.7233815789222717
-0.41695961356163025
0.2997083365917206
-0.24813081324100494
-0.7767385840415955
-1.1192342042922974
-0.2324581742286682
-0.4381729066371918
-0.48988446593284607
0.27829015254974365
-0.33605653047561646
-1.3214716911315918
0.10699106007814407
0.05785857513546944
-0.7904875874519348
-0.37637877464294434
-0.38250046968460083
-0.3341711163520813
-0.7169954180717468
-0.068524070084095
-0.3448401689529419
-0.22251246869564056
-0.18833619356155396
-0.9215999841690063
-0.9979757070541382
-0.3542634844779968
-0.34654945135116577
0.07291646301746368
-0.9333005547523499
-0.9770998954772949
-0.2124125361442566
-0.6643865704536438
-0.2611072063446045
0.20284347236156464
-0.6369394063949585
-0.22534382343292236
0.16254964470863342
0.13503600656986237
-0.18707510828971863
-0.47707900404930115
0.07313888520002365
-0.5306558609008789
-0.6921238303184509
-0.602188766002655
-0.8036668300628662
-0.5826520919799805
-0.5841044783592224
-0.731217622756958
-0.3460993468761444
-0.9470212459564209
-0.39570674300193787
-0.9901528358459473
-0.2593705654144287
-0.6671608686447144
-1.1088918447494507
-0.9049046635627747
0.09265824407339096
-0.6973187923431396
-0.9274656772613525
-1.0199518203735352
-0.4996941089630127
0.11568589508533478
0.11731209605932236
0.17366915941238403
-0.13968950510025024
-0.14598186314105988
-0.21188803017139435
-0.984220027923584
-0.6621221899986267
0.19596454501152039
-0.8170044422149658
-0.7125418186187744
-0.6756126880645752
-0.5506675839424133
0.38639286160469055
-0.5423612594604492
0.36579054594039917
-0.44556888937950134
0.24255581200122833
-0.7187684774398804
-0.6434711217880249
-0.12830601632595062
0.16084222495555878
-0.8106154799461365
-0.8071799874305725
-0.6012125611305237
-0.04209120571613312
-1.1056647300720215
-0.05722704529762268
-1.1192196607589722
-0.3205081522464752
0.17957636713981628
-0.25225523114204407
-0.5109599828720093
-0.42779427766799927
-0.08832929283380508
-0.35982340574264526
-0.1968943327665329
-0.5484591126441956
0.09991851449012756
-0.8093252182006836
0.2534483075141907
-0.5913846492767334
0.21451100707054138
0.025754235684871674
0.8093703985214233
-0.30325883626937866
-0.924325168132782
-0.3584609031677246
-0.1323835402727127
-0.5570040345191956
-0.7195889949798584
-0.30956825613975525
0.08743664622306824
0.12222588807344437
-0.4976808726787567
-0.22865155339241028
0.16763652861118317
-0.1668020337820053
-0.14710265398025513
-0.12811721861362457
0.14743255078792572
-0.27366766333580017
-0.45276081562042236
0.40814316272735596
-0.8101651668548584
-0.036880094558000565
-0.4119694232940674
-0.23108290135860443
0.08096936345100403
0.1742783784866333
-1.166284203529358
-0.37316495180130005
-0.28082388639450073
0.12424944341182709
-0.4467352032661438
-0.7165141105651855
-0.10057513415813446
-0.22134925425052643
-0.42502692341804504
0.002157847862690687
-1.0484471321105957
-0.34091776609420776
-0.8155332803726196
0.1509043276309967
-0.3798118531703949
-1.2866748571395874
0.580566942691803
0.01102602481842041
0.06188475340604782
0.14517183601856232
0.04981270432472229
-0.6615257859230042
0.11976081132888794
-1.09590744972229
-0.9629084467887878
-0.7083175778388977
0.0074560935609042645
-0.1895684450864792
0.08561186492443085
-0.3695112466812134
-0.21964943408966064
0.14849191904067993
-0.31399476528167725
-0.32784944772720337
-0.1889955848455429
-0.542293131351471
-0.6095343828201294
-1.1476175785064697
-0.40321969985961914
-0.9018481969833374
-0.4577178359031677
0.33785101771354675
-0.5988258123397827
-0.29688161611557007
-0.06358176469802856
-0.3407457172870636
0.203502357006073
-0.46143320202827454
-0.9443027973175049
-0.35453900694847107
0.2242630124092102
-0.2858610451221466
-0.5210385322570801
-1.0257443189620972
-0.4073832035064697
-0.3858049809932709
-0.15433597564697266
-0.1885601282119751
-0.30624204874038696
-1.248231291770935
-0.029024481773376465
-0.9543598294258118
0.6264266967773438
-0.6563759446144104
0.7078167200088501
-0.7254303097724915
-0.12770035862922668
-1.146132469177246
-0.7611759305000305
-0.6133567094802856
-1.5818984508514404
0.0071150269359350204
0.004656387027353048
-0.5663982033729553
-0.7439466118812561
-0.5361735224723816
-1.1099849939346313
-0.09590781480073929
-0.9349881410598755
-0.9183983206748962
0.6010373830795288
-0.06521522998809814
-0.27432164549827576
-0.5772931575775146
0.2482873499393463
-0.21231992542743683
-0.8621494174003601
-0.3513718247413635
-0.5267631411552429
-0.9591423273086548
0.13127483427524567
0.07588980346918106
-0.5806400179862976
-0.5214846134185791
-0.234217569231987
-0.6062005758285522
-0.6837535500526428
-1.52520751953125
-0.9527708292007446
-0.37233206629753113
-0.3537067472934723
-1.2191871404647827
-0.04096892848610878
-0.6325131058692932
-0.7004482746124268
-0.6648691296577454
-0.4864049255847931
-0.10217490792274475
-0.20526154339313507
-0.5634570717811584
0.24431075155735016
0.4792531728744507
-0.259444922208786
-0.3535935580730438
0.09004168957471848
-1.2226037979125977
-0.27593114972114563
0.20857125520706177
-0.6118871569633484
-1.2284671068191528
-0.33486658334732056
-0.2980993092060089
-0.7268680334091187
-0.8285421133041382
-0.053650274872779846
-0.3119121193885803
-0.262342244386673
0.11852603405714035
-0.44860774278640747
-0.2753676772117615
-0.5740842819213867
0.331569641828537
0.0976276621222496
-0.1001981720328331
0.16854795813560486
-0.36882320046424866
-0.003652405459433794
-1.4620532989501953
-0.6720629930496216
0.12027648836374283
-1.1149879693984985
-0.37402817606925964
-0.8679324984550476
-0.11677645146846771
-0.8036866188049316
-0.11140649020671844
-0.44336453080177307
-0.11845957487821579
0.14522410929203033
-0.6365278959274292
-0.9753737449645996
-0.46204790472984314
-0.0841308981180191
-0.45020949840545654
-0.2962290346622467
-0.17576155066490173
0.5664313435554504
0.48735901713371277
-0.7433396577835083
-0.06849892437458038
-0.18961995840072632
0.19986051321029663
0.5494928359985352
-1.3074859380722046
-0.1152222603559494
-0.26726141571998596
-0.473318874835968
-0.8766056895256042
-0.019648808985948563
0.43255847692489624
-0.8766239881515503
-1.3210517168045044
-0.34837576746940613
-0.2229771614074707
-0.6230717301368713
-0.6088583469390869
0.0951121374964714
0.057671334594488144
-1.1095632314682007
0.11637598276138306
-0.008423837833106518
-1.1251846551895142
-0.27582213282585144
-0.2157295197248459
-0.40445828437805176
-0.5191909074783325
-0.21634653210639954
-1.288625955581665
0.3532491624355316
0.05386357009410858
0.09824719280004501
-0.8718767166137695
-0.24478459358215332
-0.4569667875766754
-0.22259443998336792
0.17815475165843964
-0.48407280445098877
-0.6060253381729126
0.12570908665657043
-1.2314519882202148
-1.183329463005066
-0.41897282004356384
0.2040238380432129
0.050558365881443024
-1.0457781553268433
-1.005051851272583
0.12539684772491455
-0.5634117126464844
-0.4376227855682373
-0.5479847192764282
-0.1659739464521408
-0.0015254891477525234
0.02542737126350403
-0.4631240665912628
0.22981099784374237
-0.555555522441864
-0.6739103198051453
-0.18479512631893158
-0.33905184268951416
0.024852531030774117
-0.4642743766307831
-0.08286292105913162
-0.5841784477233887
-0.4394505023956299
0.18329697847366333
-0.4050687551498413
-0.10597575455904007
-0.9347715973854065
-0.13205115497112274
-0.5195131897926331
-0.34520387649536133
-0.015577935613691807
0.23895679414272308
-0.4033433496952057
-1.361040472984314
0.26389870047569275
-0.12563474476337433
-0.27476271986961365
-0.8142852187156677
-0.11359365284442902
-0.4640481173992157
0.2590201795101166
-1.1911461353302002
0.07382752001285553
-0.41147124767303467
-0.3848443627357483
-0.24734318256378174
-0.06272878497838974
-0.3511272370815277
0.4173997938632965
0.12025267630815506
-0.23358604311943054
0.5903362035751343
-0.7008453607559204
0.13455328345298767
-0.05953701585531235
-0.7872456312179565
-0.9926638007164001
0.06230524182319641
-0.06465132534503937
-0.35686805844306946
-0.0032655007671564817
-0.12285947799682617
-0.9661538600921631
-0.21004366874694824
0.21904221177101135
-0.6250258684158325
0.17926573753356934
0.26559343934059143
-0.9210299849510193
-0.568920910358429
-0.15069492161273956
-0.6662737727165222
0.23650582134723663
0.1562926024198532
0.10723113268613815
-1.1187841892242432
-0.8361919522285461
0.25911393761634827
-0.025748325511813164
0.16416573524475098
-0.3738977313041687
-0.3285478353500366
0.009793316014111042
-0.9459859132766724
-0.2745303511619568
-0.17283163964748383
-0.02110946737229824
-0.3141433298587799
0.08439334481954575
-1.2578473091125488
-0.33069926500320435
-0.18844452500343323
-0.44478338956832886
-1.0088990926742554
-0.10558238625526428
-1.4177573919296265
-0.030816297978162766
-0.045482225716114044
0.07036416232585907
0.177967369556427
-1.146520972251892
-0.2344922572374344
0.153548002243042
0.3458913266658783
0.12232009321451187
-0.625421941280365
-1.6752911806106567
-0.05687409266829491
-0.3487391769886017
-0.42542168498039246
0.25256940722465515
-0.5856468081474304
0.0009678361820988357
-0.24671804904937744
0.07215951383113861
-1.016299843788147
-1.144669771194458
-0.13531050086021423
-0.9778844714164734
-0.2971520721912384
-0.8205971717834473
-0.04690321534872055
0.42014890909194946
-0.41987499594688416
-0.16703671216964722
0.27251848578453064
-0.10228884965181351
-0.3370755612850189
-0.21509946882724762
-0.3251242935657501
0.30430424213409424
-1.1579253673553467
0.09102035313844681
0.18210406601428986
0.2676072418689728
-0.18132075667381287
0.15558679401874542
-0.9202935099601746
0.24351851642131805
-0.07439365237951279
-0.21107332408428192
-0.7676081657409668
-0.9967005848884583
-0.6240005493164062
-0.5053761601448059
-0.6440294981002808
-0.07895107567310333
0.33386150002479553
-0.2144898623228073
0.062375422567129135
-0.25860944390296936
0.01262927521020174
-0.43802136182785034
-1.1657688617706299
-1.4287296533584595
-0.46602752804756165
-1.0364609956741333
0.3452146649360657
-0.12966355681419373
-0.5127473473548889
0.2188200056552887
0.2300557643175125
-0.788327157497406
-0.3605257272720337
-0.20640668272972107
-0.6351728439331055
-0.3027215003967285
-0.36976829171180725
-1.128942608833313
0.14534787833690643
0.11268661171197891
-0.11770818382501602
-0.6772433519363403
-0.2815798819065094
-0.2951667308807373
0.07738922536373138
-0.18204589188098907
-0.09385523945093155
0.10951076447963715
-0.5075186491012573
0.237963005900383
-0.09592545032501221
0.319356232881546
-0.6431958079338074
-0.41541385650634766
0.11071357131004333
-0.318864643573761
-0.9495478868484497
-0.20418508350849152
0.10356579720973969
-0.5503706336021423
-1.3208398818969727
-0.6806411743164062
-0.3597225546836853
-0.5281217694282532
-0.10476945340633392
-0.47955548763275146
-0.7220624089241028
0.3832462728023529
-0.047355473041534424
-0.9399890303611755
-0.10777081549167633
-0.22982408106327057
-0.8964619040489197
-0.015716368332505226
0.027515823021531105
-0.49052754044532776
0.03347131609916687
-0.28262192010879517
0.24853920936584473
-1.052941918373108
-0.06763137131929398
-0.6174988150596619
-1.0747489929199219
-0.3051922619342804
-0.351461797952652
0.18584595620632172
-0.6176666617393494
-0.36429399251937866
-0.26259639859199524
-0.9559406042098999
0.011058771051466465
-0.28360283374786377
0.24122808873653412
0.2973524034023285
-0.8115871548652649
-0.18695493042469025
0.32230669260025024
0.2839609384536743
-0.5153253674507141
0.5484952926635742
-0.34503063559532166
-1.0274686813354492
-0.1343998908996582
-1.1890220642089844
-0.07538469135761261
-0.45482105016708374
-1.290911316871643
-0.9036704897880554
0.6018331050872803
0.11649612337350845
-0.6152051091194153
-0.6126816272735596
-0.6344980001449585
-1.0726410150527954
-0.23174335062503815
-0.2498406618833542
-0.13804613053798676
-0.69819575548172
-0.8660817742347717
-0.07229036837816238
0.1562579870223999
-1.3943910598754883
-0.27143189311027527
-0.19235697388648987
-0.18514655530452728
0.004621477331966162
-0.5766577124595642
0.541013240814209
-0.6447969675064087
-1.613279104232788
-0.6106164455413818
-0.6572297811508179
-0.5746003985404968
-0.5109801292419434
-0.2767845690250397
0.07161705940961838
-1.0190743207931519
0.10958273708820343
-0.010122398845851421
-0.7654404640197754
0.4112752676010132
-0.9404909014701843
-0.21861423552036285
-0.25863778591156006
-0.09412028640508652
0.05363313853740692
0.03814878687262535
-0.018972018733620644
-0.4128117263317108
-0.06225864961743355
0.019859889522194862
-1.2722499370574951
-0.0027237427420914173
0.45148998498916626
-0.04359763115644455
-0.8043359518051147
-0.05732223391532898
-1.230840802192688
0.5880177617073059
-0.2565985321998596
0.12181435525417328
-0.12644371390342712
-0.46012842655181885
-0.9468309879302979
-0.44898706674575806
-0.4820716679096222
-0.7874009609222412
-0.16037702560424805
-1.0954725742340088
-0.3303092420101166
-1.1400362253189087
-0.852623462677002
-0.9196734428405762
-1.0994350910186768
1.0638530254364014
0.48386240005493164
-0.1931399703025818
0.5430208444595337
-1.3650399446487427
-0.7661438584327698
-0.8649193048477173
0.02645908296108246
-0.17810925841331482
-0.0379287488758564
-0.32025277614593506
0.16438531875610352
0.43903058767318726
-0.6725232005119324
-0.5398826003074646
-0.5355658531188965
0.4689371585845947
0.25119608640670776
-0.48055416345596313
-0.08965781331062317
-0.4968923032283783
0.02227986417710781
-0.23413775861263275
0.02752598002552986
-1.8838316202163696
0.0037418610882014036
-0.9529197216033936
-0.5875862240791321
-0.4137474000453949
0.010143646970391273
0.3964318335056305
-0.324568510055542
-0.3594810962677002
-0.3753198981285095
-0.980380654335022
-0.9422515034675598
-1.4103871583938599
-0.3329075574874878
-0.9477735161781311
-0.27355730533599854
-0.24821272492408752
-0.30750352144241333
-1.2561472654342651
0.09665385633707047
-1.142962098121643
-0.9558893442153931
0.0031352858059108257
-0.2906186580657959
-0.3161444067955017
0.2977146506309509
-0.21908609569072723
-0.7155909538269043
-0.2656300663948059
0.3101450502872467
-0.13253463804721832
-0.017042305320501328
-0.8745518922805786
-0.7669793963432312
-0.968166708946228
0.12668167054653168
-0.7236945629119873
-0.14853662252426147
-0.07527738809585571
-0.13900038599967957
-0.9067438244819641
-0.41751158237457275
-0.3218243718147278
0.19755756855010986
-0.6435485482215881
-0.5714510679244995
0.23424236476421356
-1.0665411949157715
-0.012335322797298431
-0.4380633234977722
0.13189810514450073
0.3764374256134033
-1.3134926557540894
0.2406461387872696
-0.09942541271448135
-0.4716225862503052
-0.5918964743614197
-0.3496500253677368
0.20763462781906128
0.13254313170909882
-0.4077589809894562
-0.4204098880290985
-0.3994642496109009
-0.5693241357803345
0.4395256042480469
-0.6418337821960449
-0.10940032452344894
-0.318054735660553
0.5610836744308472
-0.3470025658607483
-0.9481821060180664
-1.0665936470031738
-1.5031325817108154
-0.6986510157585144
-0.00978713110089302
-1.1406421661376953
-0.349539190530777
-0.15088240802288055
0.07603625953197479
-0.39789971709251404
-0.5204538106918335
-0.3034600019454956
-0.7679405212402344
0.30657538771629333
-1.730593204498291
-0.1381993144750595
0.020297421142458916
-0.3361629247665405
0.2880738079547882
0.3746570944786072
0.4415699541568756
0.3693651258945465
-0.40878719091415405
-1.0030927658081055
-0.7977985143661499
-0.8495216369628906
-0.3242269456386566
-0.8513835668563843
-0.1809832900762558
0.07157155871391296
0.12632830440998077
0.1293690949678421
-0.3503701090812683
-0.3349732756614685
0.021763876080513
-0.24630936980247498
-0.09588031470775604
0.14277443289756775
0.0017886165296658874
-0.28891152143478394
-0.19466513395309448
0.07917643338441849
-0.4972662925720215
-0.4311058521270752
0.3144778311252594
-0.8259105086326599
0.11246438324451447
-0.8344131708145142
-0.5037826895713806
0.4499903619289398
-0.16782540082931519
-0.5213497281074524
-1.1395753622055054
-0.3753284513950348
-0.5316073894500732
0.6459301710128784
-0.5162860751152039
-0.004809720441699028
-0.3065103590488434
-0.41074177622795105
0.04753569886088371
-0.33448076248168945
-0.7179203629493713
-0.2062268853187561
-0.7534959316253662
-0.6731382608413696
-0.16380822658538818
-0.8435258269309998
-1.0626436471939087
-0.7221354246139526
-0.1310439258813858
-0.019906308501958847
-0.06735659390687943
0.0759027749300003
-0.15722782909870148
-1.300010085105896
-2.258647918701172
-0.01042955368757248
-0.6443313956260681
-0.0455445721745491
-0.28678902983665466
-0.11539213359355927
-0.0016576743219047785
-0.03610599413514137
0.17323829233646393
-0.5156880021095276
-0.28123974800109863
-0.12780144810676575
0.4012916386127472
-0.9554978609085083
-0.09394771605730057
-0.7489370703697205
-0.19639725983142853
-0.5455846786499023
-0.39300504326820374
-1.454455018043518
-0.08463635295629501
-0.3943760097026825
-1.0463024377822876
-0.5388479232788086
-0.019696209579706192
-0.7637778520584106
-0.09196828305721283
0.1976214200258255
-0.4154367446899414
0.15298227965831757
0.3073253631591797
-0.8979515433311462
-0.5226342678070068
-0.3041743040084839
-0.7401589751243591
-0.6432105302810669
-0.6998258233070374
-0.5962828397750854
0.28722748160362244
-0.6153829097747803
-0.9672484993934631
0.17132970690727234
0.047027312219142914
0.7329080700874329
0.11430949717760086
0.10508757829666138
0.29281365871429443
-0.12783418595790863
0.11741109937429428
0.4762488901615143
-1.2964104413986206
-0.22017696499824524
-0.0512341670691967
-0.6507437825202942
-1.6675907373428345
0.1643793284893036
-0.436882346868515
-0.6761806011199951
-0.2962663769721985
-0.30208203196525574
-0.4465917646884918
-1.0825474262237549
0.17121072113513947
-0.2701661288738251
0.10418407618999481
-0.11699552834033966
-0.21363604068756104
-1.541761040687561
0.1956230103969574
-0.3778728246688843
-0.739373505115509
-0.694346010684967
-1.0098588466644287
-1.1132168769836426
-1.3109239339828491
-0.614042341709137
-0.6793747544288635
-0.2561926543712616
-0.8690281510353088
0.5102748870849609
-0.16915898025035858
0.15544287860393524
-0.5538536906242371
-0.3328658640384674
-1.4976669549942017
-0.9764956831932068
-1.3010716438293457
-0.036223430186510086
-1.0360773801803589
-0.7488734126091003
-1.0770516395568848
-0.505882978439331
-0.5416003465652466
-0.5329734086990356
0.7047879099845886
-0.7087579369544983
0.06627175956964493
0.10585132986307144
-0.9343022704124451
-0.29129359126091003
-0.22413279116153717
-0.6495608687400818
-0.13629485666751862
-0.560209333896637
-0.7459161877632141
-1.2181344032287598
-0.5111582279205322
-0.5788284540176392
-1.1273980140686035
-0.9959995746612549
-1.1528737545013428
-0.7581512928009033
-0.12469029426574707
-0.7311056852340698
0.17590010166168213
-0.362415075302124
0.25579559803009033
-0.579069972038269
-0.05633348226547241
-0.08546724915504456
-0.5381249785423279
-0.10719512403011322
0.1492147445678711
-0.3976302742958069
-0.5014212727546692
-0.4946039915084839
-0.24834680557250977
-0.14475315809249878
-0.15223951637744904
0.09783266484737396
-0.5040340423583984
0.6527460217475891
0.052684079855680466
-0.4926798343658447
-0.5071781277656555
-0.790052056312561
-0.19485104084014893
-0.9947455525398254
-0.35173845291137695
0.05807974934577942
-0.5717375874519348
-0.8308991193771362
-2.1497581005096436
-0.02167777717113495
-0.37946346402168274
-0.011432490311563015
0.08615254610776901
-0.9673071503639221
-0.7211512923240662
-0.6359834671020508
-0.7275034189224243
-0.22409933805465698
-0.20635852217674255
0.25115177035331726
-0.22183892130851746
0.20995156466960907
-0.6142497658729553
0.07802438735961914
0.17757652699947357
-1.0221924781799316
-1.084995150566101
-0.5730502605438232
-0.23913981020450592
-0.5523675680160522
-0.05624128133058548
0.5735637545585632
-1.6101481914520264
-0.104278564453125
-1.2720927000045776
-0.3082970082759857
-0.4829733967781067
-0.4945511519908905
-0.5524986386299133
-0.49342823028564453
0.06769665330648422
-0.5474722385406494
0.18593300879001617
-0.8646435141563416
0.2477779984474182
-0.11857979744672775
-1.0076494216918945
0.19929824769496918
-0.19364385306835175
-0.7078461050987244
-0.9694847464561462
-1.2082558870315552
-0.8333969712257385
-0.8892172574996948
-0.09201298654079437
0.20283865928649902
-0.7973467111587524
-0.23357728123664856
-0.3167673349380493
-0.5105664730072021
-0.5780376195907593
-0.22173823416233063
0.5711628794670105
-0.728132963180542
-0.22147300839424133
-1.6916110515594482
-0.9011513590812683
-0.59955233335495
