0.21715664863586426
0.16825205087661743
0.2033395767211914
0.20231413841247559
0.1727079153060913
0.16889041662216187
0.1798233985900879
0.19710654020309448
0.1627899408340454
0.17774629592895508
0.18677258491516113
0.1901758909225464
0.1693539023399353
0.2463243007659912
0.19298845529556274
0.18029332160949707
0.19661164283752441
0.18255841732025146
0.20472443103790283
0.17015445232391357
0.18260163068771362
0.18863612413406372
0.2187511920928955
0.21882236003875732
0.25486671924591064
0.16046524047851562
0.20378702878952026
0.18538975715637207
0.1629575490951538
0.1583118438720703
0.18200057744979858
0.17553693056106567
0.19503402709960938
0.17153966426849365
0.20469939708709717
0.16841620206832886
0.19605886936187744
0.1786060929298401
0.22650158405303955
0.17150115966796875
0.18593883514404297
0.18146580457687378
0.19263476133346558
0.32137084007263184
0.15961110591888428
0.1786799430847168
0.17448341846466064
0.16502529382705688
0.1886807680130005
0.18039286136627197
0.18342351913452148
0.2194889783859253
0.18250471353530884
0.19734233617782593
0.22539782524108887
0.20393913984298706
0.19893842935562134
0.16862010955810547
0.1666756272315979
0.2184211015701294
0.23134255409240723
0.17255282402038574
0.19438248872756958
0.356296181678772
0.18978464603424072
0.16623282432556152
0.17855656147003174
0.19361865520477295
0.24248945713043213
0.22428220510482788
0.32019472122192383
0.17467427253723145
0.16989922523498535
0.23117196559906006
0.2509409189224243
0.16992312669754028
0.19969475269317627
0.21520906686782837
0.17763245105743408
0.18407243490219116
0.20943135023117065
0.21564149856567383
0.1447870135307312
0.19252341985702515
0.18314015865325928
0.17410153150558472
0.188987135887146
0.17585140466690063
0.18463540077209473
0.20346951484680176
0.18830740451812744
0.17845827341079712
0.17031461000442505
0.17023342847824097
0.25669312477111816
0.18233829736709595
0.16953212022781372
0.18901383876800537
0.20184403657913208
0.16854208707809448
0.18685007095336914
0.20560979843139648
0.16776973009109497
0.16499465703964233
0.19442230463027954
0.18762123584747314
0.18808400630950928
0.19819599390029907
0.19372665882110596
0.17970943450927734
0.21561455726623535
0.1838429570198059
0.17857086658477783
0.21014273166656494
0.23501980304718018
0.15528708696365356
0.16053593158721924
0.16698145866394043
0.1890777349472046
0.17991942167282104
0.1614532470703125
0.28694379329681396
0.1692027449607849
0.19307851791381836
0.15967249870300293
0.19626784324645996
0.2571796178817749
0.19269633293151855
0.2318662405014038
0.21922481060028076
0.19056236743927002
0.2711695432662964
0.16239243745803833
0.16984248161315918
0.17717856168746948
0.1695108413696289
0.22896015644073486
0.20385611057281494
0.19084584712982178
0.18185102939605713
0.19595927000045776
0.18724018335342407
0.2037123441696167
0.17982983589172363
0.1668027639389038
0.21023982763290405
0.2148076295852661
0.19292938709259033
0.18555724620819092
0.2143549919128418
0.23495101928710938
0.1929568648338318
0.1718367338180542
0.1929231882095337
0.1754947304725647
0.21473318338394165
0.18223464488983154
0.17583388090133667
0.21672707796096802
0.17538875341415405
0.23738563060760498
0.19931679964065552
0.16278672218322754
0.18073159456253052
0.18269342184066772
0.18718600273132324
0.1953679323196411
0.16777479648590088
0.20854371786117554
0.18915551900863647
0.19187980890274048
0.18957114219665527
0.19279754161834717
0.16202294826507568
0.17196905612945557
0.17514503002166748
0.19597792625427246
0.21307373046875
0.19041019678115845
0.26583755016326904
0.19478130340576172
0.1618196964263916
0.18821746110916138
0.18155282735824585
0.18386387825012207
0.1662399172782898
0.19952178001403809
0.22070026397705078
0.18417435884475708
0.24206042289733887
0.19708430767059326
0.18850713968276978
