-0.3080236613750458
-0.31204143166542053
0.09782388061285019
0.13700327277183533
0.12330439686775208
-0.910821795463562
0.21909353137016296
-0.1392882913351059
0.01876097545027733
0.14078691601753235
-0.031088678166270256
0.20359539985656738
-0.25683966279029846
0.4533455967903137
-0.5459815263748169
-0.3459574580192566
0.1744081676006317
0.2504722774028778
0.09967418015003204
0.32479047775268555
0.049553047865629196
-0.07473626732826233
0.0946938619017601
0.5304542183876038
0.2053288221359253
0.03338901326060295
0.4849822521209717
-0.20705126225948334
-0.3867374658584595
-0.1306024193763733
-0.06843176484107971
-0.24591360986232758
-0.10144231468439102
-0.806868851184845
-0.3393458425998688
0.7207213640213013
-0.19281558692455292
-0.1677626371383667
0.19357720017433167
-0.36161091923713684
0.2534377872943878
0.33747750520706177
-0.1245584487915039
-0.5148393511772156
-0.04265822097659111
0.3371312618255615
-0.22417186200618744
-0.15413925051689148
0.16866514086723328
0.6446263790130615
0.06855513155460358
-0.5451732873916626
0.29382604360580444
0.2950502634048462
0.3826283812522888
0.0518876314163208
0.41725674271583557
-0.25439274311065674
0.2949606478214264
-0.34120792150497437
0.18238390982151031
-0.09799637645483017
0.11602330952882767
1.5583760738372803
-0.06030545383691788
-0.24441012740135193
-0.22393512725830078
-0.3181088864803314
0.27616843581199646
0.09653322398662567
1.0640841722488403
0.2528250813484192
-0.9501401782035828
-0.3126612901687622
-0.45815885066986084
0.0760902613401413
0.7723380327224731
-0.5047824382781982
0.011822623200714588
-0.396448016166687
-0.36721211671829224
0.3890487253665924
-0.4029879570007324
-0.007350252941250801
0.03663845360279083
-0.28769174218177795
-0.023569440469145775
-0.2075529545545578
-0.34540706872940063
-0.17630083858966827
0.010158528573811054
-0.10667681694030762
-0.1816580891609192
-0.07395554333925247
0.18709902465343475
-0.8117479681968689
-0.6352689862251282
-0.10685563832521439
0.656067967414856
0.10354884713888168
-0.3990964889526367
0.7018243074417114
-0.19175316393375397
0.14816680550575256
-0.22677984833717346
0.4204963445663452
0.1963924914598465
0.10394735634326935
-0.13300375640392303
0.0729299932718277
0.5482802391052246
0.06931810826063156
-0.26736193895339966
0.18202060461044312
-0.6760177612304688
-0.41745731234550476
0.0370820015668869
-0.23290544748306274
0.3340086340904236
-0.40239763259887695
-0.18628428876399994
0.7817178964614868
0.12000041455030441
0.23222045600414276
0.551356852054596
0.8834972977638245
-1.2080250978469849
0.42177703976631165
0.7062293887138367
0.15476591885089874
0.14253942668437958
-0.7829313278198242
-0.3420830965042114
0.4979463517665863
0.6121705770492554
-0.2194327414035797
0.8278368711471558
-0.4796469211578369
-0.35864147543907166
-0.38413411378860474
0.05767807364463806
-0.05332775413990021
-0.3895796239376068
0.17368990182876587
-0.40689244866371155
0.36535555124282837
-0.3668510913848877
-0.08908110111951828
0.26980191469192505
-0.04636494070291519
-0.1720622032880783
-0.27472615242004395
-0.024857060983777046
-0.0185268372297287
0.053388725966215134
-0.26425090432167053
-0.3271060883998871
-0.026104452088475227
-0.7238940000534058
-0.6729808449745178
-0.3640652298927307
-0.5004497170448303
0.24576887488365173
0.5736806392669678
0.06080034747719765
0.0288760457187891
-0.2676360011100769
0.2637633979320526
0.4130993187427521
-0.42018184065818787
0.24268300831317902
-0.11702084541320801
0.34315046668052673
-0.5684124231338501
0.5594252943992615
-0.1442573219537735
0.0024155406281352043
0.2587987780570984
-0.06363082677125931
-0.9338639974594116
-0.16333138942718506
-0.16600987315177917
0.31100717186927795
-0.45336970686912537
-7.728132186457515e-05
0.008270388469099998
0.0075759016908705235
-0.6922476291656494
-0.037774693220853806
0.6916619539260864
0.20152242481708527
0.2344142645597458
