-0.3405100405216217
-0.0007478320621885359
-0.008344306610524654
0.16806434094905853
0.06702873110771179
0.025932546705007553
0.18148866295814514
0.0018078486900776625
0.029937420040369034
-0.08219682425260544
0.08024800568819046
0.027972521260380745
-0.09881165623664856
-0.31410670280456543
-0.03143256530165672
0.0006461722659878433
0.039183638989925385
-0.10452485084533691
-0.14435048401355743
0.04624301940202713
0.13247866928577423
-0.1394978165626526
-0.07397504895925522
-0.09037647396326065
0.11340837180614471
-0.19468870759010315
-0.1324031502008438
-0.05203673988580704
-0.15997442603111267
0.09199434518814087
-0.07868557423353195
0.2019067257642746
-0.08426029980182648
-0.037843551486730576
0.08078178763389587
0.26417475938796997
-0.049155715852975845
-0.10654869675636292
0.19442248344421387
-0.0429452508687973
-0.08394722640514374
0.02927744761109352
-0.257565975189209
0.033830005675554276
-0.056984275579452515
0.08234056830406189
-0.06552013009786606
0.09572837501764297
0.030390460044145584
-0.13032448291778564
0.07391145080327988
0.18548168241977692
0.12519249320030212
0.06090639904141426
0.1581977903842926
-0.01625739596784115
-0.02183718979358673
-0.0355755016207695
-0.08176553249359131
0.09735749661922455
0.06378985196352005
0.14201264083385468
0.012578081339597702
-0.1639099419116974
0.17880962789058685
0.0763847827911377
-0.11531057208776474
0.09794716536998749
0.2092175930738449
-0.10093317180871964
-0.2951659560203552
-0.07410642504692078
0.04514702409505844
-0.11666461080312729
-0.12632228434085846
0.04030789062380791
0.3352295160293579
0.11273092776536942
-0.06360529363155365
-0.12257297337055206
0.17246349155902863
0.046135906130075455
-0.15997615456581116
-0.010323384776711464
-0.04142056405544281
0.008001183159649372
0.05744263157248497
0.15901301801204681
-0.019165989011526108
-0.03256259113550186
0.024347636848688126
-0.06444572657346725
0.11844757944345474
-0.03918363153934479
-0.2849082052707672
-0.0445978119969368
-0.24545380473136902
0.09445565938949585
-0.018769284710288048
0.07571560889482498
0.023394634947180748
0.011645834892988205
0.0890984833240509
0.004090066067874432
0.06494476646184921
-0.03159111738204956
0.3244205713272095
0.1808752715587616
0.01470803003758192
-0.04261726513504982
-0.07100597769021988
0.017458925023674965
-0.06839408725500107
-0.02634456381201744
-0.10697359591722488
-0.05761617422103882
-0.10175105184316635
0.13452579081058502
0.05087418481707573
-0.026091208681464195
-0.16943776607513428
0.27513691782951355
0.19575320184230804
0.04348405450582504
-0.004444220568984747
-0.08802168816328049
0.1673257201910019
0.12493281066417694
0.11345045268535614
-0.1767711490392685
0.024219736456871033
0.293903112411499
0.09284505993127823
-0.05759033188223839
-0.056266043335199356
-0.03695828840136528
0.2565160095691681
-0.09995780140161514
-0.029298724606633186
-0.050154563039541245
-0.04247386381030083
-0.14661186933517456
-0.12921981513500214
-0.11095496267080307
-0.10032375156879425
0.2165714055299759
0.11974453181028366
-0.0029224278405308723
-0.0058909528888762
-0.07270253449678421
0.09832309186458588
0.10844525694847107
-0.09859207272529602
0.08186956495046616
0.1175093725323677
-0.11847300827503204
0.23799850046634674
0.028391841799020767
0.10015922784805298
-0.06023366004228592
0.3129648268222809
0.1538725644350052
0.0392661988735199
0.11573600023984909
-0.12437301874160767
0.1638050377368927
-0.08048387616872787
-0.11876146495342255
0.05592134967446327
0.007838700897991657
0.01907040923833847
-0.022395092993974686
-0.04122130945324898
-0.10115842521190643
0.014479903504252434
0.08727125078439713
0.0509505569934845
0.10645841807126999
0.17083695530891418
0.4120137691497803
-0.29823386669158936
0.013075409457087517
0.12553781270980835
-0.0022722508292645216
-0.06285656243562698
-0.0883561223745346
-0.13390126824378967
0.03168465197086334
-0.05120399594306946
0.07438036799430847
-0.1554669886827469
0.07771338522434235
