1.8150277137756348
1.2247987985610962
1.5862541198730469
1.6220691204071045
1.3995728492736816
1.4223212003707886
1.1616464853286743
1.5410674810409546
1.3773640394210815
1.018834114074707
1.5589394569396973
1.4229466915130615
1.247645378112793
2.0959692001342773
1.358040452003479
1.4494749307632446
1.6836731433868408
1.562366008758545
1.7818495035171509
1.4128872156143188
1.4432228803634644
1.6329845190048218
1.0287202596664429
1.8093626499176025
2.109004497528076
0.9322872757911682
1.7248836755752563
1.5558778047561646
1.094774842262268
1.0276681184768677
1.37259840965271
1.4192062616348267
1.6672059297561646
1.3551968336105347
1.58468759059906
1.243517279624939
1.7758456468582153
1.0500863790512085
1.9264079332351685
1.472934603691101
1.5791093111038208
1.2040464878082275
1.5064722299575806
2.650193929672241
1.2304643392562866
1.4740636348724365
1.3263683319091797
1.267099380493164
1.1094111204147339
1.605331301689148
1.424830675125122
1.736328125
1.1616679430007935
1.5399376153945923
1.9109227657318115
1.6202640533447266
1.6167148351669312
1.4906980991363525
1.4089953899383545
1.7797784805297852
1.076178789138794
1.4220026731491089
1.6576807498931885
3.0437049865722656
1.6217352151870728
1.365040898323059
1.0555579662322998
1.6305423974990845
1.9914014339447021
1.7351021766662598
2.4463958740234375
1.1524094343185425
1.4391820430755615
1.841216802597046
2.178378105163574
1.347899317741394
1.5227513313293457
1.731593132019043
1.566656470298767
1.6009902954101562
1.820959210395813
1.8440799713134766
1.1020450592041016
1.5031940937042236
1.504679799079895
1.5031986236572266
1.547438144683838
1.4846975803375244
1.56624436378479
1.8253350257873535
1.6246569156646729
1.433247447013855
1.1124169826507568
1.441171407699585
2.081061840057373
1.5692435503005981
1.3988062143325806
1.6007872819900513
1.8234142065048218
0.8882574439048767
1.5617209672927856
1.6261672973632812
1.494959831237793
1.4100207090377808
1.5652885437011719
1.5392240285873413
1.351931095123291
1.6990787982940674
1.6136842966079712
1.5643740892410278
1.763878345489502
1.5406079292297363
1.4723320007324219
1.6858004331588745
1.8843246698379517
1.187857985496521
1.3237160444259644
1.0147039890289307
1.1940983533859253
1.4985156059265137
1.324366807937622
2.3042678833007812
1.2649102210998535
1.4703669548034668
1.3688656091690063
1.1559094190597534
2.1591150760650635
1.5358047485351562
1.8946889638900757
1.0113774538040161
1.5309832096099854
2.1987602710723877
1.410022497177124
1.4213179349899292
1.5336018800735474
1.288604736328125
1.9375818967819214
1.6491321325302124
1.5204737186431885
1.5270905494689941
1.670052170753479
1.1530894041061401
1.6125617027282715
1.5234365463256836
1.4016886949539185
1.7149707078933716
1.7429420948028564
1.592055082321167
1.4008067846298218
1.7434178590774536
2.030400514602661
1.4188270568847656
1.3164554834365845
1.6404699087142944
1.5513406991958618
1.176857590675354
1.5900185108184814
1.138720989227295
1.7502301931381226
1.4257874488830566
1.8626880645751953
1.5675513744354248
1.224371075630188
1.5236732959747314
1.322111964225769
1.5398695468902588
1.441771149635315
1.2011024951934814
1.6962158679962158
1.6208945512771606
1.3641921281814575
1.5179176330566406
1.640063762664795
1.2825360298156738
1.1283042430877686
1.490511178970337
1.4936034679412842
1.7862802743911743
1.097359299659729
2.1254360675811768
1.094409704208374
1.3751239776611328
1.6111685037612915
1.5015568733215332
1.1905568838119507
1.4314680099487305
1.7699686288833618
1.8525745868682861
1.6103301048278809
1.9440542459487915
1.5860650539398193
1.5706075429916382
