-0.05344584211707115
-1.7841123342514038
0.9633260369300842
-0.11434880644083023
-0.48601093888282776
-1.2720814943313599
-0.28469276428222656
-0.667992889881134
-1.627838134765625
-1.191258192062378
-0.25142598152160645
-0.13273397088050842
-1.4550617933273315
-2.11714506149292
-0.27744266390800476
-0.11065445840358734
-1.1078566312789917
-1.3957395553588867
-0.3704281449317932
-1.3966195583343506
-0.9179995656013489
-0.03749065473675728
-0.017040541395545006
-0.05125880986452103
0.08420361578464508
-0.3206218183040619
-0.31882840394973755
-0.7257294058799744
-0.27842289209365845
-0.4016502797603607
-2.231276750564575
-0.35063427686691284
-1.5045381784439087
-1.114454984664917
-0.059656597673892975
-2.1860859394073486
-0.8662154078483582
-0.42980265617370605
0.11581678688526154
-1.035609245300293
-0.3148025870323181
-1.086790680885315
-0.1331762969493866
-0.5339817404747009
-0.0949556976556778
0.10924551635980606
-1.6972370147705078
-0.6766067743301392
-0.0742257833480835
0.15150979161262512
-0.6914055943489075
-0.0890105664730072
-0.19657833874225616
-2.264113187789917
-1.1678566932678223
-1.5161218643188477
-0.13616079092025757
0.1959972381591797
-0.42129233479499817
-2.278000831604004
-0.1874862015247345
-0.8403064012527466
-0.033146824687719345
0.03838491067290306
-1.6774526834487915
-0.8377170562744141
-1.7623801231384277
-2.2516777515411377
-0.10652623325586319
-0.029803132638335228
-0.6679209470748901
0.09393247216939926
-0.2264685034751892
-0.9089404344558716
-0.555351734161377
-1.2859013080596924
-0.1298954039812088
-2.232719898223877
-0.5116711854934692
-0.8455379009246826
0.2591106593608856
-0.19101093709468842
-1.5458012819290161
-0.4898492097854614
-0.06801646202802658
-2.3853256702423096
-2.1135239601135254
-0.5591158866882324
-0.8517998456954956
-1.1541069746017456
-0.8742031455039978
-0.5174973011016846
-0.04069151729345322
0.135207861661911
-0.8784852027893066
0.020612535998225212
-1.981227993965149
0.060372740030288696
-1.5629384517669678
-0.4578076899051666
-0.13557709753513336
-1.3044041395187378
-1.051251769065857
0.6752592921257019
-0.07523594051599503
-1.9565824270248413
-0.28299009799957275
-1.3878440856933594
-1.4695154428482056
-0.1647774875164032
-1.4189035892486572
-0.15790849924087524
-0.025493646040558815
-1.5984859466552734
-0.36283883452415466
-1.1907368898391724
-0.279033899307251
-1.7692402601242065
-0.04583429545164108
0.5699313879013062
-0.7965474724769592
-0.05526045337319374
-0.8052337169647217
0.335660457611084
0.2837580144405365
-0.9175547957420349
-0.8410534262657166
-0.35345619916915894
0.049735814332962036
-0.7856505513191223
0.9021210074424744
-0.17533186078071594
-0.39242053031921387
-0.5901086926460266
-0.8269454836845398
0.07586045563220978
-1.5159332752227783
-0.6188541054725647
-2.0232701301574707
0.36115679144859314
0.7117747664451599
-1.4756423234939575
0.11336216330528259
-0.6761972308158875
-0.5054452419281006
0.153199702501297
-0.0202141422778368
-0.8575999736785889
-1.8989830017089844
-0.22917747497558594
1.0600758790969849
-2.219651937484741
0.04220634326338768
-0.46905070543289185
0.026226844638586044
0.11931099742650986
-0.7426210045814514
-1.4980913400650024
-1.229722499847412
-0.9759087562561035
-0.15414072573184967
0.26755815744400024
-0.980616569519043
-1.0415633916854858
-0.8984989523887634
-0.8136417269706726
-0.02598232589662075
-0.2137310951948166
-0.35900166630744934
0.9611497521400452
-0.06679186969995499
-1.0473229885101318
-1.689862608909607
-0.8897218108177185
-1.2446805238723755
-1.2571909427642822
-1.048016905784607
-0.33560389280319214
-1.0599274635314941
-1.6906112432479858
-0.6803529858589172
-0.420880526304245
-0.9560149312019348
0.1585584282875061
-0.8567739725112915
-0.06653685122728348
0.044691409915685654
0.6031622290611267
-0.04636630043387413
-0.5125657320022583
0.19088581204414368
-1.361838698387146
-0.17867520451545715
-0.06940557807683945
-1.4532995223999023
0.5767155885696411
-0.39355388283729553
0.043669480830430984
-0.8057301044464111
-0.4993489384651184
-0.2899971604347229
-0.9113275408744812
-0.08519012480974197
-0.07069282978773117
0.053916893899440765
-0.9154458045959473
-0.053105730563402176
-1.0807899236679077
-2.1905579566955566
-0.46071964502334595
-0.169268399477005
-0.45231011509895325
-1.6124446392059326
-1.4096266031265259
-1.1180720329284668
-0.18980102241039276
-2.1428685188293457
-0.26365724205970764
-0.8941894769668579
-1.385095238685608
0.091166190803051
0.09672620892524719
0.006053050514310598
0.2645292580127716
-4.781131065101363e-05
-1.4292333126068115
-1.0594004392623901
0.6107686161994934
0.003415720071643591
-0.12690065801143646
0.21951644122600555
-1.7341325283050537
1.2127997875213623
0.007127217948436737
-2.1464991569519043
-1.7470799684524536
0.05107705295085907
0.10422153770923615
0.05723491683602333
-2.472097635269165
-1.2594413757324219
-0.8287916779518127
-0.48826926946640015
0.14862991869449615
0.04808400198817253
-2.1105446815490723
-0.05888644978404045
-0.14929167926311493
-0.7742600440979004
-0.12432020157575607
0.18337461352348328
-0.20149056613445282
-0.010058963671326637
-0.6205716729164124
-1.9588912725448608
-0.9162628054618835
-0.8909518122673035
-0.8895851373672485
-0.6006335616111755
-0.7153093218803406
0.032250773161649704
-0.7531273365020752
-0.8506740927696228
-0.8870978951454163
0.735020101070404
-0.5515894293785095
-0.38133707642555237
-0.25009605288505554
-0.21756185591220856
-1.7186006307601929
-1.5846798419952393
0.0724761113524437
-1.430456519126892
-1.090325117111206
0.2814747989177704
1.3201020956039429
-0.37954381108283997
-0.19846385717391968
0.08969493210315704
0.12878647446632385
-1.7235337495803833
-0.2541895806789398
-0.0804661437869072
1.322778344154358
-0.2435692399740219
0.11332778632640839
-0.11071793735027313
-1.542670488357544
-0.608026385307312
-0.7135911583900452
-1.402763843536377
-0.6743618845939636
-0.28454503417015076
-0.3539242148399353
-1.0782265663146973
-1.5115543603897095
-0.5896240472793579
-0.9233296513557434
-1.0521267652511597
0.019905202090740204
0.8662809133529663
-1.51760733127594
0.08662837743759155
-1.7952450513839722
0.07146069407463074
0.4495704174041748
-1.542406678199768
-0.08284063637256622
-1.6466869115829468
-1.3061736822128296
0.7668194770812988
-1.463587999343872
-1.9735172986984253
-2.2554495334625244
0.28988733887672424
-0.8601845502853394
-0.07030291110277176
-0.14700095355510712
-0.9093844890594482
-1.5535609722137451
-2.158313512802124
0.9166624546051025
0.15750636160373688
-2.3002171516418457
-0.3640357553958893
-1.8551180362701416
-1.713631510734558
0.09056014567613602
0.19946028292179108
0.15390320122241974
-0.0043901982717216015
-0.32547348737716675
-1.9115266799926758
-1.4554764032363892
-1.324203610420227
0.2626381516456604
0.3874831795692444
-0.4266534745693207
-0.2939762771129608
-0.5843749642372131
-0.16078075766563416
-1.1645698547363281
0.11635607481002808
-0.01139865256845951
-0.02326645702123642
0.4048585593700409
0.3218722939491272
-0.09585094451904297
-0.3422824740409851
-0.21650531888008118
-0.016058137640357018
-1.7921016216278076
-1.2981806993484497
-0.8801612257957458
0.06095743551850319
0.511951744556427
0.013972718268632889
-0.06681214272975922
-0.5911206603050232
0.18322478234767914
-0.12808875739574432
1.258174180984497
-1.370845079421997
0.0913626104593277
-1.3702017068862915
-1.0172247886657715
-2.2448832988739014
-1.604576826095581
0.9264000654220581
-0.8075613975524902
0.05851835757493973
-0.9691199064254761
-0.573663592338562
-1.2304682731628418
0.3812532424926758
-2.041571855545044
-0.5254443883895874
-1.189562439918518
0.4208202660083771
-0.08975853770971298
0.7403308749198914
-0.7694738507270813
-0.8331143856048584
0.060217246413230896
-1.4104082584381104
-0.7388442754745483
-0.5217899084091187
-1.5253020524978638
0.008388970047235489
0.028584329411387444
-1.117214560508728
-1.0318431854248047
-0.900762677192688
-0.3890986740589142
-1.4282145500183105
-2.305773973464966
-0.7394495606422424
-0.31295308470726013
-1.2176356315612793
1.0540225505828857
-0.1831357777118683
1.1083474159240723
-2.6015830039978027
-1.1428142786026
-1.5603113174438477
-1.4529294967651367
0.7669272422790527
0.1404212862253189
0.10716196149587631
-0.5446208715438843
-0.0702056959271431
-1.1991561651229858
-1.6138914823532104
-1.1056262254714966
0.03735538572072983
-0.08084883540868759
-1.1991091966629028
0.61436527967453
1.1191719770431519
0.023339856415987015
-0.1391557902097702
0.16822479665279388
1.3427200317382812
-1.538405179977417
-0.529857873916626
-1.181725025177002
-0.6830731630325317
-0.49120330810546875
-0.27882352471351624
0.0042070867493748665
-1.8299238681793213
-0.18759508430957794
-1.9931098222732544
0.004904171451926231
-2.3515732288360596
0.7353724837303162
-0.5210911631584167
0.1150016114115715
-0.5485537052154541
-0.045004963874816895
-0.7780464291572571
-0.6065625548362732
-1.2389217615127563
-0.8655338883399963
-1.2498365640640259
-0.9994986653327942
1.5571858882904053
0.00023332040291279554
0.1778709888458252
-0.9816609025001526
-0.36951133608818054
-0.6879054307937622
0.24834349751472473
-0.111183762550354
-0.10320506989955902
-1.8072404861450195
-0.25499409437179565
-0.1063610389828682
-0.6368657946586609
-0.21999748051166534
-0.6350471377372742
-0.022034062072634697
0.15439142286777496
-0.14758330583572388
-1.410569667816162
-1.173707127571106
-0.25081056356430054
-0.523808479309082
-0.6378293037414551
-2.1821343898773193
0.31812402606010437
0.5705248713493347
-2.0255866050720215
-1.3893420696258545
-2.129563093185425
-1.4891157150268555
-0.8055552840232849
-0.4745461046695709
-0.303953617811203
-1.3800476789474487
0.5314344167709351
-0.8799965977668762
-1.218288779258728
0.05628473684191704
0.005206757225096226
0.39891311526298523
-1.7140287160873413
-0.7205175757408142
-1.7168751955032349
-1.6315935850143433
0.11786255985498428
-1.0721760988235474
-0.6402578353881836
-2.490741729736328
-2.0314855575561523
1.5387754440307617
-0.5858597159385681
0.03356845676898956
-2.234285831451416
-0.24253004789352417
-1.0352909564971924
-0.04931579530239105
-0.1730446070432663
-0.08806179463863373
0.05590178072452545
-0.43902388215065
-0.4473818242549896
-0.7764784097671509
-0.1983712613582611
-1.2680425643920898
-0.4345357418060303
-1.0899134874343872
-0.38909482955932617
-0.061213091015815735
-2.462172746658325
0.19822949171066284
-2.85870623588562
-0.22043101489543915
-1.2762547731399536
-1.199628233909607
-1.48664128780365
-1.3804570436477661
-1.4194175004959106
-0.9672869443893433
-1.4754441976547241
-1.4186402559280396
0.6960062384605408
0.6743320822715759
-0.9344274401664734
-1.291067123413086
0.13243363797664642
-1.4098955392837524
0.01915055699646473
1.25746488571167
-0.14059720933437347
-1.7609388828277588
-0.1559906303882599
-1.6551653146743774
0.014155806042253971
-1.5620750188827515
0.37197884917259216
-1.8742533922195435
-2.1537559032440186
0.034202445298433304
-0.5229419469833374
-1.7733489274978638
-0.8213405609130859
0.49958986043930054
-1.4650962352752686
-1.4095655679702759
-0.5655808448791504
0.14034296572208405
-0.02998371422290802
-1.1456605195999146
-1.1237362623214722
-0.5018308162689209
-1.8271740674972534
0.030151570215821266
-1.704909324645996
-0.3196023404598236
-1.3753446340560913
-1.4430676698684692
0.0626416802406311
-1.8088319301605225
-0.6429805159568787
0.03664268180727959
-0.31546884775161743
-0.3471265733242035
0.8481629490852356
-0.24064311385154724
-1.3016831874847412
-0.7255005836486816
-1.4154187440872192
-0.16438627243041992
0.004774531815201044
0.10202162712812424
0.4118196964263916
-1.4566912651062012
0.08443973958492279
-0.020282108336687088
-1.115295648574829
-2.3711564540863037
-0.8469613194465637
0.011600387282669544
-0.048439230769872665
-1.9744157791137695
0.1939115673303604
-0.437451034784317
-1.0981687307357788
-2.0300259590148926
-0.3391171991825104
-0.2528066039085388
0.13900993764400482
-2.371835947036743
0.41894394159317017
0.16478055715560913
-0.6189892888069153
-1.1819465160369873
-0.6301960349082947
-1.2766649723052979
0.3680519759654999
0.1853787750005722
-0.9752160906791687
-0.36010944843292236
-0.8067152500152588
-1.5474978685379028
-0.4791363477706909
-0.22096411883831024
-0.7150147557258606
-2.123891830444336
-1.4706043004989624
-0.17381414771080017
0.023699501529335976
1.1963568925857544
-1.9183077812194824
-0.1386549025774002
-1.5646671056747437
-0.005931050516664982
-0.5973997116088867
-1.3212528228759766
0.15484926104545593
-2.1435835361480713
-0.009764032438397408
-1.7572206258773804
-1.4422175884246826
-0.6404007077217102
-0.2910318374633789
-0.3470498323440552
0.7770135998725891
-1.5441731214523315
-0.1995297372341156
0.06399451196193695
-1.3465604782104492
0.01572236232459545
-0.8144820332527161
-1.0373170375823975
-0.0472564697265625
-0.27169764041900635
0.13144390285015106
-1.0496180057525635
-1.10868239402771
-0.3914037048816681
0.15169543027877808
-2.1788408756256104
-0.18058356642723083
-0.26361599564552307
-0.44342440366744995
-1.9373575448989868
-2.8183341026306152
-2.0995471477508545
0.6141230463981628
-0.7737838625907898
-0.7914789319038391
-1.0488039255142212
-1.4074139595031738
-0.9021438360214233
0.17109054327011108
-1.2087713479995728
0.3954831063747406
-0.31317374110221863
-0.656297504901886
-0.14506001770496368
0.24263030290603638
-0.32277506589889526
-0.7626375555992126
-2.2342793941497803
-0.056958843022584915
-0.012922544963657856
-1.2714601755142212
-0.48325592279434204
-2.721231460571289
-0.039605025202035904
-0.08183782547712326
-0.5420671105384827
-0.9704418182373047
-1.0709878206253052
0.23615598678588867
-2.4881129264831543
-0.06579997390508652
0.06079382821917534
0.4439842998981476
-1.8447375297546387
-0.3256194293498993
-0.4621772766113281
-0.014447412453591824
-0.7893233299255371
1.653021216392517
-0.3801056146621704
-0.7393606901168823
-0.9337269067764282
0.0576990470290184
-0.5580151677131653
-2.0175440311431885
-0.6040999293327332
-0.07636862993240356
-0.5443316102027893
-0.15718375146389008
-1.5910286903381348
0.3452727794647217
-0.01409157831221819
-0.7336877584457397
-0.43859758973121643
0.06430203467607498
0.04465416073799133
-0.7789469361305237
-1.9208062887191772
-1.9743839502334595
-0.02226763777434826
0.30633828043937683
-0.1862274557352066
-1.8234902620315552
-0.5780417919158936
-0.6891140341758728
-0.7560362815856934
0.570510745048523
-1.0977212190628052
-0.40194693207740784
0.8957232236862183
0.20549221336841583
0.03837426379323006
-1.2177358865737915
0.014788585714995861
-0.024358661845326424
-0.5205295085906982
-0.31399422883987427
-0.4492311179637909
-0.4547151029109955
-2.2091047763824463
-0.4511716961860657
-0.07875541597604752
0.04150944948196411
-0.2872261106967926
-0.8471733331680298
1.333343267440796
-1.0471038818359375
-0.818297803401947
-0.8311603665351868
-1.8796058893203735
-0.08813381940126419
-1.9806889295578003
0.7003965973854065
-0.7714254856109619
-0.049652837216854095
-1.9223216772079468
-0.8978089094161987
-1.0398858785629272
-1.3262885808944702
0.2907376289367676
0.06389203667640686
-0.5492220520973206
-0.21654650568962097
-0.057501986622810364
-1.7796059846878052
-0.168594628572464
0.024866575375199318
-0.5208196043968201
0.03492202237248421
-0.014012915082275867
-0.18542756140232086
-0.008075523190200329
-0.3434642255306244
-0.7686406970024109
-1.3236967325210571
0.427734911441803
-0.1509798765182495
-1.6285408735275269
-1.7156143188476562
-0.41835957765579224
-0.8406768441200256
-0.3081416189670563
1.218427300453186
-0.19728738069534302
-0.12654100358486176
-0.004760375712066889
-0.13989312946796417
0.16271556913852692
0.17839470505714417
-1.341863751411438
-0.42728766798973083
-1.1907360553741455
0.17693455517292023
-1.3970921039581299
-1.147369623184204
-0.3441569209098816
-0.09608010202646255
-1.4456384181976318
0.6942948698997498
-0.3558090329170227
0.12708522379398346
-0.323456346988678
-1.5669275522232056
-0.05192365497350693
-2.7233080863952637
-0.751552939414978
-0.7419887781143188
-0.31719857454299927
-1.560969591140747
-0.3503665626049042
-0.753756582736969
-0.4320236146450043
0.02156211994588375
0.28670215606689453
-1.4329975843429565
-0.29253584146499634
-0.4299587607383728
-0.5779427289962769
-1.0757360458374023
0.12192793935537338
-0.19081351161003113
-0.12327869981527328
-0.42385903000831604
-1.9695783853530884
-0.01745220273733139
-0.28307703137397766
-0.13142019510269165
0.15579159557819366
-1.848905324935913
-1.0721226930618286
-0.3219134509563446
-0.5052405595779419
-1.0149040222167969
-0.33625292778015137
-2.1486034393310547
0.0027087449561804533
-1.064993977546692
0.02292293682694435
0.040313128381967545
-0.8540268540382385
-1.6639232635498047
-0.9875972867012024
-0.1624908596277237
-0.2777698040008545
-0.27419185638427734
-0.0480450876057148
-0.16073453426361084
-0.1626565158367157
-0.9441418647766113
-0.08447900414466858
0.010566268116235733
-0.5209267139434814
-0.5573087334632874
-0.10354412347078323
-1.300659418106079
-1.1603084802627563
-1.472403645515442
-1.5142024755477905
-1.3704584836959839
0.21500685811042786
0.014890172518789768
0.6266687512397766
-0.06711193919181824
-0.24657921493053436
-0.05830830708146095
-2.0252199172973633
0.6537290811538696
-1.820868730545044
0.5951522588729858
-0.5540632605552673
-1.1651655435562134
-0.8065634965896606
-1.0553371906280518
-1.2476332187652588
-0.24017758667469025
-1.190909504890442
-0.038321271538734436
-0.6933732628822327
-0.7424323558807373
0.03347473591566086
-1.3983192443847656
0.029168641194701195
-2.5568723678588867
-1.4221476316452026
-0.027646632865071297
-0.21739648282527924
-0.1849481612443924
-0.8440667390823364
-0.05706627294421196
-0.22694967687129974
-0.7761455774307251
-1.8479689359664917
-2.32949161529541
-0.039591941982507706
-2.355888843536377
-1.8328862190246582
0.3204420506954193
-0.4483325779438019
-1.9940017461776733
-0.24846357107162476
-0.08738115429878235
-0.3025079071521759
-2.7149252891540527
-1.3178166151046753
-0.42270299792289734
-0.1952519714832306
-1.8785313367843628
-0.09600742161273956
0.6455358266830444
-1.2098475694656372
-1.6268728971481323
-1.0817068815231323
0.43899744749069214
-1.6250287294387817
-0.9018077254295349
-0.3763660490512848
0.013045934028923512
0.06266780942678452
-0.13515736162662506
-0.622028648853302
-0.83986496925354
-1.085407018661499
0.7310751080513
-1.2444292306900024
-1.0992858409881592
-0.7291351556777954
-1.4651964902877808
-0.3730611205101013
-1.429364562034607
0.38199466466903687
0.03440355509519577
-0.5940308570861816
0.74573814868927
0.03092603199183941
-0.7833505868911743
-1.5229270458221436
-2.2076644897460938
-1.6637862920761108
-1.1338735818862915
0.8921343684196472
-1.606621503829956
0.592521607875824
-1.006536841392517
0.09407523274421692
-1.3422070741653442
-0.3001798987388611
-1.001212477684021
-1.5492007732391357
-0.877284586429596
-1.8724143505096436
-0.16975219547748566
-0.8958566188812256
-0.7122252583503723
-0.008286913856863976
0.8716735243797302
-1.000462532043457
-0.4710782468318939
-0.9947284460067749
-0.49707460403442383
-0.42955103516578674
-1.4043738842010498
0.06593018770217896
-1.341628074645996
-0.6908603310585022
-2.4371097087860107
-1.1331051588058472
-1.8849539756774902
-1.8008466958999634
-1.1586549282073975
-1.1801379919052124
-0.5664136409759521
-0.078280009329319
-1.967965841293335
-1.5697283744812012
-0.1306341290473938
-0.21277271211147308
-2.351994752883911
-1.0274540185928345
-0.42922496795654297
-0.874961793422699
-0.36281540989875793
-0.3014690577983856
1.226006269454956
-2.3889830112457275
-0.29549068212509155
-0.24115091562271118
0.9640175104141235
0.09590595960617065
-0.619482696056366
-1.3873732089996338
-0.8113250732421875
-0.05463745445013046
-1.3879992961883545
-0.32503989338874817
-0.8596264123916626
-1.8104115724563599
-0.7688396573066711
-1.0990229845046997
-0.02895129658281803
-1.4154809713363647
0.14839784801006317
-1.5781846046447754
-1.2411185503005981
-1.6963164806365967
-1.4464373588562012
0.04537171870470047
-1.1417045593261719
-2.3427863121032715
0.3400445878505707
-0.5514205694198608
-0.29682332277297974
-0.3559317886829376
-0.9044097661972046
0.5582284927368164
-0.38772645592689514
0.13182726502418518
-0.03206147253513336
-0.14596737921237946
-0.6770851612091064
-0.6153334379196167
-1.2561602592468262
-1.7901296615600586
0.3441248834133148
-0.5046579837799072
-0.25032347440719604
0.036074861884117126
-0.9217160940170288
-1.6560754776000977
0.6049020290374756
-1.9589825868606567
0.18752770125865936
-0.9005358815193176
-0.07795435190200806
-1.3335318565368652
-1.4663021564483643
-0.06937853246927261
-0.5583376288414001
-0.7325563430786133
-1.4104708433151245
0.2761586606502533
0.06541866064071655
-0.9411694407463074
0.13415135443210602
-1.7473803758621216
0.08808968216180801
-0.9903732538223267
-2.064035177230835
-0.21889203786849976
-1.011565923690796
-0.897689700126648
-0.22575654089450836
-0.16683201491832733
-0.16617535054683685
0.0987149178981781
-1.7146967649459839
-1.593212366104126
-1.1677812337875366
0.07362250983715057
-0.9070884585380554
0.4486091136932373
-0.18342162668704987
0.08371234685182571
1.5211628675460815
-1.6926016807556152
-0.008272009901702404
-1.139641523361206
-0.27705222368240356
0.01758025959134102
-0.5974009037017822
-1.6842973232269287
1.1523126363754272
-1.0076487064361572
-0.7878746390342712
-1.26044762134552
-0.9268196225166321
0.10293518751859665
-0.07823149114847183
-0.06527271121740341
0.05669050291180611
-1.3948055505752563
-1.2452279329299927
-1.9731507301330566
-0.48037007451057434
-0.3941701054573059
-1.696189045906067
-0.14422933757305145
0.05773857235908508
0.061611175537109375
0.2595979869365692
-0.6661854386329651
0.3444962501525879
0.25804203748703003
-0.9077289700508118
-2.444974184036255
0.14256121218204498
0.12649399042129517
1.6044713258743286
-0.894582986831665
-1.5060145854949951
-0.47843626141548157
-0.15948016941547394
-0.46121254563331604
-0.2224545031785965
-2.20054030418396
-0.12566427886486053
-0.40001583099365234
-1.2456564903259277
0.15374289453029633
-1.086272120475769
-0.9483088254928589
-0.25735095143318176
-1.200203537940979
-0.5149604678153992
-0.41870826482772827
0.12448714673519135
-1.7852743864059448
0.5910277962684631
-0.6525437235832214
-1.2460612058639526
-0.5023215413093567
0.6422433853149414
-1.4103989601135254
-0.960239052772522
-0.8142080307006836
-0.38135969638824463
-0.4272133409976959
-1.307719111442566
-0.8217586278915405
-0.4666610062122345
-2.094813108444214
-0.9100372791290283
-0.08391820639371872
-1.549796223640442
-1.2079441547393799
-0.6809229254722595
0.7198151350021362
-1.5013188123703003
-0.2312084436416626
-0.08957268297672272
-0.9498487114906311
-1.0377486944198608
-1.258368730545044
-0.5831068158149719
0.6084979176521301
-1.0656548738479614
-0.7740738987922668
-0.89400315284729
-0.7278796434402466
0.01705208234488964
-0.0044112554751336575
-1.344240427017212
0.522873044013977
0.4107523262500763
-0.7495756149291992
0.48308512568473816
1.1955702304840088
-1.2283116579055786
-0.9327352643013
-0.27996301651000977
-0.27564212679862976
-0.15303625166416168
-0.016573650762438774
-1.5318280458450317
-0.12982739508152008
