14.605371475219727
18.344131469726562
25.037748336791992
18.497467041015625
14.202881813049316
24.99138641357422
13.561102867126465
32.132781982421875
29.029399871826172
23.581832885742188
24.4649715423584
12.66459846496582
20.803075790405273
22.433935165405273
20.99594497680664
17.106781005859375
22.218645095825195
27.36858558654785
23.738754272460938
27.013351440429688
19.56802749633789
19.90208625793457
22.76801109313965
15.763605117797852
15.81826400756836
19.530458450317383
27.18756866455078
21.466304779052734
16.418346405029297
23.004093170166016
21.9658260345459
27.149810791015625
46.86403274536133
27.301639556884766
15.682448387145996
28.820934295654297
25.99944305419922
28.018455505371094
18.22315216064453
15.218162536621094
43.461021423339844
34.31964111328125
15.150455474853516
27.796194076538086
21.026317596435547
22.175657272338867
33.66474533081055
21.77498435974121
19.344839096069336
23.585901260375977
22.3084659576416
18.101709365844727
16.581571578979492
27.813405990600586
26.76576805114746
33.7528190612793
18.514318466186523
32.76853561401367
17.22760581970215
17.173269271850586
26.36911392211914
20.831134796142578
16.410673141479492
32.08859634399414
24.299070358276367
20.222856521606445
18.051313400268555
33.373695373535156
19.1669864654541
40.99674987792969
23.845911026000977
17.637903213500977
17.57918930053711
24.605932235717773
24.02079200744629
42.390811920166016
21.211193084716797
22.551334381103516
16.831668853759766
29.491764068603516
26.427106857299805
17.464933395385742
21.69868278503418
23.548721313476562
13.079092025756836
18.05782699584961
19.356456756591797
21.36959457397461
30.664043426513672
30.43006706237793
21.838319778442383
27.649967193603516
15.253532409667969
29.045442581176758
23.715097427368164
20.620939254760742
23.464712142944336
16.738039016723633
26.472553253173828
23.151918411254883
29.94677734375
22.783672332763672
31.40868377685547
22.771038055419922
14.68032455444336
18.099489212036133
17.62388038635254
22.345516204833984
21.14387321472168
18.125743865966797
23.251689910888672
23.30362892150879
26.301013946533203
25.292280197143555
19.482059478759766
23.337024688720703
19.377254486083984
26.655242919921875
12.674797058105469
29.480789184570312
19.487621307373047
20.628807067871094
29.688886642456055
15.764699935913086
29.045673370361328
23.769683837890625
25.00189208984375
23.75890350341797
9.721866607666016
28.756467819213867
19.493976593017578
18.454998016357422
23.409982681274414
20.237817764282227
23.359865188598633
21.610408782958984
24.315950393676758
18.284889221191406
28.488086700439453
22.273868560791016
37.42486572265625
24.20751190185547
27.10479164123535
33.29029846191406
27.373891830444336
31.26778793334961
24.601354598999023
26.751224517822266
21.238086700439453
30.63277816772461
21.24418067932129
28.311567306518555
15.172124862670898
28.591407775878906
22.88357925415039
15.332645416259766
26.943681716918945
20.593793869018555
23.601652145385742
36.081478118896484
21.493724822998047
24.016298294067383
30.221599578857422
22.89794921875
31.597705841064453
28.403188705444336
13.077564239501953
31.86039924621582
23.77315330505371
32.72658157348633
17.216341018676758
22.153587341308594
42.24525451660156
24.275707244873047
23.28374671936035
22.148662567138672
28.71243667602539
24.561298370361328
19.595077514648438
25.846202850341797
28.346912384033203
20.49368667602539
43.018638610839844
18.140085220336914
23.628793716430664
17.848384857177734
14.764087677001953
32.979915618896484
20.87460708618164
19.961515426635742
16.10321807861328
29.23210334777832
18.784523010253906
28.561763763427734
30.20672035217285
27.912158966064453
18.651578903198242
17.21022605895996
22.68634796142578
26.72313117980957
24.591760635375977
21.279054641723633
14.689143180847168
14.296963691711426
16.415485382080078
27.038143157958984
21.9891300201416
43.737464904785156
22.935606002807617
24.941038131713867
20.19359588623047
18.83513641357422
25.554725646972656
19.562938690185547
23.004037857055664
19.275667190551758
32.007102966308594
15.500100135803223
22.634925842285156
31.8128662109375
20.84111785888672
27.44753646850586
15.740221977233887
17.55247688293457
15.77688217163086
25.057483673095703
27.08795928955078
20.28379249572754
19.47010040283203
13.967288970947266
20.6468448638916
28.413997650146484
41.15912628173828
21.946687698364258
29.62965202331543
19.33185577392578
16.01517677307129
22.322467803955078
16.179847717285156
33.82612609863281
32.90713882446289
21.25918960571289
22.018308639526367
21.908063888549805
16.38959503173828
20.006288528442383
15.695639610290527
29.4781551361084
21.003671646118164
16.672826766967773
23.505809783935547
23.16630744934082
20.96442985534668
24.966176986694336
22.99327850341797
33.718265533447266
22.12701988220215
35.95600509643555
21.140422821044922
16.168197631835938
15.348179817199707
23.805187225341797
24.396230697631836
26.93304443359375
23.843095779418945
25.882434844970703
23.250782012939453
22.279613494873047
17.271085739135742
26.220684051513672
26.93454933166504
23.844341278076172
20.25406837463379
25.761211395263672
21.89455223083496
18.38608741760254
21.702693939208984
20.964683532714844
24.89507484436035
22.727584838867188
27.867212295532227
18.569250106811523
18.894573211669922
36.48973846435547
19.557828903198242
23.17397689819336
21.11348533630371
22.752792358398438
25.69058609008789
21.989469528198242
27.797565460205078
44.54032516479492
26.766952514648438
27.76667594909668
24.992328643798828
24.78203582763672
25.386709213256836
22.137065887451172
20.99665069580078
19.111360549926758
25.223403930664062
19.537296295166016
12.82433032989502
18.148372650146484
17.71515655517578
29.074588775634766
30.346914291381836
18.792865753173828
23.88512420654297
26.614925384521484
16.793302536010742
21.908517837524414
38.97300720214844
34.17053985595703
20.18768882751465
20.231908798217773
38.523685455322266
17.73019790649414
27.056713104248047
27.26088523864746
21.98225212097168
40.98933410644531
18.718631744384766
22.029876708984375
23.54212760925293
20.798423767089844
18.27797508239746
17.88023567199707
17.362077713012695
17.867752075195312
23.369762420654297
25.0165958404541
34.46177673339844
29.18453598022461
21.75987434387207
17.56734275817871
23.693294525146484
38.836063385009766
17.73586654663086
33.67229080200195
13.402278900146484
27.131290435791016
16.838123321533203
23.403785705566406
23.44135093688965
45.656700134277344
19.33541488647461
17.194189071655273
19.754179000854492
18.184680938720703
17.470035552978516
24.88574981689453
34.14625930786133
30.10714340209961
19.706682205200195
23.148221969604492
22.125516891479492
17.731050491333008
28.212020874023438
28.531858444213867
27.959131240844727
26.141765594482422
31.648141860961914
14.330306053161621
25.089576721191406
26.87325096130371
25.36945152282715
28.954809188842773
24.913942337036133
24.615114212036133
31.331344604492188
23.522951126098633
19.43019676208496
23.445615768432617
20.0059814453125
25.66555404663086
24.452421188354492
21.70573616027832
20.589099884033203
21.91693687438965
17.428730010986328
20.6990909576416
18.228832244873047
23.96603012084961
22.794902801513672
29.043054580688477
17.0599365234375
30.98525619506836
22.006999969482422
19.726016998291016
28.529590606689453
38.774620056152344
23.10146141052246
19.37748908996582
25.368959426879883
32.38972854614258
22.53921890258789
20.77215003967285
28.650705337524414
45.135597229003906
30.13447380065918
21.73024559020996
25.01434898376465
24.378707885742188
21.358673095703125
27.71754264831543
17.258602142333984
23.656034469604492
19.36956214904785
26.942243576049805
18.10250473022461
19.64445686340332
21.726381301879883
31.045846939086914
18.542484283447266
19.072343826293945
24.617515563964844
15.497178077697754
19.263072967529297
17.119308471679688
17.720569610595703
16.429006576538086
33.83552932739258
60.71192169189453
27.000566482543945
21.404233932495117
31.775867462158203
24.154203414916992
20.897430419921875
13.54911994934082
20.41986656188965
15.01243782043457
33.29462432861328
15.814396858215332
18.26592254638672
21.07138442993164
34.72747802734375
22.27479362487793
23.696866989135742
16.02740478515625
25.55368423461914
22.072132110595703
24.136369705200195
26.19066047668457
34.41449737548828
43.55962371826172
29.570249557495117
24.55933380126953
17.75128173828125
25.268268585205078
27.516582489013672
21.341106414794922
22.474533081054688
17.693073272705078
18.89020538330078
27.233922958374023
27.281476974487305
12.972939491271973
24.35266876220703
15.90463638305664
19.230411529541016
15.828583717346191
15.032991409301758
16.508872985839844
17.82601547241211
22.072114944458008
28.311294555664062
22.41427230834961
18.1398868560791
38.40810775756836
25.526735305786133
23.118383407592773
22.84552001953125
26.550369262695312
27.888290405273438
18.113040924072266
28.026920318603516
26.03303337097168
25.743572235107422
35.35704803466797
18.210865020751953
24.39499282836914
18.080581665039062
17.29245376586914
16.562089920043945
20.099807739257812
34.0290641784668
20.118925094604492
20.30924415588379
28.493650436401367
32.21274948120117
18.34752082824707
23.95642852783203
26.132034301757812
33.80152893066406
10.135305404663086
33.860870361328125
20.710458755493164
24.473323822021484
26.749677658081055
26.39559555053711
18.7979736328125
19.12371253967285
26.031688690185547
19.2917423248291
20.513328552246094
42.83467483520508
16.359716415405273
18.312856674194336
22.432111740112305
19.486473083496094
19.687973022460938
21.90837860107422
14.883794784545898
21.773609161376953
24.287639617919922
30.878427505493164
25.73118782043457
32.154296875
19.247785568237305
16.592191696166992
17.939857482910156
24.80294418334961
19.883352279663086
29.56999397277832
28.087318420410156
20.418651580810547
19.47844696044922
17.788339614868164
25.80983543395996
20.557241439819336
33.24541473388672
25.018875122070312
19.320215225219727
20.872283935546875
32.0673828125
15.450387954711914
23.31162452697754
15.649880409240723
19.786081314086914
26.735807418823242
25.561946868896484
28.409950256347656
15.155966758728027
25.393112182617188
22.82357406616211
24.103609085083008
36.7259635925293
30.214017868041992
24.893640518188477
21.45758628845215
28.193819046020508
18.95945930480957
21.907333374023438
29.81684684753418
26.234539031982422
20.086837768554688
17.02780532836914
28.197845458984375
18.55715560913086
24.808439254760742
21.53525733947754
19.306793212890625
20.0634822845459
24.84926414489746
13.49399471282959
22.250568389892578
19.340974807739258
28.37250328063965
24.533626556396484
25.573318481445312
18.710905075073242
22.856229782104492
27.127914428710938
14.378448486328125
25.400836944580078
16.748374938964844
19.560745239257812
15.585587501525879
16.487838745117188
19.376657485961914
22.73027229309082
43.1484260559082
20.03302001953125
17.467493057250977
26.350509643554688
16.2247314453125
22.89145851135254
18.83953285217285
23.345701217651367
17.662782669067383
18.211057662963867
18.49005889892578
24.718801498413086
26.727619171142578
32.90788650512695
31.426700592041016
22.134252548217773
18.892316818237305
26.354595184326172
25.36739730834961
23.1733341217041
21.43828010559082
23.731115341186523
31.762460708618164
22.986143112182617
22.6108341217041
17.65999412536621
28.292695999145508
18.207801818847656
27.85136604309082
24.522815704345703
18.1810359954834
27.15669822692871
22.21849250793457
18.917272567749023
27.87711524963379
17.68396759033203
22.17038345336914
21.928600311279297
20.869142532348633
20.59323501586914
17.34015655517578
26.559484481811523
25.145326614379883
17.333065032958984
33.36099624633789
20.904428482055664
25.709259033203125
36.46830749511719
12.117998123168945
24.101905822753906
23.961040496826172
24.043224334716797
25.936471939086914
21.344072341918945
16.6298885345459
26.514450073242188
25.446325302124023
27.498332977294922
24.664945602416992
13.226851463317871
20.06119728088379
21.817495346069336
23.584888458251953
31.173067092895508
21.617576599121094
20.404714584350586
22.63201332092285
24.70642852783203
22.156494140625
21.97123908996582
26.996015548706055
23.294023513793945
20.252954483032227
26.761789321899414
22.195837020874023
24.007596969604492
40.863014221191406
23.941329956054688
39.45796203613281
38.582637786865234
17.628955841064453
23.417951583862305
26.51017189025879
18.815813064575195
20.830778121948242
20.08098793029785
26.444747924804688
17.252290725708008
16.316043853759766
35.39664840698242
20.54991912841797
23.0950927734375
25.68800163269043
27.23163604736328
15.575684547424316
22.91976547241211
15.728266716003418
18.59859848022461
22.5413875579834
25.477819442749023
21.331750869750977
24.44968032836914
16.634897232055664
23.277172088623047
22.55863380432129
16.661144256591797
22.811328887939453
21.096410751342773
16.494935989379883
24.49889373779297
32.030860900878906
26.4119873046875
17.497488021850586
24.05131721496582
26.92151641845703
24.79630470275879
14.117992401123047
15.551979064941406
28.41864585876465
32.96010208129883
15.334311485290527
15.612794876098633
19.76447868347168
24.51199722290039
24.39774513244629
16.490938186645508
14.78558349609375
24.620555877685547
18.9921817779541
18.63527488708496
29.800987243652344
32.834327697753906
21.723697662353516
34.95878982543945
18.9381046295166
34.80784606933594
22.954851150512695
17.716737747192383
25.731224060058594
18.20016098022461
17.11138153076172
17.891679763793945
19.341381072998047
15.89885139465332
22.598133087158203
17.22195816040039
21.622989654541016
23.37137222290039
22.920848846435547
25.578575134277344
24.67025375366211
27.20451545715332
20.850122451782227
20.319366455078125
22.984481811523438
22.24595069885254
18.161104202270508
20.204578399658203
20.132295608520508
24.61515235900879
31.262832641601562
20.229997634887695
21.370939254760742
42.311676025390625
36.14890670776367
13.197368621826172
22.049776077270508
32.688575744628906
18.319875717163086
15.642475128173828
25.064172744750977
14.850974082946777
18.280099868774414
23.60909080505371
17.505123138427734
14.379928588867188
16.716936111450195
16.518970489501953
25.79891014099121
18.726808547973633
20.777498245239258
22.364986419677734
24.705886840820312
32.959495544433594
27.228918075561523
20.96807289123535
29.050432205200195
25.970611572265625
19.703184127807617
13.69462776184082
26.063274383544922
14.287825584411621
17.078628540039062
21.60980224609375
22.327919006347656
35.73817825317383
17.819194793701172
24.976566314697266
26.012025833129883
25.488048553466797
24.114789962768555
25.06890296936035
38.08685302734375
28.30376434326172
17.76370620727539
20.344675064086914
15.792010307312012
19.006637573242188
40.59868621826172
32.937015533447266
27.955015182495117
24.901586532592773
18.572330474853516
17.962879180908203
21.108434677124023
22.622913360595703
55.88383483886719
39.576866149902344
19.39719581604004
17.556291580200195
24.967565536499023
28.783557891845703
17.315889358520508
19.66935920715332
19.49892234802246
18.02845573425293
19.053937911987305
22.41620445251465
17.38998794555664
24.397857666015625
19.111900329589844
24.05226707458496
14.282964706420898
22.91300392150879
33.65678405761719
30.57255744934082
34.27364730834961
22.26248550415039
24.262004852294922
32.943199157714844
23.476377487182617
18.44264030456543
23.4060001373291
17.3955135345459
27.797956466674805
20.236228942871094
19.80602264404297
26.30306053161621
15.875288963317871
25.133235931396484
18.34935760498047
15.496866226196289
18.212554931640625
15.928279876708984
24.587095260620117
20.70035743713379
15.287055969238281
28.452804565429688
23.34899139404297
12.685810089111328
22.928123474121094
20.09794044494629
23.588489532470703
39.4486083984375
20.7997989654541
22.81146240234375
15.510491371154785
14.091107368469238
15.493696212768555
19.78594398498535
14.735525131225586
21.959136962890625
30.129079818725586
25.7755184173584
26.773597717285156
21.593172073364258
30.171266555786133
25.71051597595215
20.321474075317383
25.32938003540039
40.76404571533203
18.351638793945312
20.40342140197754
21.024280548095703
25.42316436767578
20.288169860839844
17.40458869934082
21.66227149963379
18.44527816772461
22.077577590942383
17.052621841430664
33.68281555175781
19.38529396057129
22.00873374938965
17.619611740112305
23.97017478942871
23.396244049072266
36.33552932739258
17.929418563842773
15.525299072265625
27.116403579711914
22.09458351135254
23.58354949951172
26.471744537353516
22.188274383544922
25.582658767700195
19.03430938720703
20.910911560058594
19.934316635131836
28.378662109375
21.3900146484375
16.71921157836914
23.959230422973633
20.18193244934082
28.667465209960938
29.522478103637695
27.124324798583984
24.820541381835938
29.82895851135254
29.42104148864746
20.9615478515625
26.035629272460938
18.149368286132812
23.847286224365234
18.670289993286133
23.723955154418945
38.390377044677734
25.397947311401367
34.362083435058594
24.36165428161621
24.42214584350586
17.08012580871582
21.090320587158203
33.40148162841797
24.06127166748047
15.64204216003418
14.872808456420898
20.58747100830078
18.59464454650879
20.825864791870117
31.324689865112305
48.41085433959961
23.024463653564453
23.945514678955078
18.109825134277344
19.432680130004883
22.222267150878906
22.232810974121094
22.530410766601562
26.48150062561035
27.219234466552734
24.5495662689209
26.1943302154541
18.988534927368164
26.092674255371094
23.916154861450195
20.579479217529297
21.929569244384766
22.248767852783203
14.02836799621582
19.16692543029785
21.753217697143555
37.5643424987793
29.93582534790039
18.659122467041016
19.827911376953125
25.485912322998047
20.445470809936523
35.152469635009766
30.262895584106445
19.492067337036133
21.304304122924805
30.236263275146484
30.523082733154297
27.687164306640625
31.123537063598633
26.92099380493164
20.712039947509766
20.514720916748047
22.7574405670166
16.2200927734375
21.634197235107422
28.514558792114258
21.058439254760742
23.00014305114746
22.961984634399414
20.45709228515625
28.71807098388672
22.54230499267578
25.272327423095703
21.32368278503418
15.047295570373535
34.398719787597656
26.255992889404297
26.37353515625
32.10892868041992
35.58775329589844
24.146623611450195
20.34967041015625
19.552555084228516
21.356456756591797
29.986330032348633
22.47532081604004
26.48515510559082
24.977418899536133
19.695459365844727
39.74520492553711
30.396371841430664
26.468307495117188
24.528257369995117
22.616580963134766
21.104238510131836
41.29354476928711
32.899925231933594
27.412473678588867
15.435847282409668
22.404264450073242
35.304325103759766
27.974868774414062
23.491357803344727
16.93364715576172
36.60518264770508
24.219928741455078
21.790395736694336
25.447383880615234
22.09070587158203
18.633956909179688
23.514568328857422
21.185413360595703
24.857698440551758
20.227828979492188
16.633453369140625
24.655969619750977
17.885196685791016
24.73661231994629
26.605419158935547
19.445308685302734
19.798072814941406
19.092479705810547
24.03711700439453
24.778364181518555
18.787391662597656
22.96836280822754
20.89374351501465
20.086023330688477
24.98969078063965
19.676204681396484
28.935964584350586
21.75023078918457
26.326717376708984
18.313800811767578
43.37965774536133
20.639019012451172
23.979883193969727
25.2825927734375
29.000022888183594
14.435832977294922
17.58310317993164
13.459736824035645
27.197853088378906
20.603185653686523
29.15473747253418
23.122873306274414
18.477766036987305
24.537281036376953
24.127578735351562
19.04674530029297
21.3126163482666
28.278715133666992
31.745071411132812
31.30849266052246
25.272109985351562
27.11905860900879
16.745136260986328
18.50092887878418
24.396514892578125
18.17694664001465
25.485383987426758
17.636369705200195
20.19540023803711
19.771024703979492
25.543346405029297
22.347150802612305
17.84745979309082
16.11351203918457
26.316364288330078
27.01729965209961
19.814983367919922
23.53066062927246
36.15916442871094
21.803159713745117
22.202285766601562
18.43898582458496
14.461420059204102
27.97793197631836
26.046010971069336
16.049863815307617
22.75529670715332
20.052722930908203
26.82234764099121
32.847450256347656
27.777469635009766
16.412382125854492
21.613954544067383
25.78336524963379
26.76975440979004
20.02320671081543
21.34377670288086
34.99174118041992
25.831872940063477
24.39470100402832
28.64026641845703
32.845802307128906
37.600433349609375
34.32030487060547
23.11956214904785
10.893608093261719
17.401981353759766
18.149168014526367
17.120298385620117
16.89993667602539
23.013662338256836
42.879722595214844
24.290170669555664
19.801685333251953
19.9803466796875
17.711275100708008
23.132064819335938
24.65781593322754
22.85154151916504
24.635068893432617
20.65256690979004
35.70506286621094
21.38979721069336
25.927711486816406
17.450359344482422
39.194244384765625
16.520610809326172
23.532562255859375
19.92328453063965
26.056486129760742
23.035139083862305
22.76714515686035
28.879520416259766
30.90277099609375
21.611705780029297
26.54415512084961
25.70503807067871
22.215824127197266
32.723106384277344
34.607994079589844
22.93531608581543
25.21600341796875
31.534900665283203
17.862009048461914
37.18024826049805
19.347652435302734
23.352394104003906
16.60947608947754
21.82158088684082
25.061729431152344
23.628257751464844
22.730323791503906
24.16560173034668
13.313268661499023
20.072673797607422
12.052623748779297
66.45440673828125
31.73386001586914
22.970258712768555
