0.278778076171875
0.9855449199676514
0.840050995349884
0.329217791557312
0.5369744896888733
0.7410153150558472
0.564964234828949
0.8200634121894836
1.138042688369751
0.8434571027755737
1.199756145477295
0.2889578342437744
0.9445173740386963
1.1778274774551392
0.784145176410675
0.570437490940094
0.9069810509681702
1.2345213890075684
1.643149971961975
1.0420496463775635
1.0082510709762573
0.21746444702148438
0.5837497115135193
0.21451687812805176
0.2642664909362793
0.8387191295623779
1.4079349040985107
0.8710653185844421
0.6890032887458801
1.05853271484375
1.0991064310073853
0.7099686861038208
1.0289371013641357
1.192139983177185
0.267275333404541
1.2666406631469727
0.9167065024375916
0.6147428750991821
0.267500638961792
1.1924012899398804
0.2585937976837158
0.83255934715271
0.3766094446182251
1.0948188304901123
0.32697999477386475
1.4492236375808716
1.2499783039093018
1.300463318824768
0.3621894121170044
0.26194679737091064
0.7976160049438477
0.5976691842079163
0.31563103199005127
1.4154784679412842
0.9432578086853027
1.1648478507995605
0.2943779230117798
1.0213568210601807
0.4509509801864624
1.1031886339187622
1.5694496631622314
1.0802276134490967
0.3305407762527466
0.423082172870636
0.9042550325393677
0.6492514610290527
0.9709406495094299
1.251635193824768
0.24147218465805054
0.7781121134757996
0.5909596085548401
0.25369417667388916
0.2787938117980957
0.8813804388046265
0.6645669341087341
0.9580865502357483
0.6325786113739014
1.2395176887512207
0.8760294914245605
0.8121781349182129
0.38124406337738037
0.2969014644622803
0.9845974445343018
0.8182668685913086
0.23323321342468262
1.0005017518997192
1.1962461471557617
0.809593677520752
1.4214776754379272
0.8055741190910339
0.9448557496070862
1.04472815990448
0.2536734938621521
0.25906234979629517
0.7583256959915161
0.35932254791259766
1.015494465827942
0.23758649826049805
1.0542571544647217
0.5661956667900085
1.0175681114196777
0.9927622079849243
0.8666630983352661
0.6475916504859924
0.2774527668952942
1.0644322633743286
0.2815495729446411
1.0985844135284424
0.8942999839782715
0.3362613916397095
0.9924769401550293
0.7547075152397156
1.1141090393066406
1.0228180885314941
0.4302266836166382
1.0922638177871704
0.7861860394477844
1.1659419536590576
0.27087247371673584
0.6499138474464417
0.8155211806297302
0.27976465225219727
0.7184779644012451
0.4990701675415039
0.7129517197608948
0.7696461081504822
0.8905461430549622
0.5820052623748779
0.7089986205101013
1.1729415655136108
0.9101099371910095
0.37746691703796387
1.0520349740982056
0.7199583053588867
1.3952077627182007
0.24065059423446655
0.8863584995269775
0.6591601967811584
1.093732476234436
0.3013017773628235
0.7758800387382507
0.8841780424118042
0.19690817594528198
0.6487789154052734
1.5090653896331787
0.16761398315429688
0.35588228702545166
0.9152156710624695
0.973254919052124
0.48600316047668457
0.3175511360168457
1.2980135679244995
0.21112680435180664
1.096888542175293
0.22932910919189453
1.0675482749938965
0.9332029223442078
0.9710490107536316
0.9036573171615601
0.8712760210037231
0.6610909700393677
0.5756738185882568
1.0052975416183472
1.1615290641784668
0.7436791062355042
0.7632841467857361
0.22651278972625732
0.839706301689148
1.803263783454895
0.9086623191833496
0.36335885524749756
0.9406031370162964
1.1651711463928223
1.0758241415023804
0.792222261428833
1.1548445224761963
1.5567981004714966
1.1019872426986694
0.9552518725395203
1.2313302755355835
0.734268069267273
0.5245761275291443
0.7951574325561523
0.30791807174682617
0.7935614585876465
0.22275042533874512
0.2494598627090454
0.5393604040145874
0.8272172808647156
0.9778642654418945
0.3179816007614136
0.9551816582679749
0.4568854570388794
0.308918833732605
1.0124672651290894
1.4282517433166504
0.9496003985404968
0.324163019657135
0.7451907992362976
0.2671351432800293
0.4767160415649414
0.7937520742416382
0.27373063564300537
0.28448331356048584
0.5552987456321716
0.8519165515899658
0.4751927852630615
1.0532219409942627
1.4466149806976318
1.0859768390655518
0.5102150440216064
0.6697986125946045
0.9402548670768738
1.0873184204101562
0.9195727705955505
0.4058653712272644
1.3374935388565063
0.38070666790008545
0.836408793926239
1.081730604171753
0.2271372675895691
0.2023524045944214
0.22289520502090454
0.591404139995575
0.23433417081832886
0.9092113971710205
0.9005658626556396
0.37930166721343994
0.25218552350997925
0.40040451288223267
0.670951783657074
1.0890690088272095
1.3105536699295044
0.5844771265983582
1.1628882884979248
0.8559026718139648
0.3013732433319092
0.7119974493980408
0.1983656883239746
1.4149417877197266
1.0507299900054932
1.205191969871521
0.8772496581077576
0.8738826513290405
0.2683943510055542
1.1340781450271606
0.5968828797340393
0.6647136807441711
0.9493449330329895
0.23214352130889893
0.2503713369369507
0.2286543846130371
1.4403111934661865
0.7577560544013977
1.1217454671859741
0.5921475887298584
0.7944124937057495
0.8322274684906006
0.672139048576355
0.7106269598007202
0.2376333475112915
0.8045048713684082
0.7589651942253113
0.8337544798851013
1.0028141736984253
1.3005155324935913
0.6987772583961487
0.6798650622367859
0.3411581516265869
0.9795979261398315
0.9642271399497986
0.24970006942749023
1.1886759996414185
0.8624895215034485
0.7865806818008423
0.9401990175247192
0.6119982004165649
1.2267677783966064
0.20333921909332275
0.17676132917404175
1.080896258354187
0.46300458908081055
0.37685060501098633
0.5118532180786133
0.8772355318069458
0.2851361632347107
0.4662356376647949
1.150418758392334
0.7964414954185486
0.8166074156761169
1.1425392627716064
1.621820092201233
0.9517971277236938
0.7572770714759827
0.9028196334838867
0.9690903425216675
0.9405625462532043
1.2433412075042725
0.8122342228889465
0.2768501043319702
0.4880563020706177
0.9895992875099182
0.6817805171012878
1.0761470794677734
0.3627830743789673
1.0806596279144287
1.0315873622894287
0.3044189214706421
1.0956482887268066
1.1966266632080078
0.43755578994750977
0.9227319359779358
1.3173390626907349
1.1597180366516113
0.2424015998840332
0.7269957661628723
1.0041471719741821
0.2915922999382019
0.9217579960823059
1.0013810396194458
1.2158942222595215
0.8301036953926086
0.22949349880218506
1.041304111480713
0.6631439924240112
1.1089645624160767
0.8751590847969055
0.5054888725280762
0.9641773104667664
0.6176838278770447
0.5738136172294617
1.2077618837356567
1.3690953254699707
1.1434069871902466
0.7762203812599182
0.7605857253074646
1.2729977369308472
0.25654053688049316
0.4801696538925171
0.899966299533844
0.5129781365394592
1.0763499736785889
0.3032521605491638
0.5001632571220398
0.2711540460586548
0.6989861130714417
0.39536482095718384
0.2742689847946167
0.6175541877746582
0.4635140895843506
0.3324676752090454
1.3333112001419067
1.1931498050689697
0.9869075417518616
0.4390328526496887
1.614341378211975
0.2926971912384033
1.3238977193832397
1.0955959558486938
0.6120710372924805
1.1013309955596924
1.0945872068405151
1.2208173274993896
0.27962231636047363
1.2927037477493286
0.8805721402168274
1.1509979963302612
1.0464279651641846
1.480068564414978
0.9139247536659241
0.7623318433761597
0.9837135672569275
0.7138319611549377
1.2351781129837036
0.8896381258964539
1.1214439868927002
1.0644971132278442
1.1594998836517334
0.572222113609314
0.6524173021316528
0.7775149941444397
0.34603607654571533
0.7596817016601562
0.5648554563522339
1.089288353919983
1.1162943840026855
1.0984076261520386
1.1382081508636475
0.30530643463134766
0.22383558750152588
0.8745442032814026
0.973773717880249
0.6411260366439819
0.6587819457054138
0.9703553915023804
1.2060432434082031
0.840125560760498
1.007575511932373
0.8543106913566589
0.5401833653450012
0.43508005142211914
1.454947829246521
1.2426668405532837
0.9178641438484192
0.9943459630012512
0.9907284379005432
0.4677921533584595
0.7060956954956055
0.2335605025291443
0.21821510791778564
0.3152971863746643
0.8600962162017822
0.9075589776039124
1.0900057554244995
0.207228422164917
0.31490039825439453
0.8297885060310364
0.5890290141105652
0.5800263285636902
0.27975326776504517
0.26590943336486816
0.6011223793029785
0.8279017210006714
1.250898838043213
0.2641298770904541
1.1830549240112305
0.9839191436767578
0.89996337890625
0.613670289516449
0.26281702518463135
0.8942316174507141
0.38024401664733887
1.1052348613739014
0.21863573789596558
1.0832622051239014
1.4967529773712158
0.9327016472816467
0.4398597478866577
0.7942277193069458
0.23371857404708862
0.7507755160331726
0.7322754263877869
0.8790971040725708
0.7237417697906494
0.9617264866828918
0.8629040122032166
0.4554547071456909
0.5964433550834656
0.29524773359298706
0.7302987575531006
1.3532713651657104
0.8445494771003723
0.9858623147010803
0.32200950384140015
0.3173421621322632
1.0648876428604126
0.59083092212677
0.3172764778137207
0.6587458252906799
0.40852463245391846
0.8578017354011536
0.2059975266456604
0.39618581533432007
0.2846651077270508
1.034873366355896
1.0714423656463623
0.8574002981185913
0.6362783312797546
0.5852903723716736
1.326263427734375
0.26522040367126465
0.3261781930923462
1.1601009368896484
1.0118447542190552
1.4063267707824707
0.9805909991264343
0.9731440544128418
0.6482312679290771
1.7769912481307983
1.0603879690170288
0.7587103843688965
0.7117627263069153
0.8795449733734131
0.2968141436576843
0.24116897583007812
0.9285736083984375
1.2332934141159058
1.179884433746338
1.0353626012802124
1.069662094116211
0.7236778140068054
1.0347100496292114
1.3229233026504517
1.1042336225509644
1.2882709503173828
0.2572840452194214
0.8483739495277405
0.22099685668945312
1.259676456451416
0.5793932676315308
0.9698882102966309
0.2996476888656616
0.7824755907058716
0.30716824531555176
0.23119187355041504
0.6312587261199951
0.702967643737793
0.7313841581344604
0.5712316036224365
0.8925038576126099
0.6467488408088684
0.8529947996139526
0.751542329788208
0.2214335799217224
1.0879020690917969
0.43980872631073
1.5041279792785645
1.0426028966903687
1.0274035930633545
0.9517472386360168
1.0364824533462524
0.9591077566146851
1.0900791883468628
0.9108091592788696
1.3212007284164429
1.1940792798995972
1.0128600597381592
1.1838436126708984
0.6871137619018555
0.8875710964202881
0.4761110544204712
1.3243200778961182
0.3097895383834839
0.7216549515724182
0.2646908760070801
1.0180599689483643
0.39348554611206055
0.9195022583007812
0.22041821479797363
1.0454298257827759
0.8783258199691772
1.3209264278411865
1.2293754816055298
0.24322909116744995
0.3341812491416931
0.975418210029602
0.7742052674293518
0.8010513186454773
1.1650586128234863
1.0579606294631958
0.6515358090400696
0.6402186155319214
0.21595776081085205
0.823264479637146
1.0499380826950073
0.9295480847358704
1.0770201683044434
0.22061693668365479
1.1741275787353516
0.5903880596160889
1.014397144317627
0.9950565099716187
0.22602665424346924
1.0111720561981201
0.5872614979743958
0.19636958837509155
0.9247769713401794
0.6732389330863953
0.43131065368652344
0.42098259925842285
0.9888794422149658
0.7520374059677124
1.1363623142242432
0.45505237579345703
0.24311959743499756
0.2191879153251648
0.39686912298202515
0.9411181807518005
0.28216373920440674
0.2790297269821167
1.102905035018921
1.2439093589782715
1.0529413223266602
0.36353981494903564
0.4195622205734253
1.0507582426071167
0.5832898616790771
0.6587158441543579
0.9390918612480164
0.9048202037811279
0.3460681438446045
0.40840113162994385
0.5238875150680542
1.339658260345459
0.2881094217300415
0.35650670528411865
1.377860426902771
1.6457942724227905
0.7335630059242249
0.8333396315574646
0.3270176649093628
0.8367874622344971
0.7057373523712158
0.7561425566673279
1.0354936122894287
1.1657058000564575
0.7095426321029663
0.3740162253379822
0.7233591675758362
0.987368106842041
0.9804716110229492
1.0438895225524902
0.2197892665863037
1.575318694114685
1.1116397380828857
0.339031457901001
0.9154089689254761
0.28126096725463867
0.9524824619293213
0.7588642835617065
0.2059309482574463
1.284026026725769
0.3407818675041199
1.0801982879638672
1.074488639831543
0.6269712448120117
0.8568883538246155
0.9784496426582336
0.9090292453765869
1.1291362047195435
0.3142777681350708
0.18114250898361206
0.9298389554023743
0.23301911354064941
0.8549553155899048
1.1262346506118774
0.28364813327789307
0.6571311950683594
0.21950078010559082
0.5818067193031311
1.0283535718917847
0.471321702003479
1.115022897720337
1.1476205587387085
0.37964415550231934
0.6468108892440796
1.0376299619674683
1.0070513486862183
1.477428674697876
1.0511088371276855
2.0955049991607666
0.5821545124053955
1.1219346523284912
0.6076774001121521
0.9520426392555237
0.7972358465194702
0.21552342176437378
1.2808983325958252
0.5190826058387756
0.7877195477485657
0.853069007396698
1.9875831604003906
0.4819267988204956
0.7382766008377075
0.7788984775543213
1.075523018836975
0.2684636116027832
0.3013284206390381
1.114741325378418
0.6706353425979614
1.3788869380950928
0.28768301010131836
0.3558213710784912
0.8189542889595032
0.8044873476028442
0.9106345772743225
0.22694802284240723
1.2259016036987305
0.2696864604949951
0.25546205043792725
0.4091207981109619
1.1062376499176025
0.7553649544715881
1.1570329666137695
0.19444775581359863
0.9008527398109436
0.9934996366500854
0.6101327538490295
0.8735648393630981
0.8252009749412537
0.20205456018447876
0.813090443611145
1.4124338626861572
1.0901589393615723
0.3502596616744995
0.9829084277153015
1.3860723972320557
1.0704872608184814
0.2502668499946594
0.3001621961593628
0.9840444922447205
0.7716236710548401
0.2089901566505432
0.2579309940338135
0.7746869325637817
1.2244492769241333
1.0754716396331787
0.34570252895355225
0.32187098264694214
1.3198399543762207
0.9330469369888306
0.6908049583435059
1.0559686422348022
0.6620442271232605
1.9297133684158325
1.0071731805801392
0.6073857545852661
1.799883484840393
0.7595412731170654
0.3220078945159912
1.0150747299194336
0.7993113398551941
0.22712963819503784
0.6782156229019165
0.660276472568512
1.0543603897094727
0.5535901188850403
1.1451267004013062
0.8173292279243469
0.46576380729675293
0.2529140114784241
0.8838251233100891
0.8599211573600769
0.7649617791175842
0.9785848259925842
0.9318009614944458
0.9394477009773254
1.1070916652679443
0.7094001770019531
1.0713750123977661
0.41363996267318726
0.8156936168670654
0.3972587585449219
1.1477360725402832
0.9245908856391907
0.9632238745689392
0.8950258493423462
0.543827474117279
0.7966383099555969
1.1710501909255981
0.4008660912513733
0.30000317096710205
0.9987518191337585
0.6703945994377136
0.2356533408164978
1.8098820447921753
0.210432767868042
0.22011518478393555
0.2818465232849121
0.2709082365036011
0.6081600785255432
0.7448683381080627
1.0708374977111816
0.5387037396430969
0.5985124707221985
0.961149275302887
1.0481935739517212
0.5463410019874573
1.030159831047058
0.757499098777771
0.5385419726371765
0.3691185712814331
0.782193660736084
0.23956352472305298
0.2617030739784241
0.2330208420753479
1.514256477355957
0.9440959692001343
0.55839604139328
0.8616011738777161
0.278988242149353
0.9700405597686768
1.1277379989624023
1.0523045063018799
0.9987512230873108
0.9786909818649292
1.0227891206741333
0.6747966408729553
0.429911732673645
0.4659515619277954
0.9483392834663391
0.5130255818367004
1.3630321025848389
1.0615673065185547
0.8819617629051208
0.4264622926712036
0.8979014754295349
0.8371378779411316
1.2944543361663818
1.0192863941192627
0.27869951725006104
0.3015209436416626
0.7587644457817078
0.9657374024391174
0.5217742919921875
0.6235156059265137
0.7938770055770874
1.3743364810943604
0.30250364542007446
0.4164698123931885
0.4730074405670166
1.125593662261963
0.26185208559036255
0.28479069471359253
0.5659087896347046
0.45770907402038574
1.168210744857788
0.8927525281906128
0.5113495588302612
0.8135818243026733
0.8918580412864685
0.16409581899642944
1.1330167055130005
0.2948343753814697
1.0112640857696533
0.34777307510375977
0.1638500690460205
0.8424214720726013
0.9906150698661804
0.9332696199417114
0.2598766088485718
0.9332650303840637
1.0479563474655151
0.24515926837921143
0.3407258987426758
0.5437988638877869
0.7028854489326477
0.27683889865875244
0.2405184507369995
0.6342338919639587
0.7784587740898132
0.5290136933326721
1.1776306629180908
0.937722384929657
1.0645359754562378
1.0591914653778076
1.0865750312805176
0.2556689977645874
0.2739098072052002
0.7281697392463684
0.24590903520584106
0.7364023327827454
0.274552583694458
1.23600435256958
1.0494778156280518
1.1377617120742798
0.5374309420585632
0.9662635326385498
0.8655750155448914
1.2613747119903564
0.7851014137268066
1.1551471948623657
0.3870479464530945
0.8188101053237915
0.3006253242492676
0.8306208848953247
0.775309681892395
0.7612278461456299
0.8838431239128113
0.3365578055381775
1.0445539951324463
1.0609524250030518
0.29467856884002686
0.4693399667739868
0.3775850534439087
0.9449647068977356
0.2528114318847656
0.4312293529510498
0.745907723903656
1.2386760711669922
1.2241746187210083
0.2833792567253113
1.251140832901001
1.0997469425201416
0.22123730182647705
1.0037047863006592
1.0650395154953003
0.5293897986412048
0.31625038385391235
0.5995752811431885
1.3452662229537964
1.0552103519439697
0.6259068846702576
0.3152874708175659
1.0711575746536255
0.4335153102874756
1.327266812324524
0.84508216381073
1.1310714483261108
0.7897881269454956
0.46274876594543457
1.1926603317260742
0.79047691822052
0.6215545535087585
0.2870147228240967
0.22670626640319824
0.5395579934120178
0.8899878263473511
0.7076820731163025
1.0866814851760864
1.8390848636627197
1.0028417110443115
0.9081658720970154
1.0307921171188354
1.2224409580230713
1.417585015296936
0.9186461567878723
0.46748626232147217
0.42775094509124756
0.6196444630622864
0.7174655795097351
0.3196062445640564
0.6072460412979126
1.165788173675537
1.1140655279159546
0.8893030285835266
0.7914766669273376
0.742453396320343
0.9421042799949646
2.0601208209991455
0.8063850402832031
0.25453662872314453
1.0121158361434937
0.8590226173400879
0.9181510210037231
0.851645290851593
0.7705563902854919
1.1743741035461426
0.8930785059928894
0.7592980265617371
1.1915043592453003
0.27419722080230713
0.7784833908081055
1.0667388439178467
1.7664439678192139
0.9451635479927063
0.6789368391036987
0.6979171633720398
0.9333709478378296
0.37803733348846436
1.0702162981033325
0.876228928565979
1.1677786111831665
0.9903789162635803
1.1985912322998047
1.294219732284546
0.923153817653656
1.0462603569030762
0.8027516007423401
0.3858693838119507
1.201160192489624
0.9615784287452698
0.27029889822006226
0.3289048671722412
1.4113233089447021
0.8961580991744995
0.9843620657920837
1.0790455341339111
0.5974480509757996
0.5993658900260925
0.48980891704559326
1.319645643234253
0.5727273225784302
0.4044930338859558
1.0733897686004639
-0.20882272720336914
0.7483335733413696
1.0399569272994995
1.3239203691482544
0.35079658031463623
0.8914568424224854
0.5790814161300659
0.7154790163040161
1.3173195123672485
0.8151928782463074
0.8968814015388489
1.313906192779541
1.1072393655776978
0.23179227113723755
1.0017013549804688
0.9505591988563538
1.1481293439865112
0.9830765128135681
0.3770067095756531
1.1266217231750488
1.411518931388855
0.6597710847854614
0.446658730506897
1.0055999755859375
1.2333863973617554
0.8838846683502197
0.5131222605705261
0.5490255951881409
0.5196477770805359
0.6103789806365967
1.1945102214813232
0.673567533493042
0.5548933148384094
1.0883387327194214
1.212670922279358
0.6045175194740295
0.5911537408828735
0.5819797515869141
0.24708223342895508
1.0081312656402588
1.0275112390518188
0.9058791995048523
1.1786733865737915
0.5804437398910522
0.7809589505195618
0.38404572010040283
1.2906101942062378
0.9329586625099182
0.31665635108947754
0.7916441559791565
0.2269073724746704
1.1098158359527588
0.33505117893218994
0.257096529006958
0.8553922772407532
1.6463143825531006
1.0973594188690186
0.5112301707267761
0.8523332476615906
1.0096652507781982
0.713605523109436
0.7901126742362976
0.7460981011390686
0.44492119550704956
0.33595705032348633
0.338939905166626
0.922365128993988
1.0972367525100708
1.125971794128418
1.5503417253494263
0.20505446195602417
0.8005998134613037
1.1058694124221802
0.7716136574745178
0.19496828317642212
0.496046781539917
1.033402919769287
0.8885745406150818
0.7145571112632751
1.8342995643615723
0.2933046817779541
0.916100025177002
1.0499736070632935
0.38350629806518555
1.2067402601242065
0.6441500782966614
0.8205861449241638
1.0634063482284546
1.2786909341812134
0.7167549729347229
0.25211024284362793
0.3880771994590759
1.0826302766799927
0.9577191472053528
1.145121455192566
0.5485050082206726
0.48363256454467773
0.9432283639907837
0.3887036442756653
0.2522931694984436
0.31997108459472656
1.3444041013717651
0.9920117855072021
0.6552103757858276
0.45937979221343994
0.8715144395828247
1.2208950519561768
0.23749077320098877
0.29914724826812744
0.5501914024353027
0.7389780879020691
1.1749011278152466
0.9156031608581543
0.36207520961761475
1.252631425857544
1.2960082292556763
1.1852986812591553
0.7781692147254944
0.9021914601325989
0.9515085816383362
0.634290874004364
0.98349928855896
0.9849296808242798
0.4397287964820862
0.8656432628631592
0.7013435363769531
0.5458623170852661
0.25096219778060913
1.0691485404968262
1.1724904775619507
1.110842227935791
0.8549791574478149
0.5638973712921143
0.4680553674697876
1.0623067617416382
0.8918541669845581
0.6544470191001892
1.200110912322998
0.6171000599861145
1.0759586095809937
1.0436418056488037
0.5946260690689087
1.0234242677688599
1.0437486171722412
0.2781241536140442
1.043067216873169
0.9371938109397888
0.8609833121299744
0.5253211259841919
1.066109538078308
0.4519789218902588
0.18571412563323975
0.9053287506103516
1.0294753313064575
1.0117498636245728
0.8309791684150696
0.932440459728241
1.0805678367614746
0.7583736777305603
1.060194492340088
0.8951937556266785
0.9247725009918213
0.6403931975364685
0.8891624808311462
0.6153524518013
0.8347395062446594
0.7621981501579285
0.39919614791870117
0.7789819240570068
0.7830275297164917
0.7836026549339294
0.4515020251274109
0.48470234870910645
0.34333688020706177
0.5659810304641724
1.1179307699203491
0.3015235662460327
