-0.1810697615146637
-0.7770388722419739
-0.06735467165708542
-0.6453737616539001
-0.9249736666679382
-0.7446324825286865
-0.1703183948993683
-1.1797170639038086
-0.6324899792671204
-0.6981711387634277
-0.03013870120048523
-0.26579639315605164
-0.699268639087677
-0.8932215571403503
-0.5125768780708313
-0.2921847403049469
-0.5812667608261108
-0.10438627004623413
-0.26710745692253113
-0.7877137660980225
-0.638594925403595
0.06379436701536179
-0.5921840667724609
-0.21834923326969147
-0.10015712678432465
-0.7919313907623291
-0.5711719989776611
-0.36898377537727356
-0.12503109872341156
-0.5089689493179321
-0.843935489654541
-0.8542196154594421
-1.0649317502975464
-0.14228661358356476
-0.28918546438217163
-0.5367900729179382
-0.3978092670440674
-0.8648401498794556
-0.22863522171974182
-0.45224180817604065
0.24254170060157776
-1.1429004669189453
-0.646120011806488
-0.5980589389801025
-0.34807679057121277
-0.33163267374038696
-1.1811492443084717
-0.6029599905014038
-0.282473623752594
0.4018399715423584
-0.42707473039627075
-0.563844621181488
-0.14241096377372742
-0.9048219919204712
-0.7132389545440674
-0.638472855091095
-0.5234386324882507
-0.5249667167663574
-0.8988906741142273
-0.7763583064079285
-0.899010181427002
-0.9962107539176941
0.05077700316905975
-0.5661537051200867
-0.5165708661079407
-0.7385743856430054
-0.4552900791168213
-0.9308678507804871
-0.398948073387146
-0.03963926061987877
-0.9916196465492249
-0.7092998027801514
-0.36133870482444763
-0.5424554347991943
-0.43451303243637085
-0.9765563011169434
-0.7145475149154663
-0.707295835018158
-0.538226842880249
-0.9985886216163635
0.15013231337070465
-0.7426080703735352
-0.6623045802116394
-0.9168463349342346
-0.3679347634315491
-0.9099209308624268
-1.0082950592041016
-0.6511498689651489
-0.6257344484329224
-1.1608647108078003
-0.3203265964984894
-0.3962825536727905
-0.31150200963020325
-0.4309048652648926
-0.7950809001922607
-0.2793458104133606
-0.7764502167701721
-0.41900497674942017
-0.8049528002738953
-0.5060437321662903
-1.1604622602462769
-0.9112147092819214
-0.8363787531852722
-0.8361910581588745
-0.3976464569568634
-1.1357495784759521
-0.41475552320480347
-0.8155375123023987
-0.8317521214485168
-0.7664276361465454
-0.9331678152084351
-0.5583794116973877
-0.2054375261068344
-0.44847941398620605
-0.37827807664871216
-0.6134102940559387
-0.8181108236312866
-0.9001721143722534
-0.35423752665519714
0.5690593719482422
-0.8260204195976257
-0.38536933064460754
-0.8114141225814819
-0.16640552878379822
-0.6183526515960693
-1.1037113666534424
-0.9837487936019897
-0.7279402613639832
-0.24110722541809082
-1.1775935888290405
-0.12752029299736023
-0.7834071516990662
-0.486427903175354
-0.9116772413253784
-1.0803413391113281
-0.5251706838607788
-0.4897216558456421
-0.7462598085403442
-1.28341543674469
0.13252872228622437
-0.2654583752155304
-0.8721771240234375
0.21354155242443085
-0.8167971968650818
-0.17110759019851685
0.5551407933235168
-0.5421625375747681
-0.7461973428726196
-0.8436152935028076
-0.40642356872558594
0.23180536925792694
-0.6536599397659302
0.22430765628814697
-0.962888777256012
-0.3698402941226959
-0.6476842164993286
-0.39769813418388367
-0.791160523891449
-0.936090350151062
-0.6441904306411743
-0.679287850856781
0.3806181252002716
-1.0378895998001099
-1.0165104866027832
-0.7749703526496887
-1.0932639837265015
-0.17724426090717316
-0.6336444020271301
-0.0526333749294281
-0.06569058448076248
-0.5135719180107117
-0.571315586566925
-1.1266207695007324
-0.3174664378166199
-0.5669517517089844
-0.2639453113079071
-0.17845480144023895
-0.6255350112915039
-0.27835315465927124
-0.8922797441482544
-0.39347371459007263
-0.4739198684692383
-1.0296962261199951
-0.06660646200180054
-0.8966823220252991
0.13218991458415985
-0.1231701597571373
0.7040081024169922
-0.8701072335243225
-1.1548409461975098
-0.2337409257888794
-0.9900572896003723
-0.42277437448501587
-0.2730081379413605
-0.5963367819786072
0.1912887543439865
-0.33876320719718933
-0.03847673535346985
-0.9180928468704224
-0.1318984031677246
-1.0832481384277344
-0.9464025497436523
-0.2922624349594116
-0.3559326231479645
-0.31622394919395447
-0.49512043595314026
-0.3848603069782257
-1.1180936098098755
-1.383112907409668
-0.7254220247268677
-0.36643168330192566
-0.030455637723207474
-0.6708816885948181
-0.3075319826602936
-0.6381551027297974
-0.823479175567627
-0.9044893383979797
-0.6636399030685425
-0.2607966661453247
-0.9789100289344788
0.5590262413024902
0.4294191896915436
-0.0498259961605072
-0.22571779787540436
-0.161698117852211
-0.9182208776473999
-0.7807132601737976
0.2989788353443146
-0.42447373270988464
-0.14415320754051208
-0.14804406464099884
-0.8019400835037231
0.573523223400116
-0.30336254835128784
-0.5729208588600159
-0.6713036298751831
-0.10798951983451843
-0.08613736182451248
-0.07127400487661362
-1.1238123178482056
-0.6255781054496765
-0.630906879901886
-0.40218812227249146
0.3598051965236664
-0.41488388180732727
-0.7005716562271118
-0.6033660769462585
-0.597435474395752
-0.4254728853702545
-0.18082712590694427
0.3908485472202301
-0.7862762212753296
-0.8180804252624512
-0.564911425113678
-0.8352506160736084
-0.6408305764198303
-0.9157222509384155
-1.0367701053619385
-0.4016907215118408
-0.8372782468795776
-0.3912821114063263
-0.8616083264350891
-0.6588898301124573
-0.357815682888031
-0.9401792883872986
-0.7659962773323059
-0.28241997957229614
-0.7676987051963806
-0.49910980463027954
-0.7840404510498047
-1.1018010377883911
0.20992746949195862
-0.6546006202697754
-0.89637291431427
0.09633103013038635
0.040104907006025314
-0.9296801090240479
0.27777203917503357
0.647750735282898
0.5268151760101318
-1.0945656299591064
-0.6317314505577087
-0.5245481133460999
-0.744338870048523
-0.30475476384162903
0.17938825488090515
-1.00215482711792
-1.0749926567077637
-0.5144281387329102
-0.6323768496513367
-0.7161208391189575
-0.4595649838447571
0.0102416155859828
-0.592954158782959
-0.6624212265014648
-1.5543134212493896
-0.4924352169036865
-0.2650826871395111
-0.8232080936431885
0.054134219884872437
0.39218854904174805
-0.6634911298751831
-0.2499290257692337
-0.6747737526893616
-0.3059444725513458
-0.5718838572502136
-0.4910587966442108
-0.6653058528900146
-0.46299633383750916
-0.6531263589859009
0.07811206579208374
-0.6809490323066711
-1.352638602256775
-1.5796869993209839
-0.24459344148635864
-0.5997248291969299
-0.5777809619903564
-0.512729287147522
-0.5497716665267944
-0.7600291967391968
-0.5838540196418762
-0.14849121868610382
0.1301550269126892
-0.6730759143829346
-0.09641784429550171
-0.7908737063407898
-0.5436189770698547
-0.9694626331329346
-1.4259397983551025
-0.3779800236225128
-0.7004659175872803
0.08109509199857712
-1.1345616579055786
-0.8276814818382263
-0.8387137651443481
-0.2676084637641907
0.23891867697238922
-0.5591200590133667
-0.3227490484714508
-0.028582466766238213
-0.5395628809928894
-0.7987027168273926
-0.3189002573490143
-0.5327188372612
-0.2158070057630539
-0.5811783075332642
-0.38713476061820984
-0.5359553694725037
-0.5382875800132751
-0.770930826663971
-0.19484269618988037
-0.6367504000663757
-0.934201717376709
-0.7215486168861389
-0.37193548679351807
0.14755189418792725
-0.1342962682247162
-0.24781103432178497
-0.41250208020210266
-0.6464704275131226
-0.42555707693099976
-0.39000067114830017
-0.8942733407020569
-0.24367749691009521
-0.3062419593334198
-0.8082287311553955
-1.0616904497146606
-0.8975136876106262
0.42862260341644287
-1.1412005424499512
-0.38361862301826477
-0.9917087554931641
-0.6981883645057678
-0.3145129680633545
-0.18436914682388306
-0.9025392532348633
-0.6035604476928711
-0.7689116597175598
-0.005355330184102058
-0.41767728328704834
-0.45100778341293335
-0.9390096068382263
-1.2813221216201782
-0.5490955710411072
-0.6818130612373352
-0.9428232908248901
-0.7113316059112549
-0.5597538948059082
-0.3299657702445984
-0.2322121262550354
-0.9988963007926941
-0.6498270034790039
-0.8494647145271301
-0.6955121159553528
-0.897519052028656
-1.5936503410339355
-0.17850062251091003
-0.10414768010377884
-0.9854638576507568
-0.5992662310600281
-0.9040020704269409
-0.06584435701370239
-0.7456609606742859
-0.744963526725769
-0.7024282813072205
-0.8448758125305176
-0.4277689754962921
0.1108090728521347
-0.12194398045539856
0.25006338953971863
-0.3897424638271332
-0.7481275200843811
-0.5877856612205505
-1.00473952293396
-0.30110764503479004
-0.24969550967216492
-0.6250326037406921
-0.005334960762411356
0.7082422375679016
-0.1289561241865158
-0.32693883776664734
0.14084993302822113
-0.5192292332649231
-0.09877299517393112
-0.23531614243984222
-0.5617199540138245
0.06706211715936661
-0.9636291265487671
-0.8330050706863403
0.041228458285331726
-0.7803575992584229
-0.6115329265594482
-1.4235836267471313
-0.31092050671577454
-0.8484968543052673
0.018458116799592972
-1.2498112916946411
0.4854714870452881
-0.5458829402923584
-0.03874858841300011
-0.827089786529541
-0.8726590871810913
-0.43588870763778687
-1.0742510557174683
-0.9847193956375122
-1.4145705699920654
0.1415853649377823
0.2383674830198288
-0.4296315312385559
-1.013961672782898
-0.11810840666294098
-0.7331362366676331
-0.5616114139556885
-0.4925635755062103
-0.3834095895290375
-0.8962259292602539
-0.9544507265090942
-0.43858590722084045
-0.520275354385376
-0.42724624276161194
-0.681729793548584
-0.2195730209350586
-0.3658750653266907
-0.5237127542495728
-0.8274316191673279
-0.7194898724555969
-0.5591346621513367
-0.6813836693763733
-0.777463972568512
-0.7673086524009705
0.4237333834171295
-0.9473079442977905
-0.31151747703552246
-1.2897697687149048
-0.8695806860923767
-0.4753037989139557
-1.2647719383239746
-0.6314613819122314
-0.28024056553840637
-0.06932352483272552
-0.8305535316467285
-0.8883272409439087
-0.5332067608833313
-0.61457359790802
-0.006900799926370382
-0.3684374988079071
-1.0596710443496704
-0.2290303111076355
-0.9570393562316895
-0.7413901686668396
-0.44583913683891296
-0.9184195399284363
-0.8655250668525696
-0.7103537321090698
-0.9622352123260498
-0.012115014716982841
-0.5900887846946716
0.14124202728271484
-1.205944538116455
-0.7689818143844604
-0.5399090647697449
-0.7701968550682068
-0.6901023983955383
-0.6211479306221008
-0.2991061806678772
-1.045259714126587
-0.5988563895225525
-0.7572693824768066
-0.31804025173187256
-0.7943081855773926
-0.0412399061024189
-0.8699178099632263
-0.9978117346763611
-0.2803635001182556
-0.9283607006072998
-0.40977129340171814
-0.9674769639968872
0.17985831201076508
-1.1904231309890747
-0.5036532282829285
-0.9920287132263184
-1.021659016609192
-0.8248350620269775
-0.5975624918937683
-0.5629031658172607
-0.6690474152565002
-0.6239365339279175
-0.5115834474563599
-0.41072073578834534
-0.9961768984794617
-0.4787715971469879
-0.6305400133132935
-0.0378078818321228
-0.2210463285446167
-0.32811471819877625
-1.1066081523895264
-0.5281527638435364
-0.9434211850166321
-0.3433876633644104
-0.9686015844345093
0.540391743183136
-0.7093731164932251
-1.1455200910568237
-0.36944758892059326
-0.1960352510213852
-0.6360416412353516
-0.6084555387496948
-0.513854444026947
-0.7084307074546814
-0.2370215207338333
-0.5129618644714355
-0.5431644916534424
-0.4783547818660736
-0.3604224920272827
-0.8766307830810547
-0.5837355256080627
-0.9184130430221558
-0.07712110877037048
-0.9803590774536133
-1.0149682760238647
-0.46291375160217285
-0.6971050500869751
-0.3951420783996582
-0.6766594648361206
-0.7156670093536377
-0.0027575644198805094
-0.2976336181163788
-0.8039668798446655
-0.22043092548847198
-0.7904793620109558
-1.0075860023498535
-0.7107993364334106
-0.35001233220100403
-0.9368880391120911
-0.1291866898536682
0.4820142090320587
-0.29889971017837524
-0.41060176491737366
-0.30497732758522034
-0.40310701727867126
-0.5019619464874268
-0.8003948926925659
0.43731042742729187
-0.07543203234672546
-0.3071572184562683
-0.8570325970649719
-0.7876689434051514
-0.6245954632759094
-0.5223128199577332
-0.8649256229400635
-0.1741633266210556
-0.5285862684249878
0.07778418064117432
-0.8483049869537354
0.30988946557044983
-0.5473140478134155
0.4932905435562134
-0.5062481164932251
-0.4743087887763977
-0.5019100308418274
0.4361916780471802
-0.23643571138381958
-0.4079042375087738
-0.6757853627204895
-1.0395894050598145
-0.6913419365882874
-0.38256219029426575
-0.6915876269340515
-0.9790213108062744
-0.3662711977958679
-0.9650898575782776
-0.2569010555744171
0.07296297699213028
0.6577356457710266
-0.866816520690918
-0.6407127380371094
-0.8274438381195068
0.009124994277954102
-0.4565581679344177
-0.8172454833984375
0.341659814119339
-0.43373292684555054
0.5195952653884888
-0.6713852882385254
-0.6453366279602051
-0.538995623588562
-0.30282455682754517
-0.8340597748756409
0.36871159076690674
-0.8187175393104553
-0.36032432317733765
0.534138023853302
-0.6698189377784729
-0.4008330702781677
-0.7231913805007935
-0.5203624367713928
-0.8354633450508118
-0.34559276700019836
0.8657944202423096
-0.8438749313354492
-0.5115577578544617
-0.33350688219070435
-0.7485277056694031
-0.8285067677497864
-0.305340439081192
-0.04960786923766136
-0.20047517120838165
-0.513566792011261
-0.991767942905426
-0.7198168039321899
-0.6791291236877441
-1.0789672136306763
-0.8474794626235962
-0.4539940655231476
-0.4793843626976013
-0.3442898690700531
0.32098302245140076
-0.43645089864730835
-0.0661025270819664
-0.9275094270706177
-0.27477139234542847
-0.17627215385437012
-0.745759904384613
-0.1819276511669159
-0.4751577079296112
-0.624447226524353
-0.5948622226715088
-0.5450180768966675
-0.8175093531608582
-0.8549708724021912
-0.8711314797401428
-0.7991281151771545
-0.5527275204658508
-0.5633165240287781
-0.8848879337310791
-1.2459192276000977
0.046515993773937225
-0.9908105134963989
-0.18449370563030243
-0.3953791558742523
0.261569619178772
-0.7350437641143799
-0.5019121766090393
-0.31267449259757996
-0.1199750080704689
-0.5420359373092651
-0.03624310344457626
-0.8653863072395325
-0.6790482401847839
-0.6556512117385864
-0.273423969745636
-0.5883564352989197
-0.9710248708724976
-0.22289800643920898
-0.2627999186515808
-1.1579312086105347
-0.7275446057319641
-0.47699978947639465
0.025654204189777374
-0.18058334290981293
-0.6629415154457092
-0.2061968445777893
-0.3079250156879425
-0.46614280343055725
-0.7722140550613403
-0.8065131306648254
-0.35570377111434937
-0.41885679960250854
-0.30946481227874756
0.03184858337044716
-0.3675146996974945
-0.49206969141960144
-0.9366101026535034
-1.0136407613754272
-1.137483835220337
-0.8450110554695129
-1.0881277322769165
0.883965253829956
-0.49490809440612793
-0.2913798987865448
-0.6656671762466431
-0.4824622571468353
-0.27197375893592834
-0.4358150362968445
-0.3288223445415497
-0.40248560905456543
-0.674923300743103
-1.3492921590805054
-0.13448156416416168
-1.0963726043701172
-0.302341103553772
-0.3005380928516388
-0.7889506220817566
-0.5602555274963379
-0.5597135424613953
-0.4806927442550659
-0.7012160420417786
-0.8903031945228577
-0.7242669463157654
-0.6019258499145508
-0.04453680291771889
-0.20296907424926758
-0.22435396909713745
-0.7413870096206665
-0.4116283655166626
-0.8567982316017151
-0.8600544333457947
-0.4067709743976593
-1.114959955215454
-0.8437361121177673
-0.7029739022254944
-0.6794620752334595
-1.1736136674880981
-0.2766708731651306
-0.1723102629184723
0.0266503244638443
0.18356142938137054
-0.14884202182292938
-0.38880056142807007
-0.183785542845726
-0.5061353445053101
-0.5518426299095154
-0.9830932021141052
-0.9079016447067261
-0.908168613910675
-0.5395586490631104
-1.1204662322998047
-0.3142049014568329
-1.0503545999526978
-0.16147953271865845
-0.577537477016449
-0.5575125217437744
-0.38906311988830566
-0.3155447244644165
-0.16908687353134155
0.4067620038986206
-0.08222287148237228
-0.34213787317276
-0.5180631279945374
-0.8772778511047363
-0.034437138587236404
-0.6476466059684753
-0.660891592502594
-1.1730177402496338
0.6668107509613037
-0.8013395667076111
-0.4389050602912903
-0.9480535984039307
-0.42794832587242126
-0.8887029886245728
-1.4847521781921387
-0.2943013608455658
-1.1050053834915161
-1.1636455059051514
-0.752689003944397
-0.46573618054389954
-0.5786949992179871
-0.8208744525909424
-0.027026792988181114
-0.39202678203582764
-0.17786593735218048
0.20790746808052063
-0.7692017555236816
-0.8091368079185486
-0.5225986242294312
-1.0360541343688965
-0.9027242064476013
-0.31148964166641235
-0.5480769276618958
-0.5305508971214294
-0.6803016662597656
-1.1094226837158203
-0.4184935986995697
0.3537018597126007
-0.24137961864471436
-0.5988286137580872
-1.1046035289764404
-0.601617157459259
-1.065643310546875
-0.7411502003669739
-0.8931950330734253
-0.2622548043727875
-1.2498822212219238
-0.42903557419776917
-1.1003881692886353
-0.1863250881433487
-0.23346824944019318
-0.8571208715438843
-1.0369853973388672
-0.9985238909721375
-0.3342372477054596
-0.8982126116752625
-0.9197198748588562
-0.35384535789489746
-0.3579574227333069
-0.5029481053352356
-0.7968319058418274
0.29668128490448
-0.19246362149715424
-0.819998025894165
-0.8716894388198853
-0.3460600972175598
-0.3063541352748871
-0.5394833087921143
-0.9000813364982605
-1.122101068496704
-0.6009854078292847
-0.0018412899225950241
4.2713731090771034e-05
-0.26900848746299744
-0.3101101815700531
-0.3179852068424225
-0.016154281795024872
-0.7359337210655212
-0.23973673582077026
-0.8232041597366333
0.38514551520347595
-0.710396409034729
-1.2042999267578125
-0.4896659553050995
-0.5597760677337646
-0.9954938888549805
0.07641849666833878
-0.4455273747444153
-0.38495269417762756
-0.9769095182418823
-0.7167100310325623
-0.3830050230026245
-0.6414152383804321
-0.09410108625888824
-1.0453763008117676
-0.6172177791595459
-0.343356192111969
-0.8232775330543518
-0.2931589186191559
-0.2729935348033905
-0.2912020683288574
-0.5739145874977112
-0.8775091171264648
-1.1124329566955566
-0.5790162086486816
-0.32262298464775085
-1.1314672231674194
-0.909260630607605
0.6631177663803101
-0.6102855205535889
-1.003260612487793
-0.8020495772361755
-0.3023416996002197
-0.6534324884414673
-0.5431549549102783
-0.7531569600105286
-0.8385300636291504
-0.5392182469367981
-0.9559718370437622
-0.5705606937408447
-0.19585083425045013
-0.9693475365638733
-0.5680024027824402
-0.8966238498687744
-0.009137950837612152
-0.9774376749992371
-0.8974145650863647
-0.6749672889709473
-0.017317067831754684
0.012078186497092247
-0.2696110010147095
-0.531104326248169
-1.1995102167129517
-0.6433024406433105
-0.5863779187202454
-1.2952128648757935
-0.729698121547699
-0.5644900798797607
-0.6410059332847595
-0.06073720380663872
-0.6162388324737549
0.3901940584182739
0.04574127122759819
-0.5288708806037903
-0.4976917803287506
-0.27779895067214966
-0.9005757570266724
-1.149163842201233
-0.3959976136684418
-0.3136891722679138
-0.5335753560066223
0.23514243960380554
-0.37803271412849426
0.04459141194820404
-0.37176570296287537
0.2814132571220398
-1.213379144668579
-0.46701177954673767
-0.6811469197273254
-0.7294619679450989
-0.7049241065979004
-1.0702354907989502
-0.4322485625743866
-0.7203888297080994
-1.0063371658325195
-0.5602514147758484
0.07929401844739914
-0.3863663077354431
0.1897388994693756
-0.7877268195152283
-0.6334942579269409
-0.444597065448761
-0.5846686363220215
-1.049984335899353
-1.3441132307052612
-0.31986328959465027
-0.6822166442871094
-0.8759552836418152
-1.0448673963546753
-0.6604295372962952
-0.8700078129768372
-0.8812012076377869
-0.5255184769630432
-0.6252046823501587
-0.5912699103355408
-0.2543497681617737
0.1773151159286499
-0.2818128764629364
-1.279841423034668
-0.7654843330383301
-0.17922012507915497
-0.5764450430870056
-0.3705044388771057
-0.3537155091762543
-0.42830032110214233
-0.7132907509803772
-0.29849156737327576
-0.7125789523124695
-1.1063640117645264
-0.052638620138168335
-0.8207131624221802
-0.23963770270347595
-0.13664738833904266
-0.6375238299369812
-0.7509168982505798
-0.8154292106628418
-0.7597042918205261
-1.141750693321228
-0.5719682574272156
-0.6666731238365173
-0.1760420948266983
-0.6703802943229675
0.312901109457016
-1.2849825620651245
-0.6391224265098572
-0.762019693851471
-0.1485671103000641
-0.6431147456169128
-1.4237974882125854
-0.8220609426498413
0.03126685321331024
-0.8247305154800415
-0.4736611545085907
-0.09289198368787766
-0.746175229549408
0.10362157225608826
-0.5223429799079895
-0.2237101048231125
-0.6883736848831177
-0.6141819953918457
-0.5326225757598877
-0.7618419528007507
-1.0527608394622803
-0.7377896308898926
-0.449444442987442
-0.8036441802978516
-0.8018190264701843
-0.3947480320930481
-0.5066373348236084
-0.6975677609443665
-0.6039767265319824
-0.7813670039176941
-1.1855548620224
-0.801220178604126
-0.42775797843933105
-0.6385759711265564
-0.8536059856414795
-0.7936927080154419
-0.22185571491718292
-0.3439430594444275
-0.9048388600349426
0.34899473190307617
-0.15824413299560547
-0.6870840191841125
-0.37200579047203064
-0.9829432368278503
-0.08912774920463562
-1.0931771993637085
-0.5776851177215576
-0.8879501223564148
-0.9722565412521362
-0.6513906717300415
-0.5842952132225037
-0.49173712730407715
-0.7809963822364807
0.07606112957000732
-0.6026690006256104
-0.9710353016853333
-0.7476063370704651
0.26088982820510864
-0.3597356081008911
-0.8665245771408081
-0.64347904920578
0.3749885559082031
-0.20600642263889313
-0.860271155834198
0.28917592763900757
-0.559078574180603
-0.16590778529644012
-0.31303179264068604
-0.488008052110672
-1.280218482017517
-0.013973341323435307
-0.9129908680915833
-0.46119755506515503
-0.5959432721138
-1.7501684427261353
-0.8553748726844788
-0.5325303077697754
-0.5139638185501099
-0.21717311441898346
-0.7701603770256042
-0.6327017545700073
-0.8324325680732727
-0.6374039053916931
-0.0019350313814356923
-0.3631369173526764
-0.5597540140151978
-0.41486942768096924
-0.24700692296028137
-0.6634865403175354
-0.9967626333236694
-0.44356462359428406
0.04519592970609665
-0.46463102102279663
-1.3430187702178955
0.3392178416252136
-0.029811851680278778
-0.3659282922744751
-0.36596211791038513
-0.9517004489898682
-0.8522613048553467
-0.06036043167114258
-0.6075466871261597
-1.2122318744659424
-0.6285410523414612
-0.8144976496696472
-0.6552130579948425
-1.2207587957382202
-0.4589064121246338
-0.6096709370613098
-1.090832233428955
-0.7079495787620544
-0.812131941318512
-0.47550612688064575
-0.5651876926422119
-0.2789321839809418
-0.5849535465240479
0.2970985770225525
-0.16233907639980316
-0.5485023856163025
-0.7399365305900574
-0.5586856007575989
-0.8375310897827148
-0.8757261633872986
-0.9919248223304749
-0.8884906768798828
-0.848064124584198
-1.0703952312469482
-0.45003199577331543
-0.3819466829299927
-0.4190341532230377
-0.9580186605453491
-0.38608884811401367
-0.6680606603622437
-0.8517888188362122
-0.5832903385162354
-0.04363803192973137
-1.0846720933914185
-0.7300050258636475
-0.060866549611091614
-0.45985954999923706
-0.27976635098457336
-0.766261100769043
-0.2434348165988922
-0.03290620818734169
-0.7796344757080078
-0.5974929928779602
-1.0003306865692139
-0.6090699434280396
-0.7499789595603943
-1.0428522825241089
-0.5586071610450745
0.44803687930107117
-0.3207344710826874
-0.6204944849014282
0.504834771156311
0.3834267258644104
-0.4464617073535919
-0.6689258813858032
-0.43283963203430176
-0.36890891194343567
-0.5003579258918762
0.6775136590003967
-0.8099745512008667
-0.1228310614824295
