7.960422954056412e-05
-0.11452686041593552
0.044059090316295624
-0.0035651852376759052
-0.009777688421308994
-0.12828730046749115
-0.00212792563252151
-0.05979376658797264
-0.08030171692371368
-0.10867080837488174
-0.06886905431747437
0.0012663161614909768
-0.1036393791437149
-0.08528105169534683
0.00029809057014063
0.005680957343429327
-0.06921423971652985
-0.0628112405538559
-0.1006224974989891
-0.08921153098344803
-0.03260260075330734
-0.0014574658125638962
0.02447247877717018
0.002690810477361083
-0.004608291666954756
0.008537853136658669
-0.08814394474029541
-0.04572978615760803
-0.0037858858704566956
0.027702949941158295
-0.09527338296175003
-0.0238001961261034
-0.11041928827762604
0.03535179793834686
0.00031162070808932185
-0.0870218500494957
-0.06474575400352478
-0.051310665905475616
-0.00921693630516529
-0.010362738743424416
-0.0523134209215641
-0.10940776765346527
-0.006427119020372629
0.0016987747512757778
0.0022725786548107862
-0.01349298469722271
-0.08539537340402603
0.00013549304276239127
-0.002292356686666608
-0.055507857352495193
-0.06602682918310165
0.0018977948930114508
0.002213971922174096
-0.09653742611408234
-0.0810059905052185
-0.0940147191286087
-0.004492224659770727
0.18049298226833344
-0.020230239257216454
-0.07767728716135025
0.10232675820589066
-0.01200619712471962
-0.0006814328953623772
0.03379069268703461
-0.0913378894329071
-0.03939118608832359
-0.1104203537106514
-0.10778604447841644
-0.0011099959956482053
0.05305585265159607
-0.05331335589289665
-0.00413370318710804
0.0076616001315414906
-0.062318675220012665
-0.058503974229097366
-0.11148294061422348
-0.0015236522303894162
-0.07616795599460602
-0.013424001634120941
-0.08750864118337631
0.047609593719244
-0.006158896256238222
-0.09642809629440308
-0.028272325173020363
0.0008298321045003831
-0.09077335894107819
-0.06298904865980148
-0.030699558556079865
0.013789236545562744
-0.12189340591430664
-0.058762386441230774
0.0050810850225389
0.0004087798297405243
0.014832302927970886
-0.08902239054441452
-0.02393871732056141
-0.09631724655628204
-0.003784582018852234
-0.11319286376237869
-0.0584876611828804
0.049970123916864395
-0.093885138630867
-0.08595345914363861
0.07463548332452774
-0.00019974826136603951
-0.09052470326423645
0.005243759602308273
-0.08673777431249619
-0.07611595094203949
-0.00451908353716135
-0.09034819900989532
-0.003000010270625353
0.09333091974258423
-0.09294281154870987
-0.008653420023620129
-0.0554521344602108
0.003533941460773349
-0.10294009745121002
0.00022519828053191304
-0.24614760279655457
-0.0621965192258358
8.189769141608849e-05
-0.0815395712852478
0.005270067602396011
0.08794773370027542
-0.09128785878419876
-0.03297184780240059
-0.007524167653173208
-0.014355194754898548
-0.023988012224435806
0.014981099404394627
-0.006067719776183367
0.018923677504062653
-0.01397416740655899
0.016916505992412567
-0.0021794906351715326
-0.12902696430683136
-0.029220256954431534
-0.08535334467887878
-0.03095640055835247
0.33658409118652344
-0.11210022866725922
-0.04662516713142395
-0.08055029809474945
-0.07608866691589355
-0.06319540739059448
0.010439930483698845
-0.07339351624250412
-0.12273620069026947
0.013764054514467716
-0.09622909128665924
-0.09298637509346008
-0.0039051093626767397
0.015055183321237564
-0.002896273275837302
0.006307296920567751
-0.03605235740542412
-0.09341642260551453
-0.09367457032203674
-0.09521271288394928
0.005776256322860718
-0.09494109451770782
-0.07066799700260162
-0.03079955466091633
-0.09578759968280792
-0.08398774266242981
0.00046022163587622344
0.025518931448459625
-0.14782311022281647
0.19485682249069214
0.0014907852746546268
-0.07997263967990875
-0.10313811898231506
-0.04579261690378189
-0.11524491012096405
0.05761301517486572
-0.014773690141737461
0.026836160570383072
-0.07740248739719391
-0.07690217345952988
-0.05731106922030449
-0.05236536264419556
-0.09454993158578873
-0.004789567086845636
-0.060915812849998474
0.0022262439597398043
-0.002869806718081236
-0.2175755351781845
0.02177484706044197
-0.009756018407642841
-0.01781054586172104
-0.08300577849149704
-0.015363062731921673
-0.0019110648427158594
-0.09507270157337189
-0.34082087874412537
0.0054647657088935375
-0.01353010255843401
-0.08655772358179092
-0.05248212814331055
-0.04238234832882881
-0.08301839232444763
-0.000712525739800185
-0.0007553112809546292
0.010288852266967297
-0.06294175982475281
0.009824879467487335
-0.06603232771158218
-0.0694335475564003
0.0012410449562594295
-0.00425427220761776
-0.019717365503311157
-0.12123764306306839
-0.07102332264184952
-0.06632399559020996
-0.006122782360762358
-0.09168681502342224
-0.0038703226018697023
-0.06620774418115616
-0.07939226180315018
-0.0056719048880040646
-0.02318170852959156
-0.001294547226279974
-0.04272924363613129
-0.00023331779811996967
-0.08212403208017349
-0.08774469047784805
-0.20404492318630219
-0.00315385521389544
0.004100966267287731
0.09695455431938171
-0.11680136620998383
-0.6630471348762512
0.005838796030730009
-0.10134261101484299
-0.09226658940315247
-0.0022230723407119513
-0.07160990685224533
-0.0036617896985262632
-0.10572917014360428
-0.09327612817287445
-0.00587809830904007
-0.011837276630103588
-0.10049879550933838
-0.00282216421328485
-0.0857105478644371
-0.002092842711135745
0.01440236996859312
-0.04704464599490166
0.0048401327803730965
-0.06557842344045639
0.004374934360384941
-0.018736986443400383
-0.06019187346100807
-0.10462652891874313
-0.11405289173126221
-0.09075155854225159
-0.07573285698890686
-0.07346569746732712
-0.04488020017743111
-0.00034714009962044656
-0.07047104090452194
-0.0935695692896843
-0.07919517904520035
0.04069160297513008
0.0240628644824028
-0.019836360588669777
0.0012715172488242388
-0.0016260221600532532
-0.1098533496260643
-0.1009889543056488
-0.032995034009218216
-0.0667019784450531
-0.09689422696828842
-0.04308614507317543
-0.23391789197921753
-0.03285151347517967
-0.08583115041255951
-0.041658349335193634
-0.05561946704983711
-0.1179153248667717
-0.015109607949852943
0.0004894650191999972
-0.07023438066244125
0.009736469946801662
-0.0499800406396389
0.0014232340035960078
-0.08250678330659866
-0.054668448865413666
-0.031084539368748665
-0.0749116837978363
0.07466968148946762
0.027224186807870865
-0.012925075367093086
-0.09761902689933777
-0.08467379212379456
-0.02821725234389305
0.03037245012819767
-0.07979395985603333
-0.0006220470531843603
-0.29952001571655273
-0.09616708755493164
-0.015014353208243847
-0.10125795751810074
-0.005239307414740324
0.1714792549610138
-0.10800676047801971
-0.0030997104477137327
-0.09737323969602585
-0.06332138925790787
-0.1394553780555725
-0.034254882484674454
-0.08767111599445343
-0.08309544622898102
-0.017774177715182304
-0.037627365440130234
0.05974554643034935
-0.0003221761144232005
-0.05248875170946121
-0.10186687111854553
-0.06961149722337723
0.31311994791030884
-0.04323025792837143
-0.09250295162200928
-0.021240202710032463
-0.08805727958679199
-0.13533255457878113
0.007520438637584448
0.03979248180985451
-0.023962564766407013
0.03293009474873543
-0.05225488170981407
-0.07986794412136078
-0.0996687263250351
-0.09929179400205612
0.12265985459089279
-0.21236713230609894
0.011338353157043457
-0.02504178322851658
0.0399990975856781
0.002662687562406063
-0.07557330280542374
-0.01655207946896553
0.026324016973376274
0.0015984558267518878
0.13990698754787445
-0.019403014332056046
-0.0025755264796316624
-0.017396708950400352
-0.006915549747645855
-0.002305431291460991
0.04421157017350197
-0.07533152401447296
-0.06196964159607887
-0.0030253150034695864
-0.2591833174228668
-0.0001909411366796121
-0.03050503320991993
0.0024285921826958656
0.0946669653058052
0.07782839238643646
0.1204964742064476
-0.059745293110609055
-0.0020175764802843332
-0.04549321532249451
-0.09276160597801208
-0.0799713283777237
-0.10334284603595734
-0.40515896677970886
-0.05289506912231445
0.07559449970722198
-0.031192518770694733
-0.04710924252867699
-0.028476396575570107
0.011466034688055515
-0.10476159304380417
0.004257669672369957
-0.05400813743472099
-0.02523745223879814
0.013236306607723236
0.011281493119895458
-0.09679088741540909
-0.034290459007024765
0.02270490676164627
-0.08929546177387238
-0.028097163885831833
-0.0010018704924732447
-0.08740327507257462
-0.0012334662023931742
0.0009373247157782316
-0.1019725650548935
-0.0873757153749466
-0.09702528268098831
-0.018598385155200958
-0.08788758516311646
-0.08222799003124237
-0.05457812175154686
0.0019237046362832189
-0.11507523059844971
0.3373166024684906
0.02320900373160839
-0.49492913484573364
-0.08405520021915436
-0.08327678591012955
-0.09384793043136597
-0.11279594153165817
0.019024526700377464
-0.08733996003866196
-0.005599137395620346
0.005907309707254171
0.0002653921546880156
-0.045337747782468796
-0.10785790532827377
-0.06363147497177124
0.00029087718576192856
0.0042222472839057446
-0.10275772213935852
-0.07258760184049606
-0.35931745171546936
0.0004393249982967973
-0.0038934703916311264
-0.01506725698709488
-0.2446148693561554
0.08821308612823486
-0.03556302562355995
-0.05046534910798073
0.024654066190123558
-0.022460561245679855
-0.0015115444548428059
-0.0009101495961658657
-0.09443987905979156
-0.006426243111491203
-0.0944802537560463
3.846049730782397e-05
-0.08652521669864655
-0.3330899477005005
-0.01902615837752819
-0.009248146787285805
-0.03850053250789642
0.0012151777045801282
-0.08172924071550369
-0.039460305124521255
-0.10303840786218643
-0.09695496410131454
-0.09086436778306961
-0.09500966966152191
-0.23798143863677979
-0.03724372759461403
0.01858052797615528
-0.11756940186023712
-0.06962401419878006
-0.053280219435691833
0.06777781993150711
-0.0014399985084310174
0.0011167662451043725
-0.08524219691753387
-0.022584671154618263
0.0031961267814040184
-0.07472968846559525
-0.002313230885192752
-0.03658059984445572
-0.00021296793420333415
-0.009063667617738247
-0.011613483540713787
-0.04399849474430084
-0.07057490199804306
0.014034705236554146
-0.06280539929866791
-0.06451267749071121
-0.10633596032857895
-0.10837499052286148
0.12652061879634857
-0.09209265559911728
-0.08395412564277649
-0.0893307477235794
-0.08769063651561737
-0.04732254892587662
-0.04663437232375145
-0.1535419374704361
0.0762682631611824
0.039219509810209274
-0.09682373702526093
-0.08128032833337784
0.0007140315137803555
-0.00036725139943882823
0.18307572603225708
-0.0950121134519577
0.01327674463391304
-0.09910815954208374
-0.10595069080591202
0.10102487355470657
-0.04925122484564781
0.017095625400543213
-0.09891350567340851
-0.10047148168087006
0.06120879203081131
-0.040788453072309494
-0.0157978106290102
-0.06549996882677078
-0.009041909128427505
-0.058672282844781876
-0.0013070653658360243
0.0024953975807875395
-0.0038656576070934534
-0.0071118976920843124
-0.02690187469124794
-0.036990754306316376
-0.011253026314079762
-0.0018975678831338882
-0.09402924031019211
-0.0364103689789772
-0.07976584136486053
-0.013240553438663483
0.0009274301119148731
-0.08191771805286407
0.07303116470575333
-0.07456064224243164
-0.0437762588262558
-0.09748981893062592
-0.09514089673757553
-0.05760583281517029
-0.05348101630806923
-0.0852016806602478
-0.06933554261922836
-0.06054557487368584
-0.08576151728630066
-0.042673103511333466
-0.07061748206615448
-0.10108749568462372
-0.08673322945833206
0.02412205934524536
-0.03964793309569359
-0.003329444443807006
-0.1062697321176529
-0.0007453091093339026
-0.12028765678405762
-0.005651731975376606
-0.1096021756529808
-0.0013527761911973357
-0.08037789911031723
-0.17939062416553497
-0.0826805830001831
-0.10022131353616714
-0.004529240075498819
0.03702283278107643
-0.07941317558288574
-0.08095462620258331
0.11009281128644943
-0.08651797473430634
-0.0881398394703865
-0.0458986796438694
0.08366380631923676
0.0001414147554896772
-0.08251937478780746
-0.08363799005746841
-0.01829923503100872
-0.09990880638360977
-0.0029494306072592735
-0.07067756354808807
-0.014221074990928173
-0.0925973430275917
-0.10358916968107224
5.569683708017692e-05
-0.10148871690034866
-0.07038699835538864
-0.004987689666450024
0.006407581735402346
-0.02507464401423931
-0.07085447013378143
-0.020811447873711586
-0.09980283677577972
-0.044408321380615234
-0.07917742431163788
-0.01759529672563076
-0.0036110165528953075
-0.04228649288415909
-0.055159591138362885
-0.100826695561409
-0.0036197430454194546
0.0012519325828179717
0.007162497378885746
-0.09526915848255157
0.05783626064658165
-0.0028382637538015842
0.0042815012857317924
-0.11380447447299957
0.033875174820423126
-0.04121716320514679
-0.078645721077919
-0.115949347615242
0.005294977221637964
-0.02589770220220089
-0.011056008748710155
-0.09309154748916626
-0.14464983344078064
0.041758980602025986
-0.031961362808942795
0.005718143191188574
-0.04123620688915253
-0.1144837811589241
-0.13381120562553406
0.07443917542695999
-0.0959806889295578
-0.018455663695931435
-0.03948459029197693
-0.08469097316265106
-0.03246048837900162
-0.004623841028660536
-0.07826180011034012
-0.10329119861125946
-0.09932870417833328
0.05633684992790222
-0.001909096259623766
-0.53251051902771
-0.08674561232328415
-0.0030115472618490458
-0.09009013324975967
-0.0020829110872000456
-0.024993497878313065
-0.11344581097364426
-0.07060826569795609
-0.08429660648107529
-0.0069551244378089905
-0.10210377722978592
-0.08877447247505188
-0.02232755720615387
0.009428508579730988
0.01500029768794775
-0.06467118859291077
-0.10573135316371918
-0.00328286224976182
-0.03236406669020653
-0.09511850029230118
0.0004983338294550776
-0.06886496394872665
-0.056655410677194595
-0.0004469907726161182
-0.005190262105315924
-0.05617166683077812
-0.13783349096775055
-0.06112302467226982
-0.01570337638258934
0.01683916710317135
-0.10418307781219482
-0.027446195483207703
0.004163731355220079
0.009790687821805477
-0.09407800436019897
-0.09013617038726807
-0.09393737465143204
-0.21052834391593933
-0.08819183707237244
-0.02447289228439331
-0.1061849445104599
-0.08363650739192963
-0.08155100047588348
-0.0788060799241066
0.036702122539281845
0.2180609107017517
-0.006886443588882685
-0.038437243551015854
-0.3405604064464569
-0.017463793978095055
-0.007343280594795942
-0.07578621059656143
-0.09195897728204727
0.001012495718896389
0.0015052920207381248
-0.051416851580142975
-0.020932329818606377
-0.06682895123958588
0.001761675113812089
0.002636515535414219
-0.03755209594964981
-0.10456834733486176
-0.07218760251998901
-0.03602517023682594
-0.07304342836141586
0.00015743474068585783
-0.00746795954182744
-0.16564543545246124
-0.09660932421684265
-0.009060022421181202
0.02604381926357746
-0.00012962346954736859
-0.056896839290857315
-0.39807718992233276
-0.017781494185328484
-0.046126849949359894
-0.07813429832458496
-0.0003858228446915746
-0.04332811012864113
-0.08796357363462448
-0.004079448990523815
-0.0011067105224356055
-0.005734974052757025
0.1387731283903122
-0.08635825663805008
-0.03181681036949158
-0.002097995486110449
-0.0325392410159111
-0.018747322261333466
-0.006546937394887209
-0.0023536791559308767
-0.05183127894997597
-0.09498514980077744
-0.08354705572128296
-0.002193848602473736
-0.012788916938006878
-0.10210510343313217
-0.10189982503652573
-0.04833679273724556
-0.019532568752765656
-0.09215174615383148
0.2008238583803177
-0.06410655379295349
-0.018917016685009003
-0.545820415019989
-0.029422577470541
0.00947822816669941
-0.07895512878894806
-0.005868854001164436
-0.0002569942153058946
-0.02910086326301098
-0.018284916877746582
-0.0019163824617862701
-0.06420388072729111
-0.0897740051150322
-0.01974690891802311
0.007054049987345934
-0.0018213356379419565
0.015172159299254417
-0.06753752380609512
-0.00895305722951889
-0.08744604140520096
-0.05269542708992958
-0.06164666265249252
-0.08971182256937027
0.007537552621215582
-0.10711849480867386
-0.10334603488445282
0.08117438107728958
0.009566215798258781
-0.09098830074071884
-0.06815006583929062
-0.09143045544624329
-0.10053655505180359
0.01963232085108757
0.0510747954249382
0.01703569106757641
-0.005153330974280834
-0.0021174494177103043
-0.11513926833868027
-0.0029145253356546164
-0.0019578831270337105
-0.13266365230083466
-0.00595281645655632
-0.000913690309971571
0.001713025150820613
-0.0019416643772274256
-0.03585804998874664
-0.056404486298561096
-0.06694433093070984
0.06572693586349487
0.003866075072437525
-0.09307325631380081
-0.0870053619146347
-0.04878756403923035
-0.039384085685014725
-0.006891846191138029
-0.006321886088699102
-0.008884935639798641
0.024858303368091583
-0.0012301862007007003
0.0010622101835906506
-0.06108875572681427
-0.0478581078350544
0.10851084440946579
-0.008794362656772137
-0.10745655000209808
0.011647284962236881
-0.1042373776435852
-0.05437790974974632
0.02723780833184719
-0.09942875057458878
-0.11149047315120697
-0.08358675241470337
-0.015260929241776466
-0.017849769443273544
-0.011959223076701164
-0.10507126897573471
0.0167301706969738
-0.0794537141919136
-0.03158280625939369
-0.01697244867682457
-0.023639410734176636
-0.10345033556222916
0.00428202236071229
0.02894304320216179
0.010245953686535358
-0.0026397667825222015
-0.045571696013212204
-0.10473425686359406
0.02606324851512909
-0.043522998690605164
-0.029268778860569
-0.09003855288028717
-0.024071184918284416
0.005123524460941553
0.00547326635569334
-0.007949666120111942
-0.10758547484874725
-0.0009695868357084692
0.058818791061639786
0.00042647970258258283
0.023555375635623932
-0.10959725826978683
-0.09631457924842834
-0.05129428207874298
-0.02901526540517807
-0.08845286071300507
-0.017999231815338135
-0.08834890276193619
-0.001849185093306005
-0.051812101155519485
-0.0012421171413734555
0.005615237634629011
-0.0748596340417862
-0.08708196133375168
-0.05437884107232094
0.0032290813978761435
0.018775399774312973
0.019763227552175522
0.001019663061015308
-0.014817463234066963
0.0007425628136843443
-0.09911192953586578
0.0010496737668290734
-0.0015303761465474963
-0.06090628355741501
-0.04171803593635559
-0.0009016079129651189
-0.042837776243686676
-0.07120856642723083
-0.09235025197267532
-0.1207253709435463
-0.06847812980413437
-0.08178181201219559
-0.0024757820647209883
-0.1481965035200119
0.0008666908252052963
-0.0018075937405228615
0.0008188481442630291
-0.09744130820035934
-0.020616209134459496
-0.07737132906913757
0.08362170308828354
-0.018788764253258705
-0.09907274693250656
-0.0009429794736206532
-0.09872550517320633
-0.07346650958061218
0.02041810192167759
-0.11114048212766647
-0.00027882441645488143
-0.05599786341190338
-0.06910033524036407
0.03142867609858513
-0.07611466944217682
0.008012124337255955
-0.08711550384759903
-0.07849738001823425
-0.002019623527303338
-0.027192411944270134
-0.004185674246400595
-0.06118403375148773
0.0008651884272694588
-0.033306870609521866
-0.08284205943346024
-0.07629173249006271
-0.07439757883548737
2.643449442985002e-05
-0.06961607933044434
-0.09427525848150253
-0.12886449694633484
0.005494386423379183
-0.09762246161699295
-0.03069595992565155
0.00021030551579315215
-0.03188701346516609
-0.0894199013710022
-0.09220674633979797
-0.026697251945734024
0.009690911509096622
-0.10722550004720688
-0.0012479053111746907
-0.12351933866739273
-0.1063975915312767
-0.08105705678462982
-0.0996713936328888
-0.1503182053565979
-0.08770621567964554
-0.09021108597517014
-0.04546745866537094
-0.002951981732621789
-9.022520680446178e-05
0.0013840761967003345
-4.626699956133962e-05
-0.09788110852241516
-0.06243981793522835
0.5786698460578918
-0.03212042525410652
-0.09152352064847946
-0.015042927116155624
-0.05569154769182205
0.08075994998216629
-0.10926315933465958
-0.08225956559181213
-0.009712708182632923
-0.07131559401750565
0.013691824860870838
0.00473829684779048
-0.04082133248448372
-0.10903099179267883
-0.10162434726953506
-0.1008002758026123
-0.10529055446386337
-0.08735725283622742
-0.10281483083963394
-0.3529646396636963
-0.07535124570131302
-0.03906339779496193
-0.1003837138414383
0.011880663223564625
-0.07665295898914337
-0.10160654783248901
-0.07307351380586624
-0.08873280137777328
0.01502436026930809
-0.09443897008895874
-0.003980908542871475
0.0006733795162290335
0.014062127098441124
-0.058463603258132935
-0.12940701842308044
-0.07602082937955856
-0.022531695663928986
-0.03430958837270737
-0.12072358280420303
0.019744664430618286
-0.09256415069103241
-0.04808909073472023
-0.0762399360537529
-0.05591883137822151
-0.09293241798877716
-0.07628747075796127
-0.09890149533748627
-0.07559257000684738
-0.028952520340681076
-0.0017240152228623629
-0.08225708454847336
-0.10445687174797058
0.005750785581767559
-0.011224969290196896
-0.06905237585306168
-0.051673032343387604
0.011297110468149185
-0.007503424771130085
-0.03595827519893646
-0.018430480733513832
-0.5370155572891235
-0.08776865899562836
-0.022331086918711662
-0.01443040557205677
0.26283764839172363
-0.04104796424508095
-0.05586313456296921
0.08045895397663116
0.0011485784780234098
-0.00012712777242995799
-0.08646935969591141
-0.02004900947213173
-0.09983833879232407
-0.06522355228662491
-0.07175527513027191
-0.09815075993537903
-0.0434548519551754
-0.06265004724264145
-0.06182901933789253
-0.10820125788450241
-0.08513662219047546
-0.089108407497406
-0.08819570392370224
0.03564377501606941
-0.06108544021844864
-0.08238785713911057
0.10661149770021439
-0.021647978574037552
0.025485146790742874
0.059945352375507355
-0.0745471864938736
-0.19852344691753387
-0.01766255497932434
0.08536870032548904
0.013859761878848076
0.106565922498703
-0.07759634405374527
-0.08962899446487427
-0.0751182958483696
-0.08482548594474792
-0.034728746861219406
-0.06940708309412003
-0.013938644900918007
-0.002238106681033969
-0.05286358669400215
-0.08309198915958405
0.17723670601844788
-0.09712968021631241
0.015536300837993622
-0.08720812201499939
-0.00039373704930767417
-0.041303690522909164
-0.1198858991265297
-0.003519916906952858
-0.03796647489070892
0.04433486983180046
-0.047342199832201004
-0.09325007349252701
-0.0036293703597038984
-0.07857497036457062
-0.18724079430103302
-0.09276220947504044
0.001212263130582869
-0.09416719526052475
-0.07712535560131073
-0.0009434930398128927
-0.09843216836452484
-0.0849665105342865
-0.00012062736641382799
0.001281147007830441
-0.0008913503843359649
-0.12229321151971817
-0.08944699168205261
-0.09603061527013779
0.0003821997670456767
-0.006826585624366999
-0.09585455060005188
-0.10185441374778748
0.01115238294005394
-0.038236167281866074
-0.18749582767486572
-0.08527257293462753
0.06289773434400558
-0.09506115317344666
-0.16422873735427856
-0.0008675949648022652
-0.009175797924399376
-0.09205932915210724
-0.13062399625778198
-0.008937453851103783
-0.09797123819589615
-0.10134816914796829
-0.020180024206638336
0.17216268181800842
0.015927106142044067
0.0003897661517839879
-0.01070947851985693
-0.09924343973398209
-0.0789656862616539
-0.08741837739944458
-0.04911123216152191
-0.0791478306055069
-0.11511692404747009
-0.00406216224655509
-0.00454348511993885
-0.006919412408024073
0.1762702614068985
-0.02658524364233017
-0.033069539815187454
-0.08505306392908096
-0.04451176896691322
-0.10316956788301468
-0.056064803153276443
-0.051278579980134964
0.19799642264842987
-0.06038385629653931
-0.08696851879358292
-0.014808859676122665
0.0018468541093170643
0.04568003490567207
0.0947241559624672
-0.09799613803625107
0.03178546577692032
-0.0001675760722719133
-0.10812611132860184
0.10774777084589005
-0.08521563559770584
-0.058652181178331375
0.0023261436726897955
-0.08896536380052567
-0.04001154378056526
-0.011508003808557987
-0.008630627766251564
-0.0891677588224411
0.07299543917179108
-0.005404505413025618
-0.09663469344377518
-0.04567398503422737
-0.020442524924874306
-0.083685003221035
-0.07679127156734467
-0.07349204272031784
0.0433025062084198
-0.03192891553044319
-0.0965399295091629
-0.029591763392090797
-0.04534166678786278
-0.08874814212322235
-0.05553421005606651
-0.0012279343791306019
-0.09371282160282135
-0.08253619819879532
-0.05430712178349495
-0.13100220263004303
-0.0928390622138977
-0.031382184475660324
-0.004452625755220652
-0.04446382075548172
-0.06316352635622025
-0.09331638365983963
-0.034734539687633514
-0.11758031696081161
-0.0573766864836216
-0.07265263050794601
-0.053326062858104706
-0.06519374251365662
-0.025831036269664764
0.030707301571965218
-0.10459030419588089
-0.18005062639713287
0.021341586485505104
-0.054586343467235565
-0.16503411531448364
-0.47297364473342896
-0.10625795274972916
-0.05218455195426941
-0.0008991830982267857
-0.004109624307602644
0.002646290697157383
0.025171663612127304
-0.08619309216737747
0.0025522029027342796
