1.6568200588226318
0.8187302350997925
1.931561827659607
1.9320764541625977
1.4801636934280396
1.1745284795761108
1.4202163219451904
1.6833176612854004
2.316887140274048
1.3066943883895874
2.4840383529663086
1.8382198810577393
0.8840745687484741
0.8622515201568604
1.179945707321167
1.208029866218567
0.7906992435455322
1.1073837280273438
2.076284408569336
1.6157792806625366
1.5885604619979858
1.6474146842956543
1.4638035297393799
1.9923168420791626
1.9330580234527588
1.63779616355896
1.843276858329773
1.3881351947784424
2.6608657836914062
1.1985735893249512
1.5034781694412231
1.4345672130584717
1.7073320150375366
2.3008968830108643
2.336906671524048
0.9565659165382385
1.0518391132354736
1.4785746335983276
2.307129144668579
0.9868128895759583
1.87461256980896
1.619043231010437
1.6634329557418823
1.2704813480377197
2.443350076675415
1.357021450996399
1.5103228092193604
1.3530654907226562
1.6933815479278564
1.7940564155578613
1.7219913005828857
1.7197872400283813
1.7555879354476929
1.3280107975006104
1.4770324230194092
1.011696219444275
1.8871679306030273
1.240187168121338
1.5585341453552246
0.7780852913856506
2.011024236679077
1.274134635925293
1.83181631565094
1.6752614974975586
1.0847102403640747
0.9870566725730896
0.7095288038253784
1.3560761213302612
1.9357976913452148
1.6193023920059204
1.5770213603973389
1.7564018964767456
2.109659433364868
1.273208737373352
1.4694291353225708
1.6255420446395874
1.574048399925232
0.9906433820724487
1.6789698600769043
1.6937025785446167
1.6664083003997803
1.6328880786895752
1.05014169216156
1.2674317359924316
1.760642170906067
0.7554588913917542
0.8212410807609558
1.2379413843154907
2.588322401046753
1.5223032236099243
1.2766534090042114
1.3273541927337646
1.9690988063812256
1.6900297403335571
0.9103975892066956
1.973318099975586
1.3159669637680054
1.8787740468978882
1.2809089422225952
1.3964322805404663
1.5115249156951904
1.14963960647583
1.5907753705978394
1.5794012546539307
1.9125009775161743
0.886845588684082
1.8165796995162964
1.0636028051376343
1.4799224138259888
1.2754714488983154
1.176660180091858
1.606341004371643
0.9741659164428711
1.8569014072418213
2.6425156593322754
0.8120582103729248
1.4436010122299194
1.125862717628479
2.168510675430298
2.770599126815796
1.433173656463623
1.7826087474822998
1.3573343753814697
2.030332565307617
1.7609610557556152
1.5525649785995483
2.1382107734680176
1.261439561843872
2.4435787200927734
1.2591660022735596
1.5964266061782837
1.7700350284576416
1.5451778173446655
1.3753160238265991
1.1295862197875977
2.096172332763672
1.4375711679458618
1.127118706703186
0.8275684714317322
2.0913119316101074
1.0861036777496338
1.2861852645874023
2.01733660697937
1.0857210159301758
1.8745954036712646
2.1921207904815674
1.3871604204177856
1.5705901384353638
1.1064784526824951
1.5887367725372314
1.9453508853912354
1.397355079650879
1.7342731952667236
1.595069169998169
2.195388078689575
1.3595541715621948
1.1678842306137085
0.9866942763328552
1.053930640220642
1.5789624452590942
1.1661158800125122
2.161904811859131
1.6656157970428467
0.8969372510910034
1.9260120391845703
1.833121657371521
1.85458505153656
1.4412232637405396
1.7440253496170044
1.922431468963623
1.4577149152755737
1.035915732383728
1.8049477338790894
1.2131998538970947
0.8177436590194702
1.2806907892227173
1.7544819116592407
1.9395753145217896
1.1421171426773071
0.7416306734085083
1.9308363199234009
1.4267991781234741
1.7728793621063232
2.148947238922119
0.9423037767410278
1.877657413482666
1.7594703435897827
2.6915392875671387
2.265249490737915
1.1596717834472656
2.026299238204956
2.057537317276001
1.238693118095398
1.221685528755188
1.3192318677902222
2.325864315032959
1.0786659717559814
1.5030676126480103
1.1228500604629517
2.020841121673584
1.3020097017288208
1.025730013847351
1.5658131837844849
1.9718389511108398
1.7079561948776245
1.278371810913086
2.624063014984131
1.9100812673568726
1.2766234874725342
2.613837718963623
1.660567045211792
1.4853854179382324
1.095963478088379
0.9734318852424622
1.2173113822937012
1.6224673986434937
1.4666975736618042
1.6378288269042969
1.831619381904602
1.9042189121246338
1.9326766729354858
1.5197635889053345
1.8040317296981812
1.8921148777008057
1.6549676656723022
1.035657525062561
1.4912668466567993
1.9449740648269653
2.199355125427246
1.8492512702941895
1.2502355575561523
1.402864694595337
2.6426925659179688
2.38020658493042
0.9494088888168335
0.8021177649497986
2.2928547859191895
1.8877147436141968
2.0662524700164795
1.0926350355148315
1.5591261386871338
1.3002580404281616
1.1668955087661743
2.4258196353912354
1.6335439682006836
1.0810030698776245
1.3356167078018188
2.1307055950164795
1.248071551322937
1.825319528579712
2.073073387145996
1.978323221206665
0.7020277380943298
1.5649796724319458
0.7144314646720886
2.5184099674224854
1.459671974182129
1.7925039529800415
1.2707648277282715
1.361028790473938
1.8560806512832642
1.3452039957046509
1.3997505903244019
1.1387430429458618
1.6020320653915405
1.164038896560669
1.8002101182937622
1.0499166250228882
1.1609410047531128
1.956863284111023
1.2155752182006836
1.8938443660736084
0.9055078625679016
1.453381896018982
1.6416680812835693
2.0940160751342773
1.9454119205474854
2.279362678527832
2.1899919509887695
2.067906618118286
1.554247498512268
1.323512315750122
1.9322309494018555
1.8461430072784424
2.6183791160583496
2.0875024795532227
1.691027045249939
1.0289493799209595
1.63839852809906
0.9170565605163574
1.194309949874878
0.8785285353660583
1.602877140045166
1.3308767080307007
1.7962080240249634
2.066922187805176
1.4620755910873413
2.737680196762085
0.9254405498504639
2.3049988746643066
2.0838801860809326
1.8649955987930298
1.8796988725662231
1.4125206470489502
2.594209671020508
1.5314785242080688
1.3546602725982666
1.608216404914856
1.2465238571166992
0.8866632580757141
1.570322036743164
0.7642510533332825
1.3828623294830322
2.064485549926758
1.774917483329773
1.0255441665649414
1.4604229927062988
1.929486632347107
2.2022502422332764
1.3734697103500366
1.142978310585022
1.2927985191345215
1.7285064458847046
1.8181875944137573
1.2887519598007202
1.0903236865997314
0.853117823600769
1.9952619075775146
1.0943633317947388
2.104255437850952
1.5333974361419678
1.489447832107544
1.4811947345733643
1.6997872591018677
0.9412236213684082
1.5569310188293457
2.2029683589935303
2.3311824798583984
1.2091856002807617
1.6518657207489014
1.550686001777649
1.2722853422164917
2.090341567993164
1.4770984649658203
1.7848414182662964
1.8544374704360962
1.6576672792434692
1.9168380498886108
1.8838410377502441
1.7040846347808838
2.039362668991089
1.5657999515533447
1.1755285263061523
1.6959213018417358
1.90084969997406
2.078176736831665
1.9970197677612305
0.6463319063186646
1.0487223863601685
1.4363045692443848
1.0941978693008423
2.0495553016662598
1.7695456743240356
1.8494210243225098
0.8599398732185364
1.4268156290054321
2.1908493041992188
1.7798676490783691
2.5097947120666504
1.3621232509613037
1.3313987255096436
2.4432590007781982
1.5595057010650635
1.2184770107269287
0.7495708465576172
1.2712855339050293
1.5314226150512695
1.6606130599975586
1.8107846975326538
1.0624619722366333
1.3286210298538208
1.9065234661102295
1.3961020708084106
1.2846248149871826
1.431384801864624
1.151572346687317
0.8664395213127136
1.6693470478057861
2.0175845623016357
1.8977229595184326
1.1983697414398193
2.037893772125244
1.3537722826004028
1.3171184062957764
1.9598760604858398
2.888697385787964
1.0390502214431763
1.2232695817947388
1.2561250925064087
1.2770438194274902
2.0011417865753174
2.418940305709839
1.5912305116653442
1.271849513053894
1.053123950958252
1.3876060247421265
1.8529629707336426
2.158914089202881
1.8612263202667236
2.4468982219696045
1.9296637773513794
1.2022590637207031
1.148858666419983
1.0460790395736694
2.083503007888794
1.8110501766204834
1.3383779525756836
1.7438993453979492
1.8106609582901
1.8926045894622803
1.5487152338027954
1.72689950466156
1.828758955001831
2.185486078262329
2.3536274433135986
0.988453209400177
1.89241361618042
1.1291602849960327
2.5358588695526123
2.101947784423828
0.9785844087600708
1.3055949211120605
2.1471729278564453
2.3496603965759277
0.6469959616661072
2.30389666557312
1.0619956254959106
2.5115115642547607
1.246957540512085
2.0066163539886475
1.4519340991973877
1.1951395273208618
1.1122584342956543
1.4242385625839233
2.385565996170044
1.8083707094192505
2.495689868927002
1.8428330421447754
1.5198308229446411
1.7549753189086914
2.3275933265686035
1.4417515993118286
2.9902944564819336
1.913159966468811
1.8059024810791016
1.5565532445907593
1.519601821899414
1.9433872699737549
1.1627600193023682
2.136660099029541
1.175231695175171
2.1634106636047363
2.1920413970947266
2.0702743530273438
0.8462357521057129
0.7898906469345093
1.678528904914856
1.3985495567321777
1.290094256401062
1.2253378629684448
2.322700023651123
1.9525153636932373
1.3274744749069214
1.2929418087005615
1.2538777589797974
0.8082320690155029
1.8327041864395142
1.61151123046875
2.192521333694458
1.1902339458465576
1.3872618675231934
1.1827678680419922
0.8932127356529236
1.9891918897628784
1.756571888923645
1.622334361076355
1.0867054462432861
1.6883959770202637
1.3148285150527954
1.2910373210906982
1.4440066814422607
1.6287643909454346
0.9428173303604126
1.3430489301681519
1.3446100950241089
2.113349437713623
1.6085615158081055
2.1645193099975586
1.955584168434143
2.092463731765747
1.2598530054092407
1.4449783563613892
1.5649832487106323
2.0071585178375244
2.171330213546753
1.2695504426956177
1.6633057594299316
1.2435325384140015
1.1053366661071777
1.5370516777038574
1.9058817625045776
1.4511874914169312
1.6688790321350098
1.8595070838928223
1.165015459060669
1.442629337310791
1.2112497091293335
2.142599105834961
1.978393316268921
0.8063173890113831
1.4380425214767456
0.8241302371025085
0.8127245903015137
0.9860584139823914
1.370693325996399
1.4506784677505493
1.6907641887664795
2.8747708797454834
0.9854018688201904
1.4560211896896362
1.7203181982040405
2.394928216934204
2.46816349029541
2.279940605163574
2.266110897064209
1.4576913118362427
1.6775085926055908
2.056464195251465
1.7986106872558594
1.058224081993103
2.288290023803711
1.3212612867355347
1.3730230331420898
1.973949909210205
1.2034276723861694
1.7094290256500244
1.627389669418335
2.0585999488830566
1.1493693590164185
1.5311847925186157
1.7851918935775757
1.9461218118667603
1.9045161008834839
1.0734833478927612
1.4354839324951172
1.1799249649047852
0.8287437558174133
1.8769904375076294
2.245405912399292
1.4268392324447632
0.6597410440444946
1.4364460706710815
1.6364332437515259
0.9938840270042419
1.2031404972076416
1.434809923171997
0.923529863357544
1.281264305114746
1.774330496788025
1.8077523708343506
1.7700718641281128
0.9110987186431885
0.9610089063644409
2.436525583267212
1.9481453895568848
2.0113766193389893
1.7055180072784424
0.9560366868972778
1.7721607685089111
1.613794207572937
0.5122516751289368
1.642147421836853
0.6364355683326721
2.0882821083068848
2.183365821838379
1.500810980796814
1.4972530603408813
1.329860806465149
1.0314881801605225
1.1446293592453003
1.645867109298706
1.3979216814041138
2.2715017795562744
1.1320310831069946
2.4789035320281982
1.610231876373291
0.5324040651321411
1.5656110048294067
1.1375625133514404
1.3628166913986206
2.3611438274383545
1.3438650369644165
1.1383142471313477
1.2607154846191406
1.657088279724121
1.0676963329315186
2.096144914627075
1.4948316812515259
1.1907868385314941
0.8003093004226685
1.8297795057296753
1.2940700054168701
2.1329469680786133
2.6301074028015137
0.7438863515853882
2.0354666709899902
0.8647443056106567
2.303199052810669
1.4350295066833496
1.6108028888702393
2.5911688804626465
1.648695945739746
1.9967952966690063
1.129122257232666
1.30645751953125
1.213784098625183
1.2772483825683594
1.3772867918014526
1.1381525993347168
1.4136409759521484
1.5677618980407715
2.0171077251434326
0.9334005117416382
2.060195207595825
1.452652931213379
1.2057313919067383
1.7729350328445435
1.3159761428833008
2.203885793685913
1.9182300567626953
1.0511674880981445
1.7839455604553223
2.1327130794525146
1.4678218364715576
1.3624693155288696
0.5820385217666626
1.344809651374817
1.206839919090271
1.0593090057373047
2.364959478378296
0.6481711268424988
1.332489013671875
1.3116164207458496
1.2719420194625854
1.0681438446044922
1.1558114290237427
2.250298500061035
1.4355640411376953
1.5393054485321045
1.3807926177978516
1.4652514457702637
2.1085801124572754
1.8425695896148682
1.4178705215454102
1.3373814821243286
1.1667927503585815
1.690529704093933
1.7151315212249756
2.038370370864868
1.2405530214309692
0.748380184173584
1.787595272064209
2.064929485321045
0.9661782383918762
1.265401005744934
0.9856499433517456
1.7717233896255493
1.477534532546997
1.584126353263855
1.9263583421707153
2.625875234603882
1.7943904399871826
1.2808159589767456
1.3280287981033325
1.9926953315734863
1.176550030708313
1.6740399599075317
0.9534348249435425
1.487068772315979
1.299262523651123
1.8963375091552734
1.5323333740234375
1.1439826488494873
1.2081663608551025
1.480275273323059
2.1135330200195312
1.0804505348205566
1.306005835533142
1.7280564308166504
1.6790649890899658
1.5757869482040405
1.4870529174804688
2.4676125049591064
2.000042676925659
1.0616532564163208
1.922550082206726
0.7187409996986389
1.8161015510559082
1.9278783798217773
2.606624126434326
0.7946552634239197
1.2400530576705933
1.593673825263977
1.4219666719436646
1.2664573192596436
2.1783368587493896
1.1797188520431519
2.694014549255371
2.27042818069458
1.1398282051086426
0.9294941425323486
1.3341115713119507
1.8843891620635986
1.714638352394104
1.4865390062332153
1.2864646911621094
1.7453932762145996
1.4568761587142944
1.451499342918396
1.8492891788482666
2.171766519546509
1.4094246625900269
1.736738920211792
1.5976793766021729
1.272571086883545
1.3880890607833862
1.6874135732650757
1.042357087135315
1.5033749341964722
0.9463316202163696
1.9691805839538574
2.517753839492798
1.4673717021942139
0.932258665561676
1.1254700422286987
1.5085433721542358
2.4034035205841064
1.8752814531326294
1.2619948387145996
2.563352346420288
1.412949562072754
1.934253215789795
1.9583791494369507
1.5465892553329468
1.8042941093444824
2.0737740993499756
2.366957664489746
2.131715774536133
1.7410753965377808
1.6312987804412842
1.1514947414398193
1.4125169515609741
0.9179297685623169
1.5985242128372192
1.3660616874694824
2.4873311519622803
0.8387406468391418
1.7008193731307983
2.0378682613372803
1.3257789611816406
1.8873693943023682
1.5264344215393066
1.8892587423324585
1.784020185470581
1.6911379098892212
2.027702569961548
1.6280884742736816
2.376584529876709
1.462915062904358
1.3947943449020386
1.6117788553237915
1.1492258310317993
0.7560402750968933
1.1455918550491333
2.587845802307129
1.5504274368286133
1.9072357416152954
1.2584245204925537
1.3659974336624146
1.3514277935028076
2.686002254486084
1.7495089769363403
1.6161073446273804
1.2825686931610107
0.9227762222290039
1.5524309873580933
0.9809187650680542
1.3058595657348633
2.296586751937866
1.1187711954116821
2.4909603595733643
2.210571050643921
1.4973629713058472
1.2140543460845947
1.4705255031585693
1.706852674484253
1.002136468887329
1.332260251045227
1.541436791419983
2.3780879974365234
1.5359859466552734
1.309748888015747
1.748915195465088
2.8372645378112793
1.5621861219406128
1.3320972919464111
1.4702208042144775
1.5620092153549194
1.1387275457382202
1.5698894262313843
1.3054594993591309
2.2516794204711914
2.034468650817871
1.9782655239105225
0.9913532137870789
2.0372695922851562
1.4539614915847778
1.4658817052841187
2.1930489540100098
1.394146203994751
1.6029351949691772
1.4628984928131104
1.4290132522583008
2.0569751262664795
1.9139230251312256
2.1937742233276367
1.2514108419418335
2.102903127670288
1.9151118993759155
1.3791505098342896
0.9305862784385681
1.6462128162384033
1.0792567729949951
1.3318297863006592
0.8407014012336731
1.936911940574646
0.7577565312385559
2.1994404792785645
1.8706591129302979
1.7818325757980347
1.7497100830078125
1.626357078552246
1.8175010681152344
0.8697402477264404
1.5646297931671143
1.6536304950714111
1.2742414474487305
1.2834117412567139
1.3648625612258911
1.467115044593811
1.4513301849365234
1.3275381326675415
1.9965455532073975
1.262704849243164
2.0762248039245605
1.1315946578979492
1.0229837894439697
1.3823240995407104
1.7587684392929077
1.6248010396957397
0.7501778602600098
1.4535263776779175
1.7564095258712769
1.4455569982528687
1.6898218393325806
1.25605046749115
1.7102539539337158
1.4065170288085938
1.450023889541626
1.977059006690979
0.7534630298614502
1.9129823446273804
1.6783324480056763
0.9786504507064819
2.837167739868164
1.877783179283142
1.0514039993286133
1.310426950454712
2.0258560180664062
1.51755952835083
1.7332295179367065
1.3205665349960327
1.2964541912078857
2.2509922981262207
1.265895962715149
1.6755824089050293
1.450413465499878
1.400754690170288
1.1608972549438477
1.4091063737869263
2.0076053142547607
1.433428168296814
1.160106897354126
1.5363681316375732
1.5928786993026733
1.966534972190857
1.7139272689819336
2.3295106887817383
2.0145034790039062
1.2496076822280884
1.3975218534469604
1.3624165058135986
1.6125656366348267
1.8213005065917969
0.7210409641265869
1.7570011615753174
1.5005018711090088
2.2322840690612793
2.1365928649902344
1.0904866456985474
1.9962387084960938
1.8514988422393799
2.6072275638580322
1.661805510520935
0.9116694331169128
0.7853880524635315
1.4467332363128662
2.537307024002075
0.9063990712165833
2.4125583171844482
1.4834924936294556
2.0965702533721924
1.285406231880188
1.1463744640350342
1.355497121810913
0.7505567073822021
1.140278697013855
1.4882426261901855
2.6337738037109375
1.4925917387008667
1.3589496612548828
1.5647666454315186
1.8794795274734497
0.7510479092597961
2.7766454219818115
1.412026286125183
1.1677451133728027
1.3822067975997925
1.2679449319839478
1.3115676641464233
1.9816492795944214
1.1204495429992676
1.4038821458816528
1.418105125427246
1.2410731315612793
2.0036838054656982
1.428688645362854
1.4445228576660156
1.3757554292678833
1.3793492317199707
0.9949357509613037
1.1582225561141968
2.1027941703796387
1.7912641763687134
1.5693308115005493
1.2809406518936157
1.3429571390151978
1.193044662475586
1.372717022895813
1.1707051992416382
1.8681535720825195
1.6944795846939087
1.185110092163086
1.6862071752548218
1.0656673908233643
1.800567388534546
2.1718642711639404
1.8641546964645386
0.8163169026374817
1.4177179336547852
1.0510331392288208
1.5733895301818848
1.7285523414611816
1.2551900148391724
1.3858919143676758
1.100171446800232
1.7686090469360352
0.9449384212493896
2.29268217086792
1.5351990461349487
1.1022857427597046
0.9725842475891113
1.2846897840499878
1.2846004962921143
1.846756100654602
1.6255422830581665
1.2846027612686157
1.3602099418640137
1.1120063066482544
1.9367425441741943
1.2662177085876465
2.1484529972076416
1.492174506187439
1.5028445720672607
2.6636741161346436
1.2290630340576172
1.5205326080322266
1.4929465055465698
1.1764135360717773
0.8799557089805603
1.8273208141326904
1.058877944946289
1.2137086391448975
1.8988770246505737
1.2861146926879883
0.8805193901062012
1.1654093265533447
1.461822748184204
1.4081183671951294
1.2555067539215088
1.622423768043518
2.2370996475219727
1.6546216011047363
2.2729244232177734
1.3716251850128174
2.2009189128875732
1.6987898349761963
1.9137697219848633
2.625086784362793
1.2985080480575562
2.059023380279541
0.9527073502540588
1.4982858896255493
1.61053466796875
0.9891154170036316
1.1535831689834595
1.5769344568252563
2.2389228343963623
1.8057740926742554
1.5443965196609497
1.8190642595291138
2.041926622390747
1.0544267892837524
0.9647296667098999
1.535680890083313
2.3694775104522705
1.6796857118606567
2.2282097339630127
1.1182730197906494
2.066004514694214
2.9139981269836426
3.2877695560455322
2.0212152004241943
1.0534075498580933
2.5122032165527344
1.9695628881454468
1.3250869512557983
1.0203336477279663
1.9241527318954468
2.034386157989502
1.1476556062698364
1.2129312753677368
0.5447685122489929
1.615091323852539
0.9120039939880371
1.8459138870239258
1.8497010469436646
1.3857455253601074
1.869627594947815
1.0420093536376953
1.383490800857544
1.280196189880371
0.792439877986908
1.6497712135314941
1.7893315553665161
1.6474725008010864
2.1218457221984863
1.2426083087921143
1.9798825979232788
1.8225818872451782
1.0960148572921753
1.811232089996338
2.2768702507019043
1.7798491716384888
2.865285873413086
1.2056663036346436
0.6275541186332703
1.4006527662277222
1.4831751585006714
1.2441470623016357
1.2503176927566528
1.141079306602478
1.3809705972671509
1.4454641342163086
1.4324798583984375
1.3945889472961426
0.8349200487136841
1.2673711776733398
2.1298458576202393
1.3910340070724487
1.1752206087112427
1.5163120031356812
2.0205469131469727
1.288803219795227
1.4432743787765503
1.158966302871704
1.1909719705581665
1.2896738052368164
1.699383020401001
1.1804648637771606
1.2036212682724
1.3410919904708862
1.228196620941162
1.2128634452819824
1.5110045671463013
1.0974516868591309
1.7812658548355103
0.9204789400100708
1.788964033126831
1.5974358320236206
0.7361102104187012
1.2831608057022095
1.3683228492736816
2.0120856761932373
1.1484547853469849
1.496163249015808
0.8775425553321838
1.3912765979766846
0.9921180605888367
1.4892686605453491
1.5261778831481934
2.1797854900360107
2.2699267864227295
1.3219414949417114
1.110936164855957
1.7072978019714355
1.5690844058990479
1.3583624362945557
0.8500604629516602
2.1789772510528564
1.319813847541809
1.6592336893081665
1.9761589765548706
3.7859785556793213
0.8070206046104431
1.1436203718185425
1.7879419326782227
1.952690601348877
1.6018136739730835
1.8108259439468384
1.3910750150680542
2.379732131958008
