0.0024319887161254883
0.005391240119934082
0.08980989456176758
0.0036677122116088867
0.006341338157653809
0.003217756748199463
0.00963515043258667
0.010405480861663818
0.012248098850250244
0.005583584308624268
0.032956838607788086
0.0023155808448791504
0.003468632698059082
0.0030754804611206055
0.012554824352264404
0.007460892200469971
0.004920065402984619
0.007530033588409424
0.04965794086456299
0.005671024322509766
0.014226973056793213
0.0019324421882629395
0.012152612209320068
0.001980900764465332
0.0026213526725769043
0.023067772388458252
0.03541874885559082
0.0076773762702941895
0.010269582271575928
0.023782789707183838
0.003510892391204834
0.01178884506225586
0.004630565643310547
0.012785613536834717
0.0027927160263061523
0.0024462342262268066
0.007138192653656006
0.008741259574890137
0.003471672534942627
0.018198132514953613
0.0026570558547973633
0.005175352096557617
0.0030921101570129395
0.021743059158325195
0.00393223762512207
0.07251662015914917
0.0047817230224609375
0.04079943895339966
0.005049765110015869
0.00397258996963501
0.008811652660369873
0.01442188024520874
0.0022620558738708496
0.0036597847938537598
0.0037215352058410645
0.003702819347381592
0.0024199485778808594
0.10322046279907227
0.004521429538726807
0.003352820873260498
0.10432565212249756
0.03782075643539429
0.003485739231109619
0.00949549674987793
0.002146005630493164
0.004402339458465576
0.004989564418792725
0.0028577446937561035
0.002925693988800049
0.02106940746307373
0.003756582736968994
0.002814650535583496
0.0024675726890563965
0.006194889545440674
0.006210505962371826
0.005483508110046387
0.014866769313812256
0.003978848457336426
0.014470994472503662
0.006566464900970459
0.008178472518920898
0.0029540657997131348
0.0031191110610961914
0.011082172393798828
0.0012666583061218262
0.002138853073120117
0.00328749418258667
0.010024487972259521
0.04222637414932251
0.0033393502235412598
0.01081538200378418
0.02752530574798584
0.0022597908973693848
0.0038050413131713867
0.007268130779266357
0.004965245723724365
0.0014857053756713867
0.002048671245574951
0.0043790340423583984
0.0068264007568359375
0.031362712383270264
0.004593610763549805
0.005369305610656738
0.03770339488983154
0.001857459545135498
0.002198934555053711
0.0026033520698547363
0.007700741291046143
0.003107428550720215
0.002921879291534424
0.0040975213050842285
0.02048283815383911
0.04692399501800537
0.0032044053077697754
0.004449427127838135
0.010164797306060791
0.016159772872924805
0.003795444965362549
0.0020189285278320312
0.040058016777038574
0.007989883422851562
0.0015435218811035156
0.00591278076171875
0.021148622035980225
0.02298218011856079
0.005957365036010742
0.011147797107696533
0.008961260318756104
0.01804792881011963
0.016419053077697754
0.05758136510848999
0.00474393367767334
0.023209810256958008
0.009370028972625732
0.03665602207183838
0.0028043389320373535
0.0035539865493774414
0.005459308624267578
0.002768993377685547
0.005209624767303467
0.07960724830627441
0.0028031468391418457
0.0033152103424072266
0.004293501377105713
0.051241278648376465
0.0029438138008117676
0.006380259990692139
0.008836030960083008
0.0027952194213867188
0.0045577287673950195
0.02468264102935791
0.002830803394317627
0.0017547607421875
0.02632957696914673
0.002522706985473633
0.05315899848937988
0.013277173042297363
0.004374027252197266
0.004993855953216553
0.0070119500160217285
0.011803865432739258
0.015107214450836182
0.009204566478729248
0.012320101261138916
0.0059552788734436035
0.0062239766120910645
0.001513063907623291
0.0324895977973938
0.11192691326141357
0.08671718835830688
0.004740893840789795
0.0049880146980285645
0.005529284477233887
0.012458622455596924
0.003163456916809082
0.007922053337097168
0.03260070085525513
0.03271353244781494
0.005774319171905518
0.004770934581756592
0.006766974925994873
0.005541622638702393
0.006749093532562256
0.003380894660949707
0.005332529544830322
0.0017642974853515625
0.001999080181121826
0.023177504539489746
0.01908165216445923
0.018572509288787842
0.005608320236206055
0.0069307684898376465
0.0089646577835083
0.003069937229156494
0.003657817840576172
0.10219216346740723
0.015398621559143066
0.003019392490386963
0.005816757678985596
0.002034902572631836
0.005824565887451172
0.006345689296722412
0.001814424991607666
0.002018272876739502
0.009858846664428711
0.00908428430557251
0.007791876792907715
0.012328743934631348
0.011225104331970215
0.04217475652694702
0.006237328052520752
0.006057262420654297
0.0023250579833984375
0.009082317352294922
0.007123291492462158
0.004389405250549316
0.003915131092071533
0.003861546516418457
0.009607017040252686
0.009781420230865479
0.002778768539428711
0.002115011215209961
0.0017990469932556152
0.022454023361206055
0.0016841292381286621
0.0027098655700683594
0.007025539875030518
0.011751294136047363
0.00291520357131958
0.005541980266571045
0.025068700313568115
0.00353395938873291
0.19462794065475464
0.01480180025100708
0.002507150173187256
0.0020943880081176758
0.0033730268478393555
0.015565097332000732
0.0014631152153015137
0.0025181174278259277
0.006452322006225586
0.01629924774169922
0.011605441570281982
0.028778254985809326
0.0027063488960266113
0.003432929515838623
0.013622820377349854
0.019767343997955322
0.012869298458099365
0.0020260214805603027
0.004261612892150879
0.0019239187240600586
0.08768510818481445
0.014437496662139893
0.005255460739135742
0.00337064266204834
0.005327701568603516
0.006844878196716309
0.007559299468994141
0.005265474319458008
0.002099752426147461
0.008194923400878906
0.006006896495819092
0.006613671779632568
0.09072422981262207
0.02701467275619507
0.009634673595428467
0.011929810047149658
0.003324449062347412
0.0047914981842041016
0.0022802352905273438
0.0034006834030151367
0.00795215368270874
0.005523502826690674
0.03466522693634033
0.12428420782089233
0.006180226802825928
0.03829753398895264
0.003330230712890625
0.0029295682907104492
0.0033779144287109375
0.004097878932952881
0.004649937152862549
0.07355654239654541
0.033560216426849365
0.005067169666290283
0.006238818168640137
0.0074086785316467285
0.009435296058654785
0.008007228374481201
0.010458707809448242
0.11382025480270386
0.03189665079116821
0.014033019542694092
0.007418513298034668
0.00582510232925415
0.01282203197479248
0.015693366527557373
0.005257070064544678
0.0025832653045654297
0.024797677993774414
0.0035734176635742188
0.01930689811706543
0.004264712333679199
0.007880568504333496
0.06684470176696777
0.005046248435974121
0.003077685832977295
0.0030916333198547363
0.004875481128692627
0.02633523941040039
0.004265725612640381
0.004119277000427246
0.006296694278717041
0.004739820957183838
0.00511777400970459
0.04746556282043457
0.0033562183380126953
0.012394845485687256
0.0034505128860473633
0.00327908992767334
0.08061873912811279
0.0026625990867614746
0.0017886757850646973
0.009910106658935547
0.0034993886947631836
0.004167139530181885
0.007280170917510986
0.0506058931350708
0.017580628395080566
0.014186501502990723
0.03293412923812866
0.007250666618347168
0.004669368267059326
0.0023564696311950684
0.030171990394592285
0.08013129234313965
0.0016025304794311523
0.004780709743499756
0.008212804794311523
0.006514191627502441
0.006850242614746094
0.005359172821044922
0.00996619462966919
0.002695918083190918
0.0413508415222168
0.009632229804992676
0.002545595169067383
0.007088780403137207
0.005023062229156494
0.0038411617279052734
0.022316396236419678
0.010296463966369629
0.009069383144378662
0.009261548519134521
0.10072088241577148
0.002902805805206299
0.05807042121887207
0.03204745054244995
0.021070003509521484
0.05695056915283203
0.12654751539230347
0.01470935344696045
0.002832949161529541
0.00675123929977417
0.005245625972747803
0.00439685583114624
0.004004120826721191
0.12560796737670898
0.009473443031311035
0.026379942893981934
0.010187387466430664
0.008049488067626953
0.01700526475906372
0.04680353403091431
0.0026070475578308105
0.034597814083099365
0.010829448699951172
0.01389622688293457
0.012591242790222168
0.07947558164596558
0.0028844475746154785
0.007681429386138916
0.009019136428833008
0.004488587379455566
0.01371467113494873
0.026672542095184326
0.004876852035522461
0.004535555839538574
0.0022014379501342773
0.003859221935272217
0.013368546962738037
0.003359675407409668
0.007867991924285889
0.006924271583557129
0.010495126247406006
0.006563961505889893
0.018696069717407227
0.0038456320762634277
0.0600394606590271
0.0031679272651672363
0.1724475622177124
0.0018928050994873047
0.006618082523345947
0.005750179290771484
0.004104673862457275
0.02871537208557129
0.019219160079956055
0.0025495290756225586
0.0018497705459594727
0.003834068775177002
0.0064697265625
0.0038916468620300293
0.019395112991333008
0.0015906691551208496
0.0043448805809021
0.004110753536224365
0.021061062812805176
0.06858795881271362
0.0023031234741210938
0.002515852451324463
0.020436584949493408
0.12316614389419556
0.007116913795471191
0.0017614364624023438
0.011385798454284668
0.015437602996826172
0.013658642768859863
0.00889962911605835
0.002120077610015869
0.001813054084777832
0.0032822489738464355
0.0030242204666137695
0.0022833943367004395
0.0033704042434692383
0.0993461012840271
0.017573237419128418
0.007042884826660156
0.012400686740875244
0.002006053924560547
0.006577134132385254
0.007175803184509277
0.004917740821838379
0.00472491979598999
0.005263686180114746
0.008481442928314209
0.065815269947052
0.009704053401947021
0.003099679946899414
0.0035851001739501953
0.034827351570129395
0.010019481182098389
0.07614147663116455
0.002645254135131836
0.0029300451278686523
0.004609227180480957
0.010605096817016602
0.002971947193145752
0.008801460266113281
0.004741311073303223
0.010107755661010742
0.0014948844909667969
0.007919073104858398
0.0028973817825317383
0.0073247551918029785
0.006372392177581787
0.018287301063537598
0.0072329044342041016
0.004520535469055176
0.0036756396293640137
0.005530357360839844
0.013506054878234863
0.0034568309783935547
0.0038964152336120605
0.004165291786193848
0.004849791526794434
0.014768004417419434
0.006683409214019775
0.07063359022140503
0.006806015968322754
0.04832559823989868
0.004140377044677734
0.004697680473327637
0.0029366016387939453
0.0018706917762756348
0.03886133432388306
0.0050315260887146
0.011810362339019775
0.0028718113899230957
0.003136754035949707
0.04449319839477539
0.0072953104972839355
0.02628040313720703
0.0018326640129089355
0.00424271821975708
0.03237026929855347
0.009820699691772461
0.0021271109580993652
0.007169246673583984
0.008716106414794922
0.00893467664718628
0.0026409029960632324
0.020351707935333252
0.0029419660568237305
0.0030814409255981445
0.006154775619506836
0.014188885688781738
0.004357874393463135
0.010158121585845947
0.004168331623077393
0.01047360897064209
0.005641937255859375
0.00826108455657959
0.0014899969100952148
0.0023425817489624023
0.009545564651489258
0.0024036765098571777
0.019400417804718018
0.008012831211090088
0.008211910724639893
0.00503849983215332
0.004667460918426514
0.005096137523651123
0.007736563682556152
0.009127557277679443
0.006314218044281006
0.12162637710571289
0.14732426404953003
0.006242573261260986
0.0032696127891540527
0.011517524719238281
0.03239518404006958
0.0021188855171203613
0.11201083660125732
0.0019404888153076172
0.0036389827728271484
0.0033717751502990723
0.0029453039169311523
0.0017681121826171875
0.0053719282150268555
0.04760009050369263
0.00483471155166626
0.003326416015625
0.0019105076789855957
0.0010707974433898926
0.0044841766357421875
0.007118701934814453
0.0485689640045166
0.007551074028015137
0.006570279598236084
0.006928980350494385
0.02536875009536743
0.001862645149230957
0.0040506720542907715
0.008703172206878662
0.014682531356811523
0.005104243755340576
0.001783907413482666
0.007015347480773926
0.006821334362030029
0.005468308925628662
0.003155052661895752
0.0021503567695617676
0.0027350783348083496
0.004037976264953613
0.001425027847290039
0.01659572124481201
0.01451420783996582
0.033508479595184326
0.004702568054199219
0.00410085916519165
0.0053369998931884766
0.01787734031677246
0.009080052375793457
0.0022020936012268066
0.003293275833129883
0.010236799716949463
0.005089700222015381
0.0028753280639648438
0.002490997314453125
0.005817532539367676
0.002549290657043457
0.007087290287017822
0.005472838878631592
0.006496131420135498
0.0022377371788024902
0.013463199138641357
0.00798255205154419
0.006607949733734131
0.0015265345573425293
0.0018486976623535156
0.0031304359436035156
0.010281562805175781
0.003431558609008789
0.007809162139892578
0.007269382476806641
0.026959359645843506
0.04611778259277344
0.007207334041595459
0.0036945343017578125
0.008423030376434326
0.028583765029907227
0.002971351146697998
0.010859787464141846
0.020885825157165527
0.0059372782707214355
0.007400870323181152
0.00446772575378418
0.005950629711151123
0.002077937126159668
0.008279860019683838
0.04489332437515259
0.0022853612899780273
0.2114347219467163
0.0028955936431884766
0.003402233123779297
0.001513838768005371
0.0032060742378234863
0.016252219676971436
0.0024406909942626953
0.004302501678466797
0.004991710186004639
0.004187583923339844
0.0029918551445007324
0.0034055113792419434
0.005730569362640381
0.025057435035705566
0.021445631980895996
0.09773623943328857
0.003859579563140869
0.0025194883346557617
0.0027468204498291016
0.004914760589599609
0.0018669962882995605
0.007981300354003906
0.011302173137664795
0.0021811723709106445
0.010854363441467285
0.003496527671813965
0.0026479363441467285
0.010785698890686035
0.003117084503173828
0.046469926834106445
0.002733767032623291
0.005244791507720947
0.004982888698577881
0.03439450263977051
0.0021521449089050293
0.0032758712768554688
0.004502713680267334
0.4654306173324585
0.0033051371574401855
0.01701200008392334
0.002643406391143799
0.0036755800247192383
0.00500112771987915
0.004704535007476807
0.008289635181427002
0.04507088661193848
0.012079119682312012
0.01366734504699707
0.3728126287460327
0.010724842548370361
0.01193612813949585
0.006790816783905029
0.0020981431007385254
0.0031084418296813965
0.0030040740966796875
0.007196545600891113
0.007790088653564453
0.004551231861114502
0.0034148097038269043
0.004864394664764404
0.012424111366271973
0.005358338356018066
0.007527053356170654
0.0026106834411621094
0.00302964448928833
0.0022617578506469727
0.0034554004669189453
0.013169586658477783
0.0037426352500915527
0.013932943344116211
0.03185606002807617
0.0013545751571655273
0.008448421955108643
0.338703989982605
0.006240189075469971
0.007289528846740723
0.006855607032775879
0.0013372302055358887
0.01032477617263794
0.00508427619934082
0.021988511085510254
0.004855096340179443
0.01938652992248535
0.09516394138336182
0.005031585693359375
0.0024663805961608887
0.002967536449432373
0.01862621307373047
0.02295851707458496
0.002390921115875244
0.0025058388710021973
0.004043102264404297
0.003161489963531494
0.00531381368637085
0.004059195518493652
0.0035035014152526855
0.05274897813796997
0.0035524964332580566
0.007989287376403809
0.010178446769714355
0.006590902805328369
0.2619090676307678
0.009087860584259033
0.0050010085105896
0.2788883447647095
0.04779022932052612
0.0031548738479614258
0.006027519702911377
0.019420206546783447
0.0020462870597839355
0.0077478885650634766
0.010320723056793213
0.047022879123687744
0.005823194980621338
0.0034923553466796875
0.012561619281768799
0.006614744663238525
0.0036056041717529297
0.021518826484680176
0.006620824337005615
0.11340963840484619
0.00772935152053833
0.01278531551361084
0.008818328380584717
0.003439188003540039
0.01206427812576294
0.005572795867919922
0.025514304637908936
0.0068228840827941895
0.008001446723937988
0.004183948040008545
0.009671926498413086
0.0063141584396362305
0.0037289857864379883
0.015989065170288086
0.018523216247558594
0.04043316841125488
0.0037816762924194336
0.002824842929840088
0.0034934282302856445
0.023587584495544434
0.002222001552581787
0.07701247930526733
0.0024923086166381836
0.0017490386962890625
0.003063380718231201
0.002695024013519287
0.010861039161682129
0.0059029459953308105
0.006801724433898926
0.019676148891448975
0.016471445560455322
0.007381081581115723
0.002694368362426758
0.005595803260803223
0.01747077703475952
0.01544886827468872
0.06342846155166626
0.002864658832550049
0.017300903797149658
0.0023172497749328613
0.001967012882232666
0.0035910606384277344
0.09900212287902832
0.0075942277908325195
0.006737351417541504
0.003473222255706787
0.005058884620666504
0.003798246383666992
0.007283568382263184
0.02896338701248169
0.04013091325759888
0.0041738152503967285
0.09014123678207397
0.007635772228240967
0.008736133575439453
0.0037662386894226074
0.0028859376907348633
0.010903358459472656
0.007877707481384277
0.015566051006317139
0.013225436210632324
0.00355607271194458
0.003346085548400879
0.014754116535186768
0.05654853582382202
0.031613290309906006
0.004089951515197754
0.005634307861328125
0.00196760892868042
0.025592029094696045
0.004686415195465088
0.0041697025299072266
0.005197703838348389
0.06707936525344849
0.003535151481628418
0.005551815032958984
0.00426483154296875
0.0023061037063598633
0.0019388794898986816
0.00353395938873291
0.009766340255737305
0.010343790054321289
0.0030345916748046875
0.005713164806365967
0.013056039810180664
0.010728657245635986
0.006808876991271973
0.0015173554420471191
0.007168889045715332
0.0028437376022338867
0.008429408073425293
0.00656360387802124
0.001431584358215332
0.006254613399505615
0.0048691630363464355
0.007320225238800049
0.002578556537628174
0.023205876350402832
0.0360751748085022
0.0024137496948242188
0.003325939178466797
0.009440243244171143
0.0031171441078186035
0.0021123886108398438
0.0017257928848266602
0.005508840084075928
0.006531894207000732
0.007758677005767822
0.008995771408081055
0.006575345993041992
0.003307819366455078
0.004792153835296631
0.005619347095489502
0.0050296783447265625
0.0028661489486694336
0.04754340648651123
0.0018562674522399902
0.012540102005004883
0.0026531219482421875
0.003661811351776123
0.1136547327041626
0.004035472869873047
0.021891236305236816
0.03871560096740723
0.004863262176513672
0.029178619384765625
0.004486441612243652
0.009485781192779541
0.002972841262817383
0.0052661895751953125
0.0028704404830932617
0.007823407649993896
0.011232078075408936
0.020227372646331787
0.007097423076629639
0.005150318145751953
0.0017264485359191895
0.005782902240753174
0.0032249093055725098
0.006507396697998047
0.0044435858726501465
0.01330423355102539
0.0016959905624389648
0.006492137908935547
0.006521344184875488
0.006750762462615967
0.0054222941398620605
0.0024520158767700195
0.004411518573760986
0.002474546432495117
0.005513429641723633
0.03485524654388428
0.0025411248207092285
0.00802379846572876
0.0040038228034973145
0.008458614349365234
0.0022798776626586914
0.0047400593757629395
0.0065032243728637695
0.0032064318656921387
0.0026140809059143066
0.005850553512573242
0.13068461418151855
0.004781186580657959
0.005033254623413086
0.0042719244956970215
0.017231225967407227
0.005851864814758301
0.005873441696166992
0.008215010166168213
0.0028167366981506348
0.0018027424812316895
0.009036004543304443
0.010702371597290039
0.004321038722991943
0.013762295246124268
0.39746344089508057
0.007751762866973877
0.0065531134605407715
0.022536635398864746
0.007513463497161865
0.07300084829330444
0.002637624740600586
0.015914618968963623
0.007806539535522461
0.005792379379272461
0.036538541316986084
0.004349112510681152
0.007070362567901611
0.006308794021606445
0.0031113028526306152
0.0019630789756774902
0.003970921039581299
0.09353160858154297
0.004620552062988281
0.19392293691635132
0.006735384464263916
0.0037157535552978516
0.00427854061126709
0.022000133991241455
0.010028183460235596
0.002489149570465088
0.005353808403015137
0.004147827625274658
0.030124306678771973
0.006420016288757324
0.02460235357284546
0.002089977264404297
0.07457214593887329
0.012026846408843994
0.04879873991012573
0.00668025016784668
0.006139636039733887
0.013394773006439209
0.00380706787109375
0.005035042762756348
0.00989919900894165
0.009741008281707764
0.005071401596069336
0.005655229091644287
0.003665328025817871
0.003571033477783203
0.005179762840270996
0.00801783800125122
0.009618759155273438
0.004741966724395752
0.005177915096282959
0.003726065158843994
0.0025972723960876465
0.003111600875854492
0.0075113773345947266
0.005264699459075928
0.025321483612060547
0.01977372169494629
0.007564425468444824
0.009046673774719238
0.06458836793899536
0.0019364356994628906
0.006899714469909668
0.0037382841110229492
0.1039351224899292
0.0030840635299682617
0.008343338966369629
0.007232487201690674
0.03213006258010864
0.005663096904754639
0.004816949367523193
0.006787478923797607
0.0059694647789001465
0.009888947010040283
0.00833052396774292
0.005833983421325684
0.03688478469848633
0.005333900451660156
0.004742980003356934
0.004212677478790283
0.004858195781707764
0.00418776273727417
0.005575954914093018
0.008370280265808105
0.014400780200958252
0.005161881446838379
0.027936875820159912
0.0032606124877929688
0.029354095458984375
0.05153995752334595
0.005791902542114258
0.01911824941635132
0.004912853240966797
0.02250826358795166
0.011973440647125244
0.06678283214569092
0.007374405860900879
0.00365447998046875
0.008533060550689697
0.004122495651245117
0.026789546012878418
0.00726085901260376
0.008227765560150146
0.0021866559982299805
0.01174396276473999
0.0033913254737854004
0.07076144218444824
0.004271745681762695
0.01953721046447754
0.006752490997314453
0.004361629486083984
0.02889496088027954
0.004386246204376221
0.004690349102020264
0.015092015266418457
0.002398252487182617
0.00757288932800293
0.006907403469085693
0.002210259437561035
0.007892370223999023
0.06888878345489502
0.0023717284202575684
0.009745180606842041
0.005643963813781738
0.0016775727272033691
0.011662662029266357
0.005539655685424805
0.0067678093910217285
0.005620718002319336
0.0025222301483154297
0.002609431743621826
0.04245436191558838
0.00468677282333374
0.004682183265686035
0.026262938976287842
0.0029784440994262695
0.005164921283721924
0.12522512674331665
0.015118241310119629
0.002817511558532715
0.0973731279373169
0.020224452018737793
0.03749585151672363
0.0022284984588623047
0.09365081787109375
0.0028362274169921875
0.013694703578948975
0.0031179189682006836
0.04900401830673218
0.02456843852996826
0.005305647850036621
0.0032268166542053223
0.014128386974334717
0.08775997161865234
0.014232397079467773
0.0020172595977783203
0.007359504699707031
0.004529178142547607
0.006914079189300537
0.003830552101135254
0.004568159580230713
0.013141453266143799
0.0036715269088745117
0.004066765308380127
0.002609431743621826
0.004552364349365234
0.13678282499313354
0.012615501880645752
0.028432786464691162
0.00913304090499878
0.0059615373611450195
0.004685163497924805
0.00471121072769165
0.005265951156616211
0.06331783533096313
0.005943357944488525
0.005889594554901123
0.014706671237945557
0.003206908702850342
0.05528336763381958
0.08883780241012573
0.0025094151496887207
0.023012757301330566
0.019948124885559082
0.004252254962921143
0.03396028280258179
0.004113197326660156
0.009433746337890625
0.003847837448120117
0.00497126579284668
0.005736947059631348
0.005161285400390625
0.003172755241394043
0.0030480027198791504
0.1096612811088562
0.02789008617401123
0.0046977996826171875
0.005061149597167969
0.01895684003829956
0.0045590996742248535
0.0055509209632873535
0.0033989548683166504
0.04716968536376953
0.007066130638122559
0.005804181098937988
0.012112319469451904
0.005107283592224121
0.0018298625946044922
0.014436304569244385
0.0027512311935424805
0.004891514778137207
0.005720794200897217
0.007078051567077637
0.03600043058395386
0.004303336143493652
0.0050776004791259766
0.0014870166778564453
0.00787055492401123
0.0071936845779418945
0.004989326000213623
0.011539161205291748
0.15964776277542114
0.013976812362670898
0.0066874027252197266
0.016189217567443848
0.008696317672729492
0.03578978776931763
0.011980652809143066
0.004541754722595215
0.02437072992324829
0.028437674045562744
0.006848454475402832
0.013161420822143555
0.06532716751098633
0.005036294460296631
0.005493462085723877
0.004373073577880859
0.005964457988739014
0.0028441548347473145
0.01169520616531372
0.006841480731964111
0.003536403179168701
