-1.482439398765564
-0.10057241469621658
0.11930528283119202
-0.9634374380111694
-0.2865147888660431
-2.5658068656921387
-0.16191382706165314
-3.078232526779175
-0.9819613099098206
-1.7017881870269775
-1.2398391962051392
-1.371030569076538
-0.9236082434654236
-0.736844539642334
-1.1309956312179565
-0.3890996277332306
-1.3840452432632446
0.23611204326152802
0.18210846185684204
-0.5349934101104736
-0.15847823023796082
0.487314909696579
-0.9369915723800659
-1.268715500831604
-1.3079020977020264
-0.3077355623245239
-0.05518169701099396
-0.7558923959732056
-1.290048599243164
-1.2908483743667603
0.045277468860149384
-0.7011281847953796
-0.5556544661521912
-0.43276447057724
-1.7764220237731934
-0.3159007728099823
-0.7458887100219727
-0.4553390443325043
-1.334341287612915
0.13687370717525482
-0.8381807804107666
-1.7689945697784424
-1.4720276594161987
-0.30755436420440674
-1.354012131690979
0.02789199724793434
-2.0630178451538086
-0.7236676216125488
-0.7586784362792969
-1.3774737119674683
-1.6372320652008057
-0.021807782351970673
-0.34443071484565735
-2.4401299953460693
-1.1607487201690674
-0.4443848729133606
-0.6571004986763
-1.749582052230835
-0.31184783577919006
-0.4533090591430664
-0.2644267678260803
-0.09999199211597443
-0.636655330657959
-1.749094009399414
-0.613776683807373
-0.06737224012613297
-0.3984430134296417
-1.472962737083435
-0.3202456831932068
0.23113150894641876
-0.5495774745941162
-0.5728455781936646
-1.2741590738296509
-0.14898066222667694
-0.628906786441803
0.16830767691135406
-0.16705593466758728
0.16178487241268158
-0.5393156409263611
-1.3270114660263062
0.21581505239009857
-0.7777677774429321
-1.0826740264892578
-0.4091344177722931
-1.4122203588485718
-0.29738911986351013
-0.4409598410129547
-0.5373517274856567
-2.3848371505737305
-1.688124418258667
-0.5349317193031311
-0.8741174340248108
-1.2670910358428955
-0.4016767144203186
-1.798754334449768
-0.520851731300354
-1.922783613204956
-1.2888284921646118
-0.9889117479324341
-2.823428153991699
-0.2260841280221939
-0.6389269232749939
-0.19567763805389404
-1.2994260787963867
-1.4172359704971313
-0.06678729504346848
-0.32827821373939514
-1.2275201082229614
-1.188632845878601
-0.3139604330062866
-0.6783216595649719
-0.35852405428886414
-0.5589596033096313
-1.8385182619094849
-0.6438179016113281
-0.468016654253006
-1.753706455230713
-0.9782875180244446
-1.4686393737792969
-2.1906251907348633
-0.7177170515060425
-1.1089953184127808
-1.1696902513504028
-0.5529794096946716
0.45864418148994446
-1.6804981231689453
-0.8230800032615662
-0.3677486777305603
-1.7601367235183716
-1.1403104066848755
-0.14015229046344757
-0.675428032875061
-0.4474870264530182
-0.32821741700172424
-0.899529755115509
-0.9737805128097534
-1.4381067752838135
-0.571540892124176
-0.10372240096330643
-0.8083476424217224
-0.6722429990768433
-1.302791953086853
-1.0360409021377563
-1.5567988157272339
-0.10969369113445282
-2.139814615249634
-2.058110475540161
-0.8912934064865112
-1.8897899389266968
0.1496562510728836
-0.5709830522537231
-0.24445146322250366
-1.4058514833450317
-0.13400502502918243
-1.34477698802948
-0.011146139353513718
-0.8345862627029419
-0.19449320435523987
-0.4136609435081482
-1.6341557502746582
-0.24808934330940247
-1.3755755424499512
-1.334702730178833
-0.5613452792167664
-1.1838173866271973
-1.0157670974731445
-1.507790446281433
-1.3857979774475098
0.057817719876766205
0.4321044981479645
-0.3500364124774933
-1.0709282159805298
-1.4542354345321655
-0.36082130670547485
-1.3672761917114258
0.22216646373271942
0.1481693536043167
-0.472895085811615
-0.6740438938140869
-0.2941387891769409
-1.4588229656219482
-1.6242884397506714
-0.6178503632545471
-1.6131640672683716
-1.0290791988372803
-1.3008345365524292
-1.4199445247650146
-0.8660975098609924
-1.3550280332565308
-0.25202974677085876
-1.9694989919662476
-0.2391652911901474
-2.624788284301758
0.5783254504203796
-1.0715516805648804
-0.41145753860473633
-0.4627994894981384
0.05939217656850815
-1.381473422050476
0.2759864628314972
-1.911656379699707
-2.0184366703033447
-0.5996617674827576
-1.3155587911605835
-0.42734402418136597
-0.7531577348709106
-1.2832300662994385
-0.43219658732414246
0.2323215752840042
-0.7034518718719482
-0.995795488357544
-0.5298877954483032
-1.030008316040039
-0.6919255256652832
-0.8503158092498779
-0.6453669667243958
-0.5060932636260986
-0.7408744096755981
-0.8246681690216064
-0.9045589566230774
-1.4287985563278198
0.7141010165214539
-1.1752091646194458
-0.776498019695282
-1.3883672952651978
-1.053056240081787
-1.9306011199951172
-0.8663803339004517
-0.7895629405975342
-1.4279404878616333
-0.4880034029483795
-2.639777898788452
-0.5731621980667114
-1.0523929595947266
-0.851315975189209
-0.4806630611419678
-1.4903475046157837
-0.5132932066917419
-1.2484180927276611
-2.2465660572052
-1.089745044708252
0.5976223945617676
-0.22783096134662628
-1.615187168121338
-1.3541722297668457
-0.2627921998500824
-0.17132532596588135
-1.0141366720199585
-0.7483953833580017
-0.28759056329727173
-1.8299816846847534
-1.164982795715332
0.6693782210350037
-1.7819163799285889
-0.7674996256828308
-0.6150075793266296
-1.791002869606018
-0.5765181183815002
-0.6310072541236877
-0.574483335018158
-1.3096415996551514
-1.835152506828308
-2.3844714164733887
-1.8913092613220215
-0.7293524146080017
-1.6734991073608398
-0.8428143858909607
-0.016580285504460335
0.24727872014045715
-0.6136164665222168
-2.0963025093078613
-1.4182322025299072
0.22872397303581238
-1.3600021600723267
-0.2735055983066559
-1.1644203662872314
-1.4046865701675415
-0.3185986578464508
-1.8277469873428345
-2.0370540618896484
-1.5637621879577637
-0.811551570892334
-0.9736613631248474
0.06543872505426407
-1.36332106590271
-1.3207148313522339
-0.8607370853424072
-0.5389286875724792
-1.2374974489212036
-0.4513079822063446
0.271126389503479
-0.8619971871376038
-0.5346329212188721
-1.296446442604065
-2.145390033721924
-0.411541223526001
-1.181135892868042
0.23981459438800812
-0.6450552344322205
-1.4141931533813477
-0.6233309507369995
-1.2130718231201172
-0.4307348430156708
-0.07101081311702728
-1.3392975330352783
0.06878751516342163
-0.8447943925857544
-0.4660339951515198
-0.6050602793693542
-0.3688719570636749
-0.15387262403964996
0.4166901111602783
-0.7120372653007507
-0.12825830280780792
-0.41297468543052673
-0.46561485528945923
-0.23583941161632538
-1.1776679754257202
-0.7133477926254272
-1.0462311506271362
-0.302205890417099
0.8958116769790649
-0.5328645706176758
-0.6992437839508057
-0.6559931635856628
-1.1233216524124146
-0.5187320709228516
-0.9186446070671082
-0.4537108242511749
-0.49090227484703064
-1.7661601305007935
0.5084863305091858
-0.5399492979049683
-1.7586132287979126
-0.7475671768188477
-1.159404993057251
-0.6007384061813354
-0.9722604155540466
-1.0008225440979004
-0.28397905826568604
-1.2981632947921753
-1.8879841566085815
-0.9025803804397583
-2.196017265319824
-1.0488014221191406
0.7726503014564514
-0.4210613965988159
-1.1342525482177734
-0.8187360763549805
-0.9958482980728149
-1.2516474723815918
0.4526115655899048
-0.7717675566673279
-2.0632383823394775
-0.7641260027885437
-0.45029982924461365
-1.3734675645828247
0.6670625805854797
-0.9587717056274414
-1.3252683877944946
-0.6544051170349121
-0.21925662457942963
-0.18166907131671906
-1.4577378034591675
0.4890572726726532
-1.5916932821273804
-0.6147861480712891
-2.3564298152923584
-1.0469346046447754
-0.5539183616638184
-1.0604803562164307
-1.1768031120300293
-1.1272796392440796
-0.1411648690700531
0.5532929301261902
-0.7144396901130676
-1.0610623359680176
-0.8660150766372681
-0.9544365406036377
-0.3588024079799652
0.24824972450733185
-0.050284165889024734
-0.8320397138595581
-0.1870931088924408
-0.423034131526947
-1.5685265064239502
0.7253789901733398
-0.1462523639202118
-0.820946216583252
-0.984028697013855
-1.5115644931793213
-1.3232910633087158
-2.035924196243286
-1.1867409944534302
-1.3202358484268188
0.11800016462802887
-0.857072114944458
0.05339152738451958
-1.6838693618774414
1.1801766157150269
-0.3884059488773346
-0.6666184663772583
-2.0130627155303955
-0.546904444694519
-0.2922343313694
-1.0138455629348755
-0.2834240198135376
-0.9168480634689331
-1.3587664365768433
-0.5664427280426025
-0.7623189687728882
-0.1545262485742569
-0.8943549394607544
-0.9658409357070923
-1.3348318338394165
-0.6404609680175781
-1.8334420919418335
-1.1488839387893677
0.026983700692653656
-1.3817894458770752
-0.2633163332939148
-0.3586943447589874
-0.569530189037323
0.3501874506473541
-0.8404805064201355
-0.7814740538597107
-0.22178532183170319
-1.8825989961624146
-1.113916277885437
-1.5482685565948486
-0.4280605912208557
-0.5821294784545898
-0.39336857199668884
-1.4256813526153564
0.05223719775676727
-0.7651143074035645
-1.2966015338897705
-1.5844658613204956
-1.8664530515670776
-1.3331286907196045
-1.49366295337677
-0.6816281676292419
-1.6629819869995117
-1.4888911247253418
-1.6167494058609009
-1.3003441095352173
-0.48291531205177307
-0.6794883608818054
0.14031143486499786
-1.561561107635498
-0.7515854835510254
-2.027127742767334
-1.6073551177978516
-1.114948034286499
-1.4684092998504639
-0.6330884099006653
-1.8973119258880615
-1.4026139974594116
-2.2810261249542236
-0.6963345408439636
-0.5365408658981323
-1.404468297958374
-1.5202034711837769
-0.774593710899353
-0.4413534998893738
-0.5508372783660889
-0.5880420207977295
-2.436628580093384
-1.5182251930236816
-0.1636572629213333
-1.4683459997177124
-0.8075100779533386
0.07222109287977219
-0.47620928287506104
-1.3855700492858887
-0.5148046016693115
-1.0771739482879639
-1.2678302526474
-0.006562795024365187
0.36211222410202026
-0.48577991127967834
-2.5308549404144287
-0.6762679815292358
-1.2468782663345337
-1.4600720405578613
-1.2338967323303223
-0.2851153314113617
0.21704375743865967
-0.9762581586837769
-1.4498337507247925
-2.40000057220459
-0.7222750782966614
-0.2102772444486618
-0.7505372762680054
-0.46566101908683777
-1.1759594678878784
-1.110586404800415
-0.9820472598075867
-0.1772785484790802
-1.2712448835372925
-0.8413335084915161
-0.4712178707122803
-0.24100437760353088
-1.2404594421386719
-1.1846095323562622
-0.11955446749925613
-0.6545065641403198
0.7285655736923218
-0.0856521725654602
-0.6314053535461426
-1.1101198196411133
-0.9931976795196533
-0.7488406300544739
-1.3289704322814941
0.07944729924201965
-1.2823879718780518
-0.5867012739181519
-0.8679463863372803
-2.0775527954101562
-0.49751973152160645
-0.7540079355239868
-0.39267098903656006
-0.0759321004152298
-1.4154845476150513
-1.7868667840957642
-1.7818108797073364
-0.49669548869132996
-1.0497883558273315
-1.7006268501281738
-0.855083167552948
-0.7346017360687256
-0.4562961161136627
-1.9462628364562988
-1.1520674228668213
-1.441243052482605
-1.2208460569381714
-1.4328923225402832
0.05273721367120743
-1.3709601163864136
-0.42155686020851135
-1.0447508096694946
-1.5197299718856812
0.07383233308792114
-0.4528856575489044
0.6932891607284546
-0.024648277088999748
-0.9610719680786133
0.7546454071998596
-1.1624481678009033
-0.6997336149215698
-1.3779051303863525
-1.6347914934158325
-1.2281486988067627
-1.4954701662063599
-1.0212860107421875
-1.2315592765808105
0.07295950502157211
-1.7263301610946655
-1.016584038734436
-0.7187833189964294
-0.6338797807693481
-0.854850172996521
-0.8093729019165039
-0.40699175000190735
-0.2562839388847351
-0.05617822706699371
0.047692906111478806
-2.4569647312164307
-0.3259526491165161
-1.255190372467041
-1.61155366897583
-0.9937740564346313
-0.9002901911735535
-2.5790443420410156
-1.3666102886199951
-1.7872599363327026
-0.9685061573982239
-0.43422362208366394
-1.2125028371810913
-0.8397918343544006
1.171566128730774
-0.4198475778102875
0.6293506026268005
-1.501863956451416
-1.1539409160614014
-0.5105718374252319
-0.579274594783783
-1.795102596282959
-0.6526063084602356
-1.0538506507873535
0.22270329296588898
-1.8589168787002563
-0.8913595676422119
-0.3770780861377716
-1.401165246963501
-0.8507929444313049
0.7413681149482727
-0.17282229661941528
-0.6700964570045471
-1.5654774904251099
-2.043787717819214
-0.11261934787034988
-0.7777742147445679
-1.4433720111846924
-1.5466967821121216
-0.02436680532991886
-1.2133734226226807
-0.6778950095176697
-0.7502322196960449
-0.0612136572599411
-1.434055209159851
-0.6792601943016052
-1.366444706916809
-0.9015873670578003
0.1835353523492813
-0.6704516410827637
-1.0851045846939087
-1.239405870437622
-1.2022409439086914
-1.4857197999954224
-2.0383412837982178
-1.934682846069336
-1.3266850709915161
-0.361023873090744
-2.5265066623687744
-0.7731134295463562
-0.7531110644340515
-0.561724841594696
0.7229514122009277
-2.4165685176849365
-1.4303942918777466
-1.9833996295928955
-0.4987715184688568
-1.25875985622406
-1.1163427829742432
-0.7616903781890869
-1.4223343133926392
-1.1148329973220825
-1.559417724609375
-0.361989289522171
-0.7037989497184753
-1.3963435888290405
-0.599395751953125
-0.524772047996521
-1.9557733535766602
1.1419883966445923
-0.46636074781417847
-0.3835647702217102
-0.18458808958530426
-0.7430124878883362
0.805695652961731
-1.416944146156311
-0.4510388672351837
-1.0354424715042114
-0.3017066717147827
-0.20585280656814575
-1.6453737020492554
0.4296916723251343
-1.943092703819275
-1.0940334796905518
-0.4834979474544525
0.16883085668087006
-0.8453038930892944
-0.8881005644798279
-1.2705073356628418
-0.11821773648262024
-0.961956799030304
-0.5395838618278503
-0.7822645306587219
-0.5792052745819092
-0.025741875171661377
-0.44666776061058044
-0.8690775632858276
-1.4440679550170898
-2.1674821376800537
-1.0217431783676147
-0.9567376375198364
-0.5202149152755737
-0.31479185819625854
-1.2634745836257935
-1.1109347343444824
-2.662395477294922
-1.6317834854125977
-0.2791493833065033
-1.4535062313079834
-0.8163968324661255
-0.008401967585086823
-0.4725513458251953
-0.8542856574058533
-0.3928828537464142
-1.2885903120040894
-1.6858960390090942
-0.23658506572246552
-0.2062205821275711
-0.4831312596797943
-2.0083770751953125
-1.8332010507583618
-0.4714190661907196
-2.4877567291259766
-1.2728101015090942
-1.0842783451080322
-0.762183427810669
-1.5676124095916748
-1.3995569944381714
-0.784115731716156
-2.032036304473877
0.07410052418708801
-0.4280664920806885
-1.816611409187317
-0.8801196813583374
-0.10531804710626602
-1.8030245304107666
-0.6480995416641235
-0.8977010250091553
-0.3666965961456299
-0.17666810750961304
-0.4372730851173401
-0.3173582851886749
-0.8994725942611694
-0.018808256834745407
-0.6836838126182556
-0.1761379837989807
-1.2167540788650513
-1.2414624691009521
-1.2653310298919678
-0.09533793479204178
-1.8353583812713623
-1.0331708192825317
-1.2628215551376343
-0.8519567251205444
-0.6081310510635376
-1.5928480625152588
-0.9254865646362305
0.2984663248062134
-1.4173134565353394
-1.0488801002502441
-2.334209680557251
0.06031133234500885
-0.24633394181728363
0.1365187019109726
-0.7062161564826965
-0.587273359298706
-1.3691480159759521
-0.05815361067652702
-1.7797231674194336
-0.7218034863471985
-0.6702200174331665
-1.139159917831421
-0.5741563439369202
-1.5539809465408325
-0.8814064264297485
-0.8157453536987305
0.1921834498643875
-0.35064324736595154
-1.2453829050064087
-0.27859634160995483
-1.4105706214904785
-1.2489365339279175
-0.5400338768959045
-1.5407971143722534
-2.1337859630584717
-1.0435137748718262
-0.7305325865745544
0.07713589817285538
-2.4656291007995605
-0.17627164721488953
-0.5655471682548523
-0.8432961106300354
-0.689513087272644
-1.2649253606796265
-0.9390299916267395
-1.504327654838562
-0.09606016427278519
-1.3687959909439087
-1.4026881456375122
-2.227302312850952
-0.19422674179077148
-0.1631079763174057
-0.14737942814826965
-2.752803087234497
-0.2875922918319702
-3.144200563430786
-1.1055357456207275
-1.2058100700378418
-1.375357747077942
-1.3811352252960205
-1.548099160194397
-0.5717673897743225
-0.22450998425483704
-0.4180028736591339
-0.49613338708877563
-0.7569262981414795
0.13522595167160034
-1.1892921924591064
0.22264054417610168
-0.9703277945518494
-0.8879472017288208
-0.5136412978172302
0.031115546822547913
-0.8639940619468689
-1.0329020023345947
-1.0389436483383179
-2.4582033157348633
-0.8018457889556885
-1.9458351135253906
-0.983096718788147
-1.0491936206817627
0.14054247736930847
-0.20998971164226532
-0.9489929676055908
-0.9869730472564697
-1.9153939485549927
-1.354811429977417
-0.7784782648086548
-0.26901674270629883
-0.12810535728931427
-1.4328051805496216
-2.4544386863708496
-2.0786659717559814
-1.2335766553878784
-2.0770797729492188
-0.42535653710365295
-0.6503397226333618
-1.2248930931091309
-0.8178609609603882
-0.7849966883659363
0.05259755253791809
-1.7410858869552612
-0.8995316028594971
-0.8195019364356995
-0.8525764346122742
-0.3617880344390869
-0.26100102066993713
-1.3326966762542725
-0.9976211190223694
-1.235829472541809
-2.0710577964782715
-1.4751098155975342
-1.3516044616699219
-0.7221575975418091
-0.870201826095581
-1.1726658344268799
-0.3170691728591919
-0.5308725237846375
-0.8893442153930664
-1.9270071983337402
-0.6227659583091736
-1.5625604391098022
-1.3328429460525513
-0.8349469900131226
-1.272326111793518
-0.7903542518615723
-1.4101879596710205
-0.19683149456977844
0.24950577318668365
-0.25312015414237976
0.21303308010101318
-3.0442404747009277
-0.9346544146537781
-0.05553077533841133
-1.870863676071167
-1.3321219682693481
0.05618733912706375
-1.1491668224334717
-0.875148594379425
-1.0981873273849487
-1.8177120685577393
-0.1223805695772171
-1.102782130241394
-0.07325787097215652
-0.11026030033826828
-1.4234827756881714
-1.0165197849273682
-1.6193406581878662
-0.8672124147415161
-2.270547866821289
-1.2425252199172974
-1.967835545539856
-1.7008001804351807
0.3704332113265991
-0.1013869047164917
-1.5198580026626587
-0.08642983436584473
-0.2984103858470917
-2.1095943450927734
-2.16121768951416
-0.04612088203430176
-2.607875347137451
-1.231558084487915
-1.5739058256149292
-0.9297692179679871
-0.8621766567230225
-0.35601627826690674
-1.318496584892273
-2.314890146255493
-1.109520435333252
-0.04902096465229988
-1.2133324146270752
-0.24054399132728577
-1.7651928663253784
0.04328154772520065
-1.0267447233200073
-1.693161129951477
-1.3180298805236816
-1.4679492712020874
-1.4090977907180786
-1.6320868730545044
-1.1515498161315918
-2.2306723594665527
-0.8667023777961731
-1.7819387912750244
-0.11757092922925949
-1.1225255727767944
-0.4848252236843109
-0.3115392327308655
-0.6667887568473816
-1.4908483028411865
-1.1015336513519287
-1.434037208557129
-1.2050740718841553
-1.072113275527954
-0.957754373550415
-1.6898554563522339
-1.7291640043258667
-0.44463616609573364
-0.11236541718244553
-1.7143571376800537
-1.6952059268951416
0.2676435708999634
-0.4416849613189697
-1.3097589015960693
-0.9239129424095154
-2.0368716716766357
-1.5073347091674805
-1.1656861305236816
-0.3625740706920624
-1.65706467628479
-1.2539228200912476
-1.0643237829208374
-1.7157924175262451
-0.8086936473846436
-1.3983954191207886
-0.49634096026420593
-1.3680860996246338
-1.2245107889175415
-1.06343674659729
-0.8737635016441345
-2.016191005706787
-2.215273857116699
-0.774267852306366
-0.08890730142593384
-1.1884490251541138
0.18117813766002655
-0.7049733400344849
-0.28062713146209717
-1.7979276180267334
-1.2015787363052368
0.1202307641506195
-0.4204050600528717
-0.5340561270713806
-0.055363453924655914
-0.4828476011753082
-0.9584888815879822
-0.8581514954566956
0.1422540247440338
-0.4577180743217468
-0.7974605560302734
0.10730524361133575
-1.1441919803619385
-0.41894277930259705
-0.8195129632949829
-1.9615572690963745
-0.6316472887992859
-1.371808648109436
0.5238867402076721
-1.7080650329589844
-1.0066300630569458
0.007861940190196037
-0.2527589499950409
-1.793574571609497
-1.2997229099273682
-0.8685154318809509
-2.25799560546875
0.45932579040527344
-1.4620418548583984
-2.01798677444458
-0.40706565976142883
-0.28746500611305237
-0.7708614468574524
-0.7879625558853149
-0.9580980539321899
-0.6896349787712097
-0.26684340834617615
-2.3907032012939453
-0.42910823225975037
-0.051970019936561584
0.32351770997047424
-0.5098565220832825
-0.5209741592407227
-0.10994179546833038
-1.9958921670913696
-0.9960479140281677
-0.487350195646286
-1.2239985466003418
-1.101244330406189
-2.6618871688842773
-2.0162041187286377
-1.701353669166565
-2.0933501720428467
-0.4412788152694702
-1.067470908164978
-2.106497287750244
-0.5795060396194458
-1.3519988059997559
-0.916533887386322
-0.5750431418418884
-0.41962385177612305
-1.6279616355895996
-0.6210716962814331
-1.0973373651504517
-0.9039739966392517
-1.0110251903533936
-1.590075135231018
-0.937566339969635
-0.9630284905433655
-0.7121767997741699
-0.9283008575439453
-0.917023241519928
-1.5658038854599
-1.6353813409805298
-0.06719975918531418
-0.9851222634315491
-0.45152366161346436
-0.7791455984115601
-0.14924518764019012
-0.42071717977523804
-2.069409132003784
-0.7376617789268494
-1.353281021118164
-0.5905211567878723
-1.2971240282058716
0.048819586634635925
-0.03202880918979645
-1.038312554359436
-0.041189342737197876
-0.8504970073699951
-1.276858925819397
-1.2694154977798462
-0.5086297988891602
-2.089385986328125
-1.5881743431091309
-0.2878856658935547
-0.05162682384252548
-0.8668396472930908
-0.7669427990913391
-1.329869031906128
-0.4276455044746399
-0.6118544936180115
-0.3830830156803131
-0.4646530747413635
-2.518502712249756
-0.8202714920043945
0.1952606439590454
-2.398507833480835
0.0021882313303649426
-1.2371100187301636
-0.2078496515750885
-2.2139649391174316
-0.33092454075813293
0.07954753935337067
-0.5841461420059204
-2.181579113006592
0.059171561151742935
-0.7197776436805725
-1.3047096729278564
-1.196997880935669
-0.18977603316307068
-0.6719277501106262
-1.7845053672790527
-1.1044812202453613
-1.0520530939102173
-1.0732500553131104
-1.7084604501724243
-0.7202134132385254
-1.735276460647583
-1.257295846939087
-1.0161311626434326
-0.06423695385456085
-0.22004729509353638
-1.336690902709961
-0.7407028079032898
-0.5509440898895264
-2.4266316890716553
-1.888722538948059
-1.1705785989761353
-1.8774313926696777
-0.7441632151603699
-1.2355560064315796
-1.5227781534194946
-0.7178568243980408
-0.9739851951599121
-0.6457509994506836
-1.3405036926269531
-2.1226868629455566
0.1076386347413063
-0.818623960018158
-0.534631609916687
-0.8119092583656311
-0.7454020380973816
-0.5319157838821411
-0.7758743762969971
-0.49559786915779114
-1.3739873170852661
-1.1977131366729736
-2.2582931518554688
-0.9481826424598694
-0.40221312642097473
-0.38454532623291016
-0.422116756439209
-0.744716465473175
-0.2123960256576538
-1.0099502801895142
-1.6075376272201538
-1.0212769508361816
-1.2189834117889404
-0.44871994853019714
0.9222310185432434
-0.6433584094047546
-0.7292917370796204
-1.1539769172668457
-0.895802915096283
-0.5200986266136169
-0.22536741197109222
-1.878828525543213
-1.5085868835449219
-2.8756792545318604
-0.023870641365647316
0.6057958602905273
-0.39380165934562683
-1.8834741115570068
-0.17722178995609283
-0.49925497174263
-0.783561646938324
-3.5958147048950195
-1.376955509185791
-0.5530702471733093
-1.5310910940170288
-1.3347091674804688
-1.2993426322937012
0.8423243165016174
-0.35268089175224304
-0.8658227324485779
