-0.009863754734396935
-0.6112022995948792
-0.10039692372083664
-0.13878133893013
-0.24551922082901
-0.17767192423343658
0.14076176285743713
-0.17273753881454468
-0.9651197791099548
-0.8238105177879333
0.07725226879119873
0.010895231738686562
-0.8888229131698608
-1.0505481958389282
-0.520757794380188
-0.05552436783909798
-0.05243998020887375
-0.02009311318397522
0.3632291853427887
-1.2915164232254028
0.031342729926109314
-0.30986320972442627
-0.3515912890434265
0.048856765031814575
0.02285134792327881
-0.3512061834335327
-0.879246175289154
-0.8392261862754822
-0.24743987619876862
-0.46440589427948
-0.1828184425830841
-1.512161374092102
-1.5063666105270386
0.30458712577819824
0.0853380411863327
-0.7805275321006775
-0.5257642865180969
-0.8517381548881531
-0.3068380057811737
-0.0428120419383049
-0.3181706368923187
-0.6388363838195801
0.07862256467342377
-0.9456011652946472
-0.007730768993496895
0.04803590849041939
-0.9326560497283936
-0.6763139367103577
-0.13761435449123383
0.20714932680130005
-1.1240278482437134
-0.4260154068470001
-0.0424925796687603
0.35660797357559204
-1.155498743057251
-0.6114330291748047
-0.35127124190330505
-1.0549602508544922
-0.03163369372487068
-0.20937204360961914
0.0966983512043953
0.3413483500480652
-0.033726051449775696
-0.23749874532222748
-1.0688673257827759
-0.1557953953742981
0.14255328476428986
-0.4053466320037842
-0.21771565079689026
-1.2621266841888428
-0.6777966022491455
0.15740251541137695
0.19329795241355896
-0.7094937562942505
-0.713331937789917
-1.4887022972106934
0.28091827034950256
-1.0447553396224976
-0.43273407220840454
-0.6460375785827637
-1.1522748470306396
-0.0602765828371048
-0.3340666592121124
-1.133973479270935
0.16840696334838867
-0.03876147046685219
-0.2903309166431427
-0.574722170829773
-1.0159825086593628
-0.26762059330940247
-0.5978536009788513
-0.8149634599685669
-0.07178260385990143
0.2798004448413849
-0.2965901494026184
-0.3496781885623932
-0.40574297308921814
0.028968727216124535
-0.44512563943862915
0.43147099018096924
-1.306709885597229
-0.3864431381225586
-1.1952662467956543
-0.04725683480501175
0.19683010876178741
-0.5066729784011841
0.1249595582485199
-0.4947284460067749
-0.46019598841667175
-0.249635249376297
-0.273125022649765
0.19717277586460114
-0.44221803545951843
-0.6899836659431458
0.12409759312868118
-0.32152247428894043
-1.1283988952636719
-0.42009156942367554
0.25047025084495544
-0.03554670140147209
-0.07299584895372391
-0.012363500893115997
-0.4084588289260864
-0.3075973391532898
-0.19489853084087372
-1.1868858337402344
-0.2908092737197876
-0.05802220478653908
-0.05226624011993408
-0.7584693431854248
-0.02728208340704441
-0.4962783753871918
-1.327445149421692
-0.03772939741611481
-0.42837318778038025
-0.23158971965312958
-0.7000599503517151
0.007167883682996035
0.42898768186569214
-0.188862606883049
-0.10166675597429276
-0.5362421274185181
-1.0710607767105103
-0.5991544127464294
-0.4810633957386017
0.24713097512722015
0.1491338461637497
-0.6017675399780273
0.08849911391735077
-0.021116232499480247
0.01976843923330307
-0.7533200979232788
0.1926911324262619
-1.4645930528640747
0.16543754935264587
-0.317135214805603
-1.2298259735107422
-0.5009149312973022
-0.6190595626831055
-0.8409906029701233
-0.09317397326231003
-0.10076140612363815
-0.7117690443992615
-0.5639870166778564
-0.8555291295051575
-0.7212435007095337
0.27842313051223755
-0.8125371336936951
-0.622296929359436
-0.8237395882606506
-0.088912732899189
-0.3329155743122101
-1.2379724979400635
-0.5667323470115662
-0.5365867614746094
-0.05317798629403114
-0.24227921664714813
-0.48529309034347534
-0.7540048360824585
-0.029887795448303223
-0.8055183291435242
-0.06264045834541321
-1.7181340456008911
0.11428498476743698
-0.0797775387763977
0.41949278116226196
0.3560187816619873
-0.14710159599781036
-0.5621488094329834
0.05825493857264519
0.438332736492157
-0.5115732550621033
0.4510558843612671
0.3130910098552704
-0.7179793119430542
-0.4704842269420624
-0.5489835143089294
0.07976744323968887
-0.6181235909461975
-0.08291398733854294
0.2029237151145935
-0.31626096367836
0.006331033539026976
-0.1887814998626709
-0.008783764205873013
-1.080802083015442
-0.21975597739219666
-1.8218214511871338
0.2823629379272461
-0.401398241519928
-0.3487972617149353
0.08870365470647812
-0.4264380931854248
-0.44772806763648987
-0.7316752672195435
-0.41119760274887085
-0.22135844826698303
-0.22495132684707642
-0.6941391825675964
-0.42913246154785156
0.41136378049850464
-0.8149685263633728
0.05274100601673126
0.23412778973579407
0.27556079626083374
-0.1705801635980606
-0.6288847923278809
-0.38818585872650146
-0.24519145488739014
-0.06154501810669899
-0.9498754739761353
-0.11288145184516907
-0.2060757428407669
-0.3069039285182953
-0.05583411827683449
-0.5547529458999634
0.18192307651042938
-0.5022159218788147
0.0423506461083889
0.033129915595054626
-0.6213498711585999
0.1981796771287918
-1.0147593021392822
0.30251944065093994
0.38933655619621277
-0.10329553484916687
-0.1394629031419754
0.21097826957702637
-0.45950502157211304
0.054385993629693985
0.2792172133922577
0.7892007827758789
0.16479897499084473
-0.5707090497016907
-0.5089817047119141
-0.6747072339057922
-0.8479521870613098
-1.0082941055297852
-0.5015320181846619
-0.20323753356933594
-0.03534878417849541
-0.7245950102806091
-0.3206705152988434
-0.2947523593902588
0.06104308366775513
0.22783666849136353
-0.6843769550323486
0.026486052200198174
0.39726829528808594
-0.8366575837135315
-0.22052760422229767
0.11578192561864853
0.004388981964439154
-0.6737104058265686
0.07108904421329498
-0.2548450827598572
-0.5316906571388245
-0.4730552136898041
0.07667781412601471
0.4024181365966797
-0.5855281352996826
-0.43985989689826965
0.006684763822704554
-0.0315837487578392
-0.23556530475616455
-0.34455692768096924
-0.4347507953643799
-0.4549158811569214
-1.165535807609558
-0.3275347352027893
-0.22702056169509888
-1.1522817611694336
-1.257965326309204
-0.6749923825263977
-0.9171411395072937
-0.5359770655632019
-0.5688484907150269
-1.3159279823303223
-0.10248442739248276
0.1452942192554474
-0.5932134389877319
-1.0854830741882324
0.08898749947547913
-0.652098536491394
-0.028202766552567482
-0.8445718884468079
-0.4873010516166687
-0.010134550742805004
-0.7110781073570251
-0.7215917110443115
0.2884765565395355
0.2509769797325134
-0.6854918599128723
-0.018620114773511887
0.0015530246309936047
-0.16393110156059265
-1.3607600927352905
-0.3237704932689667
-1.701289415359497
-0.616607129573822
-0.9038657546043396
-0.7334737181663513
-0.08919605612754822
-0.48395833373069763
-0.3649986684322357
-0.3604789972305298
-0.7789615392684937
-0.18187391757965088
-1.0049115419387817
-0.43415966629981995
-0.2949921190738678
0.3459169566631317
-0.890779972076416
-1.3584996461868286
-0.8234257698059082
-0.294952929019928
-0.7314205169677734
0.39354267716407776
-0.30329838395118713
-0.515166699886322
-0.1484706550836563
-1.101105809211731
-0.049706995487213135
0.056027889251708984
-0.023858310654759407
-1.094175100326538
-0.041696611791849136
0.026697520166635513
-0.6062760949134827
-0.09198468923568726
-0.13326331973075867
-0.13310620188713074
-0.10058584064245224
-0.568702220916748
-0.1094600111246109
-0.30534598231315613
0.303898423910141
-0.07657092064619064
-1.094051718711853
-0.6579285264015198
-1.6854441165924072
-0.9189856052398682
-0.19736377894878387
0.009940926916897297
0.3218531608581543
-0.22325849533081055
-0.8928595185279846
-0.5718500018119812
-1.2477267980575562
-0.6180837750434875
-1.0380405187606812
-0.33543631434440613
-0.21133312582969666
-0.24526487290859222
0.30536189675331116
-0.5910269021987915
-1.0991982221603394
-0.48620492219924927
-0.4993104636669159
-0.5540491938591003
-0.5448178648948669
-0.8790025115013123
-0.2788342833518982
0.029697531834244728
-0.6403769254684448
-0.8351895809173584
-0.09003811329603195
-1.2488957643508911
-0.14793448150157928
0.03249549865722656
-0.7237149477005005
-0.6379181146621704
-0.4416154623031616
-0.19980505108833313
0.03747304528951645
-0.21264013648033142
-0.4892444908618927
0.48207318782806396
-0.06878361850976944
-0.2774757146835327
0.5254232287406921
-0.7958519458770752
-0.5786425471305847
-0.929215669631958
-0.050429053604602814
-0.943809449672699
-0.8447895050048828
-0.327212393283844
0.3844813406467438
-0.6460114121437073
-0.08600620925426483
0.18218699097633362
-0.39916864037513733
-1.074476957321167
-0.08265852183103561
-0.2480522096157074
-0.27597537636756897
-0.0993657186627388
-0.37000134587287903
0.19762681424617767
-0.41332995891571045
0.032031308859586716
0.48787036538124084
0.09411679953336716
-0.7370566725730896
-0.38579216599464417
-0.07260656356811523
-0.32090356945991516
-0.5796270370483398
0.2514103055000305
-0.5705447196960449
0.06762288510799408
-0.22159773111343384
-0.2580643594264984
-0.39342236518859863
-0.8422703742980957
-1.1473382711410522
-0.1179356649518013
-0.47146379947662354
0.22925437986850739
-1.1406830549240112
-0.5049968361854553
-0.064024917781353
-0.6007062792778015
-0.21195439994335175
-1.7187360525131226
-0.6786724925041199
-0.6066099405288696
0.02095930464565754
-1.1119492053985596
-0.24045582115650177
-0.6893578767776489
0.42435503005981445
-0.37848636507987976
0.5097799301147461
-1.6897934675216675
0.0163840614259243
-0.17483441531658173
-0.07138463109731674
-0.28449541330337524
-0.3669247031211853
0.22630058228969574
-0.026453888043761253
-0.8007686734199524
-0.09169388562440872
-0.4107750356197357
-0.9368060827255249
-0.010483158752322197
-0.043659646064043045
-1.0569298267364502
-0.3832975924015045
-0.6176053285598755
-0.5986312627792358
-0.574053943157196
-0.9276943206787109
-0.28952446579933167
-0.8421226143836975
-0.3296678960323334
-0.14880803227424622
-0.1597106158733368
0.15084974467754364
0.2760467529296875
-0.693673312664032
-0.04158130660653114
0.18388782441616058
-0.8003234267234802
-0.33405399322509766
-0.46563082933425903
-0.861150324344635
-0.5202977657318115
-0.650499701499939
0.2687191367149353
-0.48807772994041443
-0.24239851534366608
-0.3016122877597809
-0.9588231444358826
-1.0032763481140137
-0.2568904757499695
-0.3038736879825592
-0.5208324193954468
-0.7159241437911987
-0.1124240979552269
-0.2651591897010803
-0.05817408487200737
0.3326660096645355
0.1399819254875183
-1.5174195766448975
0.09131892025470734
-0.2413780391216278
-0.8452795147895813
-0.39799532294273376
-0.4117867946624756
-0.1409681737422943
0.08760398626327515
-0.1972603052854538
-1.0006507635116577
-1.1388609409332275
-0.20731742680072784
-0.8619581460952759
-0.07999096810817719
-0.16116398572921753
-0.20050334930419922
-0.5545786619186401
-0.20421664416790009
-0.7279228568077087
-0.8183168768882751
-0.1716514527797699
-0.21651464700698853
-0.6753475069999695
-0.637428879737854
-0.6983674764633179
-1.1008071899414062
0.1136053130030632
-0.14427141845226288
0.5602742433547974
-0.6130815148353577
0.08934831619262695
-0.5979579091072083
0.15373645722866058
-0.4300963282585144
-0.282242089509964
-0.9618550539016724
-0.5715224742889404
-0.7305206656455994
0.34017157554626465
-1.130021572113037
-0.4974339008331299
-0.12005502730607986
-0.9134432673454285
-0.5252200961112976
-0.3196798264980316
-0.28356850147247314
0.05172897130250931
-0.6456866264343262
-0.5885332822799683
-0.3620513081550598
-0.39242497086524963
0.3052770495414734
-0.5378163456916809
-0.26003026962280273
-0.6231111288070679
-0.7171971201896667
-0.5038867592811584
-0.27268531918525696
-0.6691170334815979
-0.06829389184713364
-0.6977154016494751
-0.16814889013767242
-0.05032913386821747
-0.18993516266345978
-1.0200520753860474
0.08975836634635925
-1.6157680749893188
0.4751819968223572
0.1378583014011383
0.20255538821220398
0.10027465224266052
-0.10349893569946289
0.06934551894664764
-0.28416508436203003
1.0244327783584595
-0.90625
0.2823067307472229
0.02568705379962921
-0.19881707429885864
-0.7821789383888245
-0.4512023627758026
-0.5148677229881287
-0.7313264608383179
-0.23721109330654144
-0.5553961396217346
0.04807901754975319
-0.015284557826817036
-0.6357285976409912
-1.6201863288879395
-0.38016220927238464
-0.37302684783935547
-0.573686957359314
0.27999424934387207
-0.2723131477832794
-0.10176361352205276
-1.0745208263397217
-1.3357630968093872
-0.20651225745677948
-1.0759528875350952
-1.2280974388122559
-0.27065110206604004
-0.046294622123241425
-0.6064767837524414
-0.4967096447944641
-0.8512203097343445
-0.8844492435455322
0.18043653666973114
-1.0652809143066406
-0.058296818286180496
-0.5476562976837158
-0.7578368186950684
0.08342993259429932
-0.9636484384536743
-0.7191331386566162
-0.4028981029987335
-1.1230487823486328
0.0533645823597908
-0.8040605783462524
-0.39112165570259094
-0.06327565759420395
-0.6801353096961975
-0.9163715839385986
0.6100391745567322
-0.5197516083717346
0.08550196886062622
0.23591172695159912
-0.46438068151474
0.26179903745651245
-1.0214745998382568
-1.0802674293518066
0.18685175478458405
-0.44986051321029663
-0.37785592675209045
-0.9074883460998535
-1.1427929401397705
0.0014987899921834469
-0.5580362677574158
-0.17993085086345673
-0.18669100105762482
-0.7173044681549072
-1.2137136459350586
-0.6491063237190247
-0.7273111939430237
-0.8249557614326477
-0.2769089341163635
-0.25427326560020447
-0.7222901582717896
-0.7916394472122192
-0.5060281753540039
-0.8987154960632324
0.17063824832439423
-0.08006973564624786
0.2748735845088959
-0.5062815546989441
-1.6616542339324951
0.162525936961174
-0.21115992963314056
-0.7621123790740967
-0.5652734637260437
-0.662731945514679
-0.28592202067375183
-0.226706400513649
-0.1321256309747696
0.030204419046640396
-0.5455375909805298
-0.054637130349874496
-0.5188317894935608
-0.09389977157115936
-0.21330526471138
-0.7186803221702576
-0.09648098796606064
-0.35169199109077454
-0.31614556908607483
0.19231852889060974
-0.46405836939811707
-0.22390536963939667
-0.9559418559074402
-1.3556103706359863
0.2559264898300171
-0.8029988408088684
-0.06032974645495415
-0.32553422451019287
-0.6578250527381897
-0.9881265759468079
0.19370697438716888
-0.057199876755476
-0.12485776096582413
-1.322419285774231
-0.03975868597626686
-1.3399931192398071
-0.5930648446083069
-0.9361276626586914
0.2943023443222046
0.03780674561858177
-0.5634918808937073
-1.2106239795684814
0.1788538247346878
0.031305767595767975
-0.17328427731990814
-1.137802004814148
0.14144492149353027
-0.12249613553285599
0.23954947292804718
0.15393678843975067
-0.03764936700463295
-0.11924517899751663
-0.3466152548789978
-1.1767631769180298
-0.3743680715560913
-1.0623927116394043
-0.6934563517570496
-0.05326176807284355
0.06735445559024811
-0.30452004075050354
-0.31398531794548035
0.2585027813911438
0.3670680522918701
-0.3442562520503998
-0.7681290507316589
-0.06625913083553314
-0.7771356105804443
0.9393559694290161
-0.6519231796264648
-0.09070781618356705
-0.6696418523788452
-0.2512218952178955
-0.3222629725933075
-0.16277030110359192
-0.2428034245967865
-0.8830901980400085
-0.26717880368232727
-0.41998425126075745
-0.22077812254428864
-0.18516002595424652
0.2651711702346802
-0.06832971423864365
-0.42470020055770874
-0.22704844176769257
-0.08307068794965744
-0.6613012552261353
-0.6253710389137268
-0.20159345865249634
-0.13931190967559814
-0.3629581928253174
0.02768319845199585
0.13691304624080658
-0.23680925369262695
0.24519087374210358
0.17445887625217438
-0.5384305119514465
0.04616880416870117
0.12528544664382935
0.17739956080913544
0.4850241243839264
-0.027047161012887955
-0.21334542334079742
-0.7809892296791077
-0.11114145815372467
-0.39398735761642456
-1.2928533554077148
-0.3741414546966553
-0.7790172696113586
-0.8061190247535706
-0.6307544112205505
0.19181740283966064
0.020198551937937737
0.2768682539463043
0.15367506444454193
0.46849724650382996
0.17693087458610535
0.44832438230514526
-0.2658976912498474
0.0014968232717365026
-0.26423436403274536
-0.24793721735477448
0.13126888871192932
-0.0998239666223526
-1.284462571144104
0.2145858108997345
-0.8006788492202759
0.06372476369142532
-0.32993283867836
-0.072799913585186
-0.13070935010910034
-0.8635612726211548
-0.4834197163581848
0.10416621714830399
-0.23118838667869568
-0.0642831027507782
-0.19839918613433838
-0.46905168890953064
-0.5973038077354431
-1.4741480350494385
-1.3472291231155396
-0.44220682978630066
-0.2534359395503998
0.08641759306192398
-0.9967817068099976
-0.1395978033542633
-0.3913280665874481
-0.28909483551979065
0.2746557891368866
0.09803979098796844
-0.49767664074897766
-0.03513946384191513
-0.12007082253694534
0.31430068612098694
-0.8142002820968628
0.20700784027576447
-0.2775824964046478
-1.2046012878417969
-0.22057336568832397
-1.093827247619629
-0.2743731141090393
-0.876656711101532
-0.4932463765144348
-0.5867143869400024
0.17324940860271454
-0.5341883897781372
-0.41659674048423767
-0.05297529697418213
-0.5559574961662292
-0.3895593285560608
-0.6334136128425598
0.0781085416674614
-2.316534996032715
-0.15888603031635284
0.2661910653114319
-0.4942834675312042
-0.1667119264602661
0.12077721208333969
0.5991438627243042
0.149508535861969
-0.7995215654373169
-1.1863398551940918
-0.08598637580871582
-1.001080870628357
-0.6028361916542053
-0.5512794256210327
-1.2079315185546875
-0.4267032742500305
-0.01940266601741314
0.20839567482471466
-0.13809815049171448
0.1757541298866272
-0.7603503465652466
0.280231237411499
-0.6748049855232239
0.1576002687215805
-0.312037855386734
-0.22123068571090698
-0.1889050304889679
-0.610794186592102
-1.051742672920227
-0.036009956151247025
-2.1237215995788574
-0.026131082326173782
-0.8943864107131958
-0.2934509217739105
-0.5269768238067627
-0.4019564092159271
-1.2541266679763794
-0.11372480541467667
-0.4132344722747803
-0.5085666179656982
-1.0997824668884277
-0.13066163659095764
-0.06113431602716446
-0.1802976429462433
-0.5813024640083313
0.2909611761569977
-0.7476648688316345
-0.28780534863471985
-0.43289318680763245
-0.7678653001785278
0.375972181558609
-0.6395550966262817
-0.7526997923851013
-0.5717273950576782
0.5032312273979187
-0.8304685354232788
0.8035812377929688
-0.07380355894565582
-0.7615613341331482
-0.1261698603630066
-0.4020577073097229
-0.47221362590789795
0.27257785201072693
-0.8780843019485474
-0.4472336769104004
0.04518221691250801
-1.0107369422912598
-1.0117690563201904
-0.33957692980766296
-0.9820645451545715
-1.3125061988830566
-0.32402917742729187
-0.5777011513710022
0.35389387607574463
0.4429149329662323
-0.047303471714258194
-0.7212758660316467
-0.7832640409469604
-0.7083837985992432
-0.6161445379257202
0.23792597651481628
-1.0192155838012695
-0.21606487035751343
-0.7262552380561829
-0.6847953796386719
-0.8630877733230591
-0.44044601917266846
-0.0493219755589962
-0.7298349142074585
-0.8879484534263611
-0.21760064363479614
-0.2293654829263687
-0.6326263546943665
-0.251155823469162
-0.007761279121041298
-0.6834426522254944
-0.5434150695800781
-0.3669644892215729
-1.1766985654830933
-0.892889678478241
-0.011952029541134834
0.08252895623445511
-0.9041476249694824
-1.7965608835220337
-0.7687209248542786
-0.24105344712734222
-1.1491484642028809
-0.7277727127075195
-0.9334597587585449
-0.411207914352417
0.2958464026451111
-0.24756158888339996
-0.30628713965415955
-0.06963349878787994
-0.3340296149253845
-0.5589244365692139
-0.34762635827064514
0.24214857816696167
-0.7087763547897339
-1.228183627128601
-0.9134648442268372
0.060744646936655045
-0.9687424302101135
-0.3350934386253357
-0.35406389832496643
-0.8896639347076416
-0.9243413209915161
-0.6744585633277893
-0.12820236384868622
-0.32198435068130493
-0.9628311395645142
0.15149329602718353
-0.18786552548408508
0.2548902928829193
-0.3720968961715698
-0.6652343273162842
-0.06485722959041595
0.281284362077713
-0.7313934564590454
0.604880690574646
-0.7695996761322021
-0.7318693995475769
0.20608165860176086
-0.4102441072463989
0.4223146140575409
-0.8290097713470459
-0.2615303695201874
-0.5424976944923401
-0.1919613927602768
-0.7191351652145386
-0.17439661920070648
-0.5879980325698853
0.29941415786743164
-0.7279348969459534
0.06435912102460861
0.09157078713178635
-0.05810026079416275
-0.307210773229599
-0.04068683832883835
-1.286012887954712
-0.9754866361618042
-0.623507559299469
0.17620553076267242
-0.6939572095870972
-0.048096686601638794
-0.6598994731903076
-0.1515519917011261
-1.1002107858657837
-1.120424747467041
-0.7082892060279846
-0.8481682538986206
0.013777241110801697
0.05437055975198746
-0.734875500202179
0.06814238429069519
-1.254031777381897
-0.31501731276512146
-0.06928107142448425
-0.40406250953674316
-0.16174811124801636
0.005934030748903751
-0.6848821640014648
-0.06868010759353638
-0.17402181029319763
-0.6959013938903809
-0.5675156712532043
-0.0653228908777237
-0.14392974972724915
-0.3243902921676636
-0.29288703203201294
-0.3692772090435028
-0.6498112082481384
0.07880161702632904
-0.8915607333183289
0.02887561358511448
-0.6235445737838745
-1.0131117105484009
0.08997141569852829
-0.5763169527053833
-0.8957830667495728
-0.3146332800388336
0.03937233239412308
-1.5122634172439575
-0.19743449985980988
-0.06527037173509598
-0.28481271862983704
-0.3411004841327667
0.31195515394210815
-0.06572850048542023
0.11979212611913681
-0.16743208467960358
-0.22688934206962585
-0.5607821941375732
-0.6401699781417847
-0.08456501364707947
-0.751595675945282
-0.34773537516593933
-0.035149648785591125
0.5737878680229187
-0.015744119882583618
-1.156487226486206
-1.4412299394607544
-0.16219235956668854
-0.11859750002622604
0.4807237386703491
0.3310151994228363
-0.48869600892066956
0.12756454944610596
-0.25146663188934326
0.07669700682163239
-0.5094969868659973
-0.37331774830818176
0.13792157173156738
-0.44824233651161194
0.23018145561218262
0.08717095851898193
-0.776351809501648
-0.6834396123886108
-0.046986173838377
-1.2595866918563843
-0.5893665552139282
-0.34931573271751404
-0.017767874523997307
0.18125243484973907
0.1846023052930832
-0.46073952317237854
-0.39261502027511597
0.3674060106277466
-0.3530485928058624
-0.567365288734436
-0.41774192452430725
0.2787818908691406
-0.23687660694122314
-1.2139005661010742
-0.662212073802948
-0.5715301632881165
-0.5901169180870056
-0.006395440548658371
-1.422194004058838
-2.530675172805786
-0.46392086148262024
-0.23301222920417786
-0.5533009767532349
-0.8186373710632324
-0.3421512544155121
-0.20874664187431335
-0.20265397429466248
-0.3325785994529724
-0.1868744045495987
-0.019133247435092926
-0.10271481424570084
-0.05865347385406494
-0.0014466755092144012
-0.49833256006240845
-1.2235641479492188
-0.5939828157424927
-0.07254385948181152
-0.18782614171504974
-0.40165600180625916
-0.652655839920044
-0.9235230684280396
-1.2221362590789795
-0.1396966576576233
-1.2678773403167725
-0.3859535753726959
-0.7537791132926941
0.36425358057022095
-1.0785980224609375
-0.001719633350148797
-0.4749930202960968
-0.2291242629289627
-0.5810590386390686
0.5854071378707886
-0.4244900643825531
-1.2296147346496582
0.34271085262298584
-0.6339475512504578
-0.2594360113143921
-0.9297122359275818
-0.9139567613601685
-0.4702273905277252
-0.9571846127510071
-0.5462735891342163
-0.5807044506072998
-0.006454083137214184
-0.0016778144054114819
-0.6278378963470459
-0.21985499560832977
0.386735737323761
-0.1603775918483734
-0.5251320004463196
-0.520081102848053
-1.1335725784301758
-0.3098618984222412
-0.5214695930480957
0.22550320625305176
0.19756001234054565
-0.06039002537727356
0.24324317276477814
-0.6637545228004456
-0.4731573164463043
