-0.10847088694572449
-0.1371578723192215
-0.05418497323989868
0.2476288378238678
0.029790809378027916
-0.1550547480583191
0.009001537226140499
0.07477530837059021
0.04779213294386864
-0.043752823024988174
-0.01188955269753933
0.1714354157447815
-0.01703266054391861
0.02814618870615959
0.013666925951838493
-0.13648700714111328
0.09138098359107971
0.06722068786621094
-0.2718444764614105
0.06158871203660965
0.002923656953498721
-0.05373521149158478
0.061747875064611435
-0.014924553222954273
-0.1599660962820053
0.07708419859409332
-0.14030197262763977
-0.015718398615717888
-0.26589787006378174
0.12351761013269424
-0.06389043480157852
0.11111724376678467
-0.03862001374363899
-0.06883388012647629
0.10581563413143158
0.09923958033323288
-0.0365389920771122
0.006921469233930111
0.19865724444389343
-0.029408523812890053
-0.03903771564364433
0.05364016816020012
-0.1754208207130432
0.3701193630695343
0.2324075549840927
-0.07093752175569534
-0.009236104786396027
-0.08021387457847595
-0.17286664247512817
-0.08144974708557129
-0.04114379733800888
-0.01650364324450493
-0.009175398387014866
0.16686129570007324
0.06547390669584274
0.012934130616486073
-0.07792478799819946
-0.07021112740039825
-0.13491664826869965
-0.05441794544458389
0.06589440256357193
0.033155303448438644
0.1417980045080185
-0.05199166014790535
0.2125340700149536
-0.047658223658800125
-0.11892105638980865
0.11914244294166565
0.16405624151229858
0.024806689471006393
0.07936578243970871
0.016081878915429115
0.011654344387352467
-0.2097501903772354
-0.10864203423261642
0.21034123003482819
0.2988417446613312
0.054015591740608215
-0.08909354358911514
-0.19677487015724182
0.046735771000385284
-0.12252617627382278
-0.07835759967565536
-0.08652007579803467
0.019872520118951797
-0.12852270901203156
0.06553587317466736
0.1810857057571411
-0.0392032191157341
0.12951472401618958
0.10477282851934433
0.10180004686117172
-0.055449362844228745
0.10217579454183578
-0.15289348363876343
-0.0828186571598053
-0.17129598557949066
0.09404473006725311
0.010582481510937214
0.10250851511955261
-0.21500924229621887
0.18706868588924408
-0.04615843668580055
0.014843963086605072
-0.05566736310720444
0.08184655755758286
0.18732000887393951
-0.06851308047771454
-0.036870505660772324
-0.07435423135757446
-0.04549608379602432
-0.04884117841720581
-0.14467817544937134
-0.07961498945951462
0.02144762873649597
0.02345667965710163
-0.10159353166818619
0.08254551142454147
0.11105658859014511
-0.2040291577577591
-0.12125257402658463
0.6755266189575195
-0.006861554458737373
0.17517882585525513
0.08109618723392487
0.027241123840212822
-0.27477699518203735
-0.04416650906205177
0.01694648340344429
0.09761590510606766
-0.1613091379404068
0.36453089118003845
-0.024906188249588013
0.19105106592178345
-0.05106167495250702
-0.05304286256432533
0.32555580139160156
-0.2493685930967331
-0.03532715141773224
-0.11858168244361877
0.13825082778930664
-0.08641333132982254
-0.01944321021437645
-0.13980472087860107
-0.045604873448610306
0.15185731649398804
-0.015692055225372314
-0.07338647544384003
0.061082497239112854
0.08043868839740753
-0.0071381437592208385
-0.10255250334739685
0.03151256963610649
0.28841131925582886
0.11698340624570847
0.03596969693899155
0.23242057859897614
-0.06311195343732834
-0.16267672181129456
-0.17530913650989532
0.14010071754455566
0.03362588584423065
0.06338217854499817
0.09239758551120758
-0.014471800066530704
0.02539243921637535
-0.06957266479730606
0.061722561717033386
0.11960983276367188
-0.15065200626850128
-0.15510894358158112
-0.07028978317975998
-0.04483127221465111
-0.23059889674186707
0.024377668276429176
0.14468015730381012
-0.13318341970443726
0.21536573767662048
-0.12320347875356674
0.42458397150039673
-0.12182185053825378
-0.11829471588134766
0.29631534218788147
0.02940124273300171
0.08854036033153534
-0.1654549241065979
-0.03358352184295654
0.2654656171798706
-0.12131964415311813
0.06653578579425812
0.002710326574742794
0.08892110735177994
