0.23477351665496826
0.18145602941513062
0.22249150276184082
0.2069447636604309
0.18686920404434204
0.19661706686019897
0.1978377103805542
0.22023510932922363
0.19992363452911377
0.21052587032318115
0.21243542432785034
0.21954292058944702
0.21931755542755127
0.2708834409713745
0.21461457014083862
0.21888625621795654
0.24052399396896362
0.2202884554862976
0.23602163791656494
0.20321249961853027
0.21372538805007935
0.2290096879005432
0.21812772750854492
0.2640799283981323
0.294166624546051
0.19089430570602417
0.24601364135742188
0.22852486371994019
0.20372962951660156
0.17968952655792236
0.19864916801452637
0.20041322708129883
0.22087079286575317
0.19501113891601562
0.22326576709747314
0.19541430473327637
0.22330737113952637
0.21267306804656982
0.255837082862854
0.20795339345932007
0.21062976121902466
0.2064131498336792
0.2113649845123291
0.333193838596344
0.2010495662689209
0.20982789993286133
0.1975482702255249
0.20341187715530396
0.21814250946044922
0.22332680225372314
0.20960646867752075
0.2427612543106079
0.21313035488128662
0.2364727258682251
0.27003157138824463
0.25231456756591797
0.21669495105743408
0.20260226726531982
0.1931120753288269
0.23784416913986206
0.22295105457305908
0.203385591506958
0.21377837657928467
0.4438828229904175
0.21690118312835693
0.19838660955429077
0.21807193756103516
0.231498122215271
0.2745973467826843
0.24161797761917114
0.35049986839294434
0.2065473198890686
0.2160942554473877
0.2727019786834717
0.3264584541320801
0.202711820602417
0.23094499111175537
0.23879432678222656
0.22165608406066895
0.22851777076721191
0.24979829788208008
0.2541877031326294
0.18132835626602173
0.22004520893096924
0.2191014289855957
0.2070123553276062
0.23003250360488892
0.2139466404914856
0.19956570863723755
0.25469350814819336
0.21844160556793213
0.19889360666275024
0.18106412887573242
0.20187687873840332
0.2739238142967224
0.20668435096740723
0.19845402240753174
0.2240055799484253
0.2268344759941101
0.21041983366012573
0.21304506063461304
0.2280070185661316
0.20723819732666016
0.19155550003051758
0.2071700096130371
0.2282329797744751
0.21957921981811523
0.22201025485992432
0.24010396003723145
0.20260089635849
0.24096083641052246
0.20010071992874146
0.20531857013702393
0.22254955768585205
0.25362467765808105
0.17416441440582275
0.20163172483444214
0.19001483917236328
0.20526748895645142
0.21528387069702148
0.18485099077224731
0.3074764609336853
0.19048941135406494
0.21772247552871704
0.20275264978408813
0.20799076557159424
0.30803370475769043
0.21308845281600952
0.26086360216140747
0.223655104637146
0.2299913763999939
0.2787100076675415
0.1951025128364563
0.19666212797164917
0.20511305332183838
0.1871730089187622
0.26888877153396606
0.24701380729675293
0.23758399486541748
0.211553692817688
0.24706220626831055
0.20361560583114624
0.22397387027740479
0.20215189456939697
0.20074939727783203
0.23044604063034058
0.2232745885848999
0.21153944730758667
0.20782816410064697
0.24152034521102905
0.3044980764389038
0.22204160690307617
0.2034090757369995
0.20107907056808472
0.20626068115234375
0.22328507900238037
0.2036324143409729
0.20967042446136475
0.24054354429244995
0.2116883397102356
0.24573731422424316
0.21312493085861206
0.19177669286727905
0.2033907175064087
0.21590018272399902
0.21603822708129883
0.2110353708267212
0.19519609212875366
0.22958475351333618
0.23114389181137085
0.19639575481414795
0.20696425437927246
0.24732792377471924
0.20253580808639526
0.19506388902664185
0.2057499885559082
0.2191939353942871
0.2430022954940796
0.22203415632247925
0.2855105996131897
0.21561682224273682
0.1880764365196228
0.21964281797409058
0.19545871019363403
0.21214383840560913
0.19965046644210815
0.23903632164001465
0.27597755193710327
0.2161230444908142
0.29418909549713135
0.21476435661315918
0.20922499895095825
