-0.1674892157316208
-0.26438239216804504
0.036083437502384186
0.11803779751062393
0.22754740715026855
-0.8995634913444519
0.1790696382522583
-0.22954364120960236
-0.09511794149875641
0.23137085139751434
0.06521100550889969
0.06228840723633766
-0.3149469196796417
0.5227216482162476
-0.45118391513824463
-0.3299805819988251
0.21536311507225037
0.3494170010089874
0.14866629242897034
0.36777177453041077
0.21324215829372406
-0.10083460807800293
-0.006816524546593428
0.6207866072654724
0.22492080926895142
0.08543342351913452
0.5186965465545654
-0.3080156147480011
-0.4589093327522278
-0.1864825338125229
-0.14078974723815918
-0.2204262912273407
-0.07621601969003677
-0.7278761863708496
-0.2586396336555481
0.7500739693641663
-0.02856268733739853
-0.14381155371665955
0.02348453179001808
-0.319651335477829
0.3068294823169708
0.4784408211708069
-0.15173538029193878
-0.6621339917182922
-0.20056486129760742
0.45089608430862427
-0.1810600757598877
-0.24215278029441833
0.17945104837417603
0.6720418334007263
0.102658212184906
-0.6411401629447937
0.2631079852581024
0.2715713083744049
0.34067562222480774
0.07312063872814178
0.3456657826900482
-0.2626638412475586
0.26932552456855774
-0.4012738764286041
0.3120367228984833
-0.28095948696136475
0.08063692599534988
1.9092705249786377
-0.11240807175636292
-0.18648044764995575
-0.11951655149459839
-0.41563716530799866
0.37246063351631165
0.12299324572086334
1.2959680557250977
0.42055973410606384
-1.028961181640625
-0.3647596538066864
-0.6096625924110413
0.13155396282672882
0.6702380776405334
-0.5546401739120483
0.0508531890809536
-0.316726416349411
-0.5944923758506775
0.5292539000511169
-0.5613757967948914
-0.15208160877227783
0.11850828677415848
-0.29068002104759216
-0.0017903143307194114
-0.1353428214788437
-0.4828508496284485
-0.2705939710140228
0.051281657069921494
-0.041769396513700485
-0.0630977526307106
-0.10483861714601517
0.35617876052856445
-0.8111432194709778
-0.5277827382087708
-0.22992956638336182
0.6095181703567505
0.14448590576648712
-0.5076268911361694
0.5629942417144775
-0.2084737867116928
0.24040231108665466
-0.4291267693042755
0.34889769554138184
0.32365962862968445
0.121727354824543
-0.3231872320175171
0.06107385456562042
0.6473416090011597
-0.07243461906909943
-0.2668296694755554
0.28213629126548767
-0.7136939764022827
-0.4355102777481079
0.052626557648181915
-0.27759817242622375
0.26631319522857666
-0.5018203854560852
-0.06542908400297165
0.6876763701438904
0.04054146632552147
0.10520368069410324
0.4888761341571808
1.1093367338180542
-1.402668833732605
0.44726553559303284
0.727462112903595
0.16753259301185608
0.13125324249267578
-0.9751197099685669
-0.4905346930027008
0.5070361495018005
0.6134416460990906
-0.243031308054924
0.8184837698936462
-0.21305136382579803
-0.19175779819488525
-0.40015408396720886
-0.15118743479251862
0.11664198338985443
-0.3256953954696655
0.1304134726524353
-0.262950599193573
0.5137251019477844
-0.5389834642410278
-0.040091101080179214
0.26490968465805054
0.057474877685308456
-0.07613528519868851
-0.2235378921031952
0.15583668649196625
0.10606420040130615
0.039930202066898346
-0.33070868253707886
-0.5034021735191345
-0.0636020377278328
-0.766707718372345
-0.690019428730011
-0.39176246523857117
-0.47273939847946167
0.1825573593378067
0.40357741713523865
-0.0015915085095912218
0.04728436470031738
-0.3097991347312927
0.33329322934150696
0.45274215936660767
-0.34818869829177856
0.32575565576553345
-0.0523088239133358
0.5392076969146729
-0.5996688604354858
0.7092806696891785
-0.21919964253902435
0.026343829929828644
0.14493432641029358
-0.08456394076347351
-1.04547917842865
-0.03274346515536308
-0.13887175917625427
0.2538454532623291
-0.4073622226715088
-0.04710628092288971
-0.08441293239593506
-0.0058595407754182816
-0.8082035183906555
0.030020467936992645
0.8142364621162415
0.11077030003070831
0.37127891182899475
