1.7826721668243408
1.1419967412948608
1.5421849489212036
1.5021194219589233
1.3547104597091675
1.4441732168197632
1.0994080305099487
1.4968403577804565
1.4574732780456543
1.009036898612976
1.5345873832702637
1.3526283502578735
1.351375699043274
2.0245461463928223
1.3496263027191162
1.4947394132614136
1.7834886312484741
1.6393853425979614
1.759352207183838
1.434709906578064
1.4780505895614624
1.7206412553787231
0.8813995122909546
1.9393032789230347
2.0958406925201416
0.9352436661720276
1.781224250793457
1.5787099599838257
1.150781512260437
1.0209097862243652
1.4049491882324219
1.4205752611160278
1.6333216428756714
1.3593329191207886
1.5500588417053223
1.2610453367233276
1.724715232849121
1.050035834312439
1.9215772151947021
1.5540440082550049
1.5299361944198608
1.190803050994873
1.4687976837158203
2.418562650680542
1.2669655084609985
1.482118010520935
1.3015258312225342
1.3130738735198975
1.069360375404358
1.616823673248291
1.4777495861053467
1.6536622047424316
1.188575029373169
1.6277695894241333
1.9374022483825684
1.7135766744613647
1.5326850414276123
1.5424546003341675
1.40178382396698
1.7317943572998047
0.9466869831085205
1.4524617195129395
1.5697497129440308
3.192953109741211
1.5906236171722412
1.385477066040039
1.0488289594650269
1.6264170408248901
2.017167329788208
1.6798900365829468
2.448188304901123
1.1695114374160767
1.5700531005859375
1.8482848405838013
2.368717670440674
1.4214705228805542
1.5587631464004517
1.7174023389816284
1.6242724657058716
1.6832374334335327
1.8466182947158813
1.8690448999404907
1.1627777814865112
1.4881794452667236
1.5623282194137573
1.4982411861419678
1.6280698776245117
1.4956443309783936
1.4953850507736206
1.9063256978988647
1.6239049434661865
1.397111177444458
1.0148135423660278
1.5001256465911865
1.9832751750946045
1.5547987222671509
1.4357233047485352
1.6391746997833252
1.7827668190002441
0.9545058608055115
1.6000162363052368
1.5872058868408203
1.569815754890442
1.4362151622772217
1.485689640045166
1.5626845359802246
1.363375186920166
1.6464130878448486
1.762068271636963
1.5247751474380493
1.7728415727615356
1.4453768730163574
1.5033762454986572
1.614842176437378
1.870547890663147
1.1618629693984985
1.4177229404449463
0.9981318116188049
1.1471928358078003
1.5860093832015991
1.2801676988601685
2.2117092609405518
1.2422456741333008
1.4119399785995483
1.5285427570343018
1.1192657947540283
2.210803747177124
1.495137333869934
1.9169926643371582
0.878109335899353
1.5889796018600464
2.0653696060180664
1.4248907566070557
1.456392765045166
1.52852201461792
1.2252767086029053
1.975653886795044
1.742752194404602
1.6149863004684448
1.4761290550231934
1.7771893739700317
1.0825800895690918
1.5856075286865234
1.4731100797653198
1.4738093614578247
1.7339624166488647
1.6486725807189941
1.5768460035324097
1.3614332675933838
1.7149014472961426
2.2942211627960205
1.3726199865341187
1.3401787281036377
1.5462366342544556
1.6075503826141357
1.0582139492034912
1.5582793951034546
1.1735358238220215
1.7434916496276855
1.5312684774398804
1.7274589538574219
1.4216113090515137
1.214691400527954
1.4532543420791626
1.3728362321853638
1.6032966375350952
1.340906023979187
1.2173959016799927
1.647987723350525
1.6775306463241577
1.252676248550415
1.4754388332366943
1.7114650011062622
1.3259369134902954
1.1136919260025024
1.5349754095077515
1.4303717613220215
1.7641714811325073
1.0320203304290771
2.0277583599090576
1.0811231136322021
1.3689504861831665
1.6197773218154907
1.4413424730300903
1.1874866485595703
1.4779692888259888
1.7874774932861328
1.9175502061843872
1.616650104522705
2.014364719390869
1.4937188625335693
1.580871343612671
