0.8028355836868286
1.2474915981292725
0.9185317754745483
0.5900404453277588
1.2294330596923828
1.0296281576156616
1.0567107200622559
0.5742294788360596
0.8620731234550476
0.7800980806350708
0.9935992956161499
1.138694405555725
0.7137739062309265
1.1419836282730103
1.2124122381210327
0.8146296143531799
1.315677523612976
0.4908195734024048
1.2653366327285767
1.2301806211471558
1.206428050994873
1.0297441482543945
0.28144145011901855
1.120930790901184
0.9916625618934631
0.6832965016365051
1.07262122631073
0.9760688543319702
1.1791027784347534
1.2617608308792114
0.6006684303283691
0.8272156119346619
0.8150705695152283
0.9769791960716248
0.47928619384765625
0.6517401933670044
1.0854771137237549
0.9895785450935364
0.25471770763397217
0.8492101430892944
0.8354448080062866
1.0671634674072266
1.0227657556533813
1.2011014223098755
0.6286918520927429
0.9889776706695557
1.0490834712982178
0.24238109588623047
1.141343355178833
0.24379003047943115
0.27521252632141113
1.1817809343338013
0.6514109373092651
1.0267411470413208
1.0592284202575684
0.28132593631744385
0.8500721454620361
0.9947460293769836
1.0815364122390747
1.265030860900879
1.101454734802246
1.0493731498718262
1.203499674797058
0.775382399559021
0.24160224199295044
0.8397216200828552
0.5754269361495972
1.0316529273986816
0.8631053566932678
0.9273039102554321
1.055707573890686
1.3777058124542236
0.9652804732322693
1.026435136795044
0.9481037855148315
0.7948524951934814
1.0622471570968628
1.1352094411849976
0.9584283828735352
0.8599036335945129
1.1299916505813599
1.0609211921691895
0.9348952770233154
0.8893409967422485
0.9998098015785217
0.6117205619812012
1.1758875846862793
1.2642498016357422
0.31551408767700195
0.7990155816078186
0.6027942299842834
1.2342818975448608
0.8173435926437378
0.9903712868690491
1.1008613109588623
1.2005935907363892
0.3612710237503052
1.1442188024520874
0.3628852367401123
1.0517367124557495
1.2797502279281616
0.6256111264228821
1.2826545238494873
0.28629469871520996
1.3761577606201172
0.4631078243255615
1.0034818649291992
0.7770200371742249
0.2776319980621338
1.0996804237365723
1.3641173839569092
1.2058496475219727
0.9753168225288391
0.9602729678153992
1.3145320415496826
0.6076777577400208
1.0985850095748901
0.8618584275245667
0.3226708173751831
1.1492477655410767
0.6749734282493591
1.299228310585022
0.8750934600830078
1.1801812648773193
1.1309363842010498
0.35559141635894775
1.1858322620391846
0.5242142081260681
1.066527009010315
1.2976938486099243
1.0788942575454712
0.5509136915206909
1.0454102754592896
0.605806827545166
1.124487042427063
1.1120959520339966
1.2379436492919922
1.0872195959091187
1.01206636428833
1.028519868850708
0.9842891693115234
0.9570467472076416
0.6359436511993408
0.9909070730209351
0.9656749367713928
0.8904557824134827
1.2922637462615967
0.6233049631118774
0.9727892279624939
0.2748059630393982
1.0717085599899292
1.043201208114624
0.994216799736023
1.2193751335144043
1.5557764768600464
1.189744234085083
0.8675452470779419
0.5479421615600586
1.0035561323165894
1.0805766582489014
0.9694510102272034
0.2631932497024536
1.0116021633148193
0.6565729975700378
0.8217423558235168
0.9534745812416077
0.9886661171913147
1.3637230396270752
1.01228666305542
1.1118664741516113
1.00669264793396
1.2279484272003174
0.8878719806671143
0.28521180152893066
1.1537432670593262
1.0902559757232666
0.9935874938964844
1.1416341066360474
0.7770816087722778
0.5067825317382812
1.1025371551513672
1.0971218347549438
1.0814909934997559
1.0672274827957153
1.1529467105865479
1.3075066804885864
0.28679049015045166
1.1643598079681396
0.7978764772415161
1.0350679159164429
0.4886053204536438
0.9632540345191956
0.5788201689720154
0.7529062628746033
1.0035006999969482
0.25035345554351807
1.1370809078216553
0.969586193561554
0.5679636597633362
1.0797059535980225
0.7613112330436707
1.3379935026168823
1.1664308309555054
0.5953875184059143
0.839891254901886
1.037828803062439
1.1085853576660156
1.080366849899292
0.8330280184745789
0.8907806277275085
0.8557623028755188
1.1616520881652832
0.6863428950309753
0.5118362903594971
1.0015103816986084
0.3258020281791687
0.6096404790878296
1.2584798336029053
0.808749794960022
1.2481203079223633
1.2548797130584717
0.8300526738166809
1.0198562145233154
0.9496256113052368
2.0915651321411133
0.6582881212234497
0.926264226436615
0.24256032705307007
0.9957378506660461
1.2660672664642334
0.3962858319282532
1.5380547046661377
0.6398885250091553
1.2107563018798828
0.23227065801620483
0.18710047006607056
1.0988720655441284
1.151818037033081
1.0818718671798706
0.37512636184692383
1.1301990747451782
1.2203868627548218
0.8153873085975647
1.0829048156738281
0.2547142505645752
0.5456600189208984
0.9004098773002625
0.9730884432792664
0.8693280220031738
2.0924532413482666
0.9601689577102661
1.559274673461914
1.0096248388290405
1.0872366428375244
0.25467443466186523
1.2496752738952637
1.1475255489349365
0.7489490509033203
0.6740171909332275
1.0029302835464478
0.9486788511276245
0.7480247020721436
1.0123361349105835
0.9324081540107727
1.087735891342163
0.9515359997749329
0.6010743379592896
1.2702213525772095
1.0311728715896606
1.2125582695007324
1.0944596529006958
0.7838927507400513
1.1705511808395386
0.8159214854240417
0.4486120939254761
1.1732581853866577
0.5431713461875916
1.0328456163406372
0.41841602325439453
0.43236953020095825
0.7620484828948975
1.1963613033294678
1.0782604217529297
0.5764816999435425
0.8753008842468262
1.482216477394104
0.8043607473373413
0.9546571969985962
0.7107227444648743
1.1794655323028564
1.2561445236206055
0.8059263825416565
0.941758394241333
0.22985661029815674
1.2513329982757568
1.1816760301589966
0.40025806427001953
0.6913855075836182
0.5941188931465149
0.938164472579956
0.35574793815612793
0.32048094272613525
0.17723339796066284
1.1492078304290771
0.24985873699188232
0.9334815740585327
1.0534757375717163
0.21742475032806396
0.8706459999084473
0.8344429731369019
0.2178095579147339
0.7168607115745544
1.60824716091156
0.3452298641204834
1.0950164794921875
0.7187432050704956
0.4121379852294922
0.9924010038375854
0.3549187183380127
0.2745899558067322
1.382338285446167
0.7169701457023621
0.6509911417961121
1.200260043144226
1.3231042623519897
0.23875409364700317
1.06292724609375
1.345076322555542
1.1467046737670898
0.22080183029174805
0.34630846977233887
1.111692190170288
0.3469315767288208
1.0784035921096802
1.116857886314392
1.2732211351394653
0.9456123113632202
1.0997748374938965
1.1795620918273926
0.9839857816696167
1.2317553758621216
1.1920230388641357
1.0871021747589111
0.7319831252098083
1.2309905290603638
0.9401757121086121
1.051085114479065
0.9895617961883545
0.9640756249427795
1.125382900238037
0.2823824882507324
1.143630862236023
1.3675122261047363
0.7945853471755981
1.2093191146850586
0.9817055463790894
1.3074815273284912
0.8180910348892212
1.2545090913772583
1.4574087858200073
1.5503791570663452
0.9414538741111755
1.2758294343948364
0.3429730534553528
1.2690402269363403
0.9607179760932922
0.9726665019989014
0.7153623104095459
0.6152633428573608
1.0836195945739746
1.019923210144043
1.0005948543548584
0.7872401475906372
0.7889352440834045
0.6373741030693054
1.1496638059616089
0.9458072781562805
1.22029447555542
0.9467077255249023
1.0779563188552856
0.3395255208015442
1.2942898273468018
1.0863080024719238
0.9434943795204163
1.3536796569824219
0.6718947887420654
0.7028056979179382
0.534656822681427
1.1057078838348389
0.20170724391937256
0.9620614051818848
1.105080008506775
0.34947627782821655
1.0817878246307373
1.0184998512268066
0.2887156009674072
0.22061055898666382
1.026269793510437
1.0387179851531982
1.159299612045288
1.1973274946212769
0.8114650249481201
1.0681389570236206
1.0711629390716553
0.7181378602981567
0.6284701228141785
1.1713420152664185
1.124864935874939
0.9605566263198853
1.046515703201294
0.33210325241088867
0.7609366178512573
1.2783668041229248
0.8245460391044617
1.9282965660095215
0.40632277727127075
0.9729263782501221
0.9998543858528137
0.9770844578742981
0.8403145670890808
0.4827662706375122
0.28460192680358887
0.3019486665725708
1.3943538665771484
0.6228818297386169
1.1296520233154297
0.5341705083847046
0.9775282144546509
1.450290560722351
0.688385546207428
0.9732592701911926
0.748489499092102
0.5681268572807312
1.6221343278884888
0.7538634538650513
0.2654142379760742
1.2035027742385864
1.0013632774353027
0.34997814893722534
0.38124585151672363
1.3049867153167725
1.108685851097107
0.6841683983802795
0.8394042253494263
0.7020242214202881
0.2550086975097656
1.97539484500885
0.5950340032577515
1.1555956602096558
0.7002130746841431
1.04534113407135
0.6811934113502502
0.650184154510498
1.1440372467041016
0.21128976345062256
1.491187572479248
0.6784016489982605
0.26500403881073
1.4288033246994019
1.1738086938858032
0.6020168662071228
1.2132885456085205
1.1437071561813354
0.897389829158783
0.8697572350502014
1.2956424951553345
0.5667834877967834
0.8300300240516663
1.4388593435287476
1.1460273265838623
0.8033040165901184
1.0781688690185547
0.269681453704834
0.9059343338012695
1.0378944873809814
1.2598598003387451
1.8126496076583862
0.6012188196182251
0.9389359354972839
1.199104905128479
0.2506745457649231
0.9030472636222839
0.17535316944122314
0.9675297737121582
1.0109580755233765
0.988423228263855
0.8228603601455688
0.20563077926635742
0.9577628374099731
0.37893855571746826
1.1294825077056885
0.8642880320549011
0.36512136459350586
0.2216058373451233
1.5117098093032837
1.07485830783844
0.9950764179229736
1.0434235334396362
1.1123619079589844
0.5713106393814087
0.871832549571991
1.2134414911270142
0.8857552409172058
1.3267091512680054
0.5798787474632263
0.8083018660545349
0.5454235076904297
1.1287375688552856
0.8544885516166687
2.2403502464294434
1.0848017930984497
0.8612774014472961
0.2668672800064087
1.1416878700256348
1.1477023363113403
1.0993622541427612
0.9676302671432495
0.4923595190048218
0.8901050090789795
1.0467069149017334
0.9869918823242188
0.7140296101570129
0.8174571990966797
0.29727935791015625
1.240342617034912
0.7478541731834412
0.7943704128265381
1.8996113538742065
1.1955913305282593
0.9375759959220886
1.0239436626434326
0.9932976365089417
1.110404133796692
1.1231460571289062
1.343015193939209
0.5443198680877686
0.6565068960189819
0.8938421010971069
1.222304344177246
0.8852767944335938
0.48660963773727417
1.2372220754623413
0.24315547943115234
0.6186000108718872
0.9039390683174133
1.1345504522323608
0.6955176591873169
0.42441821098327637
1.549399971961975
0.9559944272041321
1.5168941020965576
0.8870272040367126
0.9990239143371582
0.29609453678131104
1.014696478843689
1.2889059782028198
1.203477144241333
1.0260933637619019
1.0294080972671509
0.972881019115448
0.8708204030990601
0.8647918701171875
0.870819628238678
0.995694637298584
0.922134280204773
0.9615805745124817
1.1032148599624634
0.6728428602218628
0.7669780254364014
1.1683191061019897
0.9516785740852356
0.904396653175354
1.1880805492401123
0.7981918454170227
0.5470094084739685
1.0194052457809448
0.2116454839706421
1.3359291553497314
1.195493221282959
0.8649874925613403
1.1749309301376343
0.9916971325874329
0.559112548828125
0.8245943784713745
0.7282727360725403
0.61181640625
0.26458609104156494
0.9613006114959717
0.8950983881950378
1.0829318761825562
0.6365647315979004
0.8399675488471985
1.0259093046188354
0.732486367225647
0.6610763669013977
0.2581716775894165
0.8674398064613342
0.8663418889045715
0.7796014547348022
0.9581080079078674
0.6017521023750305
1.137264370918274
0.8365272879600525
0.7219024300575256
0.6171931624412537
1.032708764076233
0.8965657353401184
1.1892030239105225
0.3368034362792969
0.7024385929107666
1.2610081434249878
0.7773428559303284
1.2050833702087402
0.8934406638145447
0.26101720333099365
1.206185221672058
1.0066519975662231
0.24599778652191162
0.9961053729057312
1.2058079242706299
0.7278371453285217
1.2116539478302002
1.3853886127471924
0.8524112105369568
0.9632065892219543
1.0007987022399902
1.0218210220336914
1.2282732725143433
1.0088543891906738
1.1079580783843994
1.2632685899734497
0.6606283783912659
0.4033081531524658
0.8714686632156372
0.4028093218803406
0.6101503372192383
0.5986984372138977
0.2563122510910034
1.082966685295105
1.8655788898468018
1.237503170967102
1.0511010885238647
0.9843907356262207
1.1382615566253662
1.318710446357727
1.2336070537567139
0.6446743011474609
0.9523968696594238
0.6626524329185486
1.1348817348480225
0.7485864162445068
0.27503538131713867
0.27853643894195557
0.34121090173721313
0.9938266277313232
0.31049883365631104
0.9472511410713196
0.8504024744033813
0.6739876866340637
1.1763238906860352
1.1567485332489014
1.3597413301467896
0.4336090087890625
0.9297720193862915
0.920749306678772
0.5922034978866577
1.291341781616211
1.3187761306762695
1.1969237327575684
0.8598746657371521
1.038648009300232
0.47273993492126465
0.32784175872802734
1.1989052295684814
0.37802982330322266
1.0433605909347534
0.7619014978408813
1.1436537504196167
1.185747504234314
0.8175519704818726
0.35874319076538086
1.0503069162368774
1.1452420949935913
0.8896054029464722
1.0512808561325073
0.815373420715332
1.050267219543457
0.9794923663139343
0.40383946895599365
0.909788966178894
0.3638855814933777
0.4991035461425781
0.3274662494659424
0.9167580008506775
0.32347989082336426
1.2751647233963013
0.7796034216880798
0.24403923749923706
1.2169634103775024
0.3754650354385376
1.1685115098953247
0.7836106419563293
1.0742018222808838
1.0166043043136597
0.35744357109069824
0.9075978398323059
0.6045105457305908
0.20194941759109497
0.9778494238853455
1.070228934288025
1.263286828994751
1.2387651205062866
0.6142650842666626
1.1523005962371826
0.9092301726341248
0.33555614948272705
1.1190416812896729
0.5052627325057983
0.8156322836875916
1.0596346855163574
1.2197763919830322
1.056188702583313
0.992705225944519
0.9375039339065552
0.8912124037742615
0.7116283178329468
0.8259902596473694
0.686802327632904
0.7050933241844177
1.2024611234664917
0.7945190072059631
1.2143453359603882
1.235833764076233
0.29461348056793213
0.21662145853042603
0.9892032742500305
1.3729244470596313
0.907913327217102
0.5776758790016174
0.27248966693878174
0.9739119410514832
0.9521426558494568
0.8031610250473022
0.8543466329574585
0.9362571239471436
0.8336145281791687
1.5341579914093018
1.1021599769592285
1.0094361305236816
1.4029556512832642
0.7233009338378906
1.0681262016296387
0.9420587420463562
0.9737176895141602
1.1833597421646118
0.992572009563446
0.8039781451225281
0.8366953134536743
0.8110564947128296
1.0372135639190674
0.21192705631256104
1.0345066785812378
0.7901589274406433
0.601580023765564
0.3569023013114929
1.102156162261963
0.9023057222366333
1.1070860624313354
1.053134560585022
0.3704798221588135
1.1284970045089722
0.9643474221229553
0.7855323553085327
1.0149989128112793
0.8951807022094727
1.2944350242614746
0.6174324154853821
1.0038377046585083
0.26245903968811035
0.659339964389801
0.9678995013237
1.2279133796691895
0.40418756008148193
1.0464197397232056
0.812714695930481
0.2480483055114746
1.2491215467453003
0.9093000292778015
1.158001184463501
1.0356348752975464
1.1212269067764282
1.1030852794647217
0.6199793219566345
1.0718157291412354
1.015135407447815
0.9281017184257507
1.3068010807037354
0.28532445430755615
1.1373504400253296
0.71991366147995
1.1870918273925781
0.9548063278198242
0.2509947419166565
0.3832516074180603
0.5475029349327087
0.22767901420593262
0.32032495737075806
0.6210213899612427
1.0989497900009155
1.1944140195846558
1.1330524682998657
0.669917643070221
0.2452300786972046
1.065566897392273
0.86632239818573
0.5139117240905762
0.8242596983909607
1.3279896974563599
0.6203259825706482
1.022063970565796
0.8356472253799438
0.9083358645439148
0.2415408492088318
0.8067694902420044
1.2221695184707642
0.5456061363220215
1.003000259399414
1.2437143325805664
1.1824638843536377
1.0545661449432373
0.9676880240440369
1.0719144344329834
0.5692805051803589
0.6645455360412598
1.2842097282409668
1.2567065954208374
0.6322035193443298
1.061263918876648
0.5300546288490295
0.8744258284568787
0.38234061002731323
1.0636755228042603
1.11391282081604
0.9746473431587219
0.4768069386482239
0.4020548462867737
1.3328930139541626
0.23622065782546997
1.2864816188812256
0.2665562629699707
0.8328714370727539
0.776698887348175
0.9802579283714294
1.0265287160873413
0.43879806995391846
0.5690975785255432
1.0879610776901245
0.3078547716140747
0.8658039569854736
0.2959664463996887
0.6980404257774353
0.7071354389190674
0.5793260931968689
0.9504027962684631
0.6461033225059509
0.3938148021697998
0.7539377212524414
1.1086530685424805
0.26484835147857666
0.9761951565742493
0.3192208409309387
1.0242068767547607
0.35979413986206055
0.8678967356681824
1.069595217704773
1.1885986328125
0.783547043800354
0.8573989868164062
1.282282829284668
0.42051076889038086
0.8706851005554199
0.42163676023483276
1.0193486213684082
0.8900817036628723
1.153891682624817
0.41475313901901245
1.1940337419509888
0.2216266393661499
1.3160313367843628
0.4604147672653198
1.266997218132019
0.3288750648498535
0.6985104084014893
0.9434944987297058
1.066346287727356
1.0076912641525269
0.5153434872627258
0.7836585640907288
0.9462542533874512
0.2704890966415405
0.4643080234527588
0.7976973056793213
1.0240246057510376
0.3301808834075928
1.0625513792037964
0.8813388347625732
0.2321796417236328
1.0426839590072632
0.2571694850921631
0.5804601907730103
0.3079720735549927
0.4266132116317749
1.0597176551818848
0.3486517667770386
1.1055786609649658
0.9877220392227173
1.858880639076233
1.0001128911972046
0.4703388214111328
1.4564096927642822
0.3652513027191162
0.9653492569923401
1.1084539890289307
0.45827561616897583
0.5326381921768188
0.5775601863861084
1.6034122705459595
0.9052923917770386
1.0369676351547241
0.3980509042739868
1.410162329673767
0.3868436813354492
1.2913858890533447
1.2007254362106323
0.2451964020729065
1.1067920923233032
0.8789134621620178
1.305665135383606
1.04636549949646
1.2987141609191895
0.9914653897285461
1.0400243997573853
0.49830102920532227
1.2926636934280396
1.1857250928878784
0.9287166595458984
0.9428665637969971
1.1931711435317993
1.0456303358078003
0.7565942406654358
0.9090299606323242
1.1196372509002686
0.24340665340423584
0.6660405397415161
1.1827642917633057
0.9144371151924133
1.3647576570510864
0.3308389186859131
1.2511181831359863
1.0712153911590576
1.0436842441558838
1.218380093574524
1.1281238794326782
0.35498785972595215
1.1027494668960571
1.2244501113891602
0.7756611704826355
0.3783578872680664
0.6223773956298828
1.1127372980117798
0.5807093977928162
0.900658369064331
0.9739999771118164
1.1759562492370605
0.48458826541900635
0.5097276568412781
0.22638368606567383
1.4041556119918823
1.172148585319519
0.8755914568901062
0.2455396056175232
1.184834599494934
0.37531578540802
0.9053771495819092
1.1701537370681763
0.724646270275116
0.40622478723526
1.227325439453125
1.1081973314285278
0.32003533840179443
1.2126662731170654
0.49957358837127686
0.819506049156189
0.9715487957000732
0.9600833654403687
1.0904093980789185
0.2557253837585449
1.048262596130371
0.915213942527771
0.7916733622550964
0.38632261753082275
0.6136984825134277
0.8714556694030762
0.6387014389038086
1.1588971614837646
0.8219209313392639
0.8412981033325195
1.296370506286621
0.533153772354126
0.2834203839302063
1.0121769905090332
0.8569150567054749
0.9016463756561279
0.7837613224983215
1.4013237953186035
0.723421573638916
1.011663556098938
0.8870096206665039
0.2293892502784729
1.2615195512771606
0.7545071244239807
1.1912217140197754
0.9622014164924622
1.204127550125122
0.4065835475921631
1.2214137315750122
0.845077395439148
1.1158618927001953
1.2487585544586182
0.7834842801094055
1.2889623641967773
0.9831153154373169
0.3068341612815857
1.3478796482086182
0.32057785987854004
0.9530207514762878
0.9736424088478088
1.0893398523330688
0.2599707841873169
1.0896044969558716
0.7532778382301331
0.6994110941886902
0.6539739966392517
1.420702576637268
1.0527204275131226
0.6446521878242493
1.3063253164291382
0.8842384219169617
0.9501160979270935
0.8774569034576416
0.9909018874168396
0.7971147298812866
0.6620410084724426
1.0495818853378296
0.34593844413757324
0.5853468775749207
0.7276800274848938
0.2806825041770935
1.0052448511123657
0.9472631216049194
1.0548224449157715
1.1373635530471802
0.2550380229949951
0.8861247897148132
0.3516727685928345
0.6422420144081116
0.6605305671691895
0.8030588030815125
1.1051883697509766
1.0064423084259033
0.3602833151817322
1.0913678407669067
1.0212777853012085
1.1909713745117188
0.8407928943634033
0.7975443005561829
1.1907780170440674
0.9161101579666138
1.0833863019943237
1.1693845987319946
0.8148252367973328
0.6188541054725647
0.9166823625564575
1.1079119443893433
0.5216560959815979
0.841909646987915
0.45440012216567993
1.2908717393875122
0.8826600909233093
0.7035233974456787
0.9737244844436646
0.6091963052749634
1.543006181716919
1.112841010093689
0.9828718900680542
0.758588433265686
1.1846426725387573
0.9502367377281189
0.9936116933822632
0.563043475151062
1.2130881547927856
0.593232274055481
0.739912211894989
0.5150450468063354
0.3058894872665405
0.6267737150192261
0.3323172330856323
1.1736279726028442
1.3080451488494873
0.7949451208114624
0.45581042766571045
1.7970799207687378
0.26589876413345337
0.922187089920044
0.5566897392272949
0.49324023723602295
1.2426172494888306
1.1863517761230469
1.4017984867095947
0.4995904564857483
0.6302112936973572
0.9187964797019958
0.8999810218811035
0.7358571887016296
1.1114100217819214
0.7652965188026428
0.9114465117454529
1.283872365951538
0.8438641428947449
0.7934348583221436
1.4541130065917969
1.6592292785644531
1.0660417079925537
1.2461985349655151
0.8880593776702881
1.310248851776123
1.3033028841018677
0.38827478885650635
0.5694102644920349
1.2141737937927246
1.262437343597412
1.2327287197113037
0.8111004829406738
0.8633794784545898
0.535146176815033
0.6877421736717224
1.2450252771377563
1.3743799924850464
1.104650616645813
0.742964506149292
1.5583616495132446
1.1870044469833374
