23.08792495727539
34.64369201660156
44.87028884887695
28.546600341796875
33.107574462890625
26.029977798461914
28.935405731201172
29.525217056274414
29.381317138671875
23.289039611816406
23.42135238647461
29.205163955688477
24.87179946899414
29.547897338867188
40.73090744018555
28.34484100341797
25.02067756652832
15.887740135192871
30.749122619628906
33.35299301147461
28.09549903869629
28.78072166442871
13.696794509887695
25.924943923950195
25.350839614868164
19.995943069458008
35.33454513549805
44.33001708984375
37.562381744384766
35.433284759521484
25.704139709472656
26.913076400756836
26.306503295898438
24.528858184814453
15.915102005004883
33.80210494995117
35.19187545776367
27.775007247924805
39.8968620300293
27.03647804260254
31.821813583374023
29.56420135498047
28.203847885131836
29.4979248046875
27.212055206298828
30.25381851196289
22.444965362548828
13.66901683807373
23.932231903076172
17.27470588684082
22.568986892700195
33.1929817199707
29.467063903808594
29.96994972229004
28.73670768737793
20.361684799194336
35.206817626953125
33.13512420654297
30.745309829711914
41.22505569458008
21.345178604125977
24.0033016204834
31.71209716796875
27.978166580200195
20.591318130493164
23.01173210144043
22.94066047668457
28.89687728881836
22.179401397705078
23.95054817199707
67.41677856445312
32.18399429321289
25.4173641204834
33.01089096069336
29.878644943237305
25.260042190551758
29.399429321289062
30.646244049072266
41.43983459472656
24.72925567626953
24.864246368408203
34.33159637451172
31.309467315673828
30.07101821899414
29.971771240234375
27.864416122436523
22.056133270263672
37.23480987548828
22.18503189086914
30.72112464904785
28.910646438598633
30.3942813873291
24.73853302001953
46.92396545410156
27.5385684967041
25.250999450683594
21.40656852722168
24.614429473876953
19.835186004638672
25.194318771362305
46.808895111083984
20.217655181884766
32.83094787597656
15.000154495239258
33.89353561401367
17.765167236328125
27.754776000976562
26.80601692199707
16.396305084228516
29.167438507080078
26.018770217895508
23.57900047302246
28.736814498901367
21.893896102905273
35.70726776123047
29.091537475585938
40.914154052734375
29.286231994628906
15.28499984741211
34.94760513305664
21.553876876831055
27.681716918945312
33.824249267578125
28.88089942932129
30.70574188232422
17.144826889038086
28.527469635009766
20.194791793823242
27.004722595214844
42.33987808227539
38.439327239990234
24.304113388061523
29.580705642700195
35.98136901855469
28.0926570892334
23.63494300842285
38.87611770629883
28.43816566467285
28.446943283081055
26.001052856445312
22.40989875793457
30.52972984313965
28.692235946655273
41.27388381958008
29.791122436523438
29.627988815307617
28.542905807495117
21.329938888549805
23.599336624145508
42.359619140625
29.717947006225586
30.717178344726562
27.84944725036621
27.329133987426758
28.71342658996582
35.65895080566406
25.810184478759766
39.351375579833984
30.91538429260254
25.57856559753418
30.110952377319336
17.10895538330078
32.537105560302734
27.159730911254883
28.309507369995117
30.108366012573242
42.87541580200195
27.881319046020508
27.16994285583496
32.63036346435547
40.914241790771484
33.049373626708984
26.131473541259766
21.97138214111328
21.674036026000977
28.660764694213867
23.50147819519043
51.449806213378906
31.031408309936523
49.05647659301758
18.51738929748535
23.113143920898438
32.98341751098633
31.08705711364746
28.799163818359375
26.5227108001709
13.482391357421875
38.26853561401367
32.452754974365234
32.062583923339844
20.9517765045166
30.189224243164062
28.6221981048584
24.26622200012207
27.36488914489746
18.394386291503906
26.84678840637207
32.242591857910156
31.678449630737305
29.351388931274414
17.49425506591797
34.31531524658203
21.953336715698242
19.465517044067383
45.96674346923828
33.75672912597656
32.28517532348633
28.80084991455078
24.18136215209961
24.50179100036621
31.729093551635742
32.6246452331543
27.354389190673828
35.861053466796875
26.387184143066406
32.496978759765625
25.249906539916992
33.11685562133789
29.076723098754883
25.980737686157227
29.363746643066406
35.61842346191406
31.9193058013916
22.819231033325195
46.46750259399414
25.32442855834961
30.22305679321289
23.699743270874023
34.25038528442383
29.909969329833984
28.078866958618164
56.137672424316406
24.37392807006836
23.60686492919922
20.041824340820312
25.59857940673828
36.68630599975586
23.09843635559082
25.99200439453125
42.319889068603516
31.53141212463379
25.48904800415039
19.574689865112305
23.504732131958008
19.40353775024414
26.292083740234375
27.426254272460938
25.078903198242188
27.818199157714844
28.161075592041016
40.960899353027344
27.064382553100586
37.98439407348633
23.82534408569336
17.688379287719727
49.374366760253906
53.40761947631836
25.841527938842773
28.794940948486328
27.597991943359375
30.30685806274414
23.05710792541504
38.26166534423828
32.67629623413086
34.17686080932617
26.761211395263672
20.28533935546875
31.256505966186523
25.073787689208984
34.83411407470703
35.591529846191406
21.665443420410156
25.260868072509766
30.224315643310547
24.279891967773438
36.73751449584961
18.742801666259766
30.71695899963379
23.35517120361328
17.72277069091797
32.54732131958008
30.92554473876953
30.110002517700195
39.22624588012695
22.754253387451172
37.2799072265625
24.334354400634766
30.494733810424805
20.807327270507812
34.02189636230469
30.4625301361084
28.621139526367188
23.78656578063965
33.640846252441406
38.171443939208984
52.943084716796875
22.194168090820312
18.6848087310791
21.296157836914062
27.49454689025879
15.528573989868164
16.05588722229004
41.14649963378906
30.573925018310547
18.852876663208008
33.31684112548828
36.04790115356445
16.853666305541992
32.86581802368164
39.60881042480469
32.422119140625
42.15454864501953
31.023517608642578
24.21328353881836
27.327892303466797
31.307859420776367
32.33322525024414
30.7707462310791
17.060745239257812
16.9906005859375
41.49478530883789
20.890830993652344
14.233129501342773
31.423601150512695
36.59700393676758
18.406993865966797
27.176227569580078
29.441280364990234
30.4171199798584
16.232500076293945
22.598838806152344
32.73311233520508
19.608497619628906
40.59579849243164
33.39997100830078
34.61975860595703
34.88747787475586
25.993270874023438
28.63041877746582
36.329368591308594
42.55810546875
29.732179641723633
26.5054874420166
19.59940528869629
25.550823211669922
28.001819610595703
24.298189163208008
32.68738555908203
29.207347869873047
31.212034225463867
14.523787498474121
37.580421447753906
30.301753997802734
24.61284065246582
22.169294357299805
31.07405662536621
31.539012908935547
28.689411163330078
31.793596267700195
36.13570785522461
40.63120651245117
29.32595443725586
27.827653884887695
22.00767707824707
26.814132690429688
22.17169761657715
22.616540908813477
31.096384048461914
18.610347747802734
25.509864807128906
33.67940902709961
37.577301025390625
24.609800338745117
33.047027587890625
26.254817962646484
76.05553436279297
37.41667938232422
37.837215423583984
28.274444580078125
25.54588508605957
21.81168556213379
26.286378860473633
26.473791122436523
26.35143280029297
25.538663864135742
19.68340301513672
27.17234992980957
20.073564529418945
28.146726608276367
27.360260009765625
27.240190505981445
25.582595825195312
16.017297744750977
28.179346084594727
29.051006317138672
24.23982048034668
16.530839920043945
26.64039421081543
29.64008140563965
30.186723709106445
32.01997375488281
24.393095016479492
27.499284744262695
26.34820556640625
25.921857833862305
33.355003356933594
38.088340759277344
26.748306274414062
26.567171096801758
28.658321380615234
33.39670181274414
25.1063175201416
35.686988830566406
26.06158447265625
31.74431610107422
35.361690521240234
26.840253829956055
31.882291793823242
40.79471206665039
35.03099822998047
18.478750228881836
16.552654266357422
17.253721237182617
37.67034149169922
21.664913177490234
25.979997634887695
47.137454986572266
23.459016799926758
31.4847469329834
30.125749588012695
25.038671493530273
30.563480377197266
16.4549503326416
31.932462692260742
34.29214859008789
15.553055763244629
34.73976516723633
32.77333450317383
25.73800277709961
23.149858474731445
30.268611907958984
39.897064208984375
31.195100784301758
33.50974655151367
24.631710052490234
27.90254020690918
44.68716812133789
29.298404693603516
33.224464416503906
25.970918655395508
37.98413848876953
35.09211730957031
18.257450103759766
34.63738250732422
39.126678466796875
27.1284236907959
27.767148971557617
20.657527923583984
34.54142761230469
28.900516510009766
39.22922134399414
26.46242332458496
26.970611572265625
25.755956649780273
31.4685001373291
29.70293426513672
24.488733291625977
32.532859802246094
29.158729553222656
31.546865463256836
23.941469192504883
35.85230255126953
20.046262741088867
28.254026412963867
27.61508560180664
22.52529525756836
27.36090087890625
22.514118194580078
23.62210464477539
24.16563606262207
24.202781677246094
25.409507751464844
27.55511474609375
28.049617767333984
29.23733139038086
28.763912200927734
31.689693450927734
27.88479995727539
30.89067840576172
38.71662521362305
29.578907012939453
22.899198532104492
27.28410530090332
15.456275939941406
25.030691146850586
27.105937957763672
32.583717346191406
31.458038330078125
21.708036422729492
28.334657669067383
27.822874069213867
29.138065338134766
24.831422805786133
26.506500244140625
20.368030548095703
24.616769790649414
26.12017059326172
25.745389938354492
34.23497772216797
33.87255859375
23.70718002319336
28.211456298828125
18.807353973388672
35.488834381103516
32.31589126586914
25.598495483398438
24.159318923950195
20.714187622070312
24.930816650390625
40.2426872253418
24.91593360900879
27.308631896972656
27.67422103881836
25.879257202148438
24.83412742614746
30.27118492126465
44.27531814575195
23.940874099731445
23.154741287231445
24.999488830566406
29.679725646972656
22.613239288330078
40.79356002807617
26.978349685668945
30.74723243713379
33.54501724243164
24.953012466430664
24.505863189697266
39.54982376098633
34.939178466796875
25.547853469848633
32.57943344116211
15.482396125793457
33.44385528564453
22.91754913330078
33.13328170776367
31.036136627197266
24.08893394470215
34.52775955200195
32.246150970458984
44.371185302734375
27.952537536621094
45.13251495361328
36.955928802490234
24.101465225219727
27.50396728515625
30.89422035217285
36.412208557128906
18.781187057495117
23.08213996887207
27.914426803588867
28.305376052856445
32.468170166015625
20.563125610351562
28.740034103393555
56.00796890258789
35.57994842529297
24.664203643798828
32.53792190551758
29.331995010375977
34.3445930480957
23.906469345092773
24.642696380615234
41.18269348144531
21.314626693725586
26.359506607055664
26.902297973632812
43.845619201660156
23.323286056518555
19.724210739135742
29.12630271911621
23.401241302490234
20.818859100341797
26.11716651916504
30.02560806274414
16.728862762451172
17.770078659057617
27.751079559326172
32.23781204223633
23.675750732421875
21.91175079345703
30.108346939086914
60.99497604370117
25.26558494567871
26.104217529296875
20.365219116210938
29.799196243286133
19.695045471191406
32.41351318359375
36.33980941772461
22.727563858032227
38.133583068847656
25.224597930908203
28.678096771240234
27.230159759521484
31.047409057617188
20.90135955810547
26.176998138427734
60.813358306884766
22.380855560302734
31.432302474975586
26.55177879333496
34.91218948364258
31.06191635131836
17.312959671020508
29.659351348876953
21.9887752532959
16.619701385498047
28.81674575805664
23.48512840270996
31.57135581970215
32.6900634765625
30.922103881835938
39.04764175415039
32.18192672729492
26.80082130432129
27.987201690673828
27.707361221313477
28.306272506713867
21.342496871948242
26.16660499572754
23.56697654724121
25.36965560913086
24.05476951599121
15.25282096862793
27.868925094604492
22.84792137145996
27.136188507080078
30.209491729736328
26.081567764282227
29.010190963745117
27.016857147216797
26.54036521911621
30.313533782958984
26.074054718017578
27.04998016357422
28.27552032470703
37.36145782470703
25.07090187072754
42.43787384033203
33.7891731262207
26.869426727294922
16.71559715270996
18.23072624206543
31.226381301879883
17.222431182861328
29.667118072509766
24.65166473388672
61.81315231323242
23.005355834960938
32.389400482177734
33.24531173706055
23.040252685546875
23.931884765625
26.052675247192383
17.044347763061523
33.68946075439453
40.342872619628906
27.129085540771484
27.478116989135742
27.272268295288086
16.92906951904297
23.587190628051758
24.33246421813965
18.002317428588867
28.87322998046875
29.064720153808594
33.87409973144531
35.67397689819336
19.136333465576172
19.193470001220703
31.35807228088379
37.458683013916016
26.80907440185547
25.706668853759766
24.531888961791992
24.848983764648438
29.5390567779541
26.877262115478516
26.058523178100586
14.940031051635742
20.3404483795166
20.420320510864258
23.962182998657227
19.58881378173828
30.601890563964844
34.33060073852539
15.745268821716309
34.466739654541016
22.163198471069336
26.997806549072266
19.733869552612305
29.365341186523438
32.49509811401367
21.872343063354492
29.323482513427734
21.75660514831543
23.293476104736328
32.27372360229492
29.312484741210938
31.120298385620117
34.850223541259766
22.835691452026367
29.691967010498047
21.514211654663086
31.32645606994629
34.19235610961914
21.069011688232422
30.707611083984375
28.76335906982422
27.226783752441406
33.21971893310547
30.632017135620117
27.660865783691406
41.660011291503906
27.197158813476562
26.473493576049805
24.839927673339844
20.666675567626953
38.651458740234375
33.3426399230957
35.28856658935547
36.853694915771484
22.908008575439453
24.433523178100586
35.85250473022461
24.395973205566406
40.83225631713867
23.738298416137695
19.13763999938965
30.49310302734375
35.2384033203125
45.74932861328125
29.431068420410156
23.99863052368164
37.58202362060547
23.124736785888672
35.743995666503906
25.745460510253906
20.377927780151367
25.39467430114746
21.076637268066406
28.117666244506836
23.695514678955078
36.05380630493164
27.787630081176758
23.62820053100586
30.294679641723633
26.162796020507812
27.122156143188477
20.05907440185547
26.008235931396484
32.43833923339844
23.122234344482422
19.43582534790039
25.753612518310547
31.578750610351562
30.512399673461914
28.3400821685791
15.016498565673828
43.12589645385742
38.869014739990234
26.669958114624023
30.020193099975586
32.57466506958008
33.553565979003906
19.614030838012695
29.166831970214844
17.98261833190918
14.008867263793945
31.440895080566406
30.033323287963867
20.282150268554688
30.857988357543945
29.275466918945312
16.941299438476562
31.62155532836914
28.19902229309082
24.18718910217285
34.8358039855957
35.71149826049805
24.53889274597168
30.333106994628906
32.91194152832031
32.32918167114258
20.285381317138672
49.402809143066406
17.033607482910156
23.02525520324707
21.570049285888672
43.56130599975586
27.566835403442383
17.569869995117188
19.098142623901367
29.951705932617188
18.039501190185547
22.908985137939453
23.593957901000977
36.37431716918945
42.6268310546875
27.028427124023438
33.01954650878906
15.742850303649902
35.434993743896484
20.9359130859375
27.485509872436523
24.338829040527344
33.87850570678711
28.46574592590332
53.198856353759766
34.8214111328125
24.15283966064453
15.510164260864258
27.09172248840332
33.25994110107422
20.51750373840332
29.365154266357422
33.14989471435547
28.55230712890625
28.90677261352539
31.914287567138672
29.087440490722656
19.78251838684082
28.304460525512695
49.053070068359375
30.17763900756836
25.403770446777344
25.97991371154785
25.248350143432617
25.01542091369629
17.477344512939453
24.7791690826416
32.297691345214844
27.758522033691406
20.263385772705078
27.6180362701416
38.24839401245117
16.58777618408203
29.656864166259766
19.321557998657227
26.450590133666992
30.311687469482422
26.252038955688477
30.230112075805664
28.11496353149414
21.725341796875
31.365459442138672
22.705204010009766
30.275638580322266
23.860557556152344
26.741117477416992
23.72181510925293
25.960676193237305
26.043745040893555
26.65044403076172
24.62217140197754
24.51181983947754
33.10891342163086
16.407434463500977
29.28577423095703
18.935871124267578
32.47687530517578
22.609224319458008
32.57565689086914
29.85335350036621
29.198646545410156
27.428091049194336
26.90155029296875
26.92885398864746
18.84217071533203
22.982851028442383
29.694032669067383
36.003631591796875
28.188566207885742
31.908924102783203
20.556514739990234
44.92582321166992
33.91211700439453
27.356977462768555
17.449377059936523
26.652236938476562
29.025123596191406
25.354827880859375
32.084983825683594
29.473453521728516
28.96556854248047
26.839454650878906
27.275896072387695
40.41300582885742
24.787160873413086
28.85980224609375
25.649185180664062
21.268320083618164
19.619230270385742
29.367603302001953
34.182735443115234
32.78016662597656
34.8184928894043
20.57222557067871
15.463561058044434
20.149093627929688
22.49433708190918
24.1062068939209
20.67852210998535
30.416166305541992
41.25559616088867
29.926450729370117
25.722728729248047
23.05246925354004
25.080032348632812
23.87045669555664
28.196317672729492
30.62052345275879
20.56346893310547
22.08653450012207
29.486652374267578
52.93498992919922
24.73794174194336
32.035064697265625
27.052001953125
27.692611694335938
27.251047134399414
22.877849578857422
29.45697593688965
23.603994369506836
31.074308395385742
27.23134994506836
37.5390625
34.45499038696289
26.86662483215332
25.279489517211914
37.811180114746094
21.888423919677734
33.900360107421875
23.280492782592773
19.060222625732422
28.98991584777832
38.01286315917969
32.08607482910156
27.848955154418945
34.70637130737305
25.66888999938965
17.01888656616211
32.6117057800293
29.246570587158203
24.46533203125
28.460865020751953
16.386362075805664
32.12881088256836
29.972126007080078
39.527828216552734
26.599842071533203
36.042999267578125
12.892865180969238
23.898332595825195
33.55628204345703
29.586740493774414
24.275161743164062
19.90932273864746
31.427217483520508
20.846622467041016
26.198057174682617
22.98610496520996
35.13417434692383
33.02589416503906
22.06925392150879
15.253059387207031
29.400720596313477
35.117149353027344
25.750110626220703
21.494768142700195
31.987016677856445
18.692049026489258
43.42412185668945
37.73859786987305
22.63844871520996
21.58594512939453
27.8767147064209
26.227378845214844
34.9459228515625
27.330978393554688
22.10181427001953
45.614418029785156
35.60728073120117
27.779483795166016
31.324844360351562
33.89345169067383
26.485958099365234
30.794797897338867
21.7952823638916
18.70559310913086
17.306861877441406
23.113964080810547
21.678064346313477
23.661962509155273
29.046966552734375
27.204879760742188
24.049041748046875
36.993614196777344
17.10000228881836
31.21442985534668
24.64556884765625
26.07554817199707
24.544740676879883
31.82469367980957
31.173860549926758
20.760175704956055
23.429468154907227
24.75018882751465
34.78220748901367
26.98326873779297
30.15232276916504
23.528850555419922
29.249345779418945
21.423587799072266
29.725727081298828
26.9551944732666
31.533342361450195
35.03092956542969
28.076004028320312
48.815147399902344
25.02569580078125
23.80076026916504
35.82268142700195
15.861581802368164
28.01972007751465
26.24354362487793
40.41521453857422
17.503313064575195
26.89987564086914
22.325328826904297
25.574411392211914
22.23685073852539
51.236846923828125
24.123289108276367
21.265003204345703
25.703887939453125
28.20894432067871
35.86951446533203
31.387340545654297
24.90531349182129
28.448867797851562
33.10966110229492
26.27780532836914
20.758373260498047
31.61282730102539
21.416994094848633
19.09494400024414
30.694198608398438
26.744169235229492
37.84294509887695
31.580509185791016
39.362876892089844
39.13456726074219
21.532255172729492
22.145816802978516
20.74588966369629
31.954612731933594
32.36241149902344
28.468284606933594
25.774911880493164
30.993322372436523
32.543846130371094
29.75316047668457
20.61788558959961
34.443695068359375
34.3032112121582
22.469818115234375
30.18088722229004
26.722501754760742
36.77690505981445
29.40370750427246
31.673133850097656
28.700313568115234
32.977882385253906
24.011672973632812
19.804054260253906
34.82430648803711
29.41771125793457
25.11522674560547
28.216920852661133
21.615720748901367
42.0892448425293
33.615699768066406
25.85788917541504
32.12387466430664
29.416723251342773
31.581714630126953
27.37350082397461
19.082128524780273
28.899728775024414
28.126022338867188
27.119203567504883
21.123249053955078
20.43716049194336
27.94548225402832
25.200986862182617
31.635143280029297
31.66825294494629
29.68372344970703
18.810781478881836
33.501068115234375
17.620037078857422
21.635761260986328
26.016281127929688
18.53177261352539
32.12141418457031
27.635074615478516
29.093172073364258
36.36199188232422
18.511884689331055
27.58348846435547
27.351764678955078
28.605941772460938
28.731578826904297
15.456535339355469
30.81087875366211
36.43324279785156
25.516292572021484
34.714019775390625
31.18077278137207
25.27089500427246
31.385377883911133
25.830928802490234
26.949201583862305
30.96351432800293
25.583370208740234
15.203283309936523
21.84657096862793
30.183969497680664
31.696584701538086
36.19929122924805
32.845741271972656
28.601991653442383
25.730335235595703
18.555946350097656
36.51437759399414
42.79645538330078
36.946632385253906
23.484472274780273
29.531511306762695
30.72852897644043
