0.0075051188468933105
0.002935647964477539
0.007512032985687256
0.009212136268615723
0.05961322784423828
0.003168940544128418
0.006228506565093994
0.0065460205078125
0.004342854022979736
0.0021787285804748535
0.004757344722747803
0.05057114362716675
0.02235013246536255
0.003025829792022705
0.0030976533889770508
0.006973981857299805
0.0026888251304626465
0.008860170841217041
0.002198517322540283
0.0023733973503112793
0.00305938720703125
0.0038282275199890137
0.002350926399230957
0.0414959192276001
0.0031073689460754395
0.006709873676300049
0.006594657897949219
0.0053552985191345215
0.002491295337677002
0.06712865829467773
0.03067612648010254
0.002286970615386963
0.004524886608123779
0.004300475120544434
0.010383844375610352
0.007341206073760986
0.047036170959472656
0.005551397800445557
0.0017557740211486816
0.0028884410858154297
0.007980167865753174
0.012154579162597656
0.006067216396331787
0.0025867223739624023
0.06490987539291382
0.002823948860168457
0.002430856227874756
0.0016685128211975098
0.0057122111320495605
0.0020841360092163086
0.0035228729248046875
0.0017738938331604004
0.005935072898864746
0.005747377872467041
0.003475368022918701
0.002322852611541748
0.05728238821029663
0.007581591606140137
0.03622329235076904
0.0041931867599487305
0.004847466945648193
0.017032921314239502
0.0054138898849487305
0.006193339824676514
0.0017360448837280273
0.013676643371582031
0.008053421974182129
0.004787564277648926
0.004169881343841553
0.004207611083984375
0.048561036586761475
0.0072539448738098145
0.012646675109863281
0.009604990482330322
0.0015854835510253906
0.008784115314483643
0.004187464714050293
0.005407273769378662
0.0036535263061523438
0.0022433996200561523
0.0055428147315979
0.006794989109039307
0.003080129623413086
0.007008194923400879
0.003370940685272217
0.010771751403808594
0.0019475221633911133
0.006174683570861816
0.0023023486137390137
0.0035805702209472656
0.021698713302612305
0.011678755283355713
0.006246805191040039
0.08672100305557251
0.03057342767715454
0.0046656131744384766
0.005045294761657715
0.006530463695526123
0.007909119129180908
0.004556059837341309
0.0043141841888427734
0.006673336029052734
0.002776503562927246
0.00174027681350708
0.018809020519256592
0.006097674369812012
0.023375093936920166
0.004774570465087891
0.0025935769081115723
0.0020624399185180664
0.041019320487976074
0.0035849809646606445
0.00767892599105835
0.0033353567123413086
0.005545496940612793
0.005504608154296875
0.013367831707000732
0.007737934589385986
0.0026710033416748047
0.007018864154815674
0.04732644557952881
0.0030900239944458008
0.005315065383911133
0.003141939640045166
0.023190438747406006
0.0038306713104248047
0.02261793613433838
0.026841044425964355
0.005567014217376709
0.0053552985191345215
0.001729130744934082
0.01339787244796753
0.0023917555809020996
0.006807088851928711
0.014137089252471924
0.020933151245117188
0.02662837505340576
0.027876853942871094
0.008006811141967773
0.0032633543014526367
0.004250586032867432
0.005514264106750488
0.045061707496643066
0.009957611560821533
0.018557488918304443
0.003635108470916748
0.007999598979949951
0.028569340705871582
0.06270349025726318
0.0064438581466674805
0.006355226039886475
0.0023611783981323242
0.003489255905151367
0.0037749409675598145
0.17044204473495483
0.07800817489624023
0.003990471363067627
0.006718933582305908
0.0035709142684936523
0.006927669048309326
0.00598222017288208
0.0025596022605895996
0.0030279159545898438
0.01378244161605835
0.005503475666046143
0.010393023490905762
0.002657473087310791
0.0017116069793701172
0.005006551742553711
0.004030764102935791
0.010801136493682861
0.001972675323486328
0.00824350118637085
0.003029167652130127
0.030650675296783447
0.003063797950744629
0.004799365997314453
0.0033216476440429688
0.05104231834411621
0.007096350193023682
0.019726037979125977
0.0050168633460998535
0.005545139312744141
0.006138503551483154
0.004059791564941406
0.01173102855682373
0.0018816590309143066
0.020635664463043213
0.014171898365020752
0.03541684150695801
0.014950990676879883
0.005566954612731934
0.006479322910308838
0.007674872875213623
0.006506800651550293
0.0026265978813171387
0.0059236884117126465
0.0019109249114990234
0.007159411907196045
0.002869725227355957
0.005022704601287842
0.0027683377265930176
0.03907942771911621
0.006535887718200684
0.03038942813873291
0.004716813564300537
0.0046024322509765625
0.006460309028625488
0.006645858287811279
0.003940165042877197
0.003675520420074463
0.0057340264320373535
0.004222989082336426
0.006171166896820068
0.0030379295349121094
0.007103025913238525
0.007813692092895508
0.002290189266204834
0.019127190113067627
0.001920163631439209
0.002877533435821533
0.008265018463134766
0.004618167877197266
0.012230932712554932
0.28274595737457275
0.020356178283691406
0.007643997669219971
0.005345404148101807
0.007965266704559326
0.003918588161468506
0.005372166633605957
0.00433880090713501
0.09345650672912598
0.00351107120513916
0.0026464462280273438
0.003096640110015869
0.007664859294891357
0.01634836196899414
0.0031682848930358887
0.03398919105529785
0.0018129348754882812
0.004184842109680176
0.009106755256652832
0.0029282569885253906
0.0028181076049804688
0.007467210292816162
0.0031578540802001953
0.006842195987701416
0.0031688809394836426
0.11219519376754761
0.0026841163635253906
0.03096163272857666
0.004988193511962891
0.00331038236618042
0.0019107460975646973
0.14406293630599976
0.0746641755104065
0.004485130310058594
0.008571743965148926
0.0048558712005615234
0.0073430538177490234
0.006279408931732178
0.0036115646362304688
0.005987823009490967
0.0041945576667785645
0.007821977138519287
0.005310118198394775
0.003284752368927002
0.0014154314994812012
0.003095269203186035
0.003961801528930664
0.005945563316345215
0.005029797554016113
0.01113659143447876
0.00419241189956665
0.04309433698654175
0.01905447244644165
0.0044026970863342285
0.0059073567390441895
0.01437455415725708
0.013888955116271973
0.0037343502044677734
0.004109561443328857
0.036435484886169434
0.004958033561706543
0.003715991973876953
0.006425738334655762
0.0038160085678100586
0.08543425798416138
0.007427036762237549
0.023101508617401123
0.013441622257232666
0.006100654602050781
0.0047515034675598145
0.004290342330932617
0.005214571952819824
0.005542874336242676
0.01328498125076294
0.005842864513397217
0.003965020179748535
0.0033251047134399414
0.0025746822357177734
0.0033589601516723633
0.00791555643081665
0.0024394989013671875
0.0026388168334960938
0.03072190284729004
0.0017520785331726074
0.002706468105316162
0.004793822765350342
0.0033985376358032227
0.030210137367248535
0.03520965576171875
0.0044359564781188965
0.0026457905769348145
0.0076673030853271484
0.007555365562438965
0.011194348335266113
0.004277944564819336
0.002317965030670166
0.0033072829246520996
0.004502594470977783
0.006873607635498047
0.0029508471488952637
0.06749409437179565
0.0024923086166381836
0.0035687685012817383
0.0029723048210144043
0.004732012748718262
0.0018028616905212402
0.0023177266120910645
0.005385339260101318
0.0032542943954467773
0.04701876640319824
0.001811385154724121
0.0032410621643066406
0.007288157939910889
0.01011645793914795
0.005715072154998779
0.003735661506652832
0.004467010498046875
0.004287123680114746
0.002740144729614258
0.009773552417755127
0.006802499294281006
0.005204319953918457
0.006053924560546875
0.008397340774536133
0.0032271146774291992
0.004853546619415283
0.0024222731590270996
0.0032869577407836914
0.0028319954872131348
0.004933536052703857
0.001563429832458496
0.002377033233642578
0.0033566951751708984
0.00652003288269043
0.004668056964874268
0.0025047659873962402
0.0027861595153808594
0.008168339729309082
0.05400252342224121
0.005909383296966553
0.057358741760253906
0.007806539535522461
0.011882543563842773
0.010449469089508057
0.041150689125061035
0.0038380026817321777
0.016749799251556396
0.009256601333618164
0.008052647113800049
0.010309457778930664
0.007252395153045654
0.0512579083442688
0.00683140754699707
0.00646740198135376
0.0016370415687561035
0.004796504974365234
0.0026453137397766113
0.002654731273651123
0.004324078559875488
0.011714279651641846
0.003572821617126465
0.019700050354003906
0.0064067840576171875
0.008257687091827393
0.0030785202980041504
0.003564298152923584
0.004379630088806152
0.005039513111114502
0.0035262107849121094
0.004317820072174072
0.0024411678314208984
0.009078741073608398
0.0014723539352416992
0.0091056227684021
0.037956953048706055
0.04254227876663208
0.006203413009643555
0.0027403831481933594
0.0021201372146606445
0.012998461723327637
0.0035477876663208008
0.015540599822998047
0.03497326374053955
0.0026683807373046875
0.00404125452041626
0.01756519079208374
0.0031380057334899902
0.003714442253112793
0.004213094711303711
0.009069681167602539
0.07441961765289307
0.005170464515686035
0.003970921039581299
0.005510568618774414
0.0046042799949646
0.018880009651184082
0.013249218463897705
0.003125309944152832
0.010714232921600342
0.0033853650093078613
0.005407214164733887
0.0034584403038024902
0.03599005937576294
0.0041727423667907715
0.00903230905532837
0.0031726956367492676
0.00544208288192749
0.006747782230377197
0.006685614585876465
0.11286014318466187
0.01572597026824951
0.002055823802947998
0.0033870935440063477
0.004138827323913574
0.0035456418991088867
0.00501781702041626
0.07117736339569092
0.0035718679428100586
0.01070946455001831
0.006673634052276611
0.004500389099121094
0.006655693054199219
0.3271719813346863
0.005602121353149414
0.002183198928833008
0.006767630577087402
0.004849135875701904
0.043201565742492676
0.019948124885559082
0.03750258684158325
0.003875434398651123
0.004745006561279297
0.008090794086456299
0.002862393856048584
0.009629964828491211
0.019131243228912354
0.013817250728607178
0.0027856826782226562
0.0026692748069763184
0.005720257759094238
0.018250584602355957
0.02474266290664673
0.006088614463806152
0.010132968425750732
0.002281665802001953
0.0030759572982788086
0.004144787788391113
0.04613751173019409
0.0031042098999023438
0.014607250690460205
0.004443109035491943
0.056216657161712646
0.03499269485473633
0.007564723491668701
0.003962993621826172
0.004222691059112549
0.0063970088958740234
0.004011034965515137
0.0021857023239135742
0.01512455940246582
0.007153451442718506
0.014058828353881836
0.009397566318511963
0.0035966038703918457
0.0218011736869812
0.012910187244415283
0.005156457424163818
0.0036728382110595703
0.012474894523620605
0.002259671688079834
0.10390448570251465
0.0025777816772460938
0.04391598701477051
0.007932126522064209
0.003805994987487793
0.007720947265625
0.009771645069122314
0.004885375499725342
0.010677337646484375
0.002666473388671875
0.006550312042236328
0.01805323362350464
0.09923720359802246
0.06531453132629395
0.0032334327697753906
0.28775644302368164
0.0025442838668823242
0.014020681381225586
0.0026304125785827637
0.058867573738098145
0.008119463920593262
0.0041304826736450195
0.0034299492835998535
0.00581669807434082
0.008219003677368164
0.27220040559768677
0.01515185832977295
0.005807816982269287
0.01089322566986084
0.003851652145385742
0.004248201847076416
0.006193578243255615
0.005027174949645996
0.03362494707107544
0.009665071964263916
0.052241504192352295
0.0045967698097229
0.055361270904541016
0.005195260047912598
0.005919158458709717
0.08931714296340942
0.07601010799407959
0.006762087345123291
0.004650771617889404
0.010279238224029541
0.019569456577301025
0.006116509437561035
0.003839433193206787
0.0018302202224731445
0.004911959171295166
0.006911933422088623
0.0023400187492370605
0.009387314319610596
0.0038658976554870605
0.03778421878814697
0.007327377796173096
0.11505722999572754
0.009487509727478027
0.0049301981925964355
0.0028783082962036133
0.00989830493927002
0.007258057594299316
0.0031390786170959473
0.015153229236602783
0.06772929430007935
0.002457141876220703
0.005740106105804443
0.004522860050201416
0.01792919635772705
0.005804896354675293
0.004898667335510254
0.005818367004394531
0.005232334136962891
0.004592597484588623
0.0056343674659729
0.003085792064666748
0.006742656230926514
0.02281743288040161
0.014822244644165039
0.004554867744445801
0.006830394268035889
0.003885924816131592
0.0029047131538391113
0.004048347473144531
0.0135725736618042
0.0025607943534851074
0.002611696720123291
0.008745789527893066
0.00710904598236084
0.006291091442108154
0.0036916732788085938
0.06298542022705078
0.0025041699409484863
0.005451977252960205
0.004960179328918457
0.003615438938140869
0.0066487789154052734
0.012765049934387207
0.018894195556640625
0.005371987819671631
0.004810690879821777
0.0025373101234436035
0.02396976947784424
0.011343598365783691
0.006696224212646484
0.0037215352058410645
0.020260393619537354
0.004777491092681885
0.007545948028564453
0.005848109722137451
0.0070381760597229
0.001990199089050293
0.015453577041625977
0.007246136665344238
0.010341048240661621
0.005983531475067139
0.004589676856994629
0.010042786598205566
0.014738202095031738
0.004728853702545166
0.0025635957717895508
0.033664047718048096
0.004164636135101318
0.002568185329437256
0.004823267459869385
0.004504799842834473
0.0035039782524108887
0.005821645259857178
0.0067743659019470215
0.00854337215423584
0.005767643451690674
0.002296149730682373
0.0026153922080993652
0.02023404836654663
0.004708707332611084
0.005728483200073242
0.0018742084503173828
0.0038409829139709473
0.0038455724716186523
0.03107684850692749
0.003840029239654541
0.02832210063934326
0.007275402545928955
0.0041710734367370605
0.005040585994720459
0.28478968143463135
0.010263144969940186
0.024065792560577393
0.00647127628326416
0.004006862640380859
0.0031033754348754883
0.0028944015502929688
0.006446659564971924
0.006478071212768555
0.0066495537757873535
0.0032345056533813477
0.005416274070739746
0.006733119487762451
0.019059836864471436
0.0030229687690734863
0.00471872091293335
0.00390779972076416
0.010985612869262695
0.004076242446899414
0.00629115104675293
0.04721778631210327
0.0035499930381774902
0.008465945720672607
0.004196465015411377
0.007184147834777832
0.006070911884307861
0.01462012529373169
0.007745087146759033
0.04416203498840332
0.006256103515625
0.005151927471160889
0.0032381415367126465
0.03369319438934326
0.0019310712814331055
0.0027614831924438477
0.00352555513381958
0.0036527514457702637
0.007366359233856201
0.010738611221313477
0.008899211883544922
0.00992274284362793
0.0035477876663208008
0.009553968906402588
0.006891369819641113
0.003405630588531494
0.004461944103240967
0.003283679485321045
0.008250236511230469
0.018654584884643555
0.042815566062927246
0.004655063152313232
0.003798186779022217
0.0035630464553833008
0.0037446022033691406
0.006228625774383545
0.0031281709671020508
0.004454851150512695
0.011113762855529785
0.002363443374633789
0.005403995513916016
0.008658885955810547
0.01455700397491455
0.04777991771697998
0.005698800086975098
0.007827460765838623
0.002838134765625
0.0112074613571167
0.006993412971496582
0.0034432411193847656
0.007277965545654297
0.0018755197525024414
0.03236091136932373
0.004782974720001221
0.005039513111114502
0.051357150077819824
0.006131112575531006
0.05501401424407959
0.014473676681518555
0.005919158458709717
0.0021726489067077637
0.01055145263671875
0.003512084484100342
0.0020657777786254883
0.008345961570739746
0.004930019378662109
0.005075514316558838
0.0068604350090026855
0.0029398202896118164
0.008534252643585205
0.010965526103973389
0.003706634044647217
0.006523609161376953
0.005400478839874268
0.006445109844207764
0.003330230712890625
0.002996683120727539
0.002198457717895508
0.006414830684661865
0.004598677158355713
0.004347443580627441
0.002791106700897217
0.0029768943786621094
0.008014440536499023
0.031879544258117676
0.04334902763366699
0.007157385349273682
0.005703151226043701
0.12266290187835693
0.0038454532623291016
0.004319489002227783
0.027911663055419922
0.0054517388343811035
0.003567039966583252
0.0058321356773376465
0.014437854290008545
0.003742694854736328
0.007746756076812744
0.007267773151397705
0.004609405994415283
0.007209599018096924
0.007245659828186035
0.0020282864570617676
0.003157377243041992
0.006734728813171387
0.0057708024978637695
0.0033386945724487305
0.004605531692504883
0.003942370414733887
0.005288898944854736
0.0031253695487976074
0.0032656192779541016
0.04626554250717163
0.03656715154647827
0.005321681499481201
0.0037497878074645996
0.005701959133148193
0.002369105815887451
0.012294650077819824
0.0026680827140808105
0.0017952322959899902
0.012002944946289062
0.00974947214126587
0.007019102573394775
0.003711700439453125
0.011892139911651611
0.0059506893157958984
0.0017831921577453613
0.0022821426391601562
0.007755458354949951
0.002565920352935791
0.01443403959274292
0.0046065449714660645
0.00836259126663208
0.013340890407562256
0.005095005035400391
0.004418134689331055
0.0063956379890441895
0.014505922794342041
0.0024690628051757812
0.002747952938079834
0.004150450229644775
0.008848428726196289
0.004953503608703613
0.0024704933166503906
0.004991769790649414
0.010177850723266602
0.0017868876457214355
0.003490447998046875
0.007704794406890869
0.0022777915000915527
0.0036944150924682617
0.0025045275688171387
0.008729636669158936
0.0017133355140686035
0.005157172679901123
0.016333341598510742
0.004588484764099121
0.004954159259796143
0.0064026713371276855
0.009217381477355957
0.006278395652770996
0.0036745667457580566
0.0019318461418151855
0.0015928149223327637
0.004222750663757324
0.002174556255340576
0.007073402404785156
0.02136993408203125
0.0044266581535339355
0.0018781423568725586
0.005552887916564941
0.005340516567230225
0.0057572126388549805
0.006054341793060303
0.0034158825874328613
0.003664553165435791
0.004249870777130127
0.005792081356048584
0.0033977627754211426
0.005025386810302734
0.005407273769378662
0.00392305850982666
0.014161169528961182
0.007575511932373047
0.00829845666885376
0.0047324299812316895
0.005145013332366943
0.0027176737785339355
0.001845240592956543
0.003167867660522461
0.0022345781326293945
0.0057220458984375
0.06968498229980469
0.007228195667266846
0.005927026271820068
0.019234776496887207
0.00511777400970459
0.0031728148460388184
0.005266070365905762
0.01211404800415039
0.008264899253845215
0.003475964069366455
0.007033944129943848
0.009710848331451416
0.0061487555503845215
0.003977417945861816
0.0038503408432006836
0.008294761180877686
0.05736154317855835
0.002615034580230713
0.0034949183464050293
0.0038856863975524902
0.006712436676025391
0.0031142830848693848
0.006427586078643799
0.003703296184539795
0.004991114139556885
0.005158901214599609
0.0071860551834106445
0.004758238792419434
0.0061994194984436035
0.03547579050064087
0.011184930801391602
0.004775583744049072
0.012502014636993408
0.0018402338027954102
0.005410313606262207
0.05570650100708008
0.0027661919593811035
0.0022411346435546875
0.0072245001792907715
0.004366517066955566
0.005567789077758789
0.003696262836456299
0.004395663738250732
0.005973875522613525
0.004233956336975098
0.12115108966827393
0.006451010704040527
0.005947887897491455
0.0025097131729125977
0.006836950778961182
0.004200100898742676
0.005759298801422119
0.0038501620292663574
0.003481447696685791
0.0028004050254821777
0.005194544792175293
0.018938302993774414
0.0025368928909301758
0.01365518569946289
0.0032227039337158203
0.003360748291015625
0.004700839519500732
0.0040454864501953125
0.002797245979309082
0.0067511796951293945
0.11858701705932617
0.017679214477539062
0.005924105644226074
0.02045607566833496
0.0026946663856506348
0.003955721855163574
0.012450456619262695
0.005729198455810547
0.005026876926422119
0.012308120727539062
0.13009464740753174
0.003285646438598633
0.0028510093688964844
0.024918675422668457
0.0027320384979248047
0.017937839031219482
0.009297072887420654
0.002597510814666748
0.0037783384323120117
0.0046536922454833984
0.006806552410125732
0.002595961093902588
0.00427013635635376
0.11958664655685425
0.005272865295410156
0.012793540954589844
0.0062427520751953125
0.002638876438140869
0.0073926448822021484
0.011333823204040527
0.012171566486358643
0.01765596866607666
0.003211379051208496
0.009509801864624023
0.005693018436431885
0.0033475756645202637
0.0018129944801330566
0.004199385643005371
0.014454424381256104
0.0015692710876464844
0.05482369661331177
0.006021082401275635
0.002391040325164795
0.013905823230743408
0.0053789615631103516
0.0023018717765808105
0.0028766989707946777
0.03513139486312866
0.0037383437156677246
0.004168272018432617
0.01517343521118164
0.0026749372482299805
0.006128966808319092
0.00609511137008667
0.009300589561462402
0.004426300525665283
0.0072064995765686035
0.004630744457244873
0.009292840957641602
0.005997419357299805
0.0017903447151184082
0.030611932277679443
0.010605931282043457
0.015037357807159424
0.0019274353981018066
0.0034803152084350586
0.00594717264175415
0.003857553005218506
0.00420147180557251
0.06012827157974243
0.006171464920043945
0.0066454410552978516
0.002234160900115967
0.0039160847663879395
0.011482834815979004
0.008939027786254883
0.06349509954452515
0.005952775478363037
0.014549016952514648
0.002975285053253174
0.0038954615592956543
0.004152476787567139
0.005826115608215332
0.03370755910873413
0.004310190677642822
0.01634281873703003
0.009235143661499023
0.008599042892456055
0.015152692794799805
0.0065961480140686035
0.0031215548515319824
0.03680896759033203
0.0350911021232605
0.0024007558822631836
0.00394284725189209
0.012371242046356201
0.004091382026672363
0.007311522960662842
0.004938244819641113
0.005761981010437012
0.0031711459159851074
0.0045778751373291016
0.00315779447555542
0.004943490028381348
0.008015692234039307
0.0026927590370178223
0.05545938014984131
0.002515852451324463
0.0028226375579833984
0.0037854909896850586
0.008940398693084717
0.003331422805786133
0.007965683937072754
0.0057259202003479
0.005900144577026367
0.0020151138305664062
0.0022209882736206055
0.0028040409088134766
0.003402411937713623
0.001954972743988037
0.004606306552886963
0.0037689208984375
0.002187013626098633
0.0071468353271484375
0.006607532501220703
0.007660806179046631
0.005214273929595947
0.01179724931716919
0.004877269268035889
0.0060127973556518555
0.008018434047698975
0.003256678581237793
0.0032711029052734375
0.08519339561462402
0.002230703830718994
0.008470356464385986
0.007314145565032959
0.004144608974456787
0.004430949687957764
0.009171605110168457
0.008332490921020508
0.0029593706130981445
0.003162562847137451
0.006082713603973389
0.017442762851715088
0.0023152828216552734
0.002081155776977539
0.016514062881469727
0.004640460014343262
0.009799063205718994
0.006177663803100586
0.0086137056350708
0.006630599498748779
0.005656182765960693
0.021340668201446533
0.005947470664978027
0.004144191741943359
0.0017012357711791992
0.0024796724319458008
0.00893104076385498
0.0032765865325927734
0.005331695079803467
0.0018474459648132324
0.0024007558822631836
0.00376051664352417
0.04883885383605957
0.002365589141845703
0.018298208713531494
0.004602611064910889
0.004273056983947754
0.010345757007598877
0.0020481348037719727
0.008357644081115723
0.00802004337310791
0.002817213535308838
0.006387770175933838
0.13621246814727783
0.004948079586029053
0.003239750862121582
0.006192445755004883
0.004932105541229248
0.005145847797393799
0.018538177013397217
0.0032759904861450195
0.0037446022033691406
0.023865163326263428
0.003822803497314453
0.005112588405609131
0.0015349388122558594
0.007237255573272705
0.004100382328033447
0.005310475826263428
0.002905607223510742
0.006473362445831299
0.021880924701690674
0.07576894760131836
0.0023644566535949707
0.006283938884735107
0.018523812294006348
0.00595402717590332
0.0027716755867004395
0.003612220287322998
0.11347943544387817
0.018344581127166748
0.005231320858001709
0.0034009814262390137
0.028312087059020996
0.007997989654541016
0.023294389247894287
0.19111216068267822
0.0037897229194641113
0.007231175899505615
0.004954338073730469
0.05374300479888916
0.08384031057357788
0.10182225704193115
0.004230499267578125
0.05797839164733887
0.008894205093383789
0.0031777024269104004
0.00662153959274292
0.006448328495025635
0.004934549331665039
0.004159688949584961
0.0029306411743164062
0.0047383904457092285
0.010621607303619385
0.01167982816696167
0.017702996730804443
0.005095422267913818
0.002469956874847412
0.004643797874450684
0.003390192985534668
0.010166645050048828
0.011900722980499268
0.002301812171936035
