-0.2948048710823059
0.41461774706840515
0.4467918872833252
0.6255227327346802
-0.3821486234664917
-0.14638830721378326
0.3182806670665741
-0.07852787524461746
-0.05382578447461128
-0.40684032440185547
0.38881203532218933
0.572837233543396
-0.27488985657691956
0.26489078998565674
0.13010026514530182
-0.3658166825771332
0.8614092469215393
0.34115663170814514
0.5235773324966431
-0.31916117668151855
0.9301801323890686
0.10631895810365677
0.2640478014945984
0.32047557830810547
0.5401700735092163
0.5205011963844299
-0.021027036011219025
0.8831539750099182
0.14452491700649261
0.7159964442253113
0.306356281042099
-0.029426177963614464
0.15204817056655884
0.6082596182823181
0.6790140271186829
0.5301563143730164
0.30679652094841003
0.11750594526529312
0.34194108843803406
0.9265291094779968
0.7039108276367188
0.9393648505210876
0.3477875292301178
0.5827431082725525
-0.18347598612308502
0.34348633885383606
0.06496899574995041
-0.07143186777830124
