0.06260272115468979
-0.20578768849372864
-0.03891071677207947
-1.0106457471847534
-1.2325499057769775
-0.7641993165016174
-0.6956331133842468
-0.22031918168067932
-0.6720253825187683
-0.5341567993164062
-0.7348220348358154
-1.1255230903625488
-0.3548464775085449
-0.2526760399341583
-1.2612848281860352
-0.5686153173446655
-1.4738919734954834
0.20140409469604492
-1.2872321605682373
-0.18078657984733582
-0.28400918841362
-0.8716642260551453
0.23750515282154083
-0.36099064350128174
-0.6728505492210388
-0.35295236110687256
-0.323864221572876
0.27056509256362915
-0.01264265924692154
-0.5651201009750366
-0.7429395914077759
-0.49657905101776123
-0.5101742148399353
-0.45951706171035767
0.10059083253145218
-0.7070291042327881
-0.8706712126731873
0.05347777530550957
-0.4545336365699768
-0.695723831653595
-0.5094815492630005
-0.5994642376899719
0.048295579850673676
-0.5657997131347656
-1.1220694780349731
-0.6270972490310669
-0.4332124590873718
-0.13722234964370728
-0.15307331085205078
0.07610981166362762
0.10919509828090668
-0.49310752749443054
-0.371929407119751
-0.38246339559555054
-1.0480602979660034
0.6678439974784851
-0.6944501399993896
-0.8048906326293945
-0.7248875498771667
-0.9616890549659729
0.47771963477134705
-0.17859825491905212
-0.9256681799888611
-0.33754661679267883
0.18349990248680115
-0.5904462933540344
-0.3125062882900238
-1.0836127996444702
0.3526122570037842
-0.7448399662971497
-1.1962095499038696
-0.27234312891960144
-0.24633799493312836
-0.9249557256698608
-0.7407238483428955
-0.6353473663330078
-0.26002737879753113
-0.5355923771858215
-1.5370653867721558
-0.5746587514877319
-0.41821372509002686
-0.3700036108493805
0.3095714747905731
-0.6140777468681335
-1.3209468126296997
-0.38351359963417053
-0.8759504556655884
0.17661766707897186
0.3797287940979004
-0.4649958610534668
-0.5885589718818665
-0.5442178845405579
-0.17649804055690765
-1.0083714723587036
-0.678057074546814
-0.14955410361289978
-0.2417791783809662
0.3572205901145935
0.34096333384513855
-1.0133311748504639
-0.8500004410743713
-0.5358286499977112
0.04331040009856224
0.24521924555301666
-0.21234585344791412
0.08464957028627396
-1.4496033191680908
-0.14275895059108734
0.009656921029090881
-0.06261596828699112
-0.5552549958229065
0.38107237219810486
-0.6058173179626465
-0.17840008437633514
-0.4352422058582306
-0.5648247003555298
-1.1457371711730957
-0.7616569995880127
0.12073411047458649
-0.2615966498851776
0.44369393587112427
-0.6367166042327881
-0.5991293787956238
-0.2123727649450302
-0.9382768869400024
0.061735935509204865
0.4899895489215851
-0.39430519938468933
-0.40664350986480713
-2.030858278274536
-0.6062984466552734
-0.4013577103614807
-0.3963802754878998
-0.13123545050621033
-0.33068329095840454
-0.4650720953941345
-0.9029638767242432
-0.5794196724891663
-0.5376929044723511
-0.6738570332527161
-0.035622768104076385
-0.4510462284088135
-0.17526230216026306
-0.8759461641311646
-0.8648984432220459
-0.8465607762336731
-0.7774406671524048
0.14547160267829895
-0.07108131796121597
-0.33034148812294006
0.1322176605463028
-0.6783142685890198
-0.5575730800628662
-0.05915340408682823
-0.6525395512580872
-1.1403635740280151
-0.3949434161186218
-1.1235278844833374
-0.2156459391117096
-0.3547290563583374
-0.7055070400238037
-0.05902053415775299
-0.7482960224151611
-0.09672309458255768
-0.7136742472648621
-0.3048743009567261
-1.3774675130844116
-0.4093014597892761
-0.39430779218673706
0.07810702174901962
-0.6912230849266052
-0.5988469123840332
-0.7348723411560059
-0.5835825204849243
-0.5742293000221252
-0.4662283957004547
0.14670972526073456
-1.0989835262298584
-0.22346995770931244
-1.8794679641723633
-0.47084954380989075
-0.3544820547103882
-0.6705048680305481
-0.26486098766326904
-1.6833583116531372
-0.42247119545936584
0.2319585382938385
-0.6428020000457764
-0.5482171177864075
-0.2608698904514313
-0.6995938420295715
0.01080696377903223
0.052000097930431366
-0.5588860511779785
-0.4803316593170166
0.45744481682777405
-0.5836554169654846
-0.2923738956451416
-0.824300229549408
-1.208553671836853
-0.3037799596786499
-0.04707157984375954
-0.10781501978635788
-0.13249436020851135
-1.3570271730422974
-0.5845174193382263
-0.7010942101478577
-0.4985180199146271
-0.5664098858833313
-1.054206371307373
-1.3498106002807617
-0.21805207431316376
-0.20585359632968903
0.09504852443933487
-0.3502115309238434
-0.3541662096977234
-0.3435841202735901
-0.09612829238176346
-0.9257311820983887
-0.2565087676048279
-0.9128384590148926
-0.6647915840148926
-0.34150823950767517
-0.29800528287887573
-0.3179445266723633
-0.35849493741989136
-0.43406230211257935
-0.7207514047622681
-0.407385915517807
-0.3497781753540039
-0.3310256600379944
-0.6063596606254578
0.0531926192343235
0.3434743583202362
-0.03891860321164131
-0.3306134045124054
-1.2577320337295532
-0.6504747271537781
-0.22287891805171967
-0.6743546724319458
-0.6188709139823914
-0.38511547446250916
-0.0772596150636673
-0.616585910320282
0.03988661617040634
-0.3147527873516083
-0.4858396053314209
-0.033652372658252716
-0.047328103333711624
-0.6121840476989746
-0.4352852404117584
-0.6677411198616028
-0.41707083582878113
-0.5001232028007507
0.2721652090549469
-1.9729881286621094
-0.9585374593734741
-0.08298798650503159
-0.40901094675064087
-0.18588989973068237
-0.6607425808906555
-0.17486421763896942
-0.47812914848327637
-0.8888695240020752
-0.3851984739303589
0.01537935622036457
-0.10146179050207138
-0.38238295912742615
-0.5062180757522583
-0.36010071635246277
-1.0559769868850708
-0.0024270708672702312
-0.5647969245910645
-0.032297566533088684
-0.2979280352592468
-1.706682562828064
0.1221315860748291
-1.0620368719100952
-0.1976960301399231
0.10632730275392532
-0.7594683170318604
-0.4538643956184387
-0.693733274936676
-0.4795572757720947
0.023464320227503777
-0.02936392091214657
0.16350512206554413
-0.5639424324035645
-0.17816194891929626
-0.60099858045578
-1.1163122653961182
-0.5307335257530212
-0.648420512676239
-0.696517288684845
-1.3811606168746948
-0.7146191000938416
-0.13971994817256927
-0.05550379306077957
-0.002075586933642626
-0.012160982005298138
-0.20843806862831116
0.17590205371379852
-0.09656046330928802
-0.8828186988830566
0.05729171261191368
-0.30175039172172546
-1.13401198387146
0.23808416724205017
-0.24404804408550262
-0.7401288151741028
0.47719645500183105
-0.7159405946731567
-0.3467380702495575
-0.469900518655777
-0.05665237084031105
-0.07905945926904678
-1.0982023477554321
-0.5455294251441956
-0.2567925751209259
0.13169288635253906
-0.6864634156227112
-0.06249485909938812
0.021509801968932152
-0.64931321144104
-0.08881533890962601
0.2570708096027374
-0.3686600625514984
-0.06303628534078598
-0.26218655705451965
0.25171488523483276
0.18837369978427887
-0.2537716031074524
-0.12079557776451111
-0.29302090406417847
-0.31698161363601685
-0.13493011891841888
-0.6351427435874939
-0.6280605792999268
-0.07115993648767471
0.5597243309020996
-0.7375019192695618
-0.38041001558303833
-0.1171322837471962
-0.026719380170106888
-0.11460274457931519
-0.4883534610271454
-0.18278098106384277
-0.41881540417671204
0.2178470343351364
-0.8688239455223083
-0.1388714760541916
-1.1353360414505005
0.24423326551914215
-0.24374759197235107
-0.6309117674827576
-0.7668535113334656
-0.8476473689079285
-0.2766852080821991
-0.3692953586578369
-0.3631305396556854
-0.418194979429245
-1.0452598333358765
-0.10775871574878693
-0.042720142751932144
-1.4590518474578857
-0.7375876903533936
-0.7045806646347046
0.06718884408473969
0.14218780398368835
-0.41051238775253296
-1.1710973978042603
-0.935523509979248
-0.8281937837600708
-0.4603445827960968
-0.10018974542617798
-0.4027557075023651
-0.8845080733299255
-0.5000391602516174
-0.31260403990745544
-0.36601540446281433
0.22523707151412964
0.4390326142311096
-0.11143304407596588
-0.23883818089962006
-0.9241123795509338
0.021978434175252914
-0.4181392788887024
-0.3420726954936981
-0.6572473049163818
-0.18708491325378418
-0.2733638882637024
-0.5243003368377686
0.06385908275842667
-0.8200960755348206
-0.5232908725738525
-0.33361124992370605
0.212111696600914
-0.8166605830192566
-1.5414645671844482
-0.5321105718612671
-0.40125980973243713
-0.3632368743419647
-0.052148230373859406
0.23635822534561157
-0.6974583268165588
-0.5287284851074219
-0.6705489754676819
-0.2813971936702728
0.06711217761039734
-0.8615639805793762
-0.263464093208313
-1.4235529899597168
-0.8957197666168213
-0.6635586023330688
-0.11130353063344955
-0.4557798206806183
-0.5048766732215881
-0.12266569584608078
-1.097833514213562
-0.16571243107318878
0.14156275987625122
0.09061913192272186
-0.1522931009531021
-0.5071093440055847
-0.20917165279388428
-0.45962926745414734
-0.2283501774072647
0.06185373663902283
0.18842796981334686
-0.899273693561554
-0.42140311002731323
-0.5554018616676331
0.08653166145086288
-0.07940022647380829
-0.7501095533370972
0.16026410460472107
-0.6327230334281921
-0.9621239900588989
-0.44492781162261963
-0.15835709869861603
-0.8557845950126648
-0.9598722457885742
-1.3955674171447754
-0.3536486327648163
-0.17656846344470978
0.1815200001001358
-0.16566067934036255
-1.102674961090088
-1.4177312850952148
-0.5767824053764343
0.24153509736061096
-0.5444183349609375
-0.2077368050813675
-1.053196907043457
-0.44086289405822754
0.0658847987651825
-0.2648268938064575
-0.09510363638401031
-0.6546576619148254
-0.1425740122795105
-0.18514996767044067
-0.11771935224533081
-0.856769323348999
-0.3976539969444275
-1.3158670663833618
-0.45688802003860474
-0.5890247225761414
-0.3294871747493744
-0.8573312759399414
-0.8907835483551025
-0.10551076382398605
-0.7887082099914551
0.07576922327280045
-1.0864087343215942
-0.9199990630149841
-0.3895675539970398
-0.16256146132946014
-0.2650909125804901
-0.4821176826953888
0.4250863194465637
-1.6260228157043457
-0.4255814850330353
-0.1124127060174942
-0.9865298271179199
-0.5730640292167664
0.01637888140976429
-0.05047096684575081
-0.2961885333061218
-0.7568485736846924
-0.4266490936279297
-0.7309072017669678
-0.0063999732956290245
-0.4509526193141937
-0.04865797981619835
0.19400335848331451
-0.018520696088671684
-1.0751055479049683
-0.28400543332099915
-0.12644624710083008
-0.1974279135465622
0.29152750968933105
-0.906372606754303
-0.501752495765686
-0.9498363137245178
-0.3287552297115326
-0.2954302132129669
-0.6186063289642334
-0.3817533850669861
-0.2792501151561737
2.533567190170288
-1.0087438821792603
-0.4255514442920685
0.19827412068843842
-1.379987120628357
-0.6860166788101196
-0.24628213047981262
-0.6267600059509277
-0.09790913760662079
-0.6378992795944214
-0.290019690990448
-1.1171112060546875
0.1394333392381668
-0.6558526754379272
0.08207880705595016
-0.4966939091682434
-0.35213205218315125
-0.5441149473190308
0.12403884530067444
-0.3884347677230835
-0.9175679087638855
-0.00079747149720788
-0.30346378684043884
-0.6417748928070068
-0.6705557107925415
-0.21762248873710632
-0.24306383728981018
-0.6795001029968262
-0.7478381991386414
-0.5251672267913818
-0.5617561340332031
-0.025784600526094437
-0.12206222116947174
0.13293878734111786
-0.5861860513687134
-0.3778667449951172
-0.26158109307289124
-0.2928261160850525
-0.1623961180448532
-0.5049940347671509
-0.297280877828598
-0.19413526356220245
-0.7888568043708801
-1.004253625869751
0.14002832770347595
-1.601534366607666
-0.4011916220188141
-0.5695268511772156
-0.8637238144874573
-0.12521858513355255
-0.14182379841804504
-0.81614089012146
-0.35198962688446045
-0.30815014243125916
-0.1656537801027298
-0.4652162790298462
-2.0183002948760986
-1.2534219026565552
-0.4487033486366272
0.8497706055641174
0.054346490651369095
-0.45632341504096985
-0.7276545763015747
-0.0671149417757988
-0.9056830406188965
-0.21365460753440857
-1.1239938735961914
-0.11739224940538406
-0.509881854057312
-0.4266120493412018
-1.093846082687378
0.12810473144054413
-0.10354016721248627
-0.24147742986679077
-0.4388557970523834
-0.09801902621984482
0.6894051432609558
0.2591339945793152
-1.0194443464279175
-0.6622802019119263
-0.478558212518692
-0.2323436439037323
-0.8169324398040771
-1.808397889137268
-0.10025431960821152
-0.28246214985847473
-0.23654571175575256
0.20738385617733002
-0.0703958049416542
-0.32069098949432373
-0.37860414385795593
-0.0826185941696167
-1.0409564971923828
-0.6713338494300842
-0.5521821975708008
-0.17524856328964233
-0.6732420921325684
-0.10331198573112488
-0.3052788972854614
-0.412585586309433
-1.080994725227356
-0.42228513956069946
-0.7715857028961182
-0.621385931968689
-0.40682515501976013
0.057375259697437286
-0.193850576877594
0.20932947099208832
0.3568878769874573
-0.8809009790420532
-0.15162977576255798
-0.1370658278465271
-0.737456738948822
-0.4952746331691742
-0.4151936173439026
-0.009981825947761536
-0.4933938980102539
0.2006317675113678
0.05063202977180481
-0.13838130235671997
-0.23148563504219055
-0.851587176322937
-0.10106323659420013
0.046665024012327194
-0.18565572798252106
-0.024185867980122566
-0.9466185569763184
-0.333649605512619
-0.12099388241767883
-0.08665139973163605
-0.07100577652454376
-0.48913437128067017
-0.6685677170753479
-0.7501499652862549
0.1447131633758545
-1.260704755783081
-0.4420680105686188
-0.1568831354379654
-0.5224883556365967
-0.7581716179847717
-0.2488805502653122
-0.049102846533060074
0.10371442884206772
-1.1998356580734253
0.29381105303764343
-1.1056126356124878
0.09300623834133148
-0.3382023572921753
-0.04861903935670853
-0.5873285531997681
-0.303368479013443
-0.9381214380264282
0.25796326994895935
-0.23161634802818298
-0.40768373012542725
0.32821089029312134
-0.3087503910064697
-0.14991210401058197
-0.848754346370697
-0.35169872641563416
-0.9542537331581116
-0.4855663776397705
-1.4953842163085938
0.25218451023101807
-0.630660355091095
0.2849409580230713
-0.2425694614648819
-0.9239161610603333
-0.524522066116333
-0.8153955340385437
-0.44728025794029236
0.08197864890098572
-0.6262959837913513
-0.6151727437973022
-0.6368054747581482
-0.26574796438217163
-0.3994441628456116
-0.40176036953926086
-1.1259591579437256
-0.049864254891872406
-0.4446607530117035
0.22695691883563995
-0.050140589475631714
0.0042473492212593555
-0.6542335152626038
0.2579672336578369
-0.42583462595939636
-1.1579838991165161
0.08632518351078033
0.004924941807985306
0.34966111183166504
0.2515515089035034
-0.1526050567626953
-0.6355462074279785
-0.3907826840877533
-0.5377144813537598
-1.5683525800704956
-0.2210777997970581
-0.23505130410194397
-1.0164891481399536
-0.8331674337387085
-0.39225152134895325
-0.4776960611343384
-0.1465393453836441
-2.0474836826324463
-0.08120960742235184
0.30218935012817383
-0.8630136251449585
-0.40446752309799194
-1.0019006729125977
-0.5506858825683594
-0.36431288719177246
-0.19457635283470154
-0.16004906594753265
-0.8012520670890808
-1.0681759119033813
-1.109594702720642
-0.07682278007268906
-0.5274434089660645
-0.637454092502594
-0.7675073742866516
-0.3727869391441345
-0.3035660982131958
-0.40210381150245667
0.36920905113220215
-0.4505467712879181
-0.04392460361123085
-0.695890486240387
-0.2954811453819275
-0.38015416264533997
-0.38120129704475403
-0.2945323586463928
-0.4103514850139618
0.21934156119823456
-0.513507604598999
0.5107492804527283
-1.2211679220199585
-0.04026301950216293
-1.0343778133392334
-1.0280652046203613
-0.3485425114631653
-0.7430397272109985
0.03248286992311478
-0.2643917202949524
-0.6740241050720215
-0.5601465702056885
-0.6207963228225708
-0.6556051969528198
-0.35886499285697937
-0.447504460811615
-1.4483721256256104
0.267348974943161
-0.7231114506721497
-0.7540431022644043
-0.7927660346031189
-0.007235740311443806
-0.43579456210136414
-0.20476572215557098
-0.052545253187417984
-0.37576961517333984
-0.0872907042503357
-1.2329998016357422
-0.9362059235572815
-0.8555800318717957
-0.6626390814781189
-0.4562048017978668
-0.9215972423553467
0.02780703455209732
-0.7487171292304993
-0.15069064497947693
0.1890534609556198
-0.4283210337162018
-0.1662769764661789
-0.45042863488197327
-0.39089101552963257
-0.08680393546819687
0.2733970284461975
-0.2216920703649521
-0.37068817019462585
0.2869275212287903
-0.4249533712863922
-0.5988026261329651
-0.05399398133158684
0.10329914838075638
-0.9268461465835571
-0.6899665594100952
-0.001274630194529891
-1.0372408628463745
-0.17143689095973969
-0.728023111820221
0.21390947699546814
-0.6571131944656372
-0.33619987964630127
-0.022702453657984734
-0.1235198900103569
0.023213738575577736
0.3139305114746094
-0.3879897892475128
-0.602664589881897
-0.1279502809047699
-0.26602157950401306
-0.7838413715362549
-0.6629093885421753
0.17177782952785492
-0.6433228850364685
-0.42222586274147034
-0.25852423906326294
-0.43053919076919556
-0.5084901452064514
-0.6485639214515686
-1.4899572134017944
-1.7432633638381958
-1.2530527114868164
0.2566509246826172
-0.5701937675476074
-1.1509461402893066
0.22569015622138977
-0.6288003921508789
-0.6598893404006958
-0.37820711731910706
-0.3366544246673584
-0.8037528395652771
-0.4754849076271057
-0.11497751623392105
-0.00632436154410243
-1.5798102617263794
-0.4534534215927124
-0.1894443929195404
-0.016759999096393585
0.06525688618421555
-0.382764995098114
-0.08296028524637222
-1.0468748807907104
-0.4743672013282776
0.0962727963924408
0.13119091093540192
-0.1051829606294632
-0.8022019863128662
0.6547830104827881
-0.07796470075845718
0.15424400568008423
-0.9374159574508667
0.7634556889533997
-0.2878943085670471
0.106025829911232
-0.20594686269760132
-0.10996430367231369
-0.24299654364585876
0.2753363847732544
-0.31864431500434875
0.005273920949548483
-0.675471842288971
-0.12423725426197052
-0.31611451506614685
-0.5990351438522339
-0.546899676322937
-0.2475016713142395
-0.34355905652046204
-0.24254721403121948
0.22314977645874023
-0.1612999141216278
0.17501221597194672
-0.7049641013145447
0.2871668040752411
-0.7628012299537659
-1.092576503753662
-0.07499096542596817
-0.34731876850128174
-0.5229827165603638
-0.7992393970489502
-0.6006569266319275
-1.1248027086257935
-0.28538450598716736
-0.18523773550987244
-0.4056517779827118
-0.5844749212265015
-0.2038838118314743
-0.5644767880439758
0.5579350590705872
-0.6083959341049194
-0.27804455161094666
-0.8852507472038269
-0.3289400637149811
-1.122424602508545
-0.4074837863445282
-0.9898523688316345
-0.44747141003608704
-0.05776924267411232
-0.16041168570518494
-0.8305025696754456
0.1650083363056183
-0.6824376583099365
-0.6467991471290588
-0.7425338625907898
0.06249299272894859
-0.5707933306694031
-1.3058198690414429
0.7192873954772949
-1.0141520500183105
0.10642305016517639
0.06464913487434387
0.029872719198465347
0.43674489855766296
-0.0037996391765773296
-0.20299112796783447
-0.19139747321605682
-1.5316038131713867
-0.08343255519866943
-0.4253517687320709
-0.5109972953796387
0.11736997216939926
0.4282040596008301
-0.17704083025455475
-0.9679837226867676
0.17260386049747467
-0.09719282388687134
-0.3102015554904938
-1.7753459215164185
-0.5986827611923218
0.45928987860679626
-0.3117119371891022
-1.004843831062317
-1.4044067859649658
-0.5631458163261414
-0.8879637122154236
0.1153407022356987
0.13369345664978027
-0.750175416469574
-0.3759947121143341
-0.6375235915184021
-0.8460134863853455
0.3143731653690338
-0.8818320631980896
-0.11842218041419983
-0.43111932277679443
-0.7837019562721252
-0.4079191982746124
-0.9480933547019958
-0.2839004099369049
-0.22590552270412445
-0.2700732946395874
-1.2061338424682617
0.2378961741924286
0.2590705454349518
-0.32168740034103394
-0.584519624710083
-0.5178142786026001
-1.1310577392578125
-0.5121153593063354
-1.0328391790390015
-0.5489013195037842
-0.8696765303611755
-0.47394898533821106
-1.5494153499603271
-0.8928918242454529
0.2901640832424164
-1.2108349800109863
-0.38856491446495056
-0.05065545439720154
-0.45328155159950256
-0.11875216662883759
0.16249331831932068
-0.46750473976135254
0.19682179391384125
-0.42879417538642883
-0.17749916017055511
-0.4451082944869995
0.03722160682082176
-0.32887762784957886
-0.712382435798645
-0.6609513163566589
0.3139422535896301
-0.43942198157310486
0.11578068137168884
-1.2179672718048096
-1.3633700609207153
-0.43015503883361816
-0.3332149088382721
-0.1826043576002121
0.11359629034996033
-0.10165313631296158
0.05308099836111069
0.2254549264907837
-0.8378402590751648
-0.4732331931591034
-0.4524032175540924
-0.2798544764518738
-0.7001129984855652
-0.8825169801712036
-0.5436066389083862
-0.2379165142774582
-0.08569300919771194
0.2706470787525177
-0.45740509033203125
-0.5457046627998352
-0.12088106572628021
-0.3603070378303528
-0.40057533979415894
-0.3154676556587219
-0.8262639045715332
-0.09705555438995361
-0.22250011563301086
-0.12009701132774353
-0.07112224400043488
-1.059769630432129
-0.3353455662727356
-0.6257615089416504
-0.7787848711013794
-0.3876942992210388
0.14472819864749908
-0.20616130530834198
-0.2632718086242676
-0.32924550771713257
-0.760705828666687
-0.5578715801239014
0.15497179329395294
0.21462690830230713
-0.8827861547470093
-0.4924328029155731
-0.7151709794998169
-0.9895064830780029
0.13907074928283691
-0.08217789232730865
0.4817054867744446
-0.48548445105552673
0.10137644410133362
0.23852553963661194
-0.3466508388519287
-0.5535369515419006
0.39571696519851685
0.043551381677389145
0.11475738883018494
-0.4956198036670685
-0.4495357871055603
-0.11501984298229218
-0.05715177208185196
-0.3075248599052429
-1.4788082838058472
-0.8775525093078613
-0.92042076587677
-0.5685328841209412
-0.9081941246986389
-0.4950608015060425
-0.6172631978988647
-0.4921250343322754
0.2687002420425415
0.1330602914094925
-0.5543186664581299
0.1786590814590454
-0.4054192900657654
-1.231203317642212
-0.2591845691204071
-0.050534579902887344
-0.5452480316162109
-1.333624243736267
-0.25301432609558105
-0.17361612617969513
-0.17352184653282166
-0.3301650583744049
-0.7183507680892944
-0.5394604206085205
-1.2575417757034302
-0.5462294220924377
-0.6526176333427429
-0.29781150817871094
-0.7523623108863831
-0.07376741617918015
-0.2245679646730423
-0.6590542793273926
-0.3203325867652893
-0.26608896255493164
-0.7871062755584717
-0.5799919366836548
0.24577003717422485
-0.43684813380241394
0.11505252122879028
-0.21314369142055511
-0.43022140860557556
0.012186224572360516
-0.7607306241989136
-0.3621556758880615
-0.8704402446746826
0.20888042449951172
-0.1249922662973404
-0.24757012724876404
-0.5699711441993713
-0.14292797446250916
0.32588791847229004
-0.681950032711029
-1.2485928535461426
-0.2435242384672165
-0.8023934364318848
-0.24074691534042358
-0.1574832648038864
-0.5441979169845581
-0.24010230600833893
0.32218658924102783
-0.37923043966293335
-0.7374106049537659
0.03041398897767067
0.11683125793933868
-0.36166730523109436
-0.3871817886829376
0.437400758266449
-0.13191631436347961
0.08712504804134369
-0.23804059624671936
-0.7716295719146729
-0.4917605519294739
-0.9808595180511475
0.17653575539588928
-0.2995692789554596
-0.4070194959640503
-0.380339115858078
-0.25660234689712524
-1.8530046939849854
-0.09011474996805191
-0.3706600069999695
0.07723744958639145
-0.9734803438186646
-0.24503715336322784
-1.8207998275756836
-0.3525207042694092
-0.0571785643696785
-1.1668741703033447
-0.47891512513160706
-0.08834271132946014
-0.3151870667934418
0.2529520094394684
-0.21965819597244263
-1.0536911487579346
-0.39119815826416016
-0.5850620865821838
-1.391427993774414
-0.5474067330360413
-0.21105176210403442
-0.11472424864768982
-0.8455846309661865
-0.2582012414932251
-1.4723566770553589
-0.12684325873851776
1.1850571632385254
-0.7223926186561584
