0.23445260524749756
0.1991969347000122
0.2325611114501953
0.21705448627471924
0.208307147026062
0.22169840335845947
0.21341687440872192
0.23426634073257446
0.1972036361694336
0.20867246389389038
0.23360520601272583
0.2111722230911255
0.2388598918914795
0.27552562952041626
0.21900224685668945
0.22548282146453857
0.24081939458847046
0.22929370403289795
0.2582865357398987
0.23239070177078247
0.21250486373901367
0.24792051315307617
0.24423831701278687
0.2601414918899536
0.27066487073898315
0.20026403665542603
0.23960185050964355
0.27100855112075806
0.21639752388000488
0.20958518981933594
0.2045745849609375
0.2145131230354309
0.22673499584197998
0.2181469202041626
0.23934340476989746
0.2092105746269226
0.2534547448158264
0.21932291984558105
0.24893569946289062
0.23373258113861084
0.21265959739685059
0.20847946405410767
0.23028719425201416
0.27827244997024536
0.2087501883506775
0.22939765453338623
0.2118808627128601
0.21178656816482544
0.2240951657295227
0.2486276626586914
0.2506859302520752
0.2512699365615845
0.22332316637039185
0.2438068985939026
0.29306739568710327
0.23531508445739746
0.2194015383720398
0.23132812976837158
0.21125584840774536
0.26234906911849976
0.23441028594970703
0.21115422248840332
0.23346364498138428
0.5035197734832764
0.22669941186904907
0.20675140619277954
0.22907006740570068
0.2370539903640747
0.2834564447402954
0.2528538703918457
0.34874093532562256
0.22900044918060303
0.22234511375427246
0.2452489137649536
0.35277771949768066
0.21865689754486084
0.24469369649887085
0.24358707666397095
0.23849499225616455
0.2234044075012207
0.2531721591949463
0.26064759492874146
0.19272947311401367
0.23495733737945557
0.24808472394943237
0.22857344150543213
0.23481613397598267
0.2248355746269226
0.21526974439620972
0.2612152099609375
0.21538418531417847
0.21071600914001465
0.20747530460357666
0.2263215184211731
0.26205605268478394
0.22929346561431885
0.21172094345092773
0.25350213050842285
0.24426710605621338
0.20592689514160156
0.21027499437332153
0.2316831350326538
0.21682506799697876
0.21269863843917847
0.21781271696090698
0.23093032836914062
0.21128058433532715
0.24447393417358398
0.23774343729019165
0.21316087245941162
0.23856431245803833
0.19613105058670044
0.22287368774414062
0.24150687456130981
0.2640281915664673
0.20544129610061646
0.21558403968811035
0.2110971212387085
0.21557903289794922
0.22076380252838135
0.2057064175605774
0.3162432312965393
0.2061631679534912
0.21466457843780518
0.2092517614364624
0.23179030418395996
0.3493690490722656
0.22417640686035156
0.25226831436157227
0.25276780128479004
0.2307828664779663
0.2560690641403198
0.2141885757446289
0.21494895219802856
0.2193303108215332
0.2006359100341797
0.24548131227493286
0.24618291854858398
0.21898168325424194
0.23497158288955688
0.23805391788482666
0.21748316287994385
0.23314446210861206
0.21234875917434692
0.21287596225738525
0.22987711429595947
0.24645864963531494
0.22090256214141846
0.23612546920776367
0.2514772415161133
0.2958686351776123
0.22351151704788208
0.19921904802322388
0.23011314868927002
0.22823166847229004
0.24661827087402344
0.22875094413757324
0.2020300030708313
0.2525622844696045
0.2315502166748047
0.24665558338165283
0.21975821256637573
0.20641595125198364
0.24003267288208008
0.21797239780426025
0.23243272304534912
0.23640978336334229
0.2028036117553711
0.22480064630508423
0.2243896722793579
0.21880310773849487
0.2192859649658203
0.258159339427948
0.21208441257476807
0.21028977632522583
0.22816073894500732
0.2202908992767334
0.22589868307113647
0.23348379135131836
0.2764434814453125
0.22458571195602417
0.21287065744400024
0.23103052377700806
0.23275476694107056
0.20602989196777344
0.20509439706802368
0.23696696758270264
0.2479255199432373
0.2258303165435791
0.2839611768722534
0.22081828117370605
0.21635806560516357
