-0.12970136106014252
-0.22090059518814087
0.09254024922847748
0.0300282035022974
0.1585690677165985
-0.9633294343948364
0.21114563941955566
-0.2867465615272522
-0.051205430179834366
0.4224105775356293
0.25401607155799866
0.026224112138152122
-0.34755179286003113
0.7155179381370544
-0.4806499779224396
-0.27636730670928955
0.3701516091823578
0.29800406098365784
0.307588130235672
0.4124065637588501
0.314962238073349
-0.18599680066108704
0.05253901332616806
0.5827257633209229
0.09613955765962601
0.14062663912773132
0.6495944261550903
-0.41280823945999146
-0.5635595321655273
-0.2562434673309326
-0.3104170858860016
-0.09227070957422256
0.09264881908893585
-0.6765161156654358
-0.1621636152267456
0.7926299571990967
-0.13176283240318298
-0.3328653872013092
0.15204590559005737
-0.28302690386772156
0.5070618391036987
0.5725017786026001
-0.23139503598213196
-0.6721580624580383
-0.22982308268547058
0.5189886689186096
-0.2717241644859314
-0.3637107014656067
0.04356527328491211
0.818437397480011
0.1152140349149704
-0.6802704930305481
0.14299790561199188
0.4184297025203705
0.16172614693641663
0.2297874093055725
0.2640036344528198
-0.2645975947380066
0.4316355586051941
-0.48035168647766113
0.39278075098991394
-0.0889141708612442
0.24443140625953674
2.201904773712158
-0.14210648834705353
-0.1892382949590683
-0.03552485257387161
-0.30282917618751526
0.14040127396583557
0.2043423354625702
1.2422112226486206
0.5854822993278503
-0.8809976577758789
-0.5225928425788879
-0.6854061484336853
0.021115120500326157
0.5599649548530579
-0.6971766352653503
-0.07025196403265
-0.29705971479415894
-0.6229280233383179
0.38665881752967834
-0.5823900699615479
0.006786908023059368
0.18207772076129913
-0.2893281877040863
-0.007924686186015606
-0.15209391713142395
-0.42727720737457275
-0.4068446755409241
-0.029131190851330757
-0.1121295765042305
-0.09097463637590408
-0.34062814712524414
0.39086633920669556
-0.847286581993103
-0.46468934416770935
-0.1373453140258789
0.33329495787620544
0.09032247215509415
-0.6409008502960205
0.4783574342727661
-0.030787687748670578
0.3067731559276581
-0.3075074851512909
0.3497980535030365
0.23359979689121246
0.047468334436416626
-0.24240511655807495
0.15161575376987457
0.5974461436271667
-0.011944960802793503
-0.10311762988567352
0.4765801727771759
-0.9212163686752319
-0.3793671429157257
0.00219950289465487
-0.2865726947784424
0.1716572344303131
-0.4815113842487335
0.019548067823052406
0.8128047585487366
-0.06462422758340836
0.20521792769432068
0.41568586230278015
1.2081066370010376
-1.435570478439331
0.3017060458660126
0.9744819402694702
0.11684977263212204
0.13143566250801086
-0.752832293510437
-0.34209930896759033
0.4935973286628723
0.7542026042938232
-0.4071429967880249
0.8157116770744324
-0.22581171989440918
-0.4337058663368225
-0.4513280391693115
0.020453453063964844
0.21234877407550812
-0.46592938899993896
0.34504157304763794
-0.26578783988952637
0.566659688949585
-0.3050009608268738
-0.10197354853153229
0.5420282483100891
0.1592378318309784
0.04408684000372887
-0.28318825364112854
0.06413441896438599
-0.07926201075315475
-0.17712844908237457
-0.5137007236480713
-0.5137325525283813
-0.08235272765159607
-0.8035632967948914
-0.6045924425125122
-0.20472849905490875
-0.527398943901062
0.18261577188968658
0.4260423481464386
-0.011081738397479057
0.13693782687187195
-0.39724013209342957
0.3140653967857361
0.39017584919929504
-0.3991030752658844
0.39140936732292175
-0.0057810451835393906
0.6566459536552429
-0.6611160039901733
0.7138491272926331
-0.07846366614103317
0.040919650346040726
0.012387893162667751
-0.10366284102201462
-0.9366103410720825
0.047651760280132294
-0.12721960246562958
0.3818889856338501
-0.5482128858566284
-0.13936550915241241
-0.04231252893805504
0.012890740297734737
-0.8111658692359924
0.1849842518568039
0.7987304329872131
-0.1360689401626587
0.23512840270996094
