0.0009015526156872511
-0.090416319668293
0.010207797400653362
0.27791690826416016
0.14133460819721222
-0.07211343944072723
-0.02084958367049694
0.05107467249035835
-0.08331460505723953
0.035154588520526886
-0.024430466815829277
0.1908472776412964
0.08004337549209595
-0.11801880598068237
-0.21122853457927704
0.06417270004749298
-0.046768296509981155
0.02361636981368065
-0.2807961702346802
0.2912294268608093
-0.16906476020812988
0.04671560227870941
-0.07916849106550217
0.020158441737294197
-0.07499472051858902
-0.04466691240668297
-0.1818741410970688
0.04687631130218506
-0.2040804624557495
0.015465214848518372
-0.08107555657625198
0.13081473112106323
-0.008342430926859379
-0.057324692606925964
-0.280255526304245
0.24430395662784576
0.14576472342014313
-0.1048385426402092
0.012880072928965092
-0.2199043333530426
-0.2517785429954529
-0.17540773749351501
-0.1052868440747261
0.3656676113605499
0.06988419592380524
-0.06941603869199753
-0.07124193012714386
-0.0037330344785004854
0.12534739077091217
-0.09425666183233261
-0.051304906606674194
0.1354793757200241
0.24029749631881714
0.11636178940534592
0.2194257229566574
-0.06063387542963028
0.002257714746519923
-0.1702818125486374
-0.04540187865495682
0.14129945635795593
-0.07871564477682114
-0.03916776925325394
0.011931990273296833
-0.05703791603446007
0.1766129583120346
-0.14356949925422668
-0.10234127938747406
-0.0028617321513593197
0.05832218751311302
-0.08827564120292664
0.07654181122779846
-0.13073819875717163
-0.041455306112766266
0.0926138162612915
0.24983997642993927
0.2272244095802307
0.6239773035049438
0.04155971109867096
0.052767302840948105
-0.19839119911193848
0.10717015713453293
0.09154489636421204
-0.14247815310955048
-0.12200970202684402
-0.0744706243276596
-0.1152014434337616
0.017526498064398766
0.12637735903263092
-0.1586572676897049
0.43683820962905884
0.084526427090168
0.00891006551682949
-0.0451507568359375
0.1245092898607254
-0.3074629306793213
-0.26152175664901733
-0.06260702759027481
0.07865285128355026
0.17607715725898743
0.07422091066837311
-0.0340324304997921
0.0854300931096077
0.08424317091703415
0.15663744509220123
-0.17217235267162323
0.1408269703388214
0.08507698774337769
0.05318548157811165
0.030174564570188522
-0.10479319095611572
-0.14168426394462585
0.04343040660023689
-0.09310340136289597
-0.16750991344451904
0.08596229553222656
-0.23008394241333008
-0.036201126873493195
0.06112441048026085
-0.01514367014169693
-0.023578671738505363
-0.1832331269979477
0.06030893325805664
0.09843316674232483
-0.0501304492354393
0.09933409839868546
0.0566307008266449
-0.051148541271686554
0.18944112956523895
-0.033099133521318436
0.1975327581167221
0.10817934572696686
0.21622306108474731
-0.003173904726281762
0.10301044583320618
-0.14708329737186432
-0.02670312114059925
0.23659512400627136
0.026530826464295387
-0.0782916396856308
-0.1162465512752533
-0.1874927431344986
-0.11685862392187119
-0.08337435871362686
-0.037749033421278
-0.06039845943450928
-0.05802600830793381
-0.1300615668296814
-0.16404220461845398
-0.10106872767210007
-0.0803593248128891
-0.1632174551486969
-0.07693713158369064
0.07022837549448013
0.1910671591758728
0.15532992780208588
-0.10021322965621948
0.1577325016260147
0.13736125826835632
0.055940885096788406
-0.11594341695308685
0.03413457050919533
-0.04561368748545647
0.10516777634620667
-0.01027259323745966
0.02520388923585415
0.005186843685805798
0.16952478885650635
-0.05783754587173462
0.17214518785476685
-0.10075560957193375
0.1360010951757431
-0.031438831239938736
-0.047936905175447464
-0.07465554773807526
0.034511175006628036
0.028275016695261
-0.013165771961212158
0.18515872955322266
-0.07014059275388718
0.07727420330047607
-0.04505153000354767
0.032720837742090225
0.006398011930286884
0.05451420322060585
-0.10890145599842072
-0.04023170471191406
-0.015331209637224674
0.24859893321990967
-0.11567392945289612
-0.2320701628923416
0.030817151069641113
0.1219719797372818
