-2.1798901557922363
-4.197427749633789
-2.7558062076568604
-0.4781426787376404
0.05953231453895569
-2.284236431121826
-2.2142467498779297
-3.192293643951416
0.4769628047943115
-2.50576114654541
-3.414335012435913
-3.095170497894287
1.6300721168518066
-1.4667567014694214
-2.0957822799682617
-8.259881019592285
-3.2741119861602783
-2.870372772216797
-1.5728116035461426
0.06698857992887497
-2.202889919281006
-2.536879301071167
-2.17730712890625
-2.5823259353637695
-2.7544679641723633
-1.0818631649017334
0.005010198336094618
-3.236525297164917
-4.153184413909912
-0.9742695093154907
-2.1667985916137695
-3.277207374572754
-3.998875617980957
-3.2690937519073486
-4.33603572845459
0.8692551851272583
-3.465993881225586
-2.211942672729492
-1.1352341175079346
-0.35042884945869446
-2.7156896591186523
-4.104435920715332
-2.59824275970459
-3.249070644378662
-2.3094048500061035
-3.349883556365967
-1.7489509582519531
1.3350905179977417
-2.9444334506988525
-3.4536142349243164
-0.6106544733047485
-0.39181840419769287
-2.9776060581207275
-2.4862141609191895
-2.281991481781006
-3.985100269317627
-2.344470977783203
-3.290329694747925
-1.924027919769287
-4.538935661315918
-2.9216244220733643
1.668099045753479
-2.093052864074707
-3.282836675643921
-2.658329725265503
-3.0638816356658936
-1.851118564605713
-1.0741488933563232
-3.1691787242889404
-3.4887688159942627
-2.457944393157959
-2.5354268550872803
-3.569688320159912
-2.0555901527404785
-2.4033615589141846
-2.926447629928589
-3.635913610458374
-2.214601516723633
-2.4017419815063477
-2.532687187194824
-3.8888330459594727
-2.895411729812622
-3.7082302570343018
1.7776509523391724
-2.352963447570801
-2.9077422618865967
-1.8505021333694458
-3.1252071857452393
-3.802680492401123
-3.487185478210449
-0.780103325843811
-2.9017343521118164
-2.434337615966797
-3.4359796047210693
-4.240931987762451
-1.9916503429412842
0.5291601419448853
-2.9700286388397217
-3.097255229949951
-2.0559778213500977
-2.0336105823516846
-0.2191987782716751
-3.1383297443389893
-1.392096757888794
0.0021861563436686993
-2.413839340209961
-0.5266743302345276
-2.715078830718994
-4.056065082550049
-2.5632572174072266
-2.3435418605804443
-4.7647881507873535
-2.570626974105835
0.4102592170238495
-4.36832332611084
-1.6565722227096558
-3.058612585067749
0.014626915566623211
-6.270724296569824
-2.8486545085906982
-3.102308988571167
1.0613963603973389
-2.5346438884735107
-2.6958820819854736
-3.2919483184814453
-0.9437658786773682
-2.1440160274505615
-3.1435699462890625
-2.5541751384735107
-1.809965968132019
-2.615187883377075
-3.225701332092285
-3.05981183052063
-2.132444381713867
-4.9667582511901855
-4.916428089141846
-2.2183830738067627
-1.2261508703231812
-3.2512691020965576
-1.192076563835144
-2.520242691040039
-2.9390358924865723
-3.922914743423462
-2.4169530868530273
-3.4121415615081787
-3.151695966720581
1.419205665588379
0.8875782489776611
-0.04242366924881935
-2.141724109649658
-2.807044506072998
-3.2966806888580322
-2.9598419666290283
-3.669179916381836
-1.3211781978607178
-2.418600082397461
1.2332736253738403
-3.1047191619873047
-1.9765444993972778
-3.6562249660491943
-3.800081253051758
-1.7595205307006836
-3.9840471744537354
-3.3242030143737793
-2.765828847885132
-2.3050241470336914
-2.760514974594116
-1.347551941871643
-3.3738880157470703
-2.6841728687286377
-3.781851291656494
-0.3444371223449707
-2.878304958343506
-1.6894285678863525
1.6385576725006104
-2.78305983543396
-2.0638420581817627
-3.2415339946746826
-3.370410680770874
-2.506394147872925
-0.5784180760383606
0.06236990541219711
-4.348395824432373
-1.0738239288330078
-1.8646187782287598
-3.4007320404052734
-2.804999828338623
-2.8375906944274902
-2.8074958324432373
-2.279040813446045
1.155178427696228
-1.3544158935546875
-3.200761079788208
-3.757389783859253
-2.8875434398651123
-2.385876178741455
-3.5566067695617676
-2.5429394245147705
-1.246071219444275
-3.2224678993225098
-2.808326482772827
-2.3872950077056885
-3.9264869689941406
-0.05566437542438507
-3.7412638664245605
-3.9403483867645264
-2.526066541671753
-3.2867178916931152
0.6003169417381287
-4.06168794631958
-1.9971648454666138
-2.6913859844207764
-2.329167366027832
0.4093763530254364
-2.485275983810425
1.4795218706130981
-0.4607762098312378
-4.135138034820557
-2.4082906246185303
-1.1542060375213623
-2.121515989303589
-4.204165458679199
-2.590935230255127
-1.250034213066101
-3.3671181201934814
1.8248668909072876
-0.9413356781005859
-2.160402774810791
-2.882563352584839
-1.2668800354003906
-2.345694065093994
-4.460898399353027
-1.4257673025131226
-2.2641477584838867
-3.368011951446533
-2.8196632862091064
-2.9475228786468506
-0.8640844225883484
-4.226568222045898
-4.234724998474121
-1.359904408454895
-3.9155282974243164
-2.600759506225586
-3.0730080604553223
-1.2474082708358765
-2.943323850631714
-2.561497211456299
-1.5251476764678955
-1.487833857536316
0.46289321780204773
-2.3118958473205566
-3.1495678424835205
0.6920214891433716
0.05051318556070328
-3.38725209236145
-1.3633207082748413
-1.781939148902893
-2.044658660888672
-2.1193928718566895
-3.819366693496704
-4.405279636383057
-2.4908607006073
-1.9454965591430664
-3.80491304397583
-1.4359776973724365
-2.3964152336120605
-3.645545244216919
-2.4597208499908447
0.02972586266696453
-1.8813942670822144
-1.681503176689148
-5.128874778747559
-1.4561786651611328
-3.535179615020752
-2.3563308715820312
-2.878380537033081
-1.6251258850097656
-2.0384786128997803
-3.525484085083008
-2.270864248275757
-3.0073530673980713
-3.6759300231933594
-1.2730051279067993
-3.33935546875
-3.0025153160095215
-2.3947222232818604
-1.8243167400360107
-2.5815346240997314
-1.5354607105255127
0.750815749168396
-3.199982166290283
-2.2420244216918945
-2.8866524696350098
-2.2380237579345703
-4.56563138961792
-2.7532334327697754
-2.8162994384765625
0.7415690422058105
-1.941817045211792
-2.963608980178833
-4.290769100189209
-2.832866668701172
-3.7665038108825684
-3.576054096221924
-1.0888344049453735
-1.7233844995498657
-3.2302157878875732
-0.7518578767776489
-1.6269512176513672
-4.358530044555664
0.36680951714515686
-3.0668885707855225
-2.9837758541107178
-4.029295444488525
-0.34341397881507874
-2.6533925533294678
1.1628353595733643
-2.4785358905792236
-1.8954933881759644
-1.7258825302124023
-2.7145073413848877
-3.2193069458007812
-2.1141629219055176
-1.5705705881118774
-2.85082745552063
-3.5593833923339844
-2.5270581245422363
-2.8225908279418945
-0.07921561598777771
-3.2834439277648926
-3.268782377243042
-3.392932415008545
-2.6936776638031006
-4.354918956756592
-2.6233763694763184
-3.6749138832092285
-4.153744220733643
-1.1960102319717407
-4.244495391845703
-1.4475817680358887
-2.0063319206237793
-3.3918967247009277
-2.6919305324554443
-1.4044359922409058
-2.2526028156280518
-3.195949077606201
-2.986924171447754
-1.9586862325668335
-3.235553741455078
1.3218642473220825
-4.210238456726074
-3.5940277576446533
-0.8116050362586975
-2.1715667247772217
-2.8525285720825195
-1.404115915298462
-3.1470084190368652
-3.461203098297119
-3.6892104148864746
-1.162549376487732
-2.7143919467926025
-2.4488420486450195
-3.9238457679748535
-3.9494595527648926
1.6890639066696167
-3.598208427429199
-0.5216297507286072
-4.602646827697754
-1.5668821334838867
-3.8051364421844482
-2.685549259185791
-2.979602575302124
-2.486469268798828
-2.1548917293548584
-3.293785333633423
-3.19490909576416
-3.6567041873931885
-2.5024185180664062
-3.2709460258483887
-2.5985007286071777
-3.467775583267212
-2.2511181831359863
-2.382420778274536
-3.6242849826812744
-2.326526403427124
-5.498223781585693
2.1315131187438965
-3.7894513607025146
-2.792980909347534
-2.5216214656829834
-5.634651184082031
-4.541361331939697
-2.2170398235321045
-1.6613034009933472
-2.56203556060791
-2.3648104667663574
-2.469348669052124
-1.4792771339416504
-2.092064142227173
0.5105260014533997
-1.4517008066177368
-3.456195116043091
-2.0345118045806885
-3.729405641555786
-1.5545040369033813
-3.5954859256744385
1.195994257926941
-1.0461024045944214
-1.6698330640792847
-2.184506893157959
-0.19729754328727722
-2.863298177719116
-3.1282739639282227
-3.390737533569336
-3.543884038925171
-0.4038529694080353
-3.1382195949554443
-2.8746278285980225
-5.33167028427124
-3.178337812423706
-3.0644571781158447
-3.5451459884643555
-2.682119607925415
-2.622108221054077
-2.1351468563079834
-3.9049265384674072
-2.0680644512176514
-2.1930294036865234
0.2667992115020752
-1.4405735731124878
-2.5078110694885254
-3.486715316772461
-0.5366238951683044
-2.4695229530334473
-3.1424167156219482
-1.789325475692749
-2.2495462894439697
-2.7984626293182373
-1.6893017292022705
0.4729473888874054
-3.07841157913208
-0.06854937225580215
2.400256633758545
-2.3262529373168945
-3.0030267238616943
-3.1022162437438965
-3.9480767250061035
-1.4030834436416626
-0.5046601295471191
-5.332322120666504
-2.64595627784729
-4.315404891967773
-2.1872644424438477
-2.893808126449585
-3.901909828186035
-2.890965223312378
-0.678891658782959
-2.661160945892334
-3.1089906692504883
-2.3990302085876465
-3.5038013458251953
-3.294182777404785
-4.240604877471924
-2.9162402153015137
0.21607479453086853
-1.5410914421081543
-3.9617488384246826
-2.334538698196411
-3.0909793376922607
-3.0822277069091797
-3.4212465286254883
-3.255322217941284
-2.1223437786102295
-3.3545634746551514
0.16334490478038788
-3.2672135829925537
-1.880951166152954
-2.1846463680267334
-2.738558530807495
-3.8626174926757812
-2.2973523139953613
-1.930152416229248
-3.1937544345855713
-3.2835841178894043
-3.265871047973633
-2.3010430335998535
-3.1291868686676025
-3.0569331645965576
-1.9863331317901611
-1.6677848100662231
-2.3972439765930176
-3.0207605361938477
-2.7351794242858887
-2.702775239944458
-3.725672721862793
-1.2773624658584595
-3.076134443283081
-2.898002862930298
-3.0231707096099854
-3.292384624481201
-2.668814182281494
-1.350176215171814
0.16374480724334717
-3.4439427852630615
-3.4654011726379395
-2.861009359359741
-3.106030225753784
-3.929889678955078
-3.1466004848480225
-2.3454127311706543
-3.3677148818969727
-0.44077780842781067
-3.1305367946624756
-3.741457223892212
-3.6798386573791504
-2.610689878463745
-4.083248138427734
-2.414660692214966
-2.587430238723755
-2.7659263610839844
-3.0123956203460693
-2.8029162883758545
-2.413723945617676
0.539384663105011
-1.2127848863601685
-2.192777156829834
-3.214416027069092
-1.6465368270874023
-2.7780611515045166
-2.1146864891052246
-1.9692671298980713
-1.9567301273345947
-2.967797040939331
0.5821046233177185
-1.7246791124343872
0.48068079352378845
0.47231048345565796
0.4736480712890625
-1.7202166318893433
-3.821106195449829
-3.1673743724823
-2.610697031021118
-3.398937463760376
-2.5312910079956055
-3.0448482036590576
-3.058222770690918
-2.950307846069336
-2.9403774738311768
-3.0419812202453613
-2.673295736312866
-1.5136622190475464
1.5628955364227295
-2.1656482219696045
-1.8312796354293823
-2.4416556358337402
-2.4873039722442627
-3.087578058242798
-3.0967965126037598
-1.7401280403137207
-5.005733966827393
-1.6970877647399902
-0.0027100977022200823
-3.3563027381896973
-1.3152307271957397
-2.221426010131836
-1.8855366706848145
-2.0913949012756348
-0.5754269957542419
-3.4740102291107178
-2.8736572265625
-2.678953170776367
-2.2289440631866455
-2.93345308303833
-1.7079938650131226
-2.0713469982147217
-1.0174129009246826
-3.100325584411621
-3.069887399673462
-3.93080735206604
-3.0520551204681396
-3.770969867706299
-3.023513078689575
-2.7012269496917725
-2.574254035949707
-2.8316400051116943
-1.7614766359329224
-2.5829243659973145
0.5100653171539307
-3.646444320678711
-3.651592254638672
-3.539759874343872
0.49482816457748413
-3.714704751968384
-5.105144500732422
-3.1127419471740723
-2.043875217437744
-1.9489662647247314
-0.42043229937553406
-2.843485116958618
-3.3652851581573486
-2.68287992477417
-2.8766226768493652
-1.210732102394104
0.7584055662155151
-0.27388980984687805
-1.9901281595230103
-2.733505964279175
-2.343144416809082
-2.8150339126586914
-2.6944847106933594
-3.184997797012329
-2.7038536071777344
-3.3883376121520996
-2.5680019855499268
-2.6566426753997803
-2.2777769565582275
-3.7886722087860107
-2.6018447875976562
-1.9576835632324219
-2.866408109664917
-3.2704479694366455
-3.337921142578125
-2.2332825660705566
-3.0071487426757812
-2.93340802192688
-2.8606743812561035
-2.831474781036377
-3.345081329345703
-1.7169430255889893
-2.5377438068389893
-1.548170566558838
-2.3003294467926025
-3.354261875152588
-2.23866605758667
-2.7862548828125
-2.9496898651123047
-1.6073509454727173
-3.4002270698547363
-3.69805645942688
-3.398775339126587
-2.1452791690826416
-4.562823295593262
-1.751057505607605
-4.464657783508301
-1.5917229652404785
-2.93389630317688
-3.2560954093933105
-0.1449604332447052
-2.628427743911743
0.6904594898223877
-3.3642983436584473
-2.4945735931396484
-2.3250975608825684
-0.8337544202804565
-3.93105411529541
-3.1645960807800293
0.9044883847236633
-1.4221400022506714
-1.7558369636535645
-0.6343234181404114
-2.013735294342041
-1.8179899454116821
-2.375196695327759
-1.7221139669418335
-2.5399975776672363
-2.912773847579956
-3.2059619426727295
-1.3875292539596558
-3.119981288909912
0.19182348251342773
-2.895731210708618
-2.8133907318115234
-2.7463231086730957
-3.322432041168213
-4.029023170471191
-1.797965168952942
-2.4989399909973145
-0.1907535195350647
-3.04736590385437
0.25834932923316956
-3.156480073928833
-6.215950965881348
-0.25106281042099
-2.5520215034484863
-2.3698601722717285
-2.400315284729004
-0.3013540804386139
-2.7845001220703125
-3.411492347717285
-2.6239006519317627
-2.962899923324585
-0.5174710750579834
0.3718837797641754
1.5359488725662231
-3.5078907012939453
-0.4666774570941925
-3.7227959632873535
-3.171201705932617
-3.7348339557647705
-2.85768461227417
-2.8131937980651855
-3.411609411239624
0.334835946559906
-2.7812726497650146
-1.5795648097991943
-2.46191143989563
-3.085087537765503
-2.6116647720336914
0.12019554525613785
-3.969838857650757
-3.015209197998047
-3.3238437175750732
-2.834733724594116
-3.464876413345337
-0.7834261059761047
0.14506003260612488
-1.7761375904083252
-2.642934560775757
-2.5837900638580322
-3.195382595062256
-2.4234392642974854
-2.49212384223938
-3.0447373390197754
-1.7978898286819458
-3.649627685546875
-2.0243449211120605
-3.173191785812378
-2.953489065170288
0.9027591347694397
-3.2592837810516357
-3.734767436981201
-2.1579127311706543
-2.248962640762329
-5.058452606201172
-1.6378324031829834
-3.347444772720337
0.5699367523193359
-2.6107449531555176
-2.37488055229187
-3.5327563285827637
-0.4398071765899658
-3.7975780963897705
0.2252090871334076
0.4956469237804413
-4.061860084533691
-2.3515989780426025
-1.9179733991622925
-3.375424861907959
-3.397134780883789
-3.4980127811431885
-0.9294577240943909
-3.958153247833252
-2.9256815910339355
-3.171660900115967
-0.251522958278656
-0.8409490585327148
-3.202003002166748
-1.648814082145691
-2.6549770832061768
2.7532083988189697
-1.8338192701339722
-2.668581247329712
-2.911033868789673
-2.782991409301758
-2.336127996444702
-3.412085771560669
-1.485421895980835
-2.788395404815674
-1.8637745380401611
-0.02487972378730774
-2.2995238304138184
-2.140897274017334
0.6294575333595276
-0.9561512470245361
-3.2281839847564697
-2.1746528148651123
-3.4951670169830322
-2.8871097564697266
-5.156874656677246
-2.467728614807129
-2.5507664680480957
-3.2784547805786133
-2.634181499481201
-2.119687557220459
-3.4515888690948486
-3.7533109188079834
-3.263037919998169
-4.240439414978027
-1.184951663017273
-3.284151315689087
-3.3142662048339844
-3.067866802215576
-2.095889091491699
-2.8671507835388184
-1.335321068763733
-2.7048566341400146
-2.6164331436157227
-2.3393044471740723
-2.5076656341552734
-1.4394716024398804
-3.196363687515259
0.9938079714775085
-2.447033643722534
-4.020816326141357
-4.9726457595825195
-2.537593364715576
-1.5533835887908936
-3.142369031906128
-1.9817547798156738
-2.2998178005218506
-3.316894054412842
-3.193664312362671
-0.15766207873821259
-3.7243640422821045
-3.2163500785827637
-2.5889456272125244
-2.755574941635132
-2.3493833541870117
-3.1764421463012695
-2.987226724624634
-3.76961612701416
1.0149377584457397
-1.8321568965911865
-3.2449564933776855
-3.351250171661377
-2.9253711700439453
-5.211025714874268
-5.5599565505981445
-2.3343043327331543
-2.218459129333496
-4.204123020172119
-3.3628628253936768
-4.274282455444336
-3.7226312160491943
-2.641935348510742
-2.0817759037017822
-3.125092029571533
-2.336238384246826
1.0589855909347534
1.3290530443191528
-2.228008985519409
-0.19852577149868011
-2.6065149307250977
-3.620184898376465
-3.6543259620666504
-1.8902314901351929
-3.5339608192443848
-1.3454598188400269
-1.329662561416626
-3.4128646850585938
-3.073646068572998
-4.042182922363281
0.12288754433393478
-2.420198440551758
-2.0197367668151855
-2.690115451812744
-2.3637855052948
-2.6803746223449707
-3.9504716396331787
-4.254720211029053
-3.048426866531372
-3.1023025512695312
-2.4792118072509766
-2.6222050189971924
-2.6173200607299805
-1.833317756652832
0.5030776262283325
-2.2925305366516113
-2.0382370948791504
-2.43855619430542
-3.7880828380584717
-3.441329002380371
-2.5633246898651123
-1.928890585899353
-2.7243542671203613
0.6268079876899719
-1.798036813735962
-2.1656224727630615
-2.6354048252105713
0.6750304102897644
-2.33286190032959
-2.689218759536743
-2.6646525859832764
-3.420043706893921
-3.3136000633239746
-2.238192319869995
-0.7308706641197205
-3.3308331966400146
-3.3953733444213867
-3.126476526260376
-3.787022113800049
-1.3049471378326416
0.5690260529518127
-2.165015697479248
-1.5391693115234375
-3.0221810340881348
-1.8055622577667236
-2.8082239627838135
-2.9066178798675537
-2.5355803966522217
-1.4277265071868896
0.11648615449666977
-3.7899489402770996
-3.3907124996185303
-1.4079121351242065
-3.622650146484375
-2.7092175483703613
-1.8168199062347412
0.15312893688678741
-4.836380481719971
-3.3877127170562744
-2.8857057094573975
-2.591508626937866
0.5289197564125061
-3.650524616241455
-3.1911866664886475
-1.3303592205047607
-3.1326820850372314
-3.3558461666107178
-3.3235573768615723
0.3221648633480072
-2.5830581188201904
-1.5407458543777466
-2.300081491470337
-2.9778480529785156
-2.080097198486328
-2.3524231910705566
-1.4394001960754395
-3.840090751647949
-2.068103075027466
-0.46520084142684937
-4.6752824783325195
-3.1157360076904297
-0.9882956743240356
-3.244889259338379
-4.473239898681641
0.599785327911377
-3.327515125274658
-3.684312343597412
-4.186179161071777
-2.999337911605835
-3.35986590385437
-3.593846559524536
-2.9473845958709717
-0.8370760083198547
-3.709774971008301
-1.6926696300506592
-3.4818358421325684
-2.786914348602295
-1.7319854497909546
-2.286916971206665
-2.1328015327453613
-2.9329605102539062
1.7737102508544922
-2.0523123741149902
-3.169694423675537
-3.2518115043640137
-2.8821446895599365
-3.268143892288208
-2.5105299949645996
-2.0493826866149902
-2.7002882957458496
-4.040219306945801
-2.8661017417907715
-3.4350292682647705
-2.410266876220703
-2.3921914100646973
-3.183760643005371
-2.908036947250366
1.650233268737793
-1.8281493186950684
-1.0016471147537231
-1.0089961290359497
-3.18158221244812
-2.9681525230407715
-3.719146966934204
-4.201448440551758
-2.622999429702759
-2.388901472091675
-2.166652202606201
-2.38002872467041
-4.036850452423096
0.3202909231185913
-1.9008891582489014
-2.9434003829956055
-2.309497833251953
-4.029068946838379
-2.6335508823394775
-2.999713659286499
-2.4726600646972656
-0.40864452719688416
-3.6116340160369873
-3.0317702293395996
-3.840102434158325
-3.179743766784668
-4.421422481536865
-5.490577220916748
-1.4976747035980225
-2.995913028717041
-1.7000845670700073
-3.604631185531616
-3.094569683074951
-2.7947778701782227
-3.720785617828369
-2.672987461090088
1.774192214012146
-2.9589452743530273
-0.15940634906291962
0.4373837411403656
-2.6677403450012207
-1.7675482034683228
-2.4686622619628906
-2.480854034423828
-4.172210216522217
-2.100914478302002
-2.4759645462036133
-2.617354154586792
-1.3663592338562012
-1.9912348985671997
-3.4489758014678955
-4.257364273071289
-3.3480746746063232
-1.8955289125442505
-1.9213751554489136
-1.091868281364441
-2.4320855140686035
-2.6088738441467285
-2.543144464492798
-2.9822511672973633
-3.720313549041748
-3.85674786567688
-3.788431406021118
-2.634612798690796
1.0677939653396606
-2.195626735687256
-3.762916326522827
-3.577566146850586
-1.6114487648010254
-3.8632020950317383
-2.6316041946411133
-0.7720364332199097
-0.22250071167945862
-2.2753098011016846
-2.104736328125
-3.3533785343170166
-2.0818932056427
-3.0855236053466797
0.6114282011985779
-3.085186243057251
-1.2856941223144531
-3.263965368270874
0.47348594665527344
-2.0816848278045654
-2.7864749431610107
-3.5421881675720215
-3.959641218185425
-4.269193649291992
-5.789254188537598
1.7220532894134521
-1.9749045372009277
1.2747048139572144
-3.985830783843994
-4.508920669555664
-2.335874557495117
-4.034505367279053
-2.3157880306243896
-3.404071569442749
-2.690835952758789
-3.373051166534424
-3.6468560695648193
-1.5856791734695435
-2.6966538429260254
0.7724550366401672
0.6224700808525085
-1.5174661874771118
0.8616645336151123
-3.754650831222534
-2.9826836585998535
-2.4578380584716797
-2.608672857284546
-2.426668167114258
-2.7118818759918213
-4.005953311920166
-1.7833267450332642
-3.75557017326355
-3.815459966659546
-2.5374464988708496
0.3122638463973999
-2.3864006996154785
-3.161748170852661
-3.1870856285095215
-2.864017963409424
-3.968465566635132
-4.407908916473389
0.4221732020378113
-1.284028172492981
-3.3215129375457764
0.8731354475021362
-2.841639995574951
-3.2258458137512207
-4.09574556350708
-3.9056813716888428
-1.6512534618377686
-3.4697818756103516
-2.9833335876464844
-3.217967987060547
-0.9784022569656372
-2.7266111373901367
-3.306485652923584
-3.9166152477264404
-0.020163163542747498
-0.6277959942817688
-0.36138206720352173
-1.854929804801941
-2.60426926612854
-2.520892858505249
-2.945418119430542
-2.695564031600952
-3.226581573486328
-4.442085266113281
-3.1842942237854004
-2.1488139629364014
0.7474582195281982
-2.6430418491363525
0.6852907538414001
-0.5248777866363525
-3.2113804817199707
-2.4722912311553955
-1.9521936178207397
-1.9088820219039917
-0.594935417175293
-1.6704914569854736
-4.600181579589844
-3.5448074340820312
-3.7151565551757812
-3.590792179107666
-3.5564382076263428
-3.423924446105957
-3.027536392211914
-2.0813863277435303
-2.928840398788452
-1.3165867328643799
-2.800370693206787
-1.8245068788528442
-3.251892566680908
-2.6568198204040527
-2.5318572521209717
-2.9812233448028564
-1.8875094652175903
-3.0546607971191406
-1.9444178342819214
-3.667665958404541
