0.8669392466545105
0.8898616433143616
1.3021990060806274
1.3770498037338257
0.7691250443458557
1.0018737316131592
1.0850008726119995
1.150267243385315
1.7593157291412354
0.6819391250610352
1.0411609411239624
0.9131229519844055
1.203558087348938
0.42565977573394775
0.7138200402259827
0.2813093662261963
1.0793403387069702
1.1408389806747437
0.8525243997573853
0.23278802633285522
1.241702914237976
1.053257703781128
1.2794761657714844
0.7379626631736755
1.0742747783660889
0.7677909135818481
0.2668271064758301
1.1739200353622437
1.29814612865448
0.6082533597946167
0.7409287691116333
1.1601299047470093
1.4113308191299438
1.1575602293014526
1.4218454360961914
0.39350342750549316
0.9841335415840149
1.1421887874603271
0.9813809394836426
0.3135828971862793
1.2913296222686768
1.4704127311706543
1.2687580585479736
1.0193954706192017
1.0745177268981934
1.1588178873062134
0.7095369696617126
0.9935284852981567
0.9870755672454834
1.0285588502883911
1.300607442855835
1.0067659616470337
1.0003241300582886
1.4019054174423218
0.9282631278038025
1.0594732761383057
1.1110786199569702
1.442176342010498
1.2062575817108154
1.2808341979980469
1.2531018257141113
0.42306166887283325
1.1436970233917236
1.146259069442749
0.9880284667015076
1.042175531387329
0.8491436243057251
0.8838232159614563
0.910368800163269
0.916263997554779
0.853735625743866
0.9560100436210632
1.108146071434021
1.0458142757415771
0.8258569836616516
1.1641157865524292
1.271917700767517
0.8410950899124146
1.0512834787368774
1.1211177110671997
1.039961576461792
0.7406082153320312
1.1665350198745728
0.4335121512413025
1.1563907861709595
1.1978870630264282
1.7638812065124512
1.1724090576171875
1.2154319286346436
1.2247017621994019
0.6471871137619019
1.2876777648925781
0.4737359881401062
1.1446281671524048
1.168459177017212
0.7929578423500061
1.269053339958191
1.1161309480667114
0.7534795999526978
1.11994206905365
1.053300380706787
0.3227683901786804
1.11221182346344
0.5434314012527466
1.4441155195236206
0.9736221432685852
1.463938593864441
0.929739773273468
1.2058708667755127
0.810370683670044
1.1588386297225952
1.0711852312088013
1.0188730955123901
0.9260623455047607
1.1196807622909546
1.1401101350784302
0.9840954542160034
1.3310067653656006
1.321540355682373
1.38792085647583
1.0844712257385254
0.5140108466148376
1.1571234464645386
1.2265204191207886
1.3234614133834839
0.46917831897735596
1.148538589477539
1.445072889328003
0.8485383987426758
0.6891762018203735
1.1052583456039429
1.11346435546875
1.1237483024597168
0.898863673210144
1.0270543098449707
1.2675890922546387
0.7775126099586487
0.3925400376319885
0.9400205016136169
1.3351637125015259
1.0619220733642578
1.1825141906738281
1.1793475151062012
1.2795593738555908
1.1882745027542114
0.5611441135406494
0.8607228398323059
0.871907651424408
1.3757779598236084
0.9250843524932861
1.0475690364837646
1.3028531074523926
1.0711243152618408
1.459833025932312
0.26123976707458496
0.7910579442977905
0.9394487142562866
0.9794980883598328
0.9911381006240845
1.1469639539718628
1.20937979221344
1.2038358449935913
1.4401886463165283
1.0143119096755981
0.8930341005325317
0.8923994302749634
1.197284460067749
0.7512907385826111
1.2289981842041016
1.1474661827087402
1.214298129081726
0.27735716104507446
1.1750115156173706
1.1757031679153442
1.0356091260910034
0.969174325466156
1.0259257555007935
1.3844319581985474
0.90780109167099
1.1844260692596436
0.7668012380599976
0.9721050262451172
1.0368762016296387
0.6676040887832642
1.175546407699585
1.0164180994033813
0.9684922695159912
1.168105959892273
1.0076524019241333
1.0345313549041748
0.21260660886764526
0.9720993638038635
0.9485669732093811
1.4689345359802246
1.1720527410507202
0.8332774639129639
1.108180284500122
1.212745189666748
0.8993307948112488
1.258745789527893
0.980256199836731
1.082940697669983
0.986678957939148
0.4294314384460449
1.4419249296188354
1.3703802824020386
1.2442249059677124
1.118270993232727
0.3512129783630371
1.281957983970642
1.2253830432891846
1.0811430215835571
1.1249229907989502
1.4591169357299805
1.0443406105041504
0.26490187644958496
0.5152997374534607
1.2312450408935547
0.9701904654502869
0.8177796006202698
1.0513768196105957
1.2893341779708862
1.3778094053268433
0.4070765972137451
1.3411285877227783
0.1536165475845337
0.47709858417510986
0.9660347700119019
1.08303701877594
0.5871966481208801
1.067793369293213
1.2630479335784912
0.7467190027236938
0.6355518698692322
0.9498152732849121
1.05351722240448
1.3101370334625244
0.3481220006942749
0.9306819438934326
0.9034284353256226
0.2660142183303833
1.2384145259857178
0.4887651205062866
1.1251542568206787
0.4716470241546631
1.038966178894043
0.9355156421661377
0.9277030229568481
0.5692094564437866
0.4046868085861206
1.0047099590301514
1.2004281282424927
0.7468210458755493
1.2378828525543213
1.1692159175872803
0.21637678146362305
0.9812542796134949
0.9041429162025452
1.0393242835998535
1.2387466430664062
1.1798628568649292
1.002684235572815
0.8714095950126648
1.5284162759780884
0.2507556676864624
1.0492260456085205
0.9302902817726135
0.9999719262123108
0.9141256809234619
0.7917349934577942
1.120168924331665
0.6580636501312256
0.7868589758872986
1.3036614656448364
1.246078372001648
0.9326748251914978
0.854209840297699
1.0601129531860352
1.0215486288070679
1.1601669788360596
0.96360182762146
1.1842774152755737
0.41155219078063965
0.845281183719635
1.158255696296692
0.93801349401474
0.957094132900238
1.3312638998031616
0.3911094069480896
0.5258083343505859
1.092081904411316
1.3724033832550049
0.9293665885925293
0.9896706938743591
1.310969352722168
0.604317843914032
0.6141509413719177
1.2784761190414429
0.9994308352470398
1.3938859701156616
1.1097207069396973
0.9738050699234009
0.8990899920463562
1.1022287607192993
0.3739585876464844
0.8577541708946228
1.1737068891525269
1.3432965278625488
0.3268468379974365
1.3819677829742432
0.41510581970214844
1.1894969940185547
1.0357338190078735
1.43149733543396
1.131126880645752
0.7855921387672424
0.3537123203277588
1.0016710758209229
1.449597716331482
0.949870765209198
1.1705410480499268
1.0563591718673706
1.1230394840240479
1.0451472997665405
1.0575482845306396
1.290337085723877
1.1403321027755737
0.8072993159294128
0.2643735408782959
1.0749728679656982
1.2872859239578247
1.2163052558898926
1.1211822032928467
0.753406822681427
1.252225637435913
1.1365673542022705
1.3146361112594604
0.4327896237373352
1.1129728555679321
0.45599329471588135
0.9989237189292908
1.3496131896972656
1.0944757461547852
0.49390172958374023
0.7932409048080444
1.0124410390853882
1.3851512670516968
0.9834083914756775
1.0002657175064087
0.30133068561553955
1.2456821203231812
1.2182621955871582
0.8727335333824158
0.9809306859970093
1.2598609924316406
0.6312673687934875
1.015512466430664
1.0132192373275757
1.055687427520752
1.1713298559188843
1.0797004699707031
0.6998891830444336
0.986522912979126
1.2198015451431274
0.23917335271835327
0.8618709444999695
0.6623697280883789
1.1692802906036377
1.279524326324463
0.8536176085472107
0.9715812802314758
1.2328026294708252
1.1876780986785889
1.1771329641342163
1.2493600845336914
0.7107979655265808
1.1740326881408691
1.1700571775436401
1.2179430723190308
1.3565599918365479
1.1746695041656494
0.8589466214179993
1.2464797496795654
1.1357293128967285
1.1152164936065674
1.2325519323349
0.3826807737350464
1.0070693492889404
0.7325403690338135
0.9545273780822754
1.3340688943862915
0.7288810610771179
0.9278233647346497
0.9147397875785828
0.9564677476882935
0.8860189318656921
0.6099028587341309
1.1527224779129028
1.1962755918502808
0.9104077816009521
0.8659018874168396
1.1810506582260132
0.9017688632011414
1.0818421840667725
1.1628077030181885
1.1715924739837646
0.8192524313926697
0.9558500051498413
0.7826691269874573
0.9507808089256287
1.3000259399414062
1.3717684745788574
1.0597538948059082
0.7739781737327576
1.2877839803695679
0.5144268274307251
0.944098949432373
1.0753918886184692
1.218132495880127
0.9943829774856567
1.0158747434616089
1.213091254234314
0.9548550248146057
1.277522325515747
0.828187108039856
0.8090996146202087
1.1036349534988403
1.263502597808838
0.7982745170593262
0.27299463748931885
0.9412432909011841
1.2756038904190063
0.2065979242324829
0.8864608407020569
1.1816028356552124
0.4781075716018677
0.5884713530540466
1.3510059118270874
1.097748875617981
0.965225338935852
0.8189224004745483
0.2513425350189209
1.2923905849456787
0.46271395683288574
0.8697196841239929
1.1424263715744019
1.1330547332763672
1.1406792402267456
0.9709310531616211
1.4622355699539185
0.8787159323692322
0.9779161810874939
1.1190168857574463
1.2312358617782593
1.2229145765304565
1.2282294034957886
0.35468435287475586
1.3699617385864258
1.377985954284668
1.2864304780960083
0.9369574785232544
0.9008529782295227
1.156599521636963
1.1500118970870972
0.6244521737098694
1.0128639936447144
1.1616690158843994
1.1698497533798218
1.0338279008865356
1.0931390523910522
1.1121244430541992
0.9903542399406433
1.1120754480361938
1.5146516561508179
0.45089471340179443
0.9065845608711243
1.1942678689956665
1.0466381311416626
0.9766849875450134
0.953658938407898
0.9451566338539124
1.1222883462905884
1.0617387294769287
1.1076526641845703
1.522278904914856
1.230297327041626
1.1346380710601807
1.2657122611999512
0.9583408236503601
0.9670029282569885
0.754282534122467
1.3075945377349854
0.6281824707984924
1.2518590688705444
0.5871902108192444
0.932392418384552
0.39671945571899414
1.079302191734314
1.5173720121383667
1.1904470920562744
0.9609876275062561
0.8674792051315308
0.24738764762878418
0.8736484050750732
0.8350745439529419
1.0556089878082275
1.2321301698684692
1.017559289932251
1.141304612159729
1.146957278251648
1.2996506690979004
1.1395504474639893
1.0088715553283691
1.3783880472183228
1.2341804504394531
0.7717334628105164
1.298166275024414
1.236687183380127
1.1526844501495361
1.2667874097824097
1.2295982837677002
0.9018187522888184
1.118212103843689
0.24250900745391846
0.8597539067268372
1.1558024883270264
1.240346074104309
0.5278148055076599
0.8680400252342224
1.3438255786895752
1.0307705402374268
0.8292698264122009
1.0066156387329102
1.1753696203231812
0.7747142314910889
0.19331753253936768
1.295764446258545
1.3490573167800903
0.3737964630126953
0.9078917503356934
1.0741350650787354
1.2317248582839966
1.1797287464141846
0.8261843919754028
1.0387282371520996
1.3284498453140259
0.7710631489753723
1.0876448154449463
1.2411422729492188
1.1684339046478271
0.33520394563674927
0.8321318626403809
1.2922980785369873
0.8970437049865723
0.9659773111343384
0.8005654811859131
1.1435085535049438
1.4123588800430298
0.6858066916465759
1.3520729541778564
0.9271574020385742
0.29955804347991943
1.0605299472808838
0.7354417443275452
1.020756721496582
0.9774348735809326
0.7825718522071838
0.6771944165229797
0.7842181324958801
1.2351245880126953
0.661186933517456
1.0646083354949951
1.0395976305007935
0.48447662591934204
0.40119731426239014
0.3737320303916931
1.1708685159683228
0.679370641708374
1.0130704641342163
1.2686809301376343
0.9657193422317505
0.6043701767921448
1.0223474502563477
1.0657919645309448
0.9697428941726685
0.6960643529891968
1.2750312089920044
1.0641165971755981
1.201040506362915
1.1146717071533203
1.2578208446502686
0.22064822912216187
1.186764121055603
1.2494244575500488
1.1876477003097534
0.3039132356643677
0.9123659133911133
0.530957043170929
1.1742734909057617
1.147383689880371
1.1327213048934937
1.172299861907959
0.3678852319717407
0.8000555634498596
0.5370274186134338
0.7472318410873413
0.9239269495010376
1.230560302734375
1.1422009468078613
1.0717253684997559
0.43511807918548584
1.0566970109939575
1.013386845588684
1.194359540939331
0.9971548914909363
0.9231411814689636
1.214431643486023
0.7747418880462646
0.7246233224868774
1.1359444856643677
1.2931848764419556
0.970309317111969
1.0736362934112549
1.2131983041763306
1.1183671951293945
1.153092861175537
0.8706179857254028
0.9830726981163025
0.9614963531494141
1.0141019821166992
0.5450893640518188
0.4219476580619812
1.0007127523422241
1.1794912815093994
0.7036329507827759
1.3429222106933594
0.8893107175827026
1.1263236999511719
1.289636492729187
1.000856876373291
0.8817554712295532
0.820349395275116
0.9006646275520325
0.9196099042892456
1.3160393238067627
0.8377751111984253
1.137023687362671
1.4270832538604736
0.618739902973175
1.2542104721069336
1.2166208028793335
0.9205182194709778
1.2468793392181396
0.9574408531188965
1.3128471374511719
1.136269450187683
0.3982187509536743
0.7720168828964233
0.9462902545928955
1.0903717279434204
1.1867986917495728
0.8343032598495483
1.1770509481430054
0.9138714671134949
1.1596205234527588
0.4701090455055237
1.0156306028366089
0.24885225296020508
1.2552214860916138
0.8627114295959473
0.9025610089302063
1.3529735803604126
0.6816971302032471
1.0969613790512085
1.492742896080017
0.501067578792572
1.0697771310806274
0.880154013633728
1.0207223892211914
0.6693230867385864
1.008004903793335
1.3260399103164673
1.3255139589309692
0.6079590916633606
1.130710482597351
1.0512162446975708
1.1463274955749512
0.999229907989502
1.3196803331375122
1.1325870752334595
1.2437851428985596
0.27606523036956787
0.3534451723098755
0.19532787799835205
0.8717285394668579
0.7993986010551453
1.0293505191802979
1.074263334274292
1.2097655534744263
0.9078196883201599
1.0680971145629883
1.0188026428222656
1.3924078941345215
0.9945743083953857
0.297544002532959
1.008787751197815
1.0588133335113525
0.9977542161941528
0.38387036323547363
1.2376290559768677
1.0495233535766602
1.0036888122558594
1.2062270641326904
1.1707199811935425
1.0629947185516357
0.25737857818603516
0.858458399772644
0.9239460229873657
1.2524290084838867
1.1050868034362793
0.8421024084091187
0.9667828679084778
1.1068462133407593
1.0267541408538818
1.2319835424423218
0.5371205806732178
1.165373682975769
1.2223150730133057
0.3877553939819336
1.2372350692749023
1.3662759065628052
1.1090409755706787
0.4989425539970398
0.8532490134239197
0.8170657753944397
1.5102026462554932
1.1579601764678955
1.0063364505767822
0.9550751447677612
1.0119805335998535
1.458388328552246
1.0802497863769531
0.9004220366477966
1.7367136478424072
1.1845532655715942
0.9960111379623413
1.0789793729782104
1.3386509418487549
0.9992865920066833
1.3120118379592896
0.8219683170318604
1.0608464479446411
0.9410580992698669
0.8466501235961914
1.429480791091919
0.2403547763824463
1.216177225112915
0.7291297316551208
0.9342171549797058
0.903134822845459
0.870186448097229
1.3107788562774658
1.3777750730514526
1.0031375885009766
1.3362752199172974
1.0242928266525269
1.0203819274902344
0.956455409526825
0.3741285800933838
0.25560057163238525
0.9134165644645691
1.0919990539550781
0.8503339290618896
1.1169590950012207
1.1695904731750488
0.6486172080039978
1.5435630083084106
1.0137932300567627
1.3568452596664429
0.8025509715080261
0.5999706983566284
0.8689080476760864
1.318179726600647
1.1079803705215454
1.1362338066101074
1.3354696035385132
1.2548086643218994
1.326815128326416
0.4484361410140991
1.3539472818374634
0.6541886925697327
0.8874370455741882
1.0362040996551514
0.6604220271110535
0.6260300278663635
0.4484257698059082
1.0682268142700195
0.9628625512123108
1.1121721267700195
0.8332252502441406
1.2358895540237427
0.6747652888298035
0.8343807458877563
1.0467307567596436
1.1487784385681152
1.2442610263824463
1.0298405885696411
1.4415745735168457
0.8981884717941284
0.9375423789024353
1.1354315280914307
1.01626718044281
0.5265936255455017
1.0260764360427856
1.044465184211731
1.0465751886367798
1.1541928052902222
1.1410092115402222
1.0168731212615967
1.0038336515426636
1.1320571899414062
0.2596604824066162
0.9615820050239563
0.9710053205490112
1.3705371618270874
0.9898589849472046
1.1744866371154785
1.2583726644515991
1.0606858730316162
1.3324882984161377
0.9130532145500183
0.8179447054862976
1.0987279415130615
0.842135488986969
0.8001279830932617
0.7440762519836426
1.2886297702789307
0.7725169062614441
0.7336825728416443
0.4877224564552307
1.6792300939559937
0.29792946577072144
0.9995236396789551
1.1756953001022339
1.4011013507843018
1.0360779762268066
0.8275808095932007
1.0154558420181274
0.24522662162780762
1.287914514541626
1.2183353900909424
0.9658111333847046
1.665944218635559
0.7502892017364502
0.3342174291610718
1.098684310913086
0.9612045288085938
1.0989035367965698
1.1368199586868286
1.4043434858322144
1.4764612913131714
1.0801966190338135
1.0377558469772339
1.1287389993667603
1.2605482339859009
0.5846660733222961
1.3454798460006714
1.3359124660491943
1.0268000364303589
0.8698936104774475
1.1852465867996216
1.3042577505111694
1.134750485420227
0.8526608347892761
0.8931277394294739
0.41724371910095215
0.6192610859870911
1.336845874786377
0.5100781917572021
0.3148205280303955
0.7876980304718018
1.1228007078170776
1.0558449029922485
1.3136183023452759
1.02085280418396
1.2506877183914185
0.6842687726020813
1.1293208599090576
1.3434417247772217
1.1462032794952393
1.0193380117416382
0.5935512185096741
0.1643398404121399
0.7097228169441223
1.261541485786438
1.0074440240859985
0.8658877611160278
1.2993640899658203
1.1223318576812744
0.9429588317871094
1.0168424844741821
0.21815991401672363
1.0873841047286987
1.212424635887146
1.1581887006759644
1.103094458580017
1.0102860927581787
0.29141122102737427
0.20863556861877441
1.4323499202728271
1.0489935874938965
0.9395666122436523
1.1233376264572144
0.168503999710083
1.081490397453308
1.228966474533081
0.2600281238555908
1.1103852987289429
0.854770839214325
1.484230399131775
1.1228140592575073
1.0946356058120728
0.8246777057647705
1.1132628917694092
0.9709410071372986
1.2673825025558472
0.6976203322410583
1.1990375518798828
1.2497543096542358
0.6159117817878723
1.1479965448379517
1.1711275577545166
1.0861947536468506
0.5080274939537048
1.124470591545105
1.5971378087997437
0.674752950668335
1.0949851274490356
0.8753677606582642
1.12905752658844
0.9611533880233765
1.1526339054107666
1.4290636777877808
1.2855232954025269
0.2671555280685425
1.0620479583740234
0.740612804889679
1.1285771131515503
1.1985923051834106
0.7931426763534546
1.0870000123977661
1.272038459777832
0.8539118766784668
0.7905019521713257
0.7517737150192261
0.9594249129295349
1.1191555261611938
1.61983323097229
1.1081935167312622
1.1200700998306274
0.7516364455223083
1.1474626064300537
1.3740085363388062
0.9535202383995056
0.9375187754631042
0.8255776762962341
1.167015790939331
1.0649882555007935
1.1839128732681274
0.39024531841278076
0.5991451740264893
0.9737975597381592
0.3934595584869385
0.9376855492591858
1.015733003616333
0.92769455909729
1.033592939376831
1.0172067880630493
1.1594799757003784
1.2045447826385498
1.145280361175537
0.9298586845397949
0.37578606605529785
1.0804495811462402
1.3879897594451904
1.0586237907409668
1.2567636966705322
0.9544985294342041
1.1420674324035645
1.3037512302398682
0.241774320602417
1.3784314393997192
1.448798656463623
0.9366790652275085
1.1652007102966309
0.7578238844871521
1.2424509525299072
0.7775651812553406
1.2544082403182983
0.8514809608459473
1.1176120042800903
1.0253435373306274
0.7933452129364014
1.1473523378372192
0.9003517031669617
1.4822193384170532
1.1222296953201294
1.128464698791504
1.0009700059890747
1.2857667207717896
0.9229556322097778
1.4316083192825317
1.0619044303894043
0.8506548404693604
0.8607062697410583
0.7393062114715576
0.5982452630996704
0.689140260219574
1.17655611038208
1.1568713188171387
1.1541774272918701
0.9310941696166992
1.0753215551376343
1.202706217765808
0.6722316741943359
0.97713303565979
1.1362122297286987
1.0535306930541992
1.2662073373794556
0.9790965914726257
0.9491012096405029
1.2926965951919556
1.0953599214553833
0.230280339717865
1.1077064275741577
0.8919867873191833
1.399804949760437
0.9298641085624695
1.2568514347076416
0.8420077562332153
1.0384306907653809
2.3609721660614014
0.9284182190895081
1.1325396299362183
1.1719071865081787
0.652095377445221
1.2170404195785522
0.6891729831695557
1.0943169593811035
0.35084962844848633
0.9187575578689575
0.34829437732696533
0.7509878277778625
1.0257747173309326
1.0053290128707886
1.0873280763626099
0.9819788932800293
0.931098222732544
0.28459155559539795
0.9031951427459717
0.21418476104736328
1.2044552564620972
1.3222237825393677
1.2247604131698608
1.0224976539611816
1.1206785440444946
1.3673171997070312
0.9529077410697937
1.1446614265441895
1.1431740522384644
1.3362020254135132
0.8325868248939514
1.5843552350997925
1.1657042503356934
1.1335104703903198
1.2148596048355103
1.1639041900634766
1.0886095762252808
0.9669023156166077
0.863645613193512
1.0083280801773071
0.8264616131782532
1.082896113395691
0.9001261591911316
1.1341826915740967
1.218791127204895
0.4710536599159241
1.1441409587860107
1.0398046970367432
1.0584112405776978
1.420004963874817
1.0147374868392944
1.3157482147216797
1.156130313873291
0.17676126956939697
1.2219810485839844
1.408028244972229
1.1439476013183594
1.2331156730651855
1.1282756328582764
1.3293392658233643
1.3588112592697144
0.7048331499099731
1.1165363788604736
1.181153416633606
1.239169716835022
0.5546553730964661
1.0485718250274658
1.0413609743118286
1.4083294868469238
0.3422337770462036
0.29480504989624023
1.6036418676376343
0.9941421747207642
1.3547128438949585
1.2459611892700195
1.2714743614196777
1.1854379177093506
1.061457872390747
1.403454065322876
1.2103521823883057
1.0796706676483154
1.4246033430099487
0.7725274562835693
0.17817270755767822
0.24040275812149048
0.7741226553916931
0.9470443725585938
1.0770312547683716
1.2494843006134033
0.4852409362792969
0.953011155128479
1.0194193124771118
1.0397746562957764
1.471182942390442
1.1287298202514648
1.3975886106491089
0.9409681558609009
0.9701648354530334
1.0481289625167847
1.0881198644638062
1.024309754371643
1.267432451248169
0.8118867874145508
1.0174247026443481
1.1226017475128174
1.0721063613891602
1.150284767150879
1.1934891939163208
0.9929267764091492
0.909267246723175
1.1903598308563232
