28.793697357177734
38.7169075012207
43.114173889160156
32.89768600463867
30.224611282348633
27.418941497802734
35.583580017089844
39.43748474121094
38.986915588378906
29.648332595825195
29.13981819152832
38.466766357421875
42.85932159423828
21.053524017333984
33.39796829223633
97.76026916503906
33.37363815307617
45.48548126220703
27.071805953979492
16.961137771606445
35.89313888549805
31.725807189941406
27.649309158325195
31.592227935791016
30.194683074951172
29.984853744506836
60.34825897216797
38.485984802246094
40.108272552490234
27.068294525146484
33.03363037109375
32.22919845581055
47.41665267944336
39.27992630004883
43.85435485839844
27.47550392150879
45.4116096496582
33.47625732421875
29.80333137512207
17.371545791625977
40.252044677734375
41.594810485839844
29.461524963378906
48.43914794921875
40.5103874206543
38.014686584472656
20.44930648803711
27.64035415649414
36.6108283996582
47.429542541503906
34.185298919677734
24.632431030273438
38.127567291259766
33.541839599609375
27.590240478515625
34.599361419677734
32.10859298706055
41.07429885864258
32.805320739746094
42.66508102416992
30.89319610595703
32.192047119140625
32.303680419921875
35.710819244384766
35.91093063354492
30.48845100402832
31.859052658081055
37.165531158447266
40.34847640991211
40.297183990478516
27.27540397644043
32.08035659790039
36.167240142822266
33.33375549316406
25.100208282470703
46.257774353027344
33.0333366394043
27.350624084472656
32.608612060546875
32.04961395263672
32.713138580322266
27.117889404296875
43.61249923706055
29.04020881652832
39.1014518737793
36.38442611694336
43.80857849121094
33.75178146362305
53.22523498535156
36.927215576171875
16.96390151977539
40.3248291015625
19.47759246826172
41.61512756347656
51.928733825683594
24.751102447509766
33.322265625
35.934139251708984
40.544822692871094
24.656898498535156
28.14054298400879
20.527278900146484
40.176414489746094
26.18699836730957
39.918426513671875
37.37855911254883
28.53864860534668
33.37227249145508
43.33356857299805
31.174291610717773
35.77162551879883
48.698158264160156
36.50736618041992
38.783714294433594
36.04536819458008
28.03128433227539
35.77303695678711
35.651275634765625
37.143558502197266
30.75841522216797
42.77765655517578
33.232059478759766
34.86586380004883
36.702796936035156
37.083717346191406
32.751121520996094
28.742231369018555
41.747432708740234
35.42851638793945
37.601436614990234
31.891874313354492
42.91730499267578
41.250732421875
31.348222732543945
54.96159744262695
43.01815414428711
55.61037826538086
21.4493408203125
36.77517318725586
42.59162139892578
33.834625244140625
32.803951263427734
35.05879592895508
34.56626510620117
41.71312713623047
27.557579040527344
26.399381637573242
30.389318466186523
30.040285110473633
30.948678970336914
43.005828857421875
41.2075309753418
37.8431282043457
38.97484588623047
19.49905776977539
33.76092529296875
30.06083869934082
31.08091926574707
33.56155776977539
52.90064239501953
49.360469818115234
32.94856262207031
47.37937927246094
37.5150032043457
40.68363571166992
37.99142837524414
37.013309478759766
19.790327072143555
35.076446533203125
38.28789138793945
51.45450973510742
36.28262710571289
29.32417106628418
36.47112274169922
31.462417602539062
35.13213348388672
31.890470504760742
52.46267318725586
32.955848693847656
35.74166488647461
35.56492233276367
36.66997528076172
46.52233123779297
31.14564323425293
27.966659545898438
37.072208404541016
40.08504104614258
42.29117202758789
31.36338996887207
29.22698974609375
44.51517105102539
29.621444702148438
37.95135498046875
50.08615493774414
41.310665130615234
36.85746765136719
40.28580093383789
39.837833404541016
20.34355354309082
38.53171157836914
36.573062896728516
34.93824005126953
40.26173782348633
31.58778953552246
48.9724235534668
45.1749267578125
26.34168815612793
34.590431213378906
26.642702102661133
47.89378356933594
34.725955963134766
24.104724884033203
32.267459869384766
55.77201461791992
36.65234375
29.189905166625977
37.69034957885742
39.550235748291016
38.48146057128906
22.96106719970703
37.73837661743164
38.23944091796875
40.665855407714844
16.308032989501953
46.504981994628906
27.092065811157227
18.908042907714844
37.7867546081543
34.91280746459961
24.357402801513672
28.814163208007812
37.83662414550781
29.618404388427734
35.12135696411133
42.03575134277344
36.294864654541016
37.98025894165039
19.102346420288086
46.59416198730469
40.543853759765625
29.66004753112793
49.659454345703125
25.34346580505371
52.25904083251953
18.846256256103516
67.51451873779297
47.18440628051758
32.23579406738281
28.2672119140625
27.440479278564453
35.695068359375
36.14762878417969
38.55180740356445
27.993762969970703
35.30725860595703
17.098896026611328
35.89950180053711
25.081607818603516
27.069738388061523
35.524497985839844
54.37574005126953
32.245948791503906
33.27294921875
49.01833724975586
17.718679428100586
37.940547943115234
43.26133728027344
46.89939498901367
37.589420318603516
31.34784507751465
28.620311737060547
41.52903366088867
28.734792709350586
33.33013153076172
29.049179077148438
36.52345275878906
29.22896957397461
32.87171936035156
40.350284576416016
31.123340606689453
29.41699981689453
39.6072998046875
19.71758460998535
35.8455696105957
32.38772964477539
37.19269561767578
33.87556076049805
40.3735237121582
18.660472869873047
29.603408813476562
41.968971252441406
35.19379806518555
31.823976516723633
33.65879821777344
41.56635665893555
32.9998664855957
27.22031021118164
48.299652099609375
22.517444610595703
39.1674919128418
43.519309997558594
37.55154800415039
31.20708656311035
40.809715270996094
24.977582931518555
28.276599884033203
34.65191650390625
40.02508544921875
21.46586799621582
48.887596130371094
25.669658660888672
42.92798614501953
40.52695846557617
50.500205993652344
27.55620765686035
25.334590911865234
25.58387565612793
30.718008041381836
37.13657760620117
31.37949562072754
45.12886428833008
45.96781539916992
33.68763732910156
36.44279098510742
36.68803787231445
45.64173126220703
24.812091827392578
32.63328552246094
24.905107498168945
32.96475601196289
39.48035430908203
32.30028533935547
35.262752532958984
38.81723403930664
29.340852737426758
34.415443420410156
48.21999740600586
19.03091812133789
44.589996337890625
29.546175003051758
30.636241912841797
33.66374206542969
35.7261848449707
23.229089736938477
33.306034088134766
46.309051513671875
34.85112762451172
32.02607345581055
44.043155670166016
16.732337951660156
40.681556701660156
45.86598587036133
33.74089431762695
28.901752471923828
38.52629089355469
31.110597610473633
40.816062927246094
46.35512161254883
34.67876052856445
42.59043502807617
36.928279876708984
30.090099334716797
42.185943603515625
31.268795013427734
26.96824836730957
30.62118911743164
24.287954330444336
40.06417465209961
31.09624481201172
51.944976806640625
36.845645904541016
34.348995208740234
33.756473541259766
30.772462844848633
41.445533752441406
33.03915786743164
38.801368713378906
27.681427001953125
40.30990219116211
30.197406768798828
46.66523742675781
40.929237365722656
43.75935363769531
45.65316390991211
35.44898223876953
45.01900863647461
34.9451904296875
44.21117401123047
39.511756896972656
36.01905822753906
33.632057189941406
40.04387664794922
36.29051208496094
36.73309326171875
39.30217361450195
31.83272361755371
44.221038818359375
31.363510131835938
27.888154983520508
27.295183181762695
27.29759979248047
40.99654769897461
37.07294845581055
35.27090072631836
31.18208885192871
34.83687210083008
30.89849853515625
39.11522674560547
34.41472244262695
30.120582580566406
31.76681900024414
42.55290603637695
31.417129516601562
34.803157806396484
49.44407272338867
18.853607177734375
36.792179107666016
41.350826263427734
69.8001937866211
31.22865867614746
35.6566162109375
39.44390869140625
30.69451141357422
41.10023880004883
36.96495819091797
35.80098342895508
40.26675796508789
37.122188568115234
30.13735008239746
20.516942977905273
35.2613525390625
39.858970642089844
18.082988739013672
31.03655242919922
39.69420623779297
22.785343170166016
30.69269371032715
32.7911491394043
26.003263473510742
46.093360900878906
30.715890884399414
22.211084365844727
44.89116668701172
23.53221321105957
32.74992752075195
35.19688415527344
42.289066314697266
37.317962646484375
45.204959869384766
58.34528350830078
31.7393798828125
46.23165512084961
32.88550567626953
39.963783264160156
38.868568420410156
43.298744201660156
17.78061866760254
38.159786224365234
39.845069885253906
26.27933692932129
26.223011016845703
34.899532318115234
24.50261688232422
53.48765182495117
28.75722312927246
35.673187255859375
38.93682861328125
33.856903076171875
32.88633728027344
33.45082473754883
34.81914138793945
29.69197654724121
36.579017639160156
44.804569244384766
27.87883949279785
30.570724487304688
38.75300216674805
32.616539001464844
39.86783981323242
54.170902252197266
35.58961868286133
41.1696662902832
40.309837341308594
37.6530876159668
43.99253845214844
31.43418312072754
37.28644561767578
40.015159606933594
29.000598907470703
33.53523254394531
24.28536033630371
26.031959533691406
27.022371292114258
39.9569206237793
39.620208740234375
30.219331741333008
24.933456420898438
33.564937591552734
46.320926666259766
30.519155502319336
28.795717239379883
30.679235458374023
40.479393005371094
45.27075958251953
27.333423614501953
27.744871139526367
37.39009094238281
46.66363525390625
35.84012985229492
37.76139831542969
45.02470397949219
18.088642120361328
35.689266204833984
40.02195739746094
47.814491271972656
24.36861801147461
43.04399490356445
34.79279708862305
39.15911102294922
30.70787239074707
51.99074935913086
36.100624084472656
39.11138916015625
41.13994216918945
36.689327239990234
32.423583984375
39.797874450683594
24.761899948120117
33.70500946044922
32.70266342163086
29.118392944335938
34.48133850097656
37.153812408447266
36.349082946777344
26.788593292236328
30.14190101623535
55.7269172668457
29.6678409576416
19.294885635375977
41.6426887512207
36.11869812011719
42.496761322021484
44.06418228149414
39.4528923034668
35.92704772949219
35.82914733886719
36.44183349609375
38.312599182128906
28.828506469726562
40.05514144897461
19.476665496826172
31.283647537231445
29.02078628540039
34.86579895019531
36.05984115600586
41.74299621582031
38.61159133911133
44.61382293701172
17.77733612060547
47.59303283691406
32.12312698364258
19.702634811401367
35.53252410888672
20.210063934326172
35.24094009399414
33.879783630371094
28.742897033691406
44.033565521240234
39.45126724243164
39.55950164794922
32.671810150146484
31.24583625793457
34.20290756225586
22.02318000793457
17.1444091796875
19.555570602416992
39.4680290222168
36.07398986816406
39.81291198730469
36.961036682128906
35.60559844970703
28.932960510253906
33.915496826171875
38.123050689697266
43.152984619140625
28.20700454711914
29.325706481933594
37.84145736694336
41.64767837524414
28.323326110839844
34.65758514404297
30.237770080566406
42.448360443115234
52.52340316772461
57.95444107055664
17.52356719970703
35.70863723754883
35.99460220336914
31.70359230041504
34.5572624206543
38.56386184692383
36.401973724365234
17.672258377075195
31.051149368286133
47.73311233520508
37.39948272705078
34.75353240966797
27.540361404418945
37.07902526855469
31.490711212158203
23.88539695739746
25.447078704833984
41.993255615234375
35.43651580810547
32.094661712646484
29.322895050048828
48.69081497192383
26.05663299560547
29.56296157836914
34.138938903808594
33.16073989868164
33.96367645263672
39.287254333496094
44.369720458984375
35.80516052246094
44.478633880615234
31.45618438720703
33.52229309082031
47.565372467041016
36.491207122802734
25.295040130615234
15.897566795349121
44.959388732910156
27.682891845703125
44.493106842041016
42.737369537353516
31.634197235107422
31.777830123901367
28.44230079650879
37.96754455566406
38.4063720703125
55.241905212402344
38.914527893066406
43.14987564086914
35.884952545166016
26.830724716186523
36.359920501708984
92.790283203125
34.1903076171875
30.076107025146484
50.502681732177734
36.07599639892578
27.937543869018555
43.18428421020508
41.09002685546875
34.196109771728516
30.329986572265625
31.453418731689453
38.955352783203125
28.565101623535156
38.52430725097656
36.7806396484375
29.197860717773438
27.817678451538086
40.20159912109375
28.176353454589844
41.61798858642578
18.8094539642334
47.386077880859375
28.786468505859375
37.14286804199219
31.6020565032959
26.683025360107422
35.8193244934082
63.646060943603516
25.573945999145508
35.61356735229492
30.455463409423828
38.27717590332031
17.28295135498047
45.11826705932617
55.30720901489258
34.49373245239258
30.143857955932617
29.477275848388672
40.84280776977539
27.356292724609375
30.296634674072266
41.249778747558594
37.73082733154297
29.88249397277832
21.416791915893555
28.06446647644043
41.032779693603516
48.68920135498047
26.954538345336914
36.78004837036133
42.0888671875
37.48906326293945
39.58038330078125
34.39727020263672
36.83946990966797
32.7630500793457
33.16493606567383
21.00079345703125
31.439523696899414
44.7935791015625
32.40576934814453
36.55806350708008
40.919219970703125
36.72578811645508
40.20066452026367
39.36270523071289
41.3751106262207
55.93687438964844
32.386993408203125
40.84599304199219
27.13806915283203
33.36445999145508
38.939701080322266
32.272789001464844
28.168384552001953
39.793434143066406
31.26962661743164
41.34776306152344
31.82571029663086
40.39076232910156
33.50350570678711
26.837862014770508
34.790855407714844
57.9760856628418
25.21320343017578
27.55632209777832
45.46102523803711
28.678768157958984
40.98750305175781
35.90053176879883
33.617919921875
32.106285095214844
32.24708938598633
42.97654342651367
53.72963333129883
35.06871032714844
30.189655303955078
40.31686019897461
32.462852478027344
37.22587585449219
38.48687744140625
41.947628021240234
45.12200927734375
43.968746185302734
40.762664794921875
35.04648971557617
38.442710876464844
31.2050838470459
23.017963409423828
41.4635124206543
29.45281219482422
32.90728759765625
28.72274398803711
32.48167419433594
32.8074836730957
24.073001861572266
33.152252197265625
32.60911178588867
32.962249755859375
33.448707580566406
33.4754638671875
24.581558227539062
24.80033302307129
31.744966506958008
38.829280853271484
34.746490478515625
28.193452835083008
38.96651077270508
32.732913970947266
60.319244384765625
32.570499420166016
54.14508056640625
32.43428039550781
29.53892707824707
35.330650329589844
39.595741271972656
32.738121032714844
53.48898696899414
50.6463737487793
30.640655517578125
32.43110656738281
24.467844009399414
43.62572479248047
35.9919319152832
42.29513931274414
32.53876876831055
24.231624603271484
24.49723243713379
21.37505531311035
41.356842041015625
33.185569763183594
33.13246154785156
37.64381790161133
42.94825744628906
23.699628829956055
29.840599060058594
32.145755767822266
42.019691467285156
34.487361907958984
32.998046875
38.647193908691406
39.72911071777344
33.87205505371094
41.340484619140625
35.45023727416992
32.42062759399414
36.744140625
39.72801208496094
33.29542541503906
38.83748245239258
31.168424606323242
43.53501510620117
41.283416748046875
40.63113021850586
24.29175567626953
30.745779037475586
44.6977653503418
37.60422134399414
37.67976379394531
61.46394348144531
39.67829895019531
29.52853775024414
26.507911682128906
40.10391616821289
40.817779541015625
43.58275604248047
36.75863265991211
24.495195388793945
37.847877502441406
36.81782913208008
33.99174118041992
26.19590950012207
54.256778717041016
48.57508850097656
18.674924850463867
37.004364013671875
41.92250442504883
57.98674392700195
33.93503952026367
40.7265739440918
30.831478118896484
18.351940155029297
47.08644104003906
38.44694900512695
51.82421112060547
31.14619255065918
34.83338928222656
22.56795310974121
34.198448181152344
31.61472511291504
32.26968765258789
51.43903350830078
62.124088287353516
40.114933013916016
40.72470474243164
35.170654296875
23.52814483642578
34.944759368896484
30.07314682006836
33.39999771118164
36.28023910522461
29.265827178955078
31.468570709228516
55.375885009765625
41.899208068847656
33.44025421142578
34.8845100402832
35.697513580322266
27.435733795166016
24.54522705078125
37.38539505004883
24.461580276489258
37.95432662963867
29.568140029907227
34.837379455566406
31.98673439025879
33.875
34.59300994873047
35.33189010620117
27.625944137573242
48.35454559326172
48.756072998046875
37.842803955078125
51.630271911621094
26.354665756225586
43.46886444091797
23.97136878967285
32.01056671142578
42.2395133972168
27.962905883789062
41.267608642578125
35.27043151855469
34.402896881103516
32.6482048034668
32.47897720336914
38.61369705200195
41.99088668823242
32.624385833740234
32.730499267578125
38.059104919433594
22.045257568359375
16.406652450561523
51.20976638793945
32.524818420410156
37.499427795410156
35.74421310424805
32.05940246582031
39.25806427001953
37.37351989746094
14.98192024230957
34.41892623901367
31.434560775756836
42.35238265991211
70.26280975341797
37.186927795410156
26.153179168701172
40.01706314086914
30.53777313232422
38.7159538269043
29.451583862304688
34.268768310546875
37.93531799316406
23.071504592895508
35.25545883178711
45.53257369995117
35.87223815917969
21.488872528076172
36.00292205810547
56.59413528442383
33.82176971435547
34.71309280395508
30.72271156311035
45.507301330566406
47.094120025634766
55.52168273925781
37.800079345703125
31.162086486816406
18.158397674560547
43.95465087890625
33.14939498901367
34.56056213378906
32.49004364013672
32.815853118896484
35.65953063964844
33.761409759521484
29.369447708129883
33.4803466796875
38.55614471435547
36.0092658996582
37.34147262573242
38.265899658203125
38.73428726196289
27.27552604675293
29.874324798583984
20.11893653869629
43.353145599365234
41.91423416137695
36.96919250488281
32.76934051513672
37.687232971191406
33.00364685058594
26.1649169921875
30.36635398864746
28.78596305847168
35.54280471801758
19.537832260131836
34.77581024169922
29.526535034179688
39.97759246826172
38.21029281616211
49.35740280151367
42.235694885253906
38.09192657470703
33.412113189697266
37.063663482666016
29.816390991210938
42.634742736816406
41.49332809448242
36.67469024658203
40.312767028808594
35.56439208984375
32.69611358642578
19.34780502319336
15.62039566040039
33.024200439453125
46.13615798950195
48.06828308105469
40.169857025146484
48.722206115722656
41.14458465576172
29.34028434753418
38.733001708984375
29.363651275634766
42.55271530151367
31.204500198364258
37.3875732421875
49.70856475830078
32.09154510498047
30.95212745666504
36.65371322631836
52.970985412597656
32.345008850097656
35.21107482910156
33.50655746459961
40.39274597167969
38.51593780517578
45.217185974121094
34.1137809753418
35.42887878417969
32.19865417480469
21.827272415161133
33.720191955566406
47.39366149902344
37.56517028808594
38.653053283691406
36.336788177490234
28.517568588256836
25.4912166595459
30.807159423828125
36.619163513183594
34.28313064575195
33.727699279785156
37.829898834228516
37.43064880371094
51.33650588989258
37.42729949951172
28.762420654296875
36.16566848754883
36.57173538208008
43.102294921875
31.257644653320312
46.00978469848633
33.673583984375
40.0949592590332
45.58374786376953
33.77075958251953
35.353336334228516
37.336334228515625
22.424007415771484
55.4503059387207
28.21975326538086
37.951255798339844
18.662240982055664
36.26084518432617
29.350317001342773
36.76103210449219
32.714412689208984
32.76264953613281
33.450469970703125
51.606285095214844
57.819007873535156
27.502412796020508
35.359527587890625
27.189746856689453
28.75984001159668
47.04121017456055
30.357057571411133
48.18643569946289
32.57647705078125
30.924381256103516
37.0156135559082
46.2388916015625
37.215660095214844
19.373523712158203
33.05276107788086
27.11349868774414
35.95615005493164
33.7956657409668
35.230979919433594
43.55147171020508
38.20840835571289
28.437007904052734
30.320947647094727
40.46280288696289
40.15850830078125
45.70952606201172
32.43281555175781
38.19914627075195
42.78628158569336
23.868602752685547
25.817895889282227
34.46598815917969
33.26620864868164
44.07355499267578
35.421302795410156
39.473121643066406
47.31022644042969
36.33925247192383
34.2392463684082
42.178955078125
54.86498260498047
32.45078659057617
41.39653396606445
39.806434631347656
39.343727111816406
29.207672119140625
34.51948547363281
44.072689056396484
46.73704528808594
19.519319534301758
37.86886215209961
37.33311080932617
35.32967758178711
24.020267486572266
34.2474479675293
37.479923248291016
31.901140213012695
34.10076141357422
34.50438690185547
48.03223419189453
30.66947364807129
38.3477783203125
52.61643981933594
30.148542404174805
29.69428825378418
40.98695755004883
29.571924209594727
33.0533447265625
30.64885902404785
26.90354347229004
40.775020599365234
42.00566482543945
32.748390197753906
19.950281143188477
30.36617660522461
35.9555778503418
26.46733283996582
48.89152145385742
45.190120697021484
39.65049362182617
37.56939697265625
33.22636795043945
31.364789962768555
31.229394912719727
29.892654418945312
39.51426315307617
43.21500778198242
33.71670913696289
31.439834594726562
32.09469985961914
29.790250778198242
39.2197265625
41.23655319213867
27.132444381713867
46.08517074584961
