-1.5339347124099731
-0.952795684337616
-1.5988249778747559
0.6020836234092712
0.6494030952453613
-0.9741513729095459
-2.1555097103118896
-1.9715120792388916
1.1393678188323975
-0.8781124353408813
-1.149134874343872
-0.9292678236961365
0.41189730167388916
-0.26584920287132263
-0.9141414165496826
1.7100976705551147
-2.2131905555725098
-2.0241177082061768
-1.2421436309814453
-0.015680890530347824
-1.6685233116149902
-1.2134431600570679
-2.6407392024993896
-0.6320240497589111
-2.085750102996826
-0.8824943900108337
0.11882577836513519
-1.9830496311187744
-1.779428482055664
-0.329619824886322
-0.9053724408149719
-2.4455161094665527
-2.2280113697052
-1.8875597715377808
-2.0880794525146484
0.6169746518135071
-1.0873490571975708
-1.7773493528366089
-1.2966017723083496
-0.07152621448040009
-2.2074954509735107
-3.158451795578003
-2.5286011695861816
-1.350679636001587
-1.6900501251220703
-1.6854246854782104
0.01780756562948227
0.7619041800498962
-1.5056692361831665
-1.1293203830718994
-1.9678434133529663
1.3574122190475464
-2.0870273113250732
-3.286498546600342
-0.9350152611732483
-1.4778321981430054
-1.975293517112732
-2.255980968475342
-1.0949196815490723
-2.8534159660339355
-2.0449652671813965
0.6148577928543091
-2.321270227432251
-2.0427417755126953
-1.557658076286316
-1.9986076354980469
-0.80472731590271
-0.4702685475349426
-0.9414408802986145
-1.313738465309143
-1.5176048278808594
-1.139032006263733
-1.8402448892593384
-1.3824604749679565
-0.898603618144989
-1.6953983306884766
-2.238434314727783
-1.412508487701416
-2.190190315246582
-1.7063440084457397
-2.616624355316162
-1.3722600936889648
-1.935779333114624
0.9482026100158691
-2.1985366344451904
-1.6275774240493774
-0.5382047891616821
-1.8880925178527832
-1.4580204486846924
-2.021010398864746
0.39775991439819336
-2.5053958892822266
-0.30007365345954895
-2.2461659908294678
-1.8651001453399658
-1.0869286060333252
-0.2799423933029175
-1.8822457790374756
-0.5514344573020935
-1.0904067754745483
-1.1501357555389404
-0.036667682230472565
-1.9379163980484009
-0.4094145596027374
-0.15077684819698334
-0.8451671004295349
-0.4093663692474365
-1.4483435153961182
-2.6596219539642334
-1.0706632137298584
-0.9619497656822205
-1.3655451536178589
-1.8589129447937012
0.04318073391914368
-1.9832369089126587
-1.3727256059646606
-1.3572858572006226
-0.7214727401733398
-2.8314690589904785
-2.4792187213897705
-1.6070293188095093
0.11334525048732758
-2.178253650665283
-2.430913209915161
-1.5353920459747314
0.14364826679229736
-1.4629230499267578
-3.1783854961395264
-1.4618488550186157
-0.4727974236011505
-1.6330561637878418
-1.9396300315856934
-2.2584609985351562
-1.2075704336166382
-1.8451277017593384
-3.0396718978881836
0.4596134424209595
-0.26794204115867615
-1.3799901008605957
-0.1713610142469406
-1.5878634452819824
-2.493612289428711
-2.2781713008880615
-2.767561435699463
-1.5374499559402466
-0.2915155291557312
0.5568383932113647
0.7047113180160522
0.6659994721412659
-1.620618462562561
-1.6545273065567017
-1.84776771068573
-1.552462100982666
-2.575040340423584
-0.040671005845069885
-1.0485284328460693
0.11107583343982697
-1.1048096418380737
-1.0744937658309937
-1.4084609746932983
-2.562734842300415
-0.48304110765457153
-2.8196849822998047
-1.3818877935409546
-1.0123909711837769
-1.0995200872421265
-2.458571434020996
-0.3795243501663208
-2.2746925354003906
-1.851414680480957
-1.4139491319656372
-0.051459312438964844
-1.3340785503387451
-1.5443774461746216
0.705553412437439
-1.6500117778778076
-1.3331149816513062
-1.743839979171753
0.8270719051361084
-1.72724187374115
-0.8287171721458435
-0.9006589651107788
-1.1286237239837646
-1.1481956243515015
-1.353297472000122
-2.0504555702209473
-1.4894213676452637
-1.3985427618026733
-2.0037195682525635
-1.33269464969635
0.26251932978630066
-1.2043339014053345
-1.641485333442688
-2.0883641242980957
-1.9798040390014648
-1.1611473560333252
-1.1089050769805908
-1.9100010395050049
0.36228156089782715
-2.1045875549316406
-1.4123919010162354
-1.4799470901489258
-1.075813889503479
0.31089937686920166
-1.3161205053329468
-2.3745014667510986
-2.555945873260498
-2.052745819091797
0.5753569006919861
-2.360065460205078
-1.976496934890747
-2.70359206199646
-2.0365383625030518
0.15150389075279236
-0.9005166888237
0.43075135350227356
0.08517899364233017
-2.152837038040161
-1.1367721557617188
-0.34048059582710266
-1.461702585220337
-2.3550262451171875
-1.9161655902862549
-0.21864335238933563
-2.375990629196167
0.061587411910295486
-0.19042500853538513
-1.042253851890564
-1.3759535551071167
-0.2817893326282501
-1.2031168937683105
-1.6625800132751465
-1.1226201057434082
-0.8690839409828186
-1.2765525579452515
-1.809824824333191
-1.777256965637207
-0.06883364915847778
-1.207735538482666
-1.1689330339431763
-0.13610157370567322
-1.7489807605743408
-0.7681691646575928
-1.5881096124649048
-0.21978561580181122
-0.06562953442335129
-1.0429954528808594
-0.739372193813324
1.0576250553131104
0.26615971326828003
-1.1516193151474
-2.21307110786438
0.006823820061981678
0.3801146149635315
-1.9782803058624268
0.032250408083200455
-1.440548062324524
-0.9767004251480103
-1.307608723640442
-2.220005750656128
-1.8177775144577026
-1.9304096698760986
-1.1660441160202026
-2.78171443939209
0.044556889683008194
-1.534950852394104
-1.4952929019927979
-1.7615948915481567
0.20374445617198944
-1.353057622909546
-0.7778865098953247
-0.05302795395255089
-0.9622802734375
-2.114501476287842
-1.4535859823226929
-1.2319625616073608
-0.4485684335231781
-1.1722649335861206
-1.490824818611145
-1.320292353630066
-1.5510929822921753
-2.533573865890503
-0.2570514380931854
-1.0950026512145996
-2.174971103668213
-0.9612195491790771
-1.1640669107437134
-1.2918682098388672
0.1718784123659134
0.6286333799362183
-1.6407551765441895
-1.8330445289611816
-1.4722099304199219
-1.8085163831710815
-2.1370911598205566
-0.7252079248428345
-0.38746124505996704
-0.2720477879047394
0.3957316279411316
-1.7598378658294678
-1.7786900997161865
-1.4107983112335205
-1.5886071920394897
-1.869235873222351
-0.3079964518547058
-0.9835302233695984
-1.876135230064392
0.21070756018161774
0.01018387172371149
-2.412790060043335
0.15915241837501526
-2.0993502140045166
-1.384852409362793
-2.366006851196289
0.09439444541931152
-1.1050000190734863
0.6147005558013916
-1.3293529748916626
-2.895934581756592
-1.00112783908844
-2.1956613063812256
-1.8666404485702515
-2.125718355178833
-0.5684490203857422
-2.148914098739624
-1.8754684925079346
-1.0805808305740356
-1.073078989982605
0.06278207898139954
-1.6651121377944946
-0.9028252959251404
-2.4509453773498535
-2.1386196613311768
-1.3074076175689697
-1.7069189548492432
-1.3227030038833618
-2.6128838062286377
-0.25587350130081177
-1.6038035154342651
-0.18839645385742188
-0.8102126121520996
-1.806682825088501
-1.2582887411117554
-0.21734000742435455
-1.3480942249298096
-1.5197235345840454
-2.8745367527008057
-1.1177449226379395
-1.0201581716537476
0.38013437390327454
-2.2389180660247803
-2.0273568630218506
-1.5640153884887695
-2.270024299621582
-2.2860007286071777
-0.4289698600769043
-1.826827049255371
-0.7688004970550537
-2.8888559341430664
-0.5993543267250061
-2.1624867916107178
-0.24279743432998657
-1.493146538734436
-2.2858223915100098
0.4608701765537262
-1.6506282091140747
0.8828412294387817
-1.7337961196899414
-0.1834508180618286
-0.9886699914932251
-0.9781115651130676
-2.0924909114837646
-1.2609975337982178
-1.7313951253890991
-2.1818008422851562
-0.5314069986343384
-3.003504991531372
-1.4296400547027588
-2.234489917755127
-2.7086024284362793
-1.7570462226867676
-1.2663472890853882
-1.8307512998580933
-1.4292728900909424
-2.039436101913452
-2.233060359954834
1.1159722805023193
-1.4899837970733643
-0.4839079678058624
-0.9233890175819397
-3.0182063579559326
-0.9572014808654785
-1.026520848274231
-0.8751714825630188
-1.3640305995941162
-0.9810530543327332
-0.41481712460517883
-0.9987140893936157
-1.7666988372802734
0.5473561882972717
-0.7273739576339722
-2.000938653945923
-1.516654133796692
-2.1895835399627686
-0.4788106381893158
-1.514810562133789
0.9110713601112366
-0.0646926686167717
-0.6360494494438171
-1.095380425453186
-0.7183326482772827
-2.3865833282470703
-0.777527391910553
-1.0176547765731812
-2.9963278770446777
1.4074501991271973
-1.5767301321029663
-1.7808294296264648
-1.5102907419204712
-0.8904304504394531
-1.7717361450195312
-2.2475152015686035
-1.7398276329040527
-2.0114235877990723
-1.1526864767074585
-1.0281867980957031
-1.984679102897644
-2.2707111835479736
0.36602723598480225
0.003954560030251741
-1.6147270202636719
-1.8688163757324219
0.214097261428833
-1.0767240524291992
-2.036511182785034
0.23844210803508759
-0.33529233932495117
-2.6240074634552
-1.562531590461731
0.008128771558403969
-0.9547786712646484
0.23212985694408417
0.46271029114723206
-0.030735889449715614
-1.0478788614273071
-1.8592756986618042
-1.513832449913025
0.1675259917974472
-0.5496351718902588
-2.736285448074341
-0.7559915781021118
-1.1010500192642212
-1.6690967082977295
-1.7488633394241333
-2.7051570415496826
-1.8260153532028198
0.11752833425998688
-3.282999277114868
-1.723739504814148
-1.2957544326782227
-1.1813455820083618
-1.3680462837219238
-1.4629734754562378
-2.0546624660491943
-0.05114338546991348
-0.3124699592590332
-1.6020441055297852
-2.2341809272766113
-1.1831321716308594
-1.9377120733261108
-2.156430244445801
-1.1884394884109497
-1.0421836376190186
-2.5379631519317627
0.062003958970308304
-1.4752634763717651
-2.2375996112823486
-1.442075252532959
-1.0110563039779663
-0.9853079915046692
-1.100440263748169
-1.3103203773498535
-1.4515600204467773
-1.533246636390686
-2.6516780853271484
-2.3608601093292236
-1.1166948080062866
-2.2230565547943115
-0.9853963851928711
-0.650856614112854
1.0200461149215698
-1.618744969367981
-0.48741066455841064
-2.3529551029205322
0.32185879349708557
-0.5947459936141968
-0.08366473764181137
-2.1139392852783203
-2.3858144283294678
-2.468545913696289
-1.833305835723877
-1.2303862571716309
0.10947302728891373
-1.0069010257720947
-0.654235303401947
-1.8256158828735352
-1.9426099061965942
-1.3621304035186768
-2.227015733718872
-1.877885341644287
-2.4171929359436035
0.7778369188308716
-1.7634806632995605
-2.772657871246338
-1.7142436504364014
-0.8460567593574524
-1.8716729879379272
-1.979416012763977
-1.758110761642456
-1.8382186889648438
-1.5540037155151367
-1.2845271825790405
-1.3057962656021118
0.2296128273010254
-0.9578262567520142
-1.2117679119110107
-2.3342013359069824
-0.3659101724624634
-1.5212658643722534
-1.9601771831512451
-1.8926448822021484
-0.4816867411136627
-1.4437099695205688
0.5672294497489929
-0.963477611541748
0.15892745554447174
0.26592817902565
0.42022988200187683
-0.14111699163913727
-1.559460997581482
-1.2577881813049316
-1.8597639799118042
-1.459978699684143
-0.9397813081741333
-1.4048563241958618
-2.717484474182129
-1.2723015546798706
-1.8100210428237915
-2.172379732131958
-1.8506529331207275
0.1837182641029358
0.49743592739105225
-1.7042890787124634
-1.0416815280914307
-0.77116459608078
-0.6363999247550964
-2.3024895191192627
-2.533066749572754
0.4534282684326172
-2.628183364868164
-1.5084095001220703
-0.03317379951477051
-2.1325485706329346
-0.5895801186561584
-1.0377393960952759
-1.1509407758712769
-0.6016475558280945
-0.6337532997131348
-0.6973472833633423
-1.9161803722381592
-0.6999731063842773
-1.9735184907913208
-1.1151049137115479
-0.3041098713874817
-0.11538323760032654
-0.2135942578315735
-2.437438726425171
-0.5832954049110413
-1.526853084564209
-2.096996545791626
-1.463064432144165
-0.27098333835601807
-1.5879876613616943
-1.59968900680542
-1.249192476272583
-0.9388147592544556
-1.6196178197860718
-1.0214638710021973
-1.7836509943008423
-1.3420811891555786
-2.4806768894195557
0.09187133610248566
-2.3779091835021973
-1.5002210140228271
-1.9302741289138794
-0.029176898300647736
-1.4380329847335815
0.03628862276673317
-1.889160394668579
-1.7315317392349243
-2.390718460083008
-1.9279885292053223
-0.12090490013360977
0.24963191151618958
-0.13780418038368225
0.45257967710494995
-1.3566794395446777
-1.571803092956543
-2.1917991638183594
-1.4607914686203003
-0.25324884057044983
-2.0768604278564453
-1.626402735710144
-1.2574379444122314
-1.646660327911377
-1.1090015172958374
-1.8826689720153809
-0.7413845658302307
-0.9757609367370605
-2.021916151046753
-2.52770733833313
-1.3378020524978638
-1.6100184917449951
-1.9498103857040405
-1.5576874017715454
-1.940132737159729
-1.03570556640625
-1.5259307622909546
-0.56439608335495
-1.1142640113830566
1.4950841665267944
-0.23521816730499268
-1.4422056674957275
-1.9077723026275635
-0.6322950720787048
-2.5745835304260254
-1.4102160930633545
-1.5216106176376343
-0.9734065532684326
-1.5116283893585205
-0.9057926535606384
-1.1516910791397095
-1.1400471925735474
-1.246712327003479
0.057895075529813766
-1.097567081451416
-2.1367242336273193
-0.290893018245697
-0.9657308459281921
-0.0022661187686026096
-1.4939429759979248
-1.387218713760376
-1.5999341011047363
0.34645357728004456
-2.5391719341278076
-1.902466893196106
0.7907800674438477
-0.9849249720573425
-0.6536654233932495
1.9410496950149536
-2.4449541568756104
-0.9853869080543518
-2.038850784301758
-1.2340786457061768
-1.7215385437011719
-0.20920909941196442
-1.400259017944336
0.06029306352138519
-1.9343549013137817
-0.31903403997421265
-1.2636159658432007
-2.7208669185638428
-0.8309277296066284
-1.8130643367767334
-2.487215995788574
-0.09415973722934723
-1.736204743385315
0.5603331327438354
-1.2613565921783447
1.4175119400024414
-1.1547199487686157
-2.6769521236419678
-1.0389801263809204
-0.5052310228347778
-2.1051876544952393
-1.557101845741272
0.42019352316856384
-1.4582018852233887
-2.707451105117798
-1.8325092792510986
-2.4762494564056396
-0.020169077441096306
0.47376957535743713
0.15858829021453857
-1.1671358346939087
0.7818706035614014
-1.2548551559448242
-1.372774362564087
-2.0830259323120117
-1.0891889333724976
-1.9591046571731567
-1.4343918561935425
-0.18842288851737976
-1.9893708229064941
0.9718102812767029
-1.1776528358459473
-1.2091870307922363
-1.9124547243118286
0.5907909870147705
-2.6388049125671387
-1.4150258302688599
-1.2512739896774292
-1.844091773033142
-1.6702468395233154
0.13556423783302307
0.23033712804317474
-1.5565956830978394
-2.1558640003204346
-1.6756658554077148
-1.4518153667449951
-0.19464480876922607
-1.3780208826065063
-1.6382261514663696
-0.5195817947387695
-2.3013641834259033
-0.1472775936126709
-1.868778944015503
-2.344684600830078
0.9177255034446716
-2.044854164123535
-2.231478452682495
-1.3191615343093872
-0.23780404031276703
-0.7230018973350525
-0.7262521386146545
-2.844217538833618
-0.695747971534729
-1.2003679275512695
-1.6181679964065552
-0.7557408213615417
-1.6117405891418457
-1.5863966941833496
-0.6203913688659668
0.602257251739502
-1.872851848602295
-0.9018270969390869
-1.270906925201416
-1.963545322418213
-0.7941339015960693
-2.191143035888672
-0.19471463561058044
-1.0502959489822388
-1.1267622709274292
-1.0806201696395874
-0.7759914994239807
-0.021443422883749008
-2.0872395038604736
-0.4805481731891632
-1.666025161743164
1.0963788032531738
-1.1405730247497559
-2.385873794555664
-1.9857869148254395
-0.9635559916496277
-2.5279769897460938
-1.4409165382385254
-1.8291109800338745
-1.2704299688339233
-0.19758561253547668
-0.10080727934837341
-1.1786314249038696
-1.3556345701217651
-1.140926480293274
-0.5134204030036926
-2.3449747562408447
-0.39206424355506897
-3.0465927124023438
-1.1467236280441284
-2.754019260406494
-1.1650902032852173
-0.46926265954971313
-1.2312750816345215
-1.5776877403259277
-1.9946552515029907
-1.757577657699585
-2.150831699371338
-2.6111857891082764
0.6527422070503235
-0.14922505617141724
-2.7108280658721924
-0.5984018445014954
-1.2475600242614746
-1.676674485206604
-0.9227247834205627
-0.6790995001792908
-0.08635251969099045
-1.8495211601257324
-1.1884268522262573
-1.9244019985198975
-0.9634363055229187
-2.4671578407287598
-0.2533359229564667
-1.1433277130126953
-1.5981450080871582
-2.4454338550567627
-2.6552343368530273
-1.4608381986618042
-2.5671780109405518
-1.103032112121582
-0.8706127405166626
-1.3958384990692139
-1.9028615951538086
0.22149550914764404
-1.82388436794281
-1.4347121715545654
-2.236414909362793
-2.048966884613037
-0.0864851102232933
-1.1400761604309082
-1.6545060873031616
-1.2806169986724854
0.10695409774780273
-1.6724014282226562
-1.1429365873336792
-1.4807250499725342
-0.835403323173523
-1.8263612985610962
-2.7095959186553955
-1.2711982727050781
0.9297877550125122
-1.0078283548355103
-0.9644930362701416
-2.187913179397583
-1.037245512008667
-1.2138584852218628
-1.0133415460586548
-2.1645519733428955
-0.9980036616325378
0.42302775382995605
0.7845463156700134
-0.6164082884788513
-0.028516225516796112
-1.4106396436691284
-1.645964503288269
-1.784578800201416
-0.7647383809089661
-0.834281325340271
-1.5550771951675415
-0.03058324195444584
-2.210580587387085
-2.2025508880615234
-1.5329968929290771
-0.0768938958644867
-1.3904345035552979
-0.0727362185716629
-1.8697699308395386
-1.4298127889633179
-2.1925554275512695
-1.7945014238357544
-1.8947312831878662
-2.3158528804779053
-1.4469633102416992
-2.011059522628784
0.94863361120224
-2.2210142612457275
-0.672487199306488
-0.33229097723960876
-0.11063047498464584
-2.2546298503875732
-1.1532315015792847
-1.7393368482589722
-2.8042891025543213
-1.7317920923233032
-1.222743034362793
-1.3571221828460693
0.3135167360305786
-0.6535305976867676
-1.0039069652557373
-0.1671328991651535
-0.09385651350021362
-1.00411057472229
-1.9095503091812134
-1.6547669172286987
-3.0189411640167236
-1.7500818967819214
-1.8100407123565674
-0.13172701001167297
-1.756738543510437
-2.4672439098358154
-2.03231143951416
-1.1260097026824951
-0.6157293319702148
-0.06532913446426392
-0.5233494639396667
-2.2503926753997803
-1.483352541923523
-0.6570689678192139
-2.271775245666504
-1.0088006258010864
-1.088685154914856
-1.6538535356521606
0.29996997117996216
-2.289572238922119
-2.2319533824920654
-1.508129596710205
-2.2878072261810303
-2.2560360431671143
-0.04092804715037346
0.032182879745960236
-1.9336316585540771
-1.8566747903823853
-0.3763818144798279
-2.0762574672698975
0.1563846319913864
-1.3114056587219238
-2.2650508880615234
-0.06262536346912384
-1.4962915182113647
-0.890458881855011
-2.2539315223693848
-0.7181038856506348
-1.7818211317062378
0.1814795732498169
-1.9879342317581177
-1.795391321182251
-2.1690938472747803
-0.6909186244010925
-0.9341493248939514
-2.497070550918579
-0.455389142036438
-0.25507354736328125
-1.954124093055725
-1.7518404722213745
-0.10044261813163757
-2.063964366912842
-3.376762866973877
-0.048484038561582565
-2.52895450592041
-0.7685220837593079
-1.724271535873413
-1.162437081336975
-1.4323163032531738
-2.5790865421295166
-0.1125144362449646
0.029088061302900314
-1.5647292137145996
-0.7722720503807068
-1.483169436454773
-2.441464900970459
-1.1623445749282837
-1.9780635833740234
-2.1251542568206787
-1.1449387073516846
0.9822311401367188
-1.490444302558899
-1.3105649948120117
-1.7889902591705322
-2.706320285797119
-2.038316249847412
-1.5620112419128418
-1.1102609634399414
-0.68376225233078
-1.6360071897506714
-1.3328570127487183
-1.1776819229125977
-1.1454312801361084
-0.559688150882721
-1.3865748643875122
-1.9544552564620972
0.9500184059143066
-0.28520917892456055
-0.4755741059780121
-0.15845492482185364
-1.68559992313385
-0.7799697518348694
-1.1966594457626343
-1.4493457078933716
-1.2877726554870605
-1.8424876928329468
-1.7495983839035034
-2.0840938091278076
-0.5407233238220215
0.4664440155029297
-1.4439347982406616
-2.450425386428833
-1.3272037506103516
-1.5777173042297363
-0.7790423631668091
-1.9183883666992188
-0.9528164267539978
-0.06262864917516708
-2.7832252979278564
-0.8144971132278442
-0.9495436549186707
-1.619491696357727
-1.0851142406463623
-2.341555595397949
-0.8430781960487366
-2.3066370487213135
-1.177510142326355
-1.689160943031311
-1.6268787384033203
-0.9108284711837769
-2.2260451316833496
-1.3632255792617798
1.1283881664276123
-2.105146646499634
-0.56578129529953
-0.9994962811470032
-0.5240287184715271
-0.24000680446624756
-2.5024452209472656
-1.0755454301834106
-0.922519862651825
-0.7469608783721924
-0.6476459503173828
-0.4257276654243469
0.45707735419273376
-1.1812454462051392
-2.348472833633423
-2.0832064151763916
-1.5080108642578125
-0.2960103750228882
-1.744124174118042
-0.6289591193199158
-0.6424978375434875
-1.2710318565368652
-1.1862846612930298
-1.8568472862243652
-1.8755158185958862
-1.4109524488449097
-2.291567802429199
-1.9556554555892944
0.17207495868206024
-2.0049991607666016
-1.6713809967041016
-2.534647226333618
-1.6322234869003296
-1.3037241697311401
-1.1627707481384277
-1.1876468658447266
0.3810737133026123
-0.9228705763816833
-1.7672064304351807
-2.285917282104492
-0.8129807114601135
-1.8335278034210205
0.4115997850894928
-1.5268257856369019
-0.11038646101951599
-1.0592408180236816
0.6039643883705139
-0.7828794717788696
-1.7048460245132446
-1.7687627077102661
-1.6299118995666504
-1.787071943283081
-1.3913182020187378
0.6341307163238525
-1.1519440412521362
0.26510927081108093
-1.9893497228622437
-2.685558319091797
-2.001222610473633
-1.6289628744125366
-1.9250491857528687
-2.6076040267944336
-1.4816240072250366
-0.795137345790863
-1.8727056980133057
-0.46360883116722107
-1.1349738836288452
-0.14345012605190277
0.7745676040649414
-0.935172438621521
-0.7653809189796448
-2.3435349464416504
-1.6323959827423096
-0.9399715662002563
-1.2473056316375732
-1.7119964361190796
-0.7111669182777405
-1.9407519102096558
-1.015580415725708
-1.661061406135559
-1.9521313905715942
-0.2552872896194458
1.2893399000167847
-1.6390514373779297
-1.9188889265060425
-2.2580008506774902
-2.280604124069214
-1.9850355386734009
-1.7339438199996948
0.25544407963752747
-0.23771333694458008
-1.800449252128601
-0.03137887269258499
-2.4000062942504883
-1.8538914918899536
-1.8670753240585327
-2.3794000148773193
-0.8907443881034851
-1.9950053691864014
-2.368475914001465
-2.228952407836914
-0.3638545274734497
-1.6291252374649048
-0.2113361358642578
-2.2105915546417236
1.7042336463928223
0.01084217894822359
0.292023241519928
-0.7888016700744629
-2.0781707763671875
-2.0560102462768555
-2.2297792434692383
-1.3121827840805054
-1.9558132886886597
-2.3244755268096924
-1.5617473125457764
-0.9210545420646667
-0.22313165664672852
-1.4343180656433105
0.1658945232629776
0.3950326442718506
-0.5616276264190674
-1.1776185035705566
-1.3879480361938477
-2.3274009227752686
-0.09563089162111282
-1.0592767000198364
-1.7647240161895752
-2.092755079269409
-1.4497424364089966
-2.0065805912017822
-2.8348605632781982
-1.3127267360687256
-1.2671470642089844
-1.6468913555145264
-1.5482155084609985
-1.054113507270813
-2.012075185775757
-1.1912869215011597
-1.5640614032745361
-2.194518566131592
-2.0299837589263916
-1.5326353311538696
-1.5447001457214355
-1.424649715423584
-1.0799964666366577
-1.8569014072418213
