-0.10723058134317398
-0.07690895348787308
-0.06724865734577179
-0.2759293019771576
-0.24371494352817535
-0.05138976126909256
-0.0907253548502922
-0.10666720569133759
-0.5767024755477905
-0.10639048367738724
-0.05830863118171692
-0.05568750575184822
-0.214073047041893
-0.017574256286025047
-0.08424771577119827
-1.8875889778137207
-0.11424729228019714
-0.10155389457941055
-0.0760810449719429
-0.0005824079853482544
-0.08090069144964218
-0.06571929901838303
-0.07443825155496597
-0.06211324408650398
-0.08508610725402832
-0.08184092491865158
-0.04067512974143028
-0.10886967927217484
-0.044891878962516785
-0.02572081983089447
-0.09613681584596634
-0.09315122663974762
-0.0867689847946167
-0.07483333349227905
-0.06360343843698502
-0.2117622345685959
-0.0828525573015213
-0.0948517769575119
-0.08414313197135925
-2.8321106583462097e-05
-0.08909017592668533
-0.07033228129148483
-0.08152833580970764
-0.10498228669166565
-0.12287380546331406
-0.10193052887916565
-0.012086673639714718
-0.2906699776649475
-0.1003568172454834
-0.07702072709798813
0.04833220690488815
-0.14868080615997314
-0.11354336887598038
-0.06331196427345276
-0.04657062143087387
-0.09116621315479279
-0.09973752498626709
-0.08628467470407486
-0.02581682614982128
-0.0849200189113617
-0.07121964544057846
-0.21501469612121582
-0.10058379918336868
-0.09791237115859985
-0.10627810657024384
-0.09896701574325562
-0.06752689182758331
-0.011947066523134708
-0.064347043633461
-0.09322011470794678
-0.10132157802581787
-0.0503292940557003
-0.1000693291425705
-0.07315120100975037
-0.05676988139748573
-0.09980255365371704
-0.08625855296850204
-0.11794242262840271
-0.11296412348747253
-0.08947921544313431
-0.0798170417547226
-0.11242382973432541
-0.09158740192651749
-0.34528911113739014
-0.10493854433298111
-0.08681868761777878
-0.15184763073921204
-0.08075357973575592
-0.0928119495511055
-0.08698756247758865
-0.013125072233378887
-0.10029028356075287
-0.00971792172640562
-0.10936293005943298
-0.11491269618272781
-0.05581005662679672
-0.07289189845323563
-0.11217706650495529
-0.04991798847913742
-1.1126860954391304e-05
-0.058963529765605927
0.0007657806854695082
-0.11482835561037064
-0.045030396431684494
-0.10978273302316666
-0.059031639248132706
-0.08052125573158264
-0.1104097068309784
-0.09255526214838028
-0.08154699206352234
-0.03237897902727127
-0.0920771136879921
-0.10821573436260223
-0.08777134120464325
-0.09878604114055634
-0.06641285866498947
-0.09447895735502243
-0.022459298372268677
-0.06402987241744995
-0.0785754919052124
-0.10638841986656189
-0.056583013385534286
-0.07833471149206161
-0.0842675045132637
-0.07031372934579849
0.03062542714178562
-0.05945141986012459
-0.05587054416537285
-0.12496937811374664
-0.03855089098215103
-0.07766422629356384
-0.12080631405115128
-0.10500798374414444
-0.0754224881529808
-0.10267874598503113
-0.06739792972803116
0.1039050966501236
-0.0027789815794676542
-0.0982106626033783
0.09658887982368469
-0.07685823738574982
-0.09497811645269394
-0.10315334051847458
-0.09179773926734924
-0.09553827345371246
-0.00694713881239295
-0.20795784890651703
-0.2599962055683136
-0.3011966049671173
-0.10333022475242615
-0.10612725466489792
-0.08998703211545944
-0.09299324452877045
-0.06803052127361298
4.729518695967272e-05
-0.10035973787307739
-0.09794402122497559
-0.05882188677787781
-0.0697081983089447
-0.09912791848182678
-0.09272852540016174
0.02863105945289135
-0.08828271180391312
-0.1008213460445404
-0.09528934210538864
-0.09045665711164474
-0.09147685021162033
-0.009983609430491924
-0.0980813056230545
-0.0972532331943512
-0.07943493872880936
-0.0017299787141382694
-0.05038845166563988
0.071378692984581
-0.25273728370666504
-0.11323697865009308
-0.06893669068813324
-0.0714474469423294
0.16943463683128357
-0.08619733154773712
-0.06663890928030014
0.04963657632470131
-0.08232676237821579
-0.11486122012138367
-0.05086697265505791
-0.09893274307250977
-0.09769908338785172
-0.07248234003782272
-0.10400627553462982
-0.08658900111913681
-0.08693218976259232
-0.05328189209103584
-0.1178584173321724
-0.08482977747917175
-0.10670174658298492
-0.06785713881254196
-0.0643177255988121
-0.08644115179777145
0.07639180123806
-0.1004384309053421
-0.11460935324430466
-0.09021347761154175
-0.08178932964801788
-0.10527448356151581
-0.03345092013478279
-0.05124036222696304
-0.08031858503818512
-0.09930024296045303
-0.20484639704227448
-0.09633269160985947
-0.08539990335702896
-0.07805165648460388
-0.08646297454833984
0.17684370279312134
-0.037781644612550735
-0.16414058208465576
0.047489166259765625
-0.08636008948087692
-0.07835020869970322
0.004820136819034815
-0.06664504110813141
-0.07807467877864838
-0.07640783488750458
-0.0036755974870175123
-0.07905254513025284
-0.03188570961356163
-0.007821823470294476
-0.06653321534395218
-0.08093959093093872
-0.008802326396107674
-0.062019411474466324
-0.055403441190719604
-0.11559765785932541
-0.09251280874013901
-0.08910594880580902
-0.11411990970373154
-0.07550227642059326
0.00011622338206507266
-0.08940146863460541
-0.09383991360664368
-0.005129282362759113
-0.07395070046186447
-0.01082326378673315
-0.09830867499113083
-0.010953555814921856
0.07915513962507248
-0.08229042589664459
-0.04688968509435654
0.20561982691287994
-0.08710772544145584
-0.05903200805187225
-0.0990263968706131
-0.046524371951818466
-0.18723510205745697
-0.09991065412759781
-0.0037409791257232428
-0.07863408327102661
-0.0312358271330595
-0.0517914816737175
-0.09057030826807022
-0.10862509161233902
-0.11491250991821289
-0.09872182458639145
-0.07932999730110168
-0.003251718357205391
-0.09838423132896423
-0.08505397289991379
-0.12367431074380875
-0.09171605110168457
-0.11279313266277313
-0.016411589458584785
0.02499726228415966
-0.08460555225610733
-0.0838516503572464
-0.0506463386118412
-0.09125184267759323
-0.012876060791313648
-0.052578188478946686
-0.11727624386548996
-0.07161913067102432
-0.0781528651714325
-0.10506302863359451
-0.0038873569574207067
-0.07326270639896393
-0.07270636409521103
-0.0725792720913887
-0.08530858904123306
-0.048805635422468185
0.016169549897313118
-0.20719604194164276
-0.08960765600204468
-0.06059519201517105
-0.08964568376541138
-0.10403552651405334
-0.08383909612894058
-0.06992083042860031
-0.02585555985569954
0.05961316451430321
0.03240618854761124
-0.07711365818977356
-0.07430323958396912
-0.0902944877743721
-0.10667983442544937
-0.10628297924995422
-0.009734183549880981
-0.07941421121358871
-0.08177848905324936
0.1800583004951477
-0.00010304662282578647
-0.06851081550121307
-0.06160937622189522
-0.11002803593873978
-0.08638125658035278
-0.0757727175951004
-0.10687601566314697
-0.10689549893140793
-0.2042141854763031
-0.07443893700838089
-0.07588769495487213
-0.0681769922375679
-0.09698060899972916
-0.11641582101583481
-0.09206897020339966
0.003062353003770113
-0.11096148937940598
-0.09530239552259445
-0.017997929826378822
-0.09630361199378967
-0.00622202642261982
-0.10135775804519653
-0.013740945607423782
-0.10065922886133194
-0.10014170408248901
-0.09862624853849411
-0.045716479420661926
-0.05387227237224579
-0.09684847295284271
-0.008133222348988056
-0.09683597832918167
-0.016728661954402924
-0.032078083604574203
-0.07278406620025635
-0.05313654989004135
-0.013952991925179958
-0.088482566177845
-0.10341125726699829
-0.07206682860851288
-0.06880232691764832
-0.07002624869346619
-0.0468754880130291
-0.10489466786384583
-0.1011243462562561
0.10002455860376358
-0.12099941074848175
-0.09002996981143951
-0.040390364825725555
-0.13137763738632202
-0.03046562895178795
-0.08613273501396179
0.011122443713247776
-0.10819597542285919
-0.0014706888468936086
-0.11447308212518692
-0.07060760259628296
-0.17663899064064026
-0.1414358764886856
0.05177640542387962
-0.07670280337333679
0.07610535621643066
-0.09294995665550232
-0.07310459762811661
-0.09080685675144196
-0.06102956458926201
-0.08790633827447891
-0.08693787455558777
-0.050921618938446045
-0.07913034409284592
-0.052824024111032486
-0.10337277501821518
-0.05709471181035042
-0.09561186283826828
-0.11095364391803741
-0.10329674929380417
-0.08067695051431656
-0.11622567474842072
-0.08920960128307343
-0.43307632207870483
-0.12026122957468033
-0.034268975257873535
-0.05987172573804855
-0.05023579299449921
-0.088628850877285
-0.08150852471590042
-0.05962317809462547
-0.10162027180194855
-0.08855995535850525
-0.04868495464324951
-0.04956205561757088
-0.08717470616102219
0.02032412216067314
-0.04854327812790871
-0.10344848036766052
-0.11188880354166031
-0.10111325234174728
0.01826387457549572
-0.06023736298084259
-0.3325476050376892
0.0804196372628212
-0.05100538954138756
-0.04597722366452217
-0.01002261321991682
-0.08902236074209213
-0.01343933679163456
-0.10566101223230362
-0.08520734310150146
0.06630534678697586
-0.09872303903102875
-0.09763117134571075
-0.05244651809334755
-0.05281669646501541
-0.09036640077829361
-0.11171945929527283
-0.11765161156654358
-0.09282191842794418
-0.10150011628866196
-0.0923393964767456
-0.09421908855438232
-0.03807784989476204
-0.14209647476673126
0.0006154878064990044
-0.09876403212547302
-0.09401211887598038
-0.041451744735240936
-0.09206917881965637
-0.10468611866235733
0.026043448597192764
-0.03690098598599434
-0.07653521746397018
-0.07880251109600067
0.09568418562412262
-0.09453757852315903
-0.03835705295205116
-0.20947758853435516
0.004178313538432121
-0.09991414844989777
-0.07552175968885422
-0.07207484543323517
0.1343689262866974
0.002688512671738863
-0.05858490243554115
-0.050210513174533844
-0.081844262778759
-0.110356904566288
-0.09841902554035187
-0.07633954286575317
-0.09365728497505188
-0.011831236071884632
-0.08162466436624527
-0.06163507327437401
-0.006807170808315277
-0.010882620699703693
-0.11345554888248444
-0.035229962319135666
-0.12578479945659637
-0.02554432861506939
0.03217599540948868
-0.06515636295080185
-0.07685906440019608
-0.04504430666565895
-0.0857868418097496
-0.10757069289684296
-0.07553745061159134
-0.053437042981386185
-0.08164544403553009
-0.038576383143663406
-0.10100414603948593
-0.10007429122924805
-0.08522867411375046
-0.0730903372168541
-0.07232961803674698
-0.07657530158758163
-0.07728160917758942
-0.08130040764808655
-0.08692950755357742
-0.08089730143547058
-0.07996748387813568
-0.06268198043107986
-0.09871725738048553
-0.06077182665467262
-0.029194802045822144
0.12043198943138123
-0.037343308329582214
-0.022653479129076004
-0.10376957058906555
0.09176085889339447
-0.01740933023393154
-0.00038653748924843967
-0.11169210821390152
-0.04358744993805885
-0.07236333936452866
-0.08232925087213516
-0.10294099897146225
-0.03590811789035797
-0.06024693325161934
-0.021578166633844376
-0.08113735914230347
-0.0853600725531578
-0.11041457951068878
-0.1031871885061264
-0.07613583654165268
-0.09556517004966736
-0.025489572435617447
-0.10168715566396713
-0.08131861686706543
-0.09902280569076538
-0.026102203875780106
-0.0915033221244812
-0.09922707080841064
-0.09793452173471451
-0.050450608134269714
-0.08082904666662216
-0.10903467237949371
-0.07830497622489929
-0.08223126083612442
-0.0662228986620903
-0.05672044679522514
-0.09501198679208755
-0.02398865483701229
-0.10717309266328812
-0.0847364291548729
-0.10129522532224655
-0.023334240540862083
-0.10213746130466461
-0.29248449206352234
-0.0897732749581337
-0.06187456473708153
0.17789402604103088
-0.2166622430086136
-0.0018275979673489928
-0.11403105407953262
-0.07658679038286209
-0.0888797789812088
-0.0852154865860939
-0.08731162548065186
-0.08734361827373505
-0.08871892839670181
-0.10172571241855621
-0.10694138705730438
-0.0855424553155899
-0.09646517038345337
0.0012314938940107822
-0.179329976439476
-0.06321483850479126
-0.06076469644904137
-0.04629818722605705
-0.05830250680446625
-0.09770816564559937
-0.09054834395647049
0.04132046177983284
-0.05626950412988663
-0.09199061989784241
-0.001240918762050569
-0.09515830874443054
-0.044413186609745026
-0.06263945996761322
-0.07697439938783646
-0.020222816616296768
-0.05447041988372803
-0.06379147619009018
-0.08321569859981537
-0.0426565557718277
-0.10815417766571045
-0.049424123018980026
-0.015152404084801674
0.00043754521175287664
-0.0038000354543328285
-0.11881326884031296
-0.06392543017864227
-0.106395423412323
-0.060717832297086716
-0.09536632150411606
-0.0028296764940023422
-0.10056789964437485
-0.09712251275777817
-0.08590250462293625
-0.03951755538582802
-0.05951770395040512
0.054107241332530975
-0.09006918966770172
-0.034792155027389526
-0.09473734349012375
-0.03642706573009491
-0.1058654859662056
-0.0622103214263916
-0.10469506680965424
-0.0006461318698711693
-0.10230609774589539
0.034174222499132156
-0.09515361487865448
-0.09205404669046402
-0.08737344294786453
-0.09585729986429214
0.002785536926239729
-0.12443546205759048
-0.0003896245325449854
0.11247856169939041
-0.09996446967124939
-0.05583931878209114
-0.1164805069565773
-0.0831046849489212
0.003485795808956027
-0.10317783057689667
-0.08974786102771759
-0.06815306842327118
-0.11080695688724518
-0.06332030892372131
-0.09751740097999573
-0.0362795926630497
-0.10520658642053604
-0.07887792587280273
-0.09314833581447601
-0.08945046365261078
-0.07903408259153366
-0.1032005101442337
-0.08020057529211044
-0.10088805854320526
-0.09627208113670349
-0.09720202535390854
-0.024315543472766876
-0.07812947779893875
0.3134472966194153
0.00025459000607952476
-0.09590886533260345
-0.08342564105987549
-0.05775362625718117
-0.09393467009067535
-0.10814044624567032
-0.06492846459150314
-0.0069311028346419334
-0.10450269281864166
-0.060583919286727905
-0.09043685346841812
-0.09361091256141663
-0.0809095948934555
0.12869110703468323
-0.0579119436442852
-0.11185111105442047
0.09856461733579636
-0.09767111390829086
-0.10742266476154327
-0.07474417239427567
-0.1124958023428917
-0.06932204961776733
0.176879420876503
-0.09073293209075928
-0.10827753692865372
-0.2686951458454132
-0.08764643222093582
-0.02732154354453087
-0.0034965549129992723
-0.0911659523844719
-0.06990287452936172
-0.08992180973291397
-0.0802895575761795
-0.08614986389875412
-0.006983235012739897
-0.10941076278686523
-0.0034770919010043144
-0.08411364257335663
-0.005562371574342251
-0.09948153793811798
-0.06330262124538422
-0.09167559444904327
-0.09399139881134033
-0.08120238780975342
-0.0024143578484654427
-0.10164448618888855
-0.21886490285396576
-0.08620654791593552
-0.15035699307918549
-0.07377328723669052
-0.0857672169804573
0.00909920409321785
-0.018728438764810562
-0.09611103683710098
-0.06457981467247009
-0.16779568791389465
-0.08538098633289337
-0.08527892827987671
-0.10452987998723984
-0.08734127879142761
-0.0004593109479174018
-0.15816500782966614
-0.06223871186375618
-0.07790492475032806
0.09544076025485992
-0.07681228220462799
-0.08998891711235046
-0.10657250136137009
-0.08782455325126648
-0.08926137536764145
-0.08611796051263809
-0.09918534010648727
-0.10809408873319626
0.19883917272090912
-0.06987805664539337
-0.08875644952058792
-0.11347601562738419
-0.18922580778598785
-0.09794801473617554
-0.097858726978302
-0.08462870121002197
-0.08577536046504974
-0.08502473682165146
0.0986078530550003
-0.0779491737484932
-0.12652143836021423
-0.1079045981168747
-0.08573906868696213
-0.08706678450107574
0.016476476565003395
-0.07725556194782257
-0.09380124509334564
-0.0006778899114578962
-0.09898392111063004
-0.004039161838591099
-0.10061946511268616
-0.0829254612326622
-0.3346666693687439
-0.0920872837305069
-0.0943438932299614
-0.04611616209149361
-0.008082596585154533
-0.06834939122200012
-0.05233720317482948
-0.06951987743377686
0.01417270302772522
-0.07673749327659607
-0.11321921646595001
-0.019212758168578148
0.029144370928406715
-0.10597779601812363
0.03940616548061371
-0.3440491259098053
-0.09485688805580139
-0.03383004292845726
-0.07380485534667969
-0.07792051136493683
-0.05086763575673103
-0.08412425220012665
0.022630196064710617
-0.05875777453184128
-0.09081161767244339
-0.10408516973257065
-0.020641382783651352
-6.984223546169233e-06
-0.08712974190711975
-0.01870989054441452
-0.11184588819742203
-0.3655449450016022
-0.07559921592473984
-0.08565670251846313
-0.04818149283528328
-0.05844917520880699
-0.07506133615970612
-0.0937194898724556
-0.10404941439628601
-0.06483125686645508
0.0020124998409301043
-0.0010605405550450087
-0.08920172601938248
-0.07027526199817657
0.09572567045688629
-0.007911626249551773
-0.1030578762292862
-0.03828132525086403
-0.07916943728923798
-0.0754804015159607
-0.050206419080495834
-0.10258558392524719
-0.02750486508011818
-0.10002941638231277
-0.0654400885105133
-0.08159639686346054
-0.11854979395866394
-0.11091697216033936
-0.08165425807237625
0.2163657397031784
-0.006285352166742086
-0.07632038742303848
-0.06564844399690628
-0.11984603106975555
-0.09979981929063797
-0.04975799471139908
-0.06778385490179062
0.0004113503673579544
-0.11049660295248032
-0.08111170679330826
-0.09974783658981323
-0.08243311196565628
-0.0992930606007576
0.0030761035159230232
-0.0923127606511116
-0.07259994745254517
-0.08193735033273697
-0.09258494526147842
-0.07863883674144745
-0.0876854881644249
-0.09100893139839172
-0.046100273728370667
-0.07934991270303726
-0.10669728368520737
0.09453738480806351
-0.10205104202032089
-0.09341360628604889
-0.10482198745012283
-0.10613784193992615
0.051877185702323914
-0.07956934720277786
-0.09521549940109253
-0.06487112492322922
-0.0449017733335495
-0.11793907731771469
-0.07905352115631104
-0.052283477038145065
-0.028808504343032837
-0.11003277450799942
-0.05488954111933708
-0.0758935809135437
-0.01740073412656784
-0.08693695813417435
-0.08425729721784592
-0.11341408640146255
-0.09068259596824646
-0.06662183254957199
-0.1040225476026535
-0.0804940015077591
-0.10778200626373291
-0.14610041677951813
-0.26033565402030945
0.07342889904975891
-0.00047924587852321565
-0.10535668581724167
-0.08224881440401077
-0.07209086418151855
-0.028610024601221085
-0.07871495932340622
-0.08277568966150284
-0.000645450665615499
-0.08639722317457199
-0.08453730493783951
-0.1086643859744072
-0.1589193195104599
-0.1168326884508133
-0.00034245511051267385
-0.09495324641466141
-0.08988163620233536
-0.09835170209407806
-0.11472129076719284
-0.08352964371442795
-0.07986385375261307
-0.07889966666698456
-0.1049194410443306
0.016132917255163193
-0.08343645930290222
-0.0785786435008049
-0.09667831659317017
0.10025740414857864
-0.11829876899719238
-0.09001822024583817
-0.09965858608484268
-0.08173658698797226
-0.08171065896749496
-0.10945417732000351
-0.10676086694002151
-0.10074574500322342
-0.06681572645902634
-0.011371592059731483
-0.005545375868678093
0.003972987178713083
-0.08700481802225113
-0.09678196161985397
-0.08536802232265472
-0.08066477626562119
-0.07435951381921768
-0.07955717295408249
-0.013877077028155327
-0.07862206548452377
-0.09344734996557236
-0.10414784401655197
-0.08821369707584381
0.009480445645749569
0.008901423774659634
-0.017319221049547195
-0.08567710965871811
-0.10409822314977646
-0.04002983495593071
-0.09099644422531128
-0.054653409868478775
-0.08574873954057693
-0.11230716854333878
-0.10173039883375168
-0.09296484291553497
-0.09522859007120132
0.06909719854593277
-0.10391394793987274
-0.09787103533744812
0.0002097880933433771
-0.00317004113458097
-0.07086128741502762
-0.11367041617631912
0.0026584432926028967
-0.09274912625551224
-0.0631718710064888
-0.08518853038549423
-0.09721875935792923
0.0008390143630094826
-0.08339473605155945
-0.05637750402092934
-0.07408611476421356
0.00028758664848282933
-0.11961670219898224
0.0616527684032917
-0.11579166352748871
-0.09255137294530869
-0.08466719090938568
-0.07440584152936935
-0.02921885810792446
-0.07575427740812302
-0.023573240265250206
0.05503503233194351
-0.09378471970558167
-0.09150885045528412
0.0018165057990700006
-0.10571940243244171
-0.07670115679502487
-0.03314000740647316
-0.08969692885875702
-0.05860849469900131
-0.07655718177556992
-0.07829461246728897
-0.08158385753631592
-0.09083890169858932
0.08740220963954926
0.0008228908409364522
-0.09808632731437683
-0.06779272854328156
-0.0838669165968895
-0.09597201645374298
-0.10937293618917465
-0.09756482392549515
-0.08802849054336548
-0.08183319866657257
-0.4175058901309967
-0.11025146394968033
-0.09997598081827164
-0.09921407699584961
-0.06543934345245361
-0.11738774925470352
-0.08566511422395706
-0.08742070943117142
-0.003901855554431677
-0.05986253544688225
-0.10985773056745529
-0.09667643904685974
-0.08552046120166779
0.005525518208742142
-0.0824439749121666
-0.08226770162582397
-0.3531118631362915
-0.014323519542813301
0.00034987801336683333
0.0037641460075974464
-0.10908644646406174
-0.02141362987458706
-0.10431139916181564
-0.0971856564283371
-0.0997210144996643
-0.0959368571639061
-0.06375992298126221
-0.09280654788017273
-0.020639562979340553
-0.15190862119197845
-0.08498935401439667
-0.09371039271354675
-0.0841265618801117
-0.06604641675949097
-0.056797608733177185
-0.08953757584095001
-0.0036802266258746386
0.0006301867542788386
-0.0854567140340805
0.018900679424405098
-0.07380270212888718
-0.0977502316236496
-0.11285350471735
-0.06302329152822495
-0.0608014278113842
-0.09078791737556458
-0.08021514117717743
-0.09057514369487762
-0.10198373347520828
-0.09186077862977982
-0.09854575991630554
-0.11776798218488693
-0.4303632080554962
-0.09304849058389664
-0.0074448734521865845
0.06412044912576675
0.03650636225938797
0.027895182371139526
-0.09115295857191086
-0.06670759618282318
-0.08449772000312805
-0.06713927537202835
-0.0442245788872242
-0.04104337841272354
-0.022053103893995285
-0.05706779658794403
-0.10511277616024017
-0.1095372885465622
-0.10536094009876251
0.027809225022792816
-0.07283351570367813
-0.05514330416917801
-0.01319398544728756
-0.06290537118911743
-0.06391845643520355
-0.07959997653961182
-0.10896357893943787
-0.09602576494216919
-0.10583090782165527
-0.10520564019680023
-0.04494031146168709
-0.10422565042972565
-0.11683030426502228
-0.0829385370016098
0.10144723206758499
-0.04358658939599991
-0.089715875685215
0.08401205390691757
-0.48881101608276367
-0.06750359386205673
-0.08749814331531525
-0.07922226935625076
-0.053407419472932816
-0.10503972321748734
-0.14873003959655762
-0.07898347079753876
-0.0038279930595308542
-0.08375612646341324
-0.19934718310832977
-0.07360038161277771
-0.09295514971017838
-0.10916854441165924
-0.09408854693174362
-0.11409354954957962
-0.10366968810558319
-0.22416304051876068
-0.07267819344997406
-0.0996154323220253
-0.046597886830568314
-0.09928775578737259
-0.08417795598506927
-0.1111588105559349
-0.08809158205986023
-0.07516264915466309
-0.09803777188062668
-0.020705822855234146
-0.1086411252617836
0.0025349461939185858
-0.08650273829698563
-0.1437860131263733
-0.2952006757259369
-0.026204966008663177
-0.0028204103000462055
-0.09895988553762436
-0.10016442835330963
-0.0520470030605793
-0.10287453234195709
-0.11234373599290848
-0.052342236042022705
-0.11639980971813202
-0.07482078671455383
-0.0940541923046112
-0.09338365495204926
-0.027277547866106033
-0.4692592918872833
-0.08920182287693024
-0.09233827888965607
-0.06323797255754471
-0.10767699033021927
-0.0931907370686531
-0.11369943618774414
-0.0840039923787117
0.07377174496650696
-0.06180452182888985
0.1354304701089859
-0.08759962767362595
-0.0969233289361
-0.06357681006193161
-0.08554904162883759
-0.09111975133419037
-0.09643642604351044
-0.10565029084682465
-0.10997632890939713
-0.010375271551311016
-0.11889474838972092
0.04319731518626213
-0.046147771179676056
-0.9982061982154846
0.005775488447397947
-0.23469284176826477
-0.03824243322014809
-0.08635079860687256
-0.07684339582920074
-0.09477898478507996
-0.0733269676566124
-0.10668452084064484
-0.08582893759012222
-0.07951731979846954
-0.046340152621269226
-0.10228276997804642
-0.14437569677829742
-0.060078687965869904
-0.12981055676937103
-0.02440047264099121
-0.0901448130607605
-0.08382140845060349
-0.10061389207839966
-0.00309215160086751
-0.04575658589601517
-0.0741993710398674
-0.06367988884449005
-0.028236640617251396
-0.10046564042568207
-0.0818469300866127
-0.08590077608823776
-0.07501695305109024
-0.09840019047260284
-0.08572734892368317
-0.041947584599256516
-0.05833548307418823
-0.12252779304981232
-0.10705363005399704
-0.10040082782506943
-0.10157447308301926
-0.043388281017541885
-0.07593250274658203
-0.10544323176145554
-0.06703859567642212
-0.09278208762407303
