0.9962460994720459
1.4490766525268555
1.7808278799057007
2.568699359893799
2.014256477355957
1.243425965309143
0.8919535279273987
1.178275227546692
2.4133505821228027
2.147446870803833
1.4678441286087036
1.7002135515213013
0.9281491637229919
1.9221892356872559
1.3108937740325928
1.7259024381637573
1.403475284576416
1.5194251537322998
1.6631293296813965
2.163022994995117
1.6264194250106812
1.6306623220443726
1.1318714618682861
1.9856995344161987
1.0417122840881348
1.2472655773162842
2.4287679195404053
1.6950520277023315
1.2923778295516968
2.0120296478271484
1.264188528060913
1.1454328298568726
1.6680612564086914
1.9714590311050415
0.8516092300415039
2.467916488647461
1.525184154510498
1.2617617845535278
1.445002555847168
2.304752826690674
1.0174953937530518
1.6859583854675293
1.9300804138183594
1.93386971950531
1.2690703868865967
1.3008663654327393
2.0868372917175293
2.444117784500122
1.3454163074493408
1.1320992708206177
1.4236164093017578
1.8451988697052002
0.9838667511940002
1.462697982788086
1.6931829452514648
1.508261799812317
1.5253959894180298
1.6224634647369385
1.505517601966858
0.922477126121521
1.1042630672454834
2.627845287322998
1.3598450422286987
0.8331940174102783
1.194942831993103
1.917657732963562
1.1736547946929932
1.4907822608947754
1.3437035083770752
1.6285674571990967
1.1134445667266846
1.3834788799285889
1.588191032409668
1.7060203552246094
1.5883251428604126
1.1972246170043945
1.1200735569000244
1.9574412107467651
1.8401864767074585
1.1737060546875
1.2509164810180664
1.7867412567138672
1.1703475713729858
2.389479875564575
1.4006274938583374
1.4555288553237915
1.9801955223083496
1.1651060581207275
1.6751629114151
1.046177625656128
0.7956806421279907
1.2693580389022827
1.8807209730148315
1.60822594165802
1.710260272026062
1.2537940740585327
2.726310968399048
1.4190831184387207
1.9271632432937622
1.9343047142028809
1.1824226379394531
2.637388229370117
1.487449049949646
2.2154340744018555
2.879405975341797
1.368270993232727
1.9929953813552856
1.347633957862854
1.8610966205596924
1.0344743728637695
2.0061419010162354
1.5706031322479248
1.3182430267333984
1.8236443996429443
1.7252243757247925
1.1133190393447876
1.670648217201233
2.7006561756134033
2.1499969959259033
1.6884783506393433
1.2584028244018555
2.039182186126709
1.0844281911849976
1.3751647472381592
1.8824671506881714
1.5878911018371582
1.4090055227279663
1.9243141412734985
1.5510444641113281
2.6308107376098633
1.3629807233810425
1.3191108703613281
1.0538828372955322
1.399577021598816
0.9881402254104614
1.914958119392395
1.4824607372283936
1.804760456085205
1.4130054712295532
1.3445054292678833
1.1923388242721558
0.8415482640266418
1.1134616136550903
1.9163309335708618
1.504974603652954
1.977260947227478
2.5423989295959473
2.055295944213867
2.268944263458252
1.4405543804168701
1.4226382970809937
1.6965163946151733
1.6582828760147095
1.7045584917068481
1.8125483989715576
1.467732310295105
2.953380823135376
1.3439651727676392
1.1010963916778564
1.8261468410491943
1.46250319480896
1.693355679512024
1.4935376644134521
1.7769643068313599
1.747848391532898
1.8013888597488403
1.061676263809204
1.9438694715499878
1.1347973346710205
1.341288685798645
1.7963298559188843
1.6470471620559692
1.331122636795044
2.30060076713562
1.5265369415283203
1.7071304321289062
1.4979588985443115
0.9619004726409912
2.2312145233154297
1.3116511106491089
1.310224175453186
2.135054588317871
1.5933321714401245
1.6202905178070068
1.7137303352355957
1.0861787796020508
1.3668978214263916
1.704267978668213
1.4124770164489746
1.4366683959960938
2.4366679191589355
1.3755351305007935
1.5677796602249146
1.4176584482192993
1.1383380889892578
2.258908987045288
1.645089864730835
1.1050693988800049
1.5501248836517334
1.9335943460464478
1.726477861404419
1.3506938219070435
1.3854026794433594
2.272779703140259
1.5198386907577515
3.4688658714294434
1.0433313846588135
1.6295721530914307
2.2324202060699463
1.617130160331726
1.3144973516464233
0.9611700177192688
1.333475947380066
1.1214182376861572
1.3294649124145508
2.5465123653411865
1.6473931074142456
1.2296491861343384
1.0431525707244873
1.788865089416504
2.287257432937622
1.7956780195236206
1.560017704963684
2.1664113998413086
1.9913867712020874
2.4691061973571777
1.741115927696228
1.2970987558364868
1.2441949844360352
2.063192844390869
1.7176287174224854
2.992119073867798
1.5704177618026733
1.7015712261199951
1.9143346548080444
0.9681563377380371
1.0368880033493042
2.2699787616729736
1.1682133674621582
1.5904563665390015
1.9764586687088013
1.7028021812438965
1.5587135553359985
1.6376640796661377
2.233095407485962
1.9650312662124634
1.5861601829528809
1.290104627609253
2.261683940887451
2.340811252593994
1.4585376977920532
1.6965080499649048
0.9668866991996765
2.639747142791748
1.7056434154510498
2.3001086711883545
1.9897898435592651
1.8558205366134644
1.154557228088379
1.1118464469909668
1.2543790340423584
1.5221195220947266
1.4623688459396362
1.0974498987197876
2.3175742626190186
1.6530476808547974
2.3256256580352783
1.09297776222229
0.7874738574028015
1.3408242464065552
1.2014058828353882
2.2346768379211426
1.5994534492492676
1.3088892698287964
1.3196303844451904
1.2673393487930298
2.1070058345794678
1.1297334432601929
1.90614652633667
1.6460821628570557
1.4942954778671265
1.6655070781707764
2.727834939956665
1.4544821977615356
1.5392162799835205
1.0570900440216064
1.4322727918624878
1.8845746517181396
1.7128156423568726
2.1484344005584717
1.223382830619812
1.5353611707687378
1.7572476863861084
1.5123344659805298
1.4991858005523682
1.919057011604309
1.692237138748169
1.3021985292434692
2.0345089435577393
1.334958791732788
2.2743945121765137
0.9933265447616577
1.6435997486114502
1.5785696506500244
1.6508991718292236
1.8073419332504272
1.6050561666488647
1.4883458614349365
1.8529752492904663
1.3236181735992432
2.082005262374878
1.1879289150238037
1.2769726514816284
1.4332433938980103
2.37880802154541
1.3444472551345825
2.3664615154266357
1.2862677574157715
1.1885827779769897
1.7198173999786377
1.7767361402511597
1.1278797388076782
1.6816120147705078
1.3247168064117432
1.6613271236419678
1.879630208015442
1.1791729927062988
1.482643961906433
1.9876339435577393
1.6865161657333374
1.754361629486084
1.5507498979568481
0.8640191555023193
1.8998051881790161
1.2037475109100342
2.0176844596862793
1.6352317333221436
2.268364906311035
1.4185580015182495
2.0352814197540283
1.6042931079864502
1.0334528684616089
1.7463369369506836
1.8854037523269653
1.3523647785186768
1.4497219324111938
1.0877729654312134
1.2779009342193604
1.5263599157333374
2.3569319248199463
0.9539146423339844
1.7509822845458984
1.1507443189620972
1.9926483631134033
0.8784669041633606
1.3902372121810913
1.5732468366622925
1.9928326606750488
1.5092629194259644
1.1126254796981812
1.7481201887130737
1.5884634256362915
1.492416501045227
1.7309292554855347
3.0279839038848877
1.6606533527374268
3.1272003650665283
1.9912898540496826
1.7737021446228027
2.0603833198547363
1.3823449611663818
1.2085890769958496
1.4840970039367676
1.281253695487976
0.8229262232780457
1.502981424331665
1.7200026512145996
1.2526618242263794
1.511601209640503
1.18026864528656
1.4685081243515015
1.640891671180725
1.4309051036834717
2.1438698768615723
1.8141968250274658
0.8898199200630188
2.2758543491363525
1.6761587858200073
2.649049997329712
1.456835150718689
2.337806463241577
1.4698569774627686
1.1922898292541504
1.4807066917419434
1.1208910942077637
1.5653043985366821
1.4143122434616089
1.4589974880218506
1.2642033100128174
1.1819727420806885
1.1276589632034302
1.4237005710601807
1.5851436853408813
1.3930943012237549
1.4492027759552002
1.3555216789245605
2.752857208251953
1.4879982471466064
2.0668489933013916
1.1939423084259033
1.938019871711731
1.2974354028701782
1.7455875873565674
1.5907832384109497
1.8540140390396118
1.972564935684204
1.171723484992981
1.2033506631851196
3.406648635864258
1.5469965934753418
1.456818699836731
1.8466016054153442
1.025253176689148
1.2181545495986938
1.7060835361480713
1.2505457401275635
1.1333141326904297
1.203324317932129
2.491389751434326
2.4904732704162598
1.0716885328292847
1.3058990240097046
2.4619228839874268
1.1803560256958008
1.5600600242614746
1.8692976236343384
1.6441688537597656
0.9712796807289124
1.126303791999817
1.3190709352493286
1.5065789222717285
2.3064231872558594
1.516667366027832
1.6094131469726562
1.486049771308899
1.6190502643585205
1.190407156944275
1.3774856328964233
2.2996795177459717
2.1756789684295654
1.3346662521362305
1.4118852615356445
2.030815839767456
0.8596994876861572
1.4362852573394775
1.7506728172302246
2.0656511783599854
1.813431978225708
1.6205896139144897
1.7114617824554443
1.6399065256118774
1.500085711479187
1.0363435745239258
1.5188206434249878
2.070979595184326
1.532233476638794
0.9926652312278748
1.3540059328079224
1.0901001691818237
1.2105361223220825
1.491657018661499
1.1808195114135742
1.118066430091858
1.522736668586731
2.182840585708618
1.4569202661514282
1.5300148725509644
0.8520813584327698
1.5061285495758057
1.726122498512268
1.1301621198654175
1.4600205421447754
1.7153674364089966
0.8838042616844177
1.6004307270050049
1.3382153511047363
1.4341868162155151
1.6329766511917114
1.5812162160873413
1.1014361381530762
2.0245649814605713
1.4590284824371338
1.4621225595474243
1.5284664630889893
1.7108185291290283
1.3188459873199463
2.1892430782318115
1.4253339767456055
2.414823293685913
1.0905053615570068
1.5394644737243652
1.4640698432922363
2.1701583862304688
1.063450574874878
1.2955191135406494
1.3358616828918457
1.200480580329895
1.476547122001648
1.3327081203460693
0.8777206540107727
1.6209471225738525
1.5251096487045288
1.232301950454712
1.9433075189590454
1.8390460014343262
1.2987695932388306
1.2216098308563232
1.4272657632827759
2.074836492538452
1.952172875404358
1.4424766302108765
1.4220715761184692
1.8873356580734253
2.390913724899292
1.1989747285842896
1.2519385814666748
1.2882022857666016
1.569786787033081
1.3625166416168213
1.2505091428756714
1.1150121688842773
1.3926349878311157
1.4225693941116333
2.5506129264831543
1.6964751482009888
2.0960264205932617
1.315582036972046
3.0898358821868896
2.3581109046936035
1.43770432472229
1.5466328859329224
0.8897818326950073
0.9316750168800354
1.4010303020477295
1.7167162895202637
1.335757851600647
1.1038916110992432
1.5439038276672363
1.043770670890808
2.0082130432128906
2.343600273132324
2.3618743419647217
1.1188766956329346
1.3328427076339722
1.4924510717391968
1.3853850364685059
1.1355656385421753
1.8802964687347412
2.2031803131103516
2.87797212600708
1.4465961456298828
1.8734160661697388
1.7683429718017578
1.7291479110717773
1.346117377281189
1.639248013496399
1.425297737121582
1.3181480169296265
2.030660390853882
1.2014003992080688
1.4263765811920166
1.4835959672927856
1.2333914041519165
1.9741573333740234
1.8897323608398438
1.6329550743103027
1.4990112781524658
1.7307170629501343
1.6516014337539673
1.0056339502334595
1.3085218667984009
1.996124267578125
1.0704646110534668
1.4091325998306274
1.4624042510986328
1.594035029411316
1.244342565536499
1.3255406618118286
1.176544427871704
1.5543849468231201
1.3809306621551514
1.9737019538879395
1.7973672151565552
2.0590450763702393
1.2954018115997314
1.8412714004516602
1.1004347801208496
1.3594709634780884
1.2711082696914673
1.3542182445526123
1.143189549446106
1.3080135583877563
2.031719207763672
2.1772069931030273
1.522016167640686
1.7605304718017578
0.9784485697746277
1.1493319272994995
0.984542727470398
1.7392621040344238
1.2353335618972778
1.3172149658203125
1.286380648612976
1.3042786121368408
1.4857385158538818
1.527962565422058
1.8087564706802368
1.8898578882217407
1.809449553489685
1.4643727540969849
1.5458581447601318
1.513410210609436
2.0534825325012207
1.6023653745651245
1.4394091367721558
1.8459724187850952
1.4070799350738525
1.6748236417770386
1.5633337497711182
1.6452213525772095
2.566323757171631
1.506691813468933
1.2408639192581177
0.8768457770347595
1.7128695249557495
1.1578820943832397
1.2371084690093994
1.3745050430297852
1.1012952327728271
1.2284140586853027
1.698283076286316
2.351247549057007
1.1792709827423096
2.1766555309295654
1.6766759157180786
1.4603540897369385
2.0680696964263916
1.4031386375427246
1.7766897678375244
2.78094744682312
1.314673662185669
1.5176000595092773
1.2032767534255981
1.6743228435516357
0.9947681427001953
1.5328282117843628
2.26131010055542
1.3050930500030518
1.4756842851638794
2.0680408477783203
1.1113258600234985
1.6862695217132568
1.1142007112503052
1.3389211893081665
1.4116146564483643
2.0159921646118164
1.7532442808151245
2.632194757461548
1.6207683086395264
2.618943929672241
1.649296760559082
1.5086530447006226
1.84637451171875
1.4411964416503906
1.4074084758758545
1.8471050262451172
1.3909859657287598
2.6139068603515625
1.1961623430252075
2.267529249191284
2.008648633956909
2.6523821353912354
2.237339973449707
1.64599609375
1.8010183572769165
2.3963840007781982
0.9513254165649414
0.9432938694953918
1.1013556718826294
1.488128662109375
1.0689458847045898
2.4086830615997314
2.476198434829712
2.6091623306274414
2.6293118000030518
1.769870400428772
0.9871507883071899
1.8756498098373413
1.5870158672332764
1.414603590965271
1.3441274166107178
1.5190417766571045
1.810314416885376
1.7043424844741821
2.9780681133270264
1.4336419105529785
1.6207183599472046
1.835580587387085
2.154787540435791
1.3399555683135986
1.5803046226501465
1.5097765922546387
1.6056162118911743
1.9647022485733032
1.8571056127548218
2.158747911453247
1.597518801689148
1.70589017868042
0.9792305827140808
1.541453242301941
1.7522077560424805
1.8829787969589233
1.42030668258667
1.2824149131774902
1.6723339557647705
1.5727900266647339
1.1330835819244385
1.3687386512756348
2.4302003383636475
1.5063509941101074
1.4737211465835571
1.5398036241531372
1.6453367471694946
1.8630940914154053
1.2271806001663208
1.5147312879562378
1.7425296306610107
1.48888099193573
1.2081290483474731
1.3981645107269287
2.4072914123535156
1.4205584526062012
1.880581021308899
2.641291379928589
1.667610764503479
1.559098720550537
1.6000325679779053
1.4892394542694092
1.875821590423584
1.1779565811157227
1.7237731218338013
1.7188875675201416
1.049617052078247
1.594812035560608
1.9116315841674805
1.7804763317108154
1.4012244939804077
1.7806179523468018
1.9002288579940796
2.2715961933135986
1.3996779918670654
1.229458212852478
1.6258904933929443
1.370737075805664
0.9626684784889221
1.729905605316162
1.381380319595337
1.573522925376892
1.3873460292816162
2.343778133392334
1.1106455326080322
1.7535052299499512
1.280028223991394
2.1054108142852783
1.4357354640960693
1.6545382738113403
1.604009985923767
1.3104008436203003
3.111436605453491
1.3133769035339355
1.9657490253448486
1.6001338958740234
1.4074456691741943
1.3552625179290771
1.7365535497665405
1.6470177173614502
1.2656967639923096
1.3247431516647339
1.9679090976715088
1.0500094890594482
1.6908284425735474
1.6805355548858643
1.2182971239089966
1.473960518836975
1.7054401636123657
2.1945724487304688
1.9003145694732666
1.2996251583099365
1.3894580602645874
1.3298192024230957
1.785966157913208
1.2230052947998047
1.163629412651062
1.039986252784729
2.980581760406494
1.4151474237442017
1.610312581062317
1.0786136388778687
1.4543895721435547
1.8454115390777588
1.2014377117156982
1.559281826019287
1.4993082284927368
0.9680131077766418
1.3192168474197388
2.234299898147583
1.6542351245880127
1.5967090129852295
1.062602162361145
1.088267207145691
1.8660186529159546
2.208906412124634
1.6028965711593628
1.7724144458770752
1.1896919012069702
1.1514832973480225
1.950723648071289
2.9937243461608887
1.1705024242401123
2.0203640460968018
1.7155355215072632
1.7569780349731445
1.4358861446380615
1.6881177425384521
1.4121822118759155
1.368584156036377
0.8121806383132935
1.8465367555618286
2.123718023300171
1.9105762243270874
2.001706838607788
2.1571052074432373
1.4580146074295044
2.0932202339172363
1.4001972675323486
1.5181785821914673
1.7750942707061768
1.2384552955627441
2.018742799758911
1.2505391836166382
2.072826623916626
1.9199988842010498
1.8788855075836182
1.5317519903182983
1.5865144729614258
1.4042385816574097
1.4347583055496216
1.6175466775894165
1.6433207988739014
1.602455735206604
1.2067400217056274
1.5191679000854492
1.1527941226959229
2.2816314697265625
1.6375596523284912
1.816145896911621
2.0390541553497314
1.708860158920288
1.6045221090316772
1.3155819177627563
1.6523196697235107
1.4898879528045654
1.098304271697998
0.9508723616600037
1.4545097351074219
2.092592239379883
1.4080026149749756
1.7764946222305298
1.5893064737319946
0.8434120416641235
1.3375014066696167
1.0058820247650146
1.406528353691101
1.6348518133163452
1.4548484086990356
0.7613952159881592
1.7791246175765991
2.0677287578582764
1.5182520151138306
1.6416347026824951
1.5502104759216309
1.929822325706482
1.616024374961853
1.5382204055786133
1.2143919467926025
1.2500606775283813
1.2392221689224243
1.1207377910614014
1.419705867767334
1.572838306427002
1.5830265283584595
2.1060354709625244
1.9619081020355225
1.371024489402771
2.131438970565796
1.0624148845672607
1.9324381351470947
2.162134885787964
2.17073917388916
1.415204644203186
1.306308388710022
1.5596818923950195
1.225543737411499
2.690659523010254
1.4319318532943726
1.4440468549728394
2.023509979248047
1.1316757202148438
1.6763445138931274
1.8529490232467651
2.437314748764038
1.8537834882736206
2.040266275405884
1.3484718799591064
1.0359188318252563
1.3979969024658203
1.5536149740219116
1.1336709260940552
1.8579870462417603
1.5785523653030396
1.0805009603500366
1.2596168518066406
1.1262396574020386
1.931740641593933
1.3025349378585815
1.6222929954528809
2.1572256088256836
1.0886914730072021
1.6876320838928223
2.0177738666534424
0.9184213280677795
1.9554084539413452
1.5255935192108154
1.3499281406402588
2.1027650833129883
2.088291883468628
1.6610784530639648
1.1040340662002563
1.542801856994629
1.341233491897583
0.8451533913612366
1.4052976369857788
1.3885581493377686
2.7378015518188477
1.7044206857681274
1.7115707397460938
1.4127811193466187
1.1633210182189941
1.7680054903030396
0.9585525393486023
1.3248957395553589
1.1368614435195923
1.268540620803833
1.587886095046997
1.501214623451233
1.6571686267852783
1.6048383712768555
1.362684726715088
1.4407649040222168
2.4657671451568604
1.4284491539001465
1.6430168151855469
2.103299617767334
1.3617233037948608
1.330277919769287
1.9996459484100342
1.466973066329956
1.5305885076522827
1.6584854125976562
1.409303903579712
1.1579766273498535
1.2970119714736938
2.395948886871338
1.4704058170318604
1.9866999387741089
1.226235270500183
1.2297255992889404
1.6071704626083374
1.2480247020721436
1.251112699508667
2.323887825012207
1.0936239957809448
1.8378404378890991
1.278395414352417
1.3832639455795288
1.8121191263198853
2.46199369430542
2.019280195236206
0.944471001625061
1.782994031906128
1.7515089511871338
1.7552454471588135
1.5929352045059204
0.7279123067855835
1.473753809928894
3.002545118331909
1.4886882305145264
1.1876375675201416
1.7576895952224731
1.7916254997253418
1.6321516036987305
1.8208725452423096
1.608086347579956
1.2655844688415527
1.4474728107452393
2.372023820877075
1.840985894203186
1.9921001195907593
1.0654501914978027
1.5539368391036987
1.8894935846328735
1.2263226509094238
1.4521162509918213
1.211164116859436
1.7833553552627563
1.432106852531433
1.9124009609222412
1.4818867444992065
1.255204200744629
1.6823077201843262
1.587243914604187
1.6314339637756348
1.5677595138549805
2.800699234008789
0.8398487567901611
1.209725260734558
1.0244263410568237
1.4188265800476074
2.140371084213257
1.6136149168014526
1.6052117347717285
2.747835874557495
1.5481009483337402
1.3982696533203125
1.046583890914917
2.004934787750244
1.7311350107192993
2.1523525714874268
2.210087299346924
1.9712010622024536
1.3601363897323608
2.8284263610839844
1.6404035091400146
1.565015435218811
1.456831455230713
1.3936766386032104
1.4370179176330566
2.3051605224609375
2.841282844543457
2.1437249183654785
2.320664882659912
0.8518065810203552
1.755593180656433
0.9786320924758911
1.748643159866333
1.6732524633407593
1.2138338088989258
1.7179114818572998
2.3091509342193604
1.772015929222107
1.9703114032745361
1.8663066625595093
2.046359062194824
2.482509136199951
2.708014488220215
1.8568470478057861
1.7540870904922485
1.2914917469024658
1.4852654933929443
1.426476240158081
1.3276264667510986
1.5563580989837646
1.7286359071731567
1.6321415901184082
1.6941053867340088
1.1838412284851074
1.957282543182373
2.6861355304718018
1.4906846284866333
1.470500111579895
1.9769082069396973
1.9376506805419922
1.7317384481430054
1.8142231702804565
2.3164875507354736
1.6558711528778076
1.2147175073623657
1.302144169807434
1.1087552309036255
0.9587479829788208
1.8308885097503662
1.0678596496582031
1.5061092376708984
0.8322227001190186
1.583640456199646
1.6801470518112183
2.0959699153900146
1.531945824623108
1.6823025941848755
2.330176830291748
3.0303092002868652
1.5032470226287842
2.334350347518921
1.5407496690750122
2.101977825164795
1.239076018333435
1.1819993257522583
1.7673691511154175
1.1409990787506104
1.8412017822265625
1.369653582572937
1.337101936340332
1.739734411239624
1.5475599765777588
2.205845594406128
2.0026073455810547
1.9060534238815308
1.8509231805801392
0.9075199365615845
1.6281954050064087
1.9427061080932617
1.500110149383545
2.58968448638916
2.2141833305358887
2.260334014892578
1.9246742725372314
1.5435783863067627
1.3041850328445435
1.1100671291351318
1.3085665702819824
1.4920156002044678
1.2901257276535034
2.944744825363159
1.5516929626464844
1.0223908424377441
1.8769088983535767
1.1511642932891846
1.1897847652435303
1.0716723203659058
1.7335431575775146
1.5610089302062988
1.517167329788208
