0.5513646006584167
0.43607693910598755
0.22394779324531555
0.04536241292953491
0.12421855330467224
0.3399048149585724
0.3452150821685791
0.8191710710525513
0.17603930830955505
0.49874451756477356
0.40869957208633423
1.0039414167404175
-0.20865170657634735
-0.2798759937286377
0.33655694127082825
0.5030468702316284
1.0720092058181763
-0.7644686698913574
0.18220607936382294
0.18404072523117065
0.3113708794116974
0.6070877313613892
-0.5280539989471436
0.2044115513563156
-0.07838688045740128
0.1279720664024353
0.5130923986434937
0.24957413971424103
-0.028671929612755775
0.05860330909490585
0.3246455490589142
0.2650304138660431
0.2744568884372711
-0.1511751413345337
0.7797898650169373
0.5071019530296326
0.5147609710693359
0.49304860830307007
0.3824482262134552
-0.436357706785202
0.15481945872306824
0.5598281025886536
-0.01096200942993164
0.3229982554912567
0.3898606300354004
0.14050066471099854
-0.34975701570510864
-0.018175771459937096
