0.11819282174110413
0.0356471985578537
-0.2629394233226776
0.1893303543329239
0.111896812915802
-0.2953648567199707
0.08530094474554062
-0.04109170660376549
-0.12730416655540466
-0.00024881953140720725
0.14143486320972443
-0.11894262582063675
-0.06884662806987762
0.17073209583759308
-0.21238626539707184
-0.025007328018546104
0.26600828766822815
0.12480522692203522
-0.1869356781244278
0.021925318986177444
-0.09155425429344177
-0.016233164817094803
-0.16783498227596283
0.12941056489944458
-0.19530685245990753
0.03083655796945095
0.21043196320533752
-0.4146040976047516
-0.18726398050785065
0.12240307778120041
-0.1596144288778305
-0.12501978874206543
0.13782785832881927
-0.23026743531227112
-0.08457591384649277
-0.08540817350149155
0.1583896428346634
0.08870566636323929
0.1729266196489334
-0.1582152098417282
0.02801106497645378
-0.0024922790471464396
0.0554940365254879
0.14472167193889618
-0.10923225432634354
-0.1917933225631714
-0.0009897173149511218
-0.13688014447689056
0.06939008086919785
0.2011125087738037
-0.010205629281699657
-0.15275919437408447
-0.12564903497695923
0.37411773204803467
0.05390235781669617
-0.01808002218604088
0.017199024558067322
-0.11397123336791992
0.3809659779071808
0.026475343853235245
0.037511374801397324
-0.17126360535621643
0.039705559611320496
0.3329762816429138
0.061294786632061005
0.009722407907247543
-0.24646002054214478
-0.05724001303315163
0.24492111802101135
0.06536506116390228
0.26401931047439575
0.14884334802627563
-0.2506227195262909
-0.05624400079250336
-0.3924664556980133
-0.01492879819124937
0.20488274097442627
-0.10639198869466782
0.1285277009010315
-0.08415720611810684
-0.029645979404449463
0.09300438314676285
-0.26932406425476074
-0.17434725165367126
-0.12244898825883865
-0.22281455993652344
-0.09885511547327042
0.04580163210630417
-0.024697478860616684
-0.020625125616788864
-0.047655221074819565
0.019198287278413773
-0.006455504801124334
0.017569029703736305
-0.06264850497245789
-0.05478938668966293
-0.1307295858860016
0.06256165355443954
0.11753692477941513
-0.10652456432580948
-0.20505258440971375
0.09513767063617706
-0.045430611819028854
0.00804671086370945
-0.1905050128698349
-0.12426834553480148
-0.0017479854868724942
0.06685003638267517
-0.15822266042232513
0.03322068229317665
-0.12075651437044144
-0.09954182803630829
0.07381287217140198
-0.07227172702550888
-0.22503544390201569
-0.12829500436782837
0.0979682207107544
-0.07089168578386307
0.14069120585918427
-0.2542930543422699
-0.07028380781412125
0.28587692975997925
0.14473383128643036
0.25337284803390503
0.1824282705783844
0.2764625549316406
-0.29369956254959106
0.23669420182704926
0.3425360321998596
0.07348797470331192
0.22492052614688873
-0.14455752074718475
0.0029873764142394066
0.0019336265977472067
0.07197228074073792
-0.10839863121509552
0.17936357855796814
-0.17400071024894714
0.003855412593111396
0.04501926898956299
0.10530370473861694
0.06143060326576233
-0.09516914933919907
0.033600930124521255
0.06897872686386108
0.18984344601631165
-0.03891674801707268
0.04071508347988129
-0.13132734596729279
0.08259674906730652
0.060221824795007706
-0.06755475699901581
0.0558062344789505
-0.12919467687606812
0.08185550570487976
0.09183355420827866
-0.0982777327299118
-0.1272011250257492
-0.21287494897842407
0.06024422124028206
-0.07263268530368805
-0.036208756268024445
0.1496754288673401
0.1857633888721466
0.006405736319720745
0.04365961626172066
-0.19227105379104614
0.16912108659744263
-0.04409656673669815
0.038123875856399536
-0.030916621908545494
-0.13144993782043457
-0.0023212458472698927
-0.23807206749916077
0.2508859634399414
-0.11526421457529068
-0.03239476680755615
-0.01343209482729435
0.16971765458583832
0.06418657302856445
-0.027357537299394608
0.10838746279478073
-0.045038748532533646
-0.1098352000117302
-0.08117049932479858
0.027637457475066185
-0.11142365634441376
-0.10608942061662674
0.1659116894006729
0.28671497106552124
0.15350845456123352
0.1022147387266159
