-0.12358267605304718
-0.22468456625938416
0.10624178498983383
0.0736941322684288
0.1909644901752472
-1.0795025825500488
0.14463850855827332
-0.3233536183834076
-0.07296055555343628
0.6236174702644348
0.4953456223011017
-0.0898200199007988
-0.564698338508606
0.8589898943901062
-0.5771186947822571
-0.2857525944709778
0.32580068707466125
0.4237920343875885
0.5681231617927551
0.37386828660964966
0.28916269540786743
-0.15451669692993164
0.1377338320016861
0.6028506755828857
0.16764429211616516
0.3055829107761383
0.7174890637397766
-0.7148907780647278
-0.5602977275848389
-0.36933639645576477
-0.5180844664573669
-0.14962252974510193
0.17065763473510742
-0.7236179113388062
-0.15812397003173828
1.0056934356689453
-0.27664828300476074
-0.5475958585739136
0.05886783078312874
-0.5009353756904602
0.8926421403884888
0.7367873787879944
-0.12321221828460693
-0.5475475192070007
-0.3875793516635895
0.7063074707984924
-0.1810634434223175
-0.4654735326766968
0.04001601040363312
1.0322349071502686
-0.024613123387098312
-1.0321400165557861
0.1666124016046524
0.4326213598251343
0.08887091279029846
0.27092036604881287
0.30920571088790894
-0.05555901676416397
0.6971042156219482
-0.6067799925804138
0.5499285459518433
-0.08901983499526978
0.2894326150417328
2.8308632373809814
-0.25243332982063293
-0.19201777875423431
0.1061488538980484
-0.43238919973373413
0.1461426019668579
-0.06052669882774353
1.1041676998138428
1.0171866416931152
-1.355419397354126
-0.4648963510990143
-1.354623794555664
-0.12252435088157654
0.26494601368904114
-1.1000760793685913
-0.04154759272933006
-0.15241855382919312
-0.7541223168373108
0.5045028924942017
-0.7033510208129883
0.03889976441860199
0.3473004698753357
-0.11217709630727768
-0.142070934176445
0.1918255090713501
-0.4472102224826813
-0.6976029872894287
-0.08225281536579132
-0.09724190831184387
0.04585354030132294
-0.48708415031433105
0.6121063232421875
-1.0441193580627441
-0.4027767777442932
-0.25262129306793213
0.30380979180336
0.062530018389225
-0.5777043700218201
0.6511302590370178
-0.07937128841876984
0.29870498180389404
-0.4288332164287567
0.18246547877788544
0.24118950963020325
0.4214610755443573
-0.4356819987297058
0.22728678584098816
0.6430554389953613
-0.1766659915447235
-0.16566503047943115
0.7538416981697083
-1.1745593547821045
-0.3080578148365021
-0.06260254979133606
-0.3580193519592285
-0.03597696125507355
-0.26650846004486084
0.12344593554735184
0.952458381652832
0.018457015976309776
0.18823345005512238
0.3874049484729767
1.674119234085083
-1.8327763080596924
0.11304058134555817
1.0757899284362793
0.060782451182603836
0.1301829069852829
-0.7619834542274475
-0.42527952790260315
0.7630655169487
1.1126644611358643
-0.5790055394172668
0.8477358222007751
-0.09770769625902176
-0.43040287494659424
-0.37997227907180786
-0.216030091047287
0.2073703557252884
-0.4812733232975006
0.17742663621902466
-0.25179749727249146
0.7568495869636536
-0.06480902433395386
-0.24620801210403442
0.9296857714653015
0.23492108285427094
0.47058743238449097
-0.03231311962008476
0.10262511670589447
0.0068480768240988255
-0.6596583724021912
-0.9810182452201843
-0.8127261400222778
-0.22867617011070251
-0.8455007076263428
-0.44321492314338684
-0.34762200713157654
-0.8491880297660828
0.14385032653808594
0.4312957525253296
-0.09792031347751617
0.04813050106167793
-0.5612316131591797
0.3339000344276428
0.24620327353477478
-0.44258859753608704
0.7904109954833984
-0.2039526402950287
1.0350301265716553
-0.7969027757644653
0.9647960662841797
0.18548478186130524
0.17438381910324097
0.05163287743926048
-0.2625543475151062
-0.9702864289283752
0.17174698412418365
-0.23948019742965698
0.31205102801322937
-0.771475076675415
-0.3415616452693939
-0.1468837410211563
-0.163781076669693
-0.974206268787384
0.16777043044567108
0.9483749270439148
-0.15672889351844788
0.34769073128700256
