2.018218517303467
1.3862868547439575
1.8041095733642578
1.7314283847808838
1.653390645980835
1.8152685165405273
1.2992825508117676
1.7885981798171997
1.6533654928207397
1.1626732349395752
1.77432119846344
1.568415880203247
1.5740262269973755
2.172701358795166
1.5799120664596558
1.7876932621002197
1.9243158102035522
2.0263402462005615
2.138394832611084
1.652623176574707
1.5759352445602417
1.9525783061981201
0.9655182361602783
2.089505910873413
2.1690897941589355
1.0871391296386719
1.9750510454177856
2.11338472366333
1.3464763164520264
1.2082405090332031
1.544593334197998
1.5872507095336914
1.8069509267807007
1.5655993223190308
1.7096889019012451
1.5071033239364624
2.0239365100860596
1.1672648191452026
1.9853029251098633
1.7815829515457153
1.8652281761169434
1.4067847728729248
1.7384086847305298
2.2775399684906006
1.5665098428726196
1.6255483627319336
1.5365879535675049
1.4766525030136108
1.2687865495681763
1.9834431409835815
1.7124508619308472
1.8071597814559937
1.3231165409088135
1.8820685148239136
2.079636812210083
1.7984613180160522
1.7331266403198242
1.788846492767334
1.8488329648971558
1.9879094362258911
1.062912940979004
1.6809475421905518
1.9010285139083862
3.9367735385894775
1.7022209167480469
1.569136619567871
1.1436858177185059
1.7767776250839233
2.0163991451263428
1.9638174772262573
2.7463619709014893
1.383880853652954
1.8845692873001099
1.862366795539856
2.815706491470337
1.6499842405319214
1.805365800857544
1.954166054725647
1.8471648693084717
1.8847826719284058
2.1248350143432617
2.039271831512451
1.3921387195587158
1.6477813720703125
1.8431519269943237
1.733718752861023
1.8106034994125366
1.815837025642395
1.7472195625305176
1.9873062372207642
1.776039958000183
1.6319260597229004
1.2381811141967773
1.7172220945358276
2.039628267288208
1.8806085586547852
1.7316453456878662
1.884879231452942
2.0292258262634277
0.9899652600288391
1.8024815320968628
1.784818172454834
1.8400890827178955
1.7271842956542969
1.7278577089309692
1.7742042541503906
1.5085597038269043
1.996196985244751
1.821442723274231
1.7868378162384033
1.8766660690307617
1.6204496622085571
1.7072932720184326
1.8052749633789062
2.1397640705108643
1.4258943796157837
1.7022048234939575
1.124929428100586
1.3244534730911255
1.8157048225402832
1.524533987045288
2.1742429733276367
1.559662938117981
1.5610312223434448
1.6654229164123535
1.2563843727111816
2.7351644039154053
1.7736964225769043
2.0075759887695312
1.0508979558944702
1.8457531929016113
2.0366265773773193
1.7353309392929077
1.6980607509613037
1.7888346910476685
1.47383713722229
2.049278736114502
1.9054226875305176
1.688063144683838
1.706913709640503
1.9244409799575806
1.3427222967147827
1.7999072074890137
1.6541543006896973
1.6267001628875732
1.8864506483078003
1.9547170400619507
1.8101547956466675
1.4937986135482788
1.8337385654449463
2.359541416168213
1.5446912050247192
1.5152066946029663
1.99850594997406
1.9418721199035645
1.2876811027526855
1.9771074056625366
1.275529384613037
2.029993772506714
1.8244714736938477
1.898727297782898
1.6103967428207397
1.5154980421066284
1.713672161102295
1.5737745761871338
1.7671064138412476
1.5812208652496338
1.4279460906982422
1.8693535327911377
1.7665504217147827
1.4092530012130737
1.6740857362747192
1.9150984287261963
1.5062336921691895
1.2925267219543457
1.7425097227096558
1.6706790924072266
1.8039131164550781
1.1865922212600708
2.168830156326294
1.2385979890823364
1.6915783882141113
1.7417242527008057
1.7921373844146729
1.363261342048645
1.750038504600525
2.004814624786377
1.9438912868499756
1.8638596534729004
1.9713971614837646
1.720446228981018
1.843550443649292
