1.1085833311080933
0.845196545124054
1.1301854848861694
0.7116177678108215
0.25262922048568726
1.109207272529602
1.258215308189392
1.1637314558029175
1.1898484230041504
1.3331722021102905
1.2712745666503906
0.8320578336715698
0.9822868704795837
0.8476393222808838
0.9034624695777893
0.998028576374054
1.1018723249435425
0.8333151340484619
1.199438452720642
1.1557743549346924
0.9344711899757385
1.0263229608535767
1.0314626693725586
1.0530447959899902
0.9858824610710144
1.1985377073287964
1.3345153331756592
1.2426891326904297
1.0272859334945679
1.0168896913528442
0.30624502897262573
0.5724478363990784
1.4105421304702759
1.2337348461151123
1.1134450435638428
1.3196988105773926
0.7806968688964844
0.879296600818634
1.2897491455078125
1.2021152973175049
1.1178503036499023
0.7777743935585022
0.9911285638809204
1.0590007305145264
1.2809327840805054
0.6523034572601318
1.1231821775436401
1.2711539268493652
1.1705012321472168
0.8629201650619507
0.7492945194244385
0.878787636756897
0.9267228245735168
0.8666772842407227
1.3049644231796265
0.8958774209022522
0.7325741648674011
0.7518156170845032
1.135601282119751
1.1513330936431885
1.1850671768188477
0.9468401074409485
0.1860572099685669
1.2689621448516846
1.2939447164535522
0.6591223478317261
0.7529194355010986
1.271180272102356
1.0374118089675903
1.061987280845642
0.7194820046424866
1.1641994714736938
0.35146230459213257
1.2208625078201294
1.1616499423980713
0.7705020308494568
0.8500068187713623
0.9164289832115173
1.2849457263946533
1.1317652463912964
0.9589830040931702
1.3453186750411987
0.4666338562965393
1.0045952796936035
1.187697172164917
1.1995762586593628
0.7837614417076111
1.1420921087265015
1.225239634513855
1.1191312074661255
0.8890806436538696
0.8437161445617676
0.9212329983711243
1.03829026222229
0.5795610547065735
1.0841361284255981
0.685539186000824
0.8028963208198547
1.1235029697418213
0.7764925360679626
1.1158348321914673
1.1847277879714966
1.0431143045425415
0.23509633541107178
0.9562788009643555
0.9030256271362305
1.0597538948059082
0.792046844959259
1.2474174499511719
2.16432523727417
1.164992094039917
0.9553591012954712
1.1637450456619263
1.1603379249572754
1.0363386869430542
1.283812165260315
0.7441572546958923
0.6271673440933228
1.2518062591552734
1.1313971281051636
0.8330464959144592
0.7720262408256531
1.039344072341919
1.090706467628479
0.7863602638244629
1.3878093957901
1.1566928625106812
1.250409722328186
1.0282052755355835
0.9897018074989319
1.2826306819915771
1.476792573928833
1.042476773262024
0.23103678226470947
0.9020494818687439
1.264433741569519
1.4048206806182861
1.328748106956482
0.8897947072982788
0.9593252539634705
0.9040095806121826
1.1436809301376343
0.9151467084884644
1.1524244546890259
0.9392545223236084
0.7136984467506409
1.8779072761535645
0.7412831783294678
1.277252435684204
1.0849846601486206
0.9616925120353699
0.9311056137084961
0.8866056203842163
0.9363446235656738
1.0453038215637207
0.5600368976593018
1.1073237657546997
0.9741612076759338
1.1840946674346924
1.1756492853164673
1.024033546447754
0.9343505501747131
1.097398042678833
1.0487385988235474
0.7360776662826538
1.405903697013855
1.4268690347671509
1.0845019817352295
1.2745102643966675
1.0557072162628174
1.0932832956314087
1.2594690322875977
0.1814483404159546
0.8932197093963623
0.807818591594696
1.0868340730667114
1.1829370260238647
1.0863994359970093
0.9232473969459534
0.3695117235183716
1.3549338579177856
1.2749191522598267
0.873328447341919
1.017773985862732
0.9305078983306885
1.0317848920822144
1.501043438911438
1.0646114349365234
0.9368112087249756
1.160396695137024
1.1033713817596436
0.6951640248298645
0.6286872625350952
1.2764301300048828
0.9542016983032227
0.6005827188491821
0.6140643954277039
0.8114862442016602
1.312860131263733
0.8908329010009766
0.8549461364746094
1.1515156030654907
1.0987755060195923
1.1471220254898071
1.1157810688018799
0.9608332514762878
0.24370115995407104
1.278380036354065
1.033562183380127
1.10005784034729
0.9923047423362732
1.2003623247146606
0.18971610069274902
0.9022875428199768
1.1598516702651978
0.6925938129425049
0.7786162495613098
0.7794169783592224
0.8402878046035767
0.8346118330955505
0.8348888754844666
1.0540070533752441
0.5036038160324097
1.4756332635879517
0.283868670463562
1.3838847875595093
1.2277742624282837
0.3444809913635254
1.1270660161972046
0.2770400047302246
1.1504285335540771
1.02992844581604
1.2399758100509644
1.3126511573791504
1.2336976528167725
1.023292899131775
1.0071756839752197
1.1279722452163696
1.1264774799346924
0.8844452500343323
1.2669857740402222
1.1819523572921753
0.26203036308288574
1.0093680620193481
0.3230627179145813
1.0649195909500122
0.97333163022995
1.2241566181182861
0.9719926118850708
1.5467180013656616
0.9048889875411987
0.7652972340583801
1.2302823066711426
1.157446026802063
1.2343183755874634
1.081247091293335
1.1646840572357178
0.7133519649505615
0.699701726436615
1.0601502656936646
0.6702837347984314
0.2450622320175171
1.1708965301513672
0.4635094404220581
0.9746572375297546
0.9058704376220703
1.2924156188964844
1.4684690237045288
1.0811971426010132
1.244444489479065
1.0236315727233887
0.93975830078125
1.2214051485061646
1.2327847480773926
1.07284414768219
0.17305880784988403
1.265895128250122
1.128430724143982
1.000655174255371
0.3195374011993408
0.3961281180381775
0.9701691269874573
0.6835816502571106
0.6700071096420288
0.9452139735221863
1.0696938037872314
1.0659739971160889
1.379048228263855
0.9397565126419067
0.7664339542388916
0.8847488760948181
0.9626497626304626
1.1773827075958252
0.8893069624900818
0.4501233696937561
1.0603206157684326
0.855982780456543
1.2859858274459839
0.8664721250534058
1.3857747316360474
1.058810830116272
1.0269770622253418
1.1537946462631226
1.1470577716827393
0.9633351564407349
0.4544522762298584
1.009896993637085
1.1648818254470825
0.6762344241142273
1.0236867666244507
1.6420148611068726
0.9373976588249207
0.899512529373169
1.2401740550994873
0.30972737073898315
1.448656439781189
1.2023711204528809
0.9385269284248352
1.4052338600158691
1.1934460401535034
1.1053558588027954
1.1937545537948608
1.1134376525878906
1.2308220863342285
0.876503586769104
1.0284967422485352
0.26440727710723877
1.0564887523651123
0.7079434990882874
0.970594048500061
1.4545691013336182
1.1679826974868774
1.059736728668213
0.9481671452522278
1.1018956899642944
1.0274423360824585
1.2611205577850342
1.276893138885498
0.87581866979599
0.9571849703788757
0.2424289584159851
0.8714442253112793
0.8976758718490601
0.9493570327758789
0.8757278919219971
0.8476050496101379
0.9458765387535095
1.1417744159698486
1.0111922025680542
0.8999429941177368
0.9368175268173218
0.9383754134178162
0.4876805543899536
0.9671773314476013
1.1820197105407715
0.9918044209480286
0.561825692653656
1.2479608058929443
0.7079340815544128
1.0534902811050415
1.1642004251480103
1.0241972208023071
0.9923146963119507
0.8664825558662415
1.037211537361145
1.170475959777832
1.4185034036636353
1.0991549491882324
1.0311973094940186
1.5151699781417847
0.8033459782600403
0.9717612862586975
1.011225700378418
0.9718449115753174
0.9584605693817139
1.0188792943954468
0.28113269805908203
1.0798527002334595
1.244002103805542
1.2825086116790771
0.7481011748313904
1.0347602367401123
0.8420997262001038
1.4005571603775024
1.0858289003372192
1.2974668741226196
0.81856369972229
0.9376616477966309
1.0355266332626343
1.1144217252731323
1.2005778551101685
1.248347282409668
1.2603965997695923
1.1609092950820923
1.257785439491272
1.0137939453125
0.849515438079834
1.206133484840393
1.315982460975647
1.5244861841201782
0.6664377450942993
1.0185242891311646
1.2298719882965088
1.2977594137191772
1.1644397974014282
0.9665655493736267
1.1315892934799194
0.6649758815765381
0.5392926335334778
1.2103424072265625
1.3234230279922485
0.8751341104507446
0.9758803844451904
1.2046475410461426
1.1481611728668213
1.5925456285476685
0.9882603287696838
1.5334548950195312
1.1760878562927246
0.8917516469955444
0.9529816508293152
1.0302189588546753
1.0882657766342163
1.0401487350463867
1.1738200187683105
1.0802819728851318
1.165315866470337
1.0354000329971313
1.3500219583511353
1.2444168329238892
1.1199811697006226
1.1358497142791748
1.3221420049667358
1.056626796722412
1.3778069019317627
1.3220735788345337
1.171439528465271
1.222321629524231
0.3091081976890564
0.15845561027526855
0.43313002586364746
1.1099592447280884
0.3035745620727539
0.9588525891304016
1.1931471824645996
0.9181352257728577
1.0917332172393799
0.8906368613243103
1.3765395879745483
0.9535071849822998
1.1599546670913696
1.1058417558670044
1.0088608264923096
0.4191792607307434
0.19292843341827393
0.6731580495834351
2.4267146587371826
0.9018324613571167
0.525934636592865
1.2274738550186157
1.233067512512207
0.6828629374504089
0.7118516564369202
1.0192148685455322
1.0999755859375
1.3864117860794067
0.7883061170578003
0.7337004542350769
1.0947803258895874
1.1508879661560059
1.2656843662261963
1.2593505382537842
1.4787933826446533
0.9451895356178284
0.9360164403915405
1.1089073419570923
1.0238230228424072
1.123160719871521
1.1762703657150269
1.1071112155914307
0.8152715563774109
0.9945293664932251
1.1278892755508423
0.8500674962997437
1.1726683378219604
0.9466366767883301
1.2259036302566528
1.1100045442581177
1.0167330503463745
1.0326226949691772
0.8432063460350037
0.17594760656356812
1.0226686000823975
1.2036247253417969
0.2717207670211792
1.096691608428955
0.8352175951004028
0.9963811635971069
0.3553459644317627
1.106894850730896
0.944901168346405
0.9274548292160034
0.2784837484359741
1.5615228414535522
1.0661133527755737
0.6110784411430359
1.196297287940979
1.4408267736434937
1.1314616203308105
1.0264943838119507
0.919581949710846
0.9834293127059937
0.6763597726821899
1.4327365159988403
1.250280499458313
1.1590774059295654
1.4105262756347656
0.9875369071960449
0.8744952082633972
0.5246902704238892
1.265332579612732
0.6657640933990479
0.9761673808097839
0.9987013936042786
0.9490276575088501
1.3860317468643188
1.2692668437957764
0.9387489557266235
0.19706660509109497
0.9547568559646606
1.1948096752166748
1.0741641521453857
0.3419961929321289
0.9283251166343689
1.1992859840393066
0.9262479543685913
1.3217313289642334
1.1727536916732788
1.0818864107131958
1.522289514541626
1.1569453477859497
1.1468034982681274
0.901183009147644
1.1881747245788574
0.7719268202781677
0.9131028056144714
1.4985655546188354
1.1397854089736938
0.9596987962722778
1.2088184356689453
1.1227587461471558
1.0442832708358765
0.9336704611778259
1.0668047666549683
0.8009771704673767
0.9089304208755493
1.1622815132141113
1.1750162839889526
0.757936954498291
1.0940078496932983
1.107932448387146
1.1748456954956055
0.9840258359909058
0.9500982165336609
0.7743607759475708
0.4895768165588379
0.9204955697059631
0.9556691646575928
0.7728779315948486
1.1738765239715576
1.0990785360336304
0.948621928691864
0.8754024505615234
1.0311528444290161
1.022071123123169
1.331067681312561
0.9753337502479553
1.131895661354065
0.23153787851333618
1.0882033109664917
1.4763050079345703
0.9413710236549377
1.2869409322738647
0.7139697670936584
0.20313435792922974
1.3459619283676147
0.9399869441986084
1.140576720237732
0.42735254764556885
0.8977069854736328
0.863024115562439
1.0106415748596191
0.9058074355125427
1.3055787086486816
0.8660275936126709
1.0335049629211426
1.047629952430725
1.125137209892273
0.20541846752166748
1.125918984413147
1.112637996673584
1.168526291847229
1.4051926136016846
1.1525810956954956
0.8806684613227844
0.7380051612854004
0.2784268856048584
1.320942759513855
0.37054431438446045
0.9306678175926208
1.0620112419128418
0.9418982267379761
1.3985934257507324
0.8833925127983093
1.0404608249664307
1.1270619630813599
0.725971519947052
1.1500593423843384
1.0607733726501465
1.1103522777557373
0.6748455762863159
1.2359472513198853
1.0567559003829956
0.982170581817627
1.1198174953460693
1.1380555629730225
0.9341843128204346
1.1540403366088867
0.9961371421813965
1.145695686340332
1.1161205768585205
1.021219253540039
0.7635093331336975
0.8594175577163696
0.9449618458747864
0.1888098120689392
0.2288387417793274
0.2676025629043579
1.2040209770202637
1.250378966331482
1.1303815841674805
0.7618010640144348
0.8750901222229004
0.9735244512557983
1.1285288333892822
1.1212571859359741
1.220337986946106
1.118220567703247
0.2707580327987671
0.49647343158721924
0.983587920665741
1.1961705684661865
1.4303690195083618
1.0322916507720947
0.9589422345161438
1.0153076648712158
1.280580759048462
1.337047815322876
1.1619575023651123
0.2345600724220276
0.9084613919258118
0.9610003232955933
1.1657096147537231
1.3949497938156128
0.9565736055374146
0.8352158665657043
1.1840078830718994
1.3302828073501587
0.7271167635917664
1.0531808137893677
1.0019139051437378
1.2638514041900635
0.7178542613983154
1.1474316120147705
1.5174278020858765
0.8370600938796997
0.9422681927680969
0.8059431314468384
0.9342007040977478
1.190030813217163
1.2341808080673218
0.2748638391494751
0.7456909418106079
1.0908405780792236
1.1913564205169678
0.19515395164489746
0.9178431034088135
1.0868871212005615
1.1304521560668945
1.0640833377838135
1.1227933168411255
1.0848524570465088
0.8401858806610107
1.1862025260925293
1.0803881883621216
0.9883435368537903
1.1005077362060547
1.1670433282852173
1.1267300844192505
1.252931833267212
1.3390378952026367
1.4622288942337036
1.3581109046936035
1.1181566715240479
0.9703918099403381
1.1285133361816406
1.2168234586715698
0.9877248406410217
1.3340048789978027
0.7629427313804626
0.9670608639717102
1.1769388914108276
0.8789441585540771
0.8148384690284729
0.9039618372917175
1.2218327522277832
1.0980048179626465
0.617164671421051
1.3338966369628906
0.2779325842857361
1.076257348060608
1.0976152420043945
1.4434552192687988
0.5457257032394409
1.2703005075454712
0.45928704738616943
0.9312773942947388
1.1883825063705444
1.0829832553863525
1.4696409702301025
1.2160778045654297
0.9993790984153748
1.0724900960922241
1.0945930480957031
1.0476701259613037
1.0384529829025269
0.5216251611709595
1.322935700416565
1.1527433395385742
1.340767502784729
0.9710793495178223
1.5002537965774536
1.1502400636672974
1.3383965492248535
0.15146547555923462
1.1052589416503906
1.0245124101638794
1.429091215133667
1.218947410583496
0.9829958081245422
1.1632193326950073
0.939542293548584
1.243178129196167
1.0748414993286133
1.1676448583602905
1.3890717029571533
0.6920543909072876
1.180914044380188
1.2354973554611206
1.2016409635543823
1.1335442066192627
1.3916805982589722
0.807642936706543
1.1012953519821167
0.866043210029602
0.7120677828788757
0.5988575220108032
1.254690408706665
0.825456976890564
0.351829469203949
0.9230643510818481
0.3956185579299927
1.214153528213501
1.2177726030349731
1.7397609949111938
1.3278417587280273
1.102066159248352
0.8675508499145508
1.169600248336792
0.38440847396850586
1.347540020942688
1.0276590585708618
0.7377218008041382
0.8150207996368408
1.2076574563980103
0.9627812504768372
1.2231056690216064
0.48424720764160156
0.972091794013977
1.0984065532684326
0.7902498245239258
0.19422060251235962
1.202850580215454
0.26987922191619873
1.617646336555481
1.1503819227218628
1.223645567893982
0.8233749270439148
0.7143146395683289
1.1853172779083252
1.3202285766601562
1.1199125051498413
0.8541284799575806
0.6511236429214478
0.950534462928772
0.8468003869056702
0.9172748327255249
0.23908060789108276
1.0776604413986206
0.7923043370246887
1.0152826309204102
1.5282825231552124
1.1405048370361328
1.0494965314865112
1.2034740447998047
0.8940043449401855
0.9447708129882812
1.362885594367981
1.4359073638916016
1.0386481285095215
1.59774649143219
1.2604018449783325
0.9685724377632141
0.21031403541564941
1.2943975925445557
1.1871191263198853
1.2675596475601196
1.1461341381072998
1.0147637128829956
1.520984172821045
0.956205427646637
1.0348641872406006
1.3460056781768799
1.216219425201416
1.1136537790298462
1.149577021598816
0.7554764747619629
0.811829149723053
0.9899019002914429
0.9221741557121277
1.1052075624465942
1.2300313711166382
1.277466058731079
0.5439013838768005
0.8750309944152832
1.3158705234527588
0.9979317784309387
0.9508482813835144
1.4004733562469482
1.0068591833114624
0.9735134243965149
1.2394542694091797
1.1743769645690918
1.1315155029296875
1.319697380065918
0.29903972148895264
0.8809705376625061
1.0461454391479492
0.3481273651123047
0.7665857672691345
0.895418643951416
0.9309083819389343
0.9579060673713684
0.35876065492630005
0.30383825302124023
0.5815561413764954
1.1534333229064941
1.2663050889968872
0.8526474833488464
0.9732768535614014
1.1743464469909668
0.1340842843055725
1.1539220809936523
1.3716793060302734
0.6092061996459961
1.1741243600845337
1.2686461210250854
0.9322441816329956
1.1788122653961182
0.7198256254196167
1.1501398086547852
1.1114156246185303
1.4356398582458496
1.3804596662521362
0.813702404499054
1.0649869441986084
1.1781773567199707
1.0471065044403076
0.24163740873336792
1.1743080615997314
1.0103751420974731
0.8923718333244324
1.223524808883667
0.6830896139144897
1.1641613245010376
0.9641841650009155
0.7809845805168152
1.0245612859725952
1.1457579135894775
0.49565422534942627
0.8981964588165283
1.458951711654663
1.0721932649612427
1.2683054208755493
1.2132272720336914
1.0447170734405518
0.9266654849052429
0.802934467792511
1.5104326009750366
1.4518280029296875
0.6675077676773071
1.5806231498718262
1.3115112781524658
1.0206321477890015
0.800273060798645
1.2315958738327026
0.5720614790916443
2.336676597595215
1.173316478729248
1.1774369478225708
1.271220326423645
1.3862701654434204
0.6621852517127991
1.1256321668624878
1.185611605644226
0.6799048185348511
0.28810834884643555
1.035786747932434
1.303460717201233
1.0123753547668457
1.5552936792373657
1.013472080230713
1.108399748802185
1.2627016305923462
0.17838984727859497
1.2435986995697021
1.0936541557312012
0.8781700134277344
1.1167001724243164
0.7059977054595947
0.949153482913971
1.0167925357818604
1.0338304042816162
0.9902341365814209
0.8842216730117798
1.172804355621338
1.1074360609054565
1.0355533361434937
1.1382200717926025
1.125451683998108
1.5995389223098755
1.1439790725708008
1.1997182369232178
0.5644195675849915
0.7553580403327942
1.139526128768921
1.1735023260116577
1.287520170211792
1.4234784841537476
0.9101501107215881
1.1509188413619995
1.1374521255493164
0.8897498250007629
0.8697662949562073
1.1893891096115112
0.45505499839782715
1.2206330299377441
1.130410075187683
0.2304706573486328
0.6873859763145447
0.9798163175582886
0.9598451852798462
0.5969882607460022
1.0415393114089966
1.0247571468353271
1.2114564180374146
0.23811912536621094
1.0327142477035522
1.2688188552856445
0.7376201152801514
0.34074926376342773
1.2771868705749512
0.9953809380531311
1.0442615747451782
1.015559196472168
1.0925397872924805
0.879580020904541
1.3441141843795776
1.008225679397583
1.0459725856781006
0.9649653434753418
0.3805515766143799
1.1636157035827637
1.3425811529159546
1.0014393329620361
0.4358208179473877
1.194512128829956
1.2642356157302856
0.17924529314041138
1.1140706539154053
0.9431423544883728
1.2207223176956177
0.7806958556175232
1.1629674434661865
0.9248245358467102
0.7212111353874207
1.3355149030685425
0.9737082719802856
1.1560527086257935
1.0866525173187256
1.3050284385681152
1.3347983360290527
0.5463516712188721
1.377226710319519
1.0818911790847778
0.9563385248184204
0.927717924118042
1.1835064888000488
0.5493259429931641
1.3331087827682495
0.4882704019546509
1.2735662460327148
1.0989768505096436
1.0921791791915894
1.239824891090393
1.37178373336792
1.0780603885650635
0.9978095293045044
0.9509797692298889
1.199891209602356
0.9862414002418518
1.2178475856781006
0.6730275750160217
0.8470699787139893
1.0165739059448242
0.2463817596435547
1.1062313318252563
0.5110862255096436
0.8369845151901245
1.2152268886566162
1.1200752258300781
0.7918997406959534
0.3224526643753052
1.0601556301116943
1.3342649936676025
1.2636010646820068
0.7554854154586792
1.0130809545516968
1.1426150798797607
0.6867440938949585
1.5226256847381592
1.3986890316009521
1.015268087387085
1.288955807685852
1.10837721824646
1.1987518072128296
0.7343510985374451
1.0755913257598877
0.337404727935791
1.0514112710952759
1.304267168045044
1.165258526802063
1.085097312927246
0.9289015531539917
1.2855912446975708
1.0789276361465454
1.3016352653503418
0.8797338604927063
1.351121425628662
0.9392141103744507
1.0460540056228638
1.0398048162460327
1.3423489332199097
1.143363356590271
0.8913652300834656
1.1444505453109741
0.7432504296302795
1.0220232009887695
1.2757484912872314
0.9210166335105896
0.7089860439300537
1.0238474607467651
1.218454122543335
1.2951222658157349
1.0142804384231567
0.9143847823143005
0.7689511179924011
1.2499698400497437
1.0248305797576904
0.9018554091453552
1.2055455446243286
1.4137356281280518
1.4909707307815552
1.1202744245529175
0.7208725810050964
0.23310315608978271
0.7527679204940796
0.325736403465271
1.121228575706482
1.0688790082931519
1.0964512825012207
1.0838812589645386
0.8776741623878479
0.763945996761322
1.3849248886108398
1.1764676570892334
0.806544303894043
1.2584632635116577
1.1230274438858032
1.44344961643219
1.1384263038635254
1.1999335289001465
0.9297528266906738
1.0637274980545044
0.5285951495170593
0.742077648639679
1.8038583993911743
0.9406876564025879
1.048178791999817
1.279346227645874
0.1996166706085205
0.9956977367401123
1.1963169574737549
0.9060534238815308
1.0152859687805176
0.3195103406906128
0.9996849894523621
1.1108014583587646
0.8376063704490662
0.7800523638725281
1.266640305519104
0.9781907796859741
1.0741617679595947
0.49918150901794434
1.055293083190918
1.3253954648971558
1.260213851928711
1.3337069749832153
1.1313344240188599
1.3091391324996948
1.1883862018585205
1.1117180585861206
1.2238752841949463
1.2440297603607178
1.0985759496688843
1.0309897661209106
0.9713928699493408
1.4742450714111328
1.0960997343063354
0.41050034761428833
1.1731419563293457
0.9794078469276428
