45.209999084472656
50.51844024658203
50.49515151977539
34.57604217529297
37.203956604003906
49.14517593383789
41.76421356201172
35.2701416015625
54.42448806762695
32.01530075073242
62.7731819152832
41.12290573120117
37.67049026489258
37.65164566040039
28.801145553588867
38.56597137451172
41.496604919433594
46.07642364501953
44.74891662597656
44.77340316772461
38.39847946166992
33.9564094543457
36.71936798095703
44.517704010009766
43.82680892944336
83.72734069824219
47.01700973510742
51.31718444824219
32.73289108276367
35.067745208740234
31.43334197998047
36.758949279785156
55.625186920166016
55.83999252319336
42.57993698120117
47.28590393066406
34.339786529541016
44.60861587524414
48.602195739746094
58.47262191772461
72.23846435546875
29.526248931884766
39.60062026977539
34.251365661621094
51.154788970947266
33.8668327331543
38.42959976196289
46.8713493347168
47.452884674072266
40.451663970947266
32.12117004394531
39.54439163208008
42.48476791381836
36.56968307495117
34.20423126220703
41.18679428100586
41.88311767578125
49.37446594238281
50.077693939208984
39.33518981933594
44.587486267089844
43.90934371948242
31.066125869750977
39.37619400024414
52.21551513671875
17.962020874023438
35.7730712890625
48.26908874511719
40.01974868774414
39.012413024902344
38.38924789428711
45.85853576660156
41.99207305908203
51.900718688964844
53.610267639160156
35.565093994140625
43.469173431396484
34.356380462646484
53.55426025390625
44.11293029785156
42.480472564697266
44.819828033447266
15.644655227661133
44.06261444091797
57.725608825683594
37.45954513549805
40.45502471923828
45.83610153198242
37.73233413696289
41.52497482299805
34.44356918334961
31.542085647583008
45.78837585449219
43.08641052246094
42.60001754760742
40.245849609375
38.03817367553711
30.9560604095459
56.04135513305664
39.99862289428711
38.46302032470703
40.55061721801758
40.50308609008789
30.964012145996094
44.300636291503906
41.01074981689453
48.62446594238281
53.079200744628906
42.12385559082031
43.74641036987305
46.16883850097656
56.342430114746094
49.49794387817383
43.979129791259766
38.11764907836914
34.20214080810547
31.15186882019043
24.928503036499023
51.605003356933594
38.9453239440918
41.276771545410156
23.74966049194336
36.68783187866211
44.133689880371094
45.13270568847656
42.23861312866211
61.987648010253906
51.728084564208984
54.98382568359375
44.38652420043945
41.3968505859375
47.484375
50.7552490234375
33.077022552490234
44.376861572265625
39.6103630065918
40.94076156616211
43.24327087402344
41.482540130615234
38.15156173706055
42.88652420043945
52.472110748291016
39.36869812011719
40.03306579589844
38.87493133544922
39.651702880859375
37.86996078491211
38.01219177246094
47.57136535644531
32.69047927856445
36.232784271240234
38.23787307739258
33.16812515258789
45.480167388916016
36.34638214111328
37.068885803222656
41.395660400390625
35.31371307373047
44.28302001953125
43.150489807128906
53.47132110595703
31.30507469177246
51.54657745361328
43.17264175415039
22.18120002746582
44.52680587768555
48.308101654052734
48.113441467285156
47.05668258666992
37.289669036865234
41.22654342651367
35.082557678222656
32.965919494628906
36.9765739440918
38.58353042602539
43.435935974121094
37.39910888671875
38.04964065551758
40.28199005126953
35.79072570800781
39.80814743041992
45.10124206542969
44.72223663330078
37.05556869506836
46.659481048583984
40.4691276550293
28.22863006591797
53.48875045776367
35.60697937011719
52.344852447509766
35.857295989990234
35.72013854980469
36.99687957763672
42.73419952392578
48.35383224487305
33.645179748535156
55.30280685424805
38.10951614379883
50.15245819091797
43.93561935424805
37.32986068725586
35.09526443481445
42.973636627197266
44.49858474731445
55.166282653808594
39.8344612121582
35.59700012207031
56.08928298950195
36.4925537109375
45.461090087890625
46.13410186767578
44.45461654663086
33.14451217651367
66.02005767822266
39.09746551513672
46.15072250366211
42.28525161743164
35.050270080566406
31.660747528076172
41.23073959350586
22.07024383544922
26.679588317871094
39.86265563964844
26.214468002319336
24.025793075561523
44.91617965698242
45.641536712646484
33.380043029785156
39.33473205566406
31.85213279724121
48.76277542114258
38.030548095703125
41.240360260009766
44.84779739379883
44.44144058227539
40.126251220703125
47.003517150878906
46.16926956176758
36.645992279052734
56.64878463745117
38.22524642944336
39.96616744995117
23.85431671142578
48.50693893432617
23.094133377075195
43.033111572265625
43.0775260925293
52.29388427734375
43.438262939453125
46.9837760925293
56.9736442565918
35.42728805541992
42.57557678222656
44.726806640625
51.19556427001953
50.32664489746094
47.5212287902832
30.99906349182129
37.5799560546875
57.575958251953125
30.50299644470215
32.67066192626953
61.06740951538086
35.13029861450195
40.11573028564453
41.615840911865234
39.695064544677734
43.1218376159668
38.7712287902832
46.110923767089844
45.906253814697266
39.15336608886719
46.01754379272461
47.666900634765625
50.680442810058594
40.27520751953125
50.457096099853516
52.86748123168945
43.59535217285156
30.025814056396484
34.89012145996094
40.68783950805664
29.070863723754883
34.450008392333984
37.76591873168945
49.6996955871582
39.11852264404297
53.31248474121094
35.7698974609375
41.30017852783203
40.566162109375
55.2323112487793
55.55353927612305
38.4085578918457
31.150867462158203
48.44435119628906
48.68154525756836
59.284645080566406
38.84693908691406
44.49900817871094
45.79387283325195
36.32838439941406
45.75656509399414
41.3423957824707
50.21021270751953
31.729345321655273
40.11149597167969
34.99882125854492
23.612682342529297
40.83784103393555
55.99815368652344
30.461454391479492
41.22663879394531
46.508235931396484
26.053245544433594
50.97383117675781
60.842308044433594
34.05842208862305
48.47418975830078
42.587425231933594
39.06602096557617
42.93062973022461
33.83338928222656
47.34708786010742
26.410594940185547
37.18376922607422
41.87981414794922
38.67177200317383
31.319637298583984
49.38905715942383
61.79686737060547
38.68830490112305
55.772605895996094
35.90602493286133
44.504730224609375
37.81436538696289
44.888885498046875
49.02833557128906
39.629241943359375
35.07329177856445
47.73409652709961
40.79185485839844
30.196584701538086
41.80189895629883
54.99747085571289
47.618263244628906
43.382354736328125
51.967979431152344
43.69231414794922
41.86284255981445
40.012794494628906
35.842742919921875
21.519193649291992
49.46296310424805
42.347442626953125
37.839881896972656
27.105972290039062
37.40290832519531
30.376684188842773
37.30988311767578
44.81538009643555
44.525577545166016
41.53327560424805
42.45442581176758
50.383689880371094
32.22148132324219
46.47026824951172
45.93885803222656
46.142433166503906
48.548954010009766
37.061588287353516
38.008758544921875
58.857242584228516
36.94705581665039
39.97092819213867
55.317962646484375
20.462173461914062
43.326595306396484
35.71240234375
41.312191009521484
30.805278778076172
43.156646728515625
37.07722473144531
43.11790084838867
43.5130615234375
45.07551193237305
44.44887924194336
57.05322265625
36.93059158325195
40.253135681152344
48.95079803466797
41.64030075073242
41.684326171875
62.8403434753418
38.7485237121582
40.439517974853516
32.47041702270508
36.149906158447266
34.5719108581543
33.69084930419922
36.9759407043457
46.008304595947266
52.927879333496094
44.59951400756836
46.51081466674805
41.864498138427734
56.81458282470703
72.19517517089844
31.10091781616211
42.85731506347656
42.982688903808594
48.43057632446289
36.951629638671875
39.61214065551758
44.54364013671875
42.91325759887695
45.95596694946289
40.58195877075195
37.0975227355957
35.215736389160156
35.88163375854492
30.458189010620117
34.16669845581055
48.849613189697266
39.870113372802734
45.74894714355469
41.90700912475586
36.93233871459961
57.51363754272461
37.36334991455078
46.79238510131836
60.07240676879883
44.31121826171875
42.16495895385742
49.593421936035156
47.51518630981445
54.55681228637695
48.35270309448242
52.69405746459961
71.19332885742188
22.489192962646484
38.74699783325195
18.95834732055664
48.77204895019531
62.94447326660156
35.716529846191406
47.61423110961914
45.65925598144531
44.925437927246094
44.86992645263672
61.23394012451172
44.509735107421875
37.09386444091797
33.37224197387695
33.61833572387695
34.97196578979492
46.229652404785156
37.57649230957031
52.80192565917969
60.1190299987793
47.67990493774414
42.40055847167969
43.54698944091797
44.63981246948242
42.92080307006836
53.01558303833008
43.02829360961914
44.068416595458984
37.121116638183594
48.35224151611328
35.15176010131836
38.48861312866211
29.275745391845703
38.67872619628906
56.44668960571289
34.82365036010742
36.47945785522461
40.50349044799805
37.58538818359375
41.424503326416016
38.781219482421875
33.01197052001953
41.71500778198242
38.65880584716797
38.028072357177734
45.77067184448242
59.59253692626953
38.70645523071289
41.72310256958008
51.29731369018555
36.74153137207031
44.31166076660156
37.18708038330078
38.08116912841797
44.08534240722656
40.90800094604492
44.52833557128906
39.739707946777344
24.8250732421875
43.536502838134766
35.960391998291016
36.63856887817383
35.97911834716797
45.69668197631836
50.063751220703125
22.230138778686523
50.17915344238281
42.22527313232422
37.6812744140625
38.007781982421875
39.519081115722656
42.5084228515625
42.48707962036133
39.46053695678711
44.280853271484375
45.65303039550781
42.61962890625
49.33315658569336
39.831199645996094
42.44643020629883
44.281986236572266
23.592164993286133
38.968563079833984
44.58078384399414
31.85016441345215
44.50703430175781
49.47259521484375
45.755882263183594
38.255802154541016
45.404571533203125
43.84535598754883
42.230072021484375
24.829065322875977
46.47249221801758
42.05961227416992
47.35197448730469
53.314186096191406
75.92484283447266
48.83873748779297
43.567161560058594
44.31895065307617
42.835472106933594
44.473087310791016
46.75798797607422
42.204532623291016
38.634586334228516
62.52671432495117
38.855926513671875
38.079498291015625
43.14701461791992
45.50027847290039
69.02537536621094
37.9544792175293
71.60484313964844
35.44930648803711
41.208255767822266
36.74711608886719
48.155242919921875
56.30234909057617
50.7059440612793
50.29368209838867
38.5498046875
53.75503158569336
33.41218185424805
36.321590423583984
32.508060455322266
25.493989944458008
57.33591842651367
32.826332092285156
43.71792984008789
41.286624908447266
66.95848083496094
33.7981071472168
40.26838302612305
50.600677490234375
39.46284103393555
42.20676803588867
37.3403205871582
40.5461311340332
44.553611755371094
34.30926513671875
37.04843521118164
35.06789779663086
36.39401626586914
23.201074600219727
46.231468200683594
44.250457763671875
27.232511520385742
30.1572265625
38.74217224121094
33.7563591003418
53.0687370300293
56.998958587646484
47.738250732421875
38.757347106933594
42.729766845703125
39.20445251464844
37.1498908996582
50.06388854980469
51.35806655883789
37.57912063598633
42.066898345947266
65.810791015625
40.070281982421875
32.42417526245117
42.1457633972168
31.478729248046875
49.01902389526367
20.369028091430664
28.361600875854492
46.6252326965332
51.99462127685547
44.1138801574707
43.62186050415039
41.484161376953125
61.33195495605469
54.21207046508789
48.14848709106445
43.331817626953125
29.02684211730957
31.88851547241211
55.6414680480957
51.68667221069336
45.792510986328125
45.680057525634766
44.31366729736328
37.711002349853516
40.251914978027344
38.544342041015625
36.868255615234375
39.626136779785156
44.214454650878906
42.55791091918945
38.124656677246094
46.561302185058594
24.043359756469727
35.542137145996094
21.903324127197266
33.24633026123047
49.145267486572266
36.662353515625
46.31578826904297
43.29494094848633
34.39589309692383
62.525882720947266
43.64007568359375
47.44267654418945
40.12708282470703
31.0848331451416
33.36811828613281
29.273571014404297
36.1421012878418
53.639854431152344
49.39120864868164
44.52251434326172
40.39815902709961
44.66166687011719
30.99525260925293
43.60405349731445
33.32588577270508
39.060508728027344
44.456356048583984
42.86970520019531
51.43968963623047
39.26708984375
31.501773834228516
48.40385437011719
62.08250045776367
38.395973205566406
49.08383560180664
45.647769927978516
39.15671157836914
31.938312530517578
44.5025749206543
60.85017395019531
32.957435607910156
45.003028869628906
40.904483795166016
37.02610778808594
45.496726989746094
35.551761627197266
17.35740852355957
59.88930130004883
47.269527435302734
60.42572021484375
49.58753967285156
46.56436538696289
45.003204345703125
39.42275619506836
47.13633728027344
53.1645393371582
39.97211456298828
31.62492561340332
39.1419563293457
40.033302307128906
35.897857666015625
36.1346321105957
49.36033630371094
50.08102035522461
46.07646560668945
47.070072174072266
61.308135986328125
47.84561538696289
30.350181579589844
44.715667724609375
43.58220291137695
37.587066650390625
39.188846588134766
32.9133415222168
29.7529239654541
51.59291076660156
65.242919921875
45.536529541015625
34.7115364074707
41.015777587890625
48.88094711303711
24.56357765197754
33.29671859741211
45.535430908203125
32.335567474365234
36.630733489990234
35.28133773803711
33.59313201904297
28.306100845336914
40.38153839111328
33.64393997192383
28.595748901367188
44.47188949584961
40.28699493408203
39.16585159301758
48.30126190185547
45.58781051635742
38.4057731628418
41.88758087158203
33.13178253173828
37.561805725097656
21.36371421813965
39.58505630493164
35.40303039550781
48.98239517211914
36.48778533935547
35.51163864135742
39.62979507446289
40.388893127441406
41.25257110595703
44.37211990356445
47.844051361083984
52.592350006103516
44.668182373046875
38.990570068359375
45.522212982177734
37.57673645019531
45.075016021728516
35.63355255126953
48.93408966064453
47.61000442504883
43.85713195800781
49.90684509277344
34.24639129638672
40.1378059387207
37.4447021484375
38.49384307861328
35.81647872924805
32.46275329589844
47.11846160888672
35.56861877441406
20.815155029296875
42.133182525634766
26.264114379882812
26.11899757385254
37.3620491027832
39.20195007324219
43.904972076416016
38.7421875
33.214202880859375
51.223533630371094
53.010826110839844
36.943504333496094
38.187828063964844
35.1405143737793
49.02301788330078
40.355934143066406
37.37651062011719
39.41093444824219
41.078392028808594
51.48766326904297
43.331851959228516
34.072715759277344
37.258583068847656
39.755950927734375
33.389034271240234
37.10768508911133
51.65306854248047
16.933034896850586
31.440690994262695
46.83642578125
51.138912200927734
46.16865158081055
32.43122100830078
50.307865142822266
39.75729751586914
40.29762268066406
37.42245864868164
38.58739471435547
58.86073303222656
35.267250061035156
38.3159065246582
31.900217056274414
42.44950866699219
42.72248840332031
34.2602424621582
31.432350158691406
47.3052978515625
47.344329833984375
40.94361877441406
40.101707458496094
32.47722244262695
44.171241760253906
47.33354187011719
39.915931701660156
24.095529556274414
31.96490478515625
40.631263732910156
35.48501205444336
41.84989547729492
72.56782531738281
43.06720733642578
45.14878463745117
35.47840881347656
44.90248489379883
40.428401947021484
35.115787506103516
42.19009780883789
35.09931945800781
49.05605697631836
42.44505310058594
37.80467987060547
39.456050872802734
42.24530792236328
40.98774719238281
45.803916931152344
48.27289962768555
36.46387481689453
34.17628479003906
50.23296356201172
72.23500061035156
43.56733703613281
44.70248031616211
40.76829528808594
50.02891159057617
44.05686569213867
53.13555908203125
50.03367233276367
93.439208984375
45.63021469116211
38.09322738647461
39.256080627441406
37.408843994140625
17.341650009155273
42.63450241088867
30.82109832763672
40.8248291015625
36.971923828125
24.353254318237305
24.026750564575195
30.68951988220215
55.193016052246094
45.781959533691406
40.91815185546875
48.60935974121094
50.718990325927734
23.74875259399414
43.339813232421875
50.564701080322266
154.0712127685547
36.56306838989258
56.21205139160156
39.38125228881836
44.53025817871094
42.7921257019043
36.2362060546875
46.758201599121094
56.72074890136719
46.39072036743164
39.54374313354492
38.08702087402344
34.584327697753906
38.75404357910156
32.486637115478516
40.509639739990234
39.85054397583008
33.44015884399414
41.00387954711914
31.88554573059082
46.22366714477539
35.25121307373047
40.522674560546875
41.94065856933594
41.972660064697266
39.421573638916016
33.611026763916016
55.970367431640625
46.681129455566406
34.15858459472656
46.763206481933594
45.20321273803711
34.0250129699707
35.45363998413086
51.11824035644531
51.97393798828125
32.856590270996094
36.432716369628906
50.14620590209961
45.651432037353516
54.13998031616211
46.98068618774414
15.86981201171875
64.2699966430664
47.50343322753906
48.16592788696289
37.31899642944336
47.470951080322266
33.213226318359375
39.62119674682617
34.77426528930664
34.755088806152344
20.507705688476562
42.74346160888672
43.201507568359375
35.351375579833984
51.0095100402832
38.53866958618164
48.93667221069336
42.767967224121094
38.359073638916016
46.9996452331543
58.005653381347656
39.3609504699707
45.93450927734375
56.275184631347656
48.6246337890625
40.96278762817383
32.68138122558594
46.67546463012695
44.09596252441406
56.876792907714844
50.98454284667969
44.51008605957031
44.468326568603516
46.76552963256836
45.134220123291016
43.300357818603516
41.12577819824219
16.02710723876953
36.5114860534668
60.530250549316406
33.02012252807617
45.34957504272461
49.50129699707031
36.5817985534668
33.893489837646484
42.42927551269531
36.257511138916016
39.44452667236328
52.679595947265625
16.229766845703125
61.6667594909668
48.31818771362305
31.628097534179688
30.784976959228516
47.896949768066406
48.0828742980957
30.859098434448242
40.60568618774414
42.83978271484375
42.922142028808594
20.682815551757812
34.794960021972656
51.45893478393555
38.762752532958984
33.643985748291016
49.38409423828125
33.34081268310547
38.691287994384766
33.94417190551758
36.778194427490234
44.408897399902344
58.14608383178711
39.011722564697266
36.54227828979492
54.417415618896484
27.311532974243164
49.540523529052734
49.0775032043457
43.73318862915039
21.350873947143555
46.41698455810547
57.53974533081055
32.53791427612305
44.45697784423828
37.37178039550781
53.6735725402832
40.802860260009766
35.955650329589844
26.247692108154297
55.63129806518555
48.79042434692383
44.96135330200195
37.51400375366211
56.089378356933594
39.68590545654297
53.3363037109375
32.80398178100586
63.22843551635742
45.25677490234375
42.62470245361328
50.077552795410156
38.26132583618164
28.751270294189453
55.75922393798828
22.994112014770508
39.77049255371094
51.35673522949219
48.46297073364258
44.64512252807617
64.2615737915039
37.18602752685547
36.84466552734375
40.5008659362793
41.716609954833984
38.75752639770508
48.65860366821289
31.284255981445312
38.110347747802734
40.259559631347656
47.214420318603516
39.851951599121094
18.243427276611328
43.37295913696289
44.79351806640625
42.02682876586914
34.41550827026367
31.823549270629883
32.18729019165039
40.75104904174805
37.68452835083008
35.72922897338867
47.344112396240234
43.386234283447266
42.76614761352539
46.996578216552734
50.05794906616211
53.46422576904297
58.11061477661133
55.52933883666992
33.13489532470703
63.91875457763672
62.00450897216797
28.934139251708984
38.58766174316406
41.798858642578125
38.5767822265625
38.86994934082031
38.3399543762207
59.69593048095703
56.11252212524414
38.49042510986328
60.932254791259766
32.99480056762695
33.210182189941406
48.216251373291016
46.106849670410156
54.673274993896484
36.85235595703125
39.781585693359375
45.56292724609375
40.7510871887207
43.351219177246094
40.970027923583984
36.44389724731445
33.78653335571289
42.00909423828125
37.664676666259766
63.893070220947266
49.928253173828125
41.8409423828125
39.6699333190918
53.329742431640625
41.52670669555664
34.810089111328125
44.005340576171875
45.73895263671875
49.24238204956055
38.23136901855469
41.71161651611328
37.26499557495117
34.134891510009766
30.346433639526367
43.605018615722656
48.438968658447266
50.47321319580078
34.6460075378418
32.358787536621094
45.72578048706055
62.20246505737305
33.62358093261719
39.44307327270508
31.4051456451416
40.19411849975586
45.916770935058594
39.00665283203125
39.881744384765625
40.311153411865234
42.74344253540039
23.584884643554688
46.95706558227539
48.58220291137695
52.137168884277344
47.235050201416016
48.40867233276367
36.98759841918945
45.47831344604492
38.805870056152344
37.47846603393555
48.87007141113281
25.620437622070312
33.678287506103516
40.56355285644531
40.2301139831543
45.77982711791992
37.01556396484375
43.619834899902344
48.74300003051758
33.67691421508789
53.42902755737305
49.09208679199219
62.211246490478516
21.133052825927734
56.32876968383789
48.90964126586914
56.09563064575195
41.70760726928711
43.61652755737305
36.41134262084961
31.421171188354492
40.51548385620117
40.513519287109375
43.246253967285156
40.34889602661133
38.25858688354492
39.0792121887207
36.751102447509766
