-2.4550366401672363
-1.263710379600525
-1.7542283535003662
-1.3128454685211182
0.2946663796901703
-1.339354395866394
-2.616248369216919
-1.592195987701416
-2.0642642974853516
-0.8173379302024841
-2.3557379245758057
-1.2118176221847534
-0.3375803828239441
-1.2621088027954102
-1.0251333713531494
-1.5951941013336182
-1.9057691097259521
-0.9939391613006592
-1.4001421928405762
-2.4073688983917236
-1.62312912940979
-0.6244887113571167
-0.1961205154657364
-2.0334298610687256
-1.6941999197006226
-1.6377886533737183
-2.669370412826538
-1.7922309637069702
1.1696971654891968
-2.1953132152557373
0.11428921669721603
0.3852926194667816
-2.1991734504699707
-1.805807113647461
-1.8286769390106201
-2.4907138347625732
-0.37532997131347656
-1.2736386060714722
-2.1390087604522705
-2.342548370361328
-1.5018384456634521
-0.5785511136054993
-1.7161058187484741
0.5257366895675659
-2.357743978500366
-0.5795929431915283
-1.771238923072815
-1.8792685270309448
-2.245082139968872
-0.9292894005775452
-0.7874138951301575
-1.5862239599227905
-0.6291000247001648
-0.8107566237449646
-0.05637745186686516
0.32522010803222656
-0.5339295864105225
0.007796225603669882
-1.687864065170288
-2.7271382808685303
-1.8630183935165405
-1.2509734630584717
0.02743551693856716
-2.5091569423675537
-2.782599687576294
0.16663752496242523
-0.20748424530029297
-2.205714464187622
-1.7089641094207764
-2.2545828819274902
-1.0167555809020996
-1.8631939888000488
0.35763490200042725
-2.4677608013153076
-1.7362619638442993
-0.6000846028327942
-0.9086503982543945
-0.8299517631530762
-2.6963939666748047
-1.676929235458374
-1.715488314628601
-2.795790433883667
0.13579903542995453
-1.3443350791931152
-1.7899088859558105
-1.0893696546554565
-1.0268385410308838
-1.8774410486221313
-2.2226481437683105
-1.9454721212387085
-1.444120168685913
-1.335070013999939
-1.4802615642547607
-1.8759934902191162
-0.08985059708356857
-0.801347017288208
-0.9792689681053162
-0.08400985598564148
-1.8824143409729004
-1.2213157415390015
-0.6400288939476013
-1.668750286102295
-1.2990591526031494
0.2687002122402191
-1.2225815057754517
-1.0516088008880615
-1.764140009880066
-1.690872073173523
-2.4678940773010254
0.34414348006248474
-1.7219045162200928
-0.8972889184951782
-1.892707347869873
-1.737011194229126
-2.1073639392852783
0.04209129884839058
0.5053215026855469
-0.4236256778240204
-2.037487506866455
-2.6015591621398926
-0.7458109855651855
1.3721847534179688
-1.7219871282577515
-2.221403121948242
-0.43204164505004883
-3.06196665763855
-2.183366298675537
-1.6456880569458008
-1.6670736074447632
-1.4625753164291382
-3.179389715194702
-2.611370801925659
-1.7919985055923462
0.18922297656536102
-1.1250633001327515
-2.3368008136749268
-3.141636848449707
-2.705031156539917
-0.10475768893957138
-0.8706377744674683
-1.5109775066375732
-2.268213987350464
-0.5759275555610657
-2.28151535987854
-0.9536017775535583
0.31047123670578003
-0.10482603311538696
-1.2817184925079346
-2.359717607498169
-1.7453022003173828
-1.360338807106018
-1.6458061933517456
-1.3345038890838623
-0.8734319806098938
-1.5906962156295776
-0.5663180351257324
-1.563523769378662
-1.2021839618682861
0.6412305235862732
-2.1485774517059326
-0.7593305110931396
-0.9533180594444275
-2.0948173999786377
-1.75055730342865
-0.8487451076507568
-2.331146717071533
0.21185629069805145
-1.8427027463912964
-2.1058411598205566
-1.6548998355865479
-1.7760580778121948
-0.15733884274959564
0.1651662141084671
-0.8873816728591919
-1.4023799896240234
-1.1410064697265625
-2.0188543796539307
-1.7933999300003052
-1.2990168333053589
-0.1147894635796547
-2.3665964603424072
-1.9518827199935913
-1.0900729894638062
-1.254272699356079
-1.4030011892318726
-1.7241374254226685
-0.160588800907135
-1.810356616973877
-0.6188226938247681
-1.6113002300262451
-1.3077185153961182
-1.3788484334945679
-0.720592737197876
-2.6666269302368164
0.2954145669937134
-0.2053872048854828
-1.0172908306121826
-0.8879961371421814
-2.2145497798919678
-1.0194008350372314
-1.24234938621521
-1.739114761352539
-1.778590440750122
-1.7083046436309814
-1.8394228219985962
-1.9275782108306885
0.47968894243240356
-2.5923383235931396
-1.2629501819610596
0.11001495271921158
-1.5371013879776
-2.2418277263641357
0.06591922044754028
-1.28722083568573
-2.0226802825927734
-0.3231300711631775
-0.8034414649009705
-0.8125638365745544
-0.9942032098770142
-1.3754405975341797
-1.1034746170043945
-0.835862398147583
0.9730290174484253
-1.6372164487838745
-0.04362717643380165
-2.61470627784729
-2.2850353717803955
0.27328646183013916
-1.9146074056625366
0.3322610855102539
-1.6551530361175537
-1.5798368453979492
-1.5813652276992798
-2.6650383472442627
-1.9397614002227783
-1.2507511377334595
-1.9092737436294556
-1.6588773727416992
-1.808907389640808
-1.2751365900039673
-1.6884738206863403
-2.166447877883911
0.0005922156851738691
-1.5381773710250854
-0.21301373839378357
-1.9335484504699707
-1.66526198387146
-2.1655683517456055
-1.6301078796386719
-2.4202115535736084
-1.3771997690200806
-1.1113660335540771
-2.3059487342834473
-1.6244021654129028
-2.0281753540039062
-1.6425879001617432
-2.365748167037964
-0.4946281909942627
-0.7144392132759094
-1.8373138904571533
-0.605808436870575
0.422979474067688
-1.6796454191207886
0.8448077440261841
-1.5436116456985474
-1.2393276691436768
-2.567307472229004
-3.2680745124816895
-2.1784305572509766
-2.2541704177856445
-1.109938144683838
-1.5356199741363525
-2.8547050952911377
-1.8532028198242188
-1.207425594329834
0.11666467040777206
-1.8116599321365356
-1.7448889017105103
-1.1517372131347656
0.34741783142089844
1.280319333076477
-1.5447453260421753
-0.6200438141822815
1.3895471096038818
0.0064879776909947395
-1.6631934642791748
-1.340415596961975
-2.2015392780303955
-0.8748533725738525
-1.0417968034744263
-1.6540272235870361
-1.3455530405044556
-2.142272710800171
-1.4898453950881958
-0.2937854826450348
-1.3025614023208618
-1.5199624300003052
-2.145413637161255
-1.032810091972351
-2.743067741394043
-1.3371403217315674
-0.7845946550369263
-2.034306526184082
-2.1262357234954834
-0.7062368392944336
0.8210504055023193
-1.8382381200790405
-1.3534576892852783
0.14120177924633026
-1.8646957874298096
-3.1102752685546875
0.4937889575958252
-0.11070922017097473
-2.5626327991485596
-0.06391822546720505
-2.5525617599487305
-1.4007333517074585
-2.3326809406280518
-2.247791051864624
-1.2749203443527222
-2.219895601272583
0.058700840920209885
-1.8825881481170654
-2.265835762023926
-0.04971155896782875
-1.9953361749649048
0.27554410696029663
-1.711542010307312
-0.8318628072738647
-1.4280482530593872
-2.2892847061157227
-2.1892800331115723
-1.4368014335632324
-2.0199294090270996
-1.8160964250564575
-1.9151593446731567
-2.5933942794799805
-1.8552253246307373
-1.286302924156189
-1.2943214178085327
-0.17357344925403595
-0.9453651309013367
-0.9549752473831177
-0.48656630516052246
-1.0595265626907349
-0.9266225695610046
-1.3457890748977661
-1.6726303100585938
-1.7847185134887695
-0.9104764461517334
-1.5687041282653809
-1.444200038909912
-0.43901917338371277
-1.6990948915481567
-1.9552795886993408
-1.4329804182052612
-0.4266360104084015
-2.7847604751586914
-0.506851315498352
-1.7445095777511597
-1.8834127187728882
-2.1762332916259766
-0.8458590507507324
-1.2836511135101318
-1.8754327297210693
-1.6894776821136475
-2.875199794769287
-2.178323984146118
-1.6918199062347412
-2.4671554565429688
-1.2536089420318604
-1.3982141017913818
-1.4616177082061768
-1.0362831354141235
-1.5721074342727661
-1.767273187637329
-0.02545446716248989
-1.8069730997085571
-1.8487907648086548
-1.3764560222625732
-0.364138662815094
-1.6667181253433228
-1.006353735923767
-2.6550567150115967
-1.9344066381454468
-2.487095355987549
-1.4393885135650635
-1.3158053159713745
-1.056412696838379
-1.7312451601028442
-2.090627431869507
-2.451836109161377
-2.6958673000335693
-2.0459866523742676
-2.314690113067627
-2.1339187622070312
-1.1238118410110474
-1.1916134357452393
-0.6505045294761658
-0.32470807433128357
-0.6427239179611206
-2.046184778213501
-1.9836101531982422
-2.17969012260437
-1.981490969657898
-0.7306676506996155
-2.1679913997650146
-0.835009753704071
0.7503278255462646
-2.0621936321258545
-2.434197425842285
-1.8444414138793945
-1.9516533613204956
-2.0664820671081543
-2.125743865966797
0.2054719626903534
-1.6785506010055542
0.2756837010383606
-2.2516794204711914
-1.0701302289962769
-1.7147160768508911
-1.8403338193893433
-1.245947003364563
-1.7236149311065674
-2.3042192459106445
-2.493926525115967
-1.7782087326049805
-2.031548023223877
0.4192948341369629
-2.5545265674591064
-1.4175875186920166
-2.403120994567871
-2.231628894805908
-2.181272029876709
-2.9099698066711426
-2.400099515914917
-1.851455807685852
-2.653888463973999
0.6704981327056885
0.3330373764038086
-0.2423044592142105
-1.5382349491119385
-0.11444360762834549
-1.629428505897522
-1.6531078815460205
-1.2918727397918701
-1.9054542779922485
-1.744106650352478
-2.532212734222412
-1.7622886896133423
-2.1777491569519043
-2.1698548793792725
-1.652282953262329
0.40059396624565125
0.2183712273836136
0.269877165555954
0.07313981652259827
-1.0871316194534302
0.20552122592926025
-2.2065916061401367
-2.2565202713012695
-0.6727291941642761
-0.9706341624259949
-1.7437376976013184
-2.0209410190582275
-2.9770708084106445
-1.150910496711731
0.5682680606842041
-2.480109691619873
-2.3515257835388184
-1.9526416063308716
-2.1608095169067383
-1.949925184249878
-1.484663963317871
-1.1363002061843872
0.8415835499763489
-1.000702142715454
-2.3864967823028564
0.027430178597569466
-1.8244255781173706
-1.1763087511062622
-0.8858532309532166
-1.8050212860107422
-1.350736379623413
-2.1003708839416504
-1.7236310243606567
-2.029909610748291
-2.0964953899383545
-1.5314089059829712
-1.262264370918274
-0.5457461476325989
0.16986596584320068
-1.1991620063781738
-0.9764943718910217
0.49410349130630493
-1.7133842706680298
-1.3959805965423584
-1.4357123374938965
-0.2805405557155609
-1.731837511062622
-1.2547569274902344
-1.6338069438934326
0.696750819683075
-3.2056479454040527
-1.9761953353881836
1.3633146286010742
-2.334408760070801
-2.9466874599456787
-2.3984639644622803
-1.675355315208435
-1.183229684829712
-1.6558030843734741
-0.4576803743839264
-2.865161180496216
-2.413994312286377
-1.8953005075454712
-2.5862765312194824
-1.6169425249099731
-0.6331556439399719
-0.6267974972724915
-3.029942035675049
-0.4578455090522766
-1.2535057067871094
-1.1686917543411255
-1.4762192964553833
-2.709609031677246
-2.0634098052978516
-1.0710070133209229
0.19292421638965607
-1.4287210702896118
-2.411949872970581
-1.7047171592712402
-0.08414188772439957
-1.7475347518920898
-2.3006067276000977
-1.1540791988372803
-2.4944145679473877
-1.06916081905365
-1.8232048749923706
-3.742408037185669
-2.2278637886047363
-2.0137557983398438
-1.8521674871444702
-1.95301353931427
0.23660506308078766
-1.0660682916641235
-3.176011800765991
-1.8269686698913574
-1.1983323097229004
-2.448709487915039
-1.9307043552398682
-1.334364891052246
-0.9223833680152893
-1.2219011783599854
-0.0650392696261406
-0.8949974179267883
-1.8227888345718384
-1.857655644416809
-0.596909761428833
-1.4459604024887085
-2.000042676925659
-2.0616390705108643
-1.640655755996704
-1.2560575008392334
-0.5040944814682007
0.10258816182613373
-0.27479085326194763
0.014436054974794388
-0.5925650596618652
-1.9701135158538818
-1.9641356468200684
-0.6879108548164368
-1.6618719100952148
-2.2314155101776123
-1.6024301052093506
-2.7297661304473877
-1.3192096948623657
-2.01892352104187
0.15699028968811035
-1.688852310180664
0.3233037292957306
-0.8413723111152649
-0.253009557723999
-0.8615604043006897
-0.14488345384597778
-2.6590280532836914
-1.6359307765960693
-0.04207533970475197
0.2116003781557083
-1.4814813137054443
-1.319992184638977
-1.2870936393737793
-0.943842351436615
-2.386364459991455
-0.8325733542442322
-1.63234281539917
-1.5003005266189575
-1.6108131408691406
0.14539426565170288
-1.9130077362060547
-1.8365426063537598
-1.7730271816253662
0.546194314956665
-1.694083571434021
0.8685409426689148
-0.6447246670722961
0.27808570861816406
-2.507767915725708
-0.13104882836341858
-0.7573391795158386
-2.367696523666382
-1.1282259225845337
-3.1846847534179688
-1.2265050411224365
-1.2116079330444336
-1.9327576160430908
-0.6166620850563049
-2.1327667236328125
-1.9131476879119873
-1.7427865266799927
-0.5263471007347107
-1.940441370010376
-2.16683292388916
-1.4677084684371948
-1.2662056684494019
-0.7890990376472473
-0.9840344786643982
-2.1152498722076416
-1.8475476503372192
0.14364013075828552
-1.7522488832473755
-0.6982513666152954
-0.8008195161819458
-1.2431752681732178
-1.4650107622146606
0.03811098635196686
0.1783798635005951
-0.23346740007400513
-2.5598485469818115
-2.4355690479278564
-1.5475472211837769
-0.7258569598197937
-0.900755763053894
-1.0970282554626465
-1.9178261756896973
-1.8237223625183105
-2.249781847000122
-1.7155375480651855
0.339182585477829
-0.30095258355140686
-0.9244638085365295
-1.5523337125778198
-2.5662968158721924
-1.5300132036209106
-1.7177547216415405
-1.6623215675354004
-2.5574772357940674
-2.233487844467163
0.12347444146871567
0.39809608459472656
-1.3390964269638062
-0.9649274349212646
-2.18735408782959
-2.5758135318756104
-1.581624984741211
0.7803046703338623
-2.5662519931793213
-2.1364245414733887
-1.2653748989105225
-1.4618736505508423
-2.1632814407348633
-1.8946994543075562
0.46215587854385376
-1.9793362617492676
-2.5522942543029785
-0.5146880745887756
-0.966501772403717
-0.9571843147277832
-1.7321668863296509
-1.7053394317626953
-2.3699021339416504
0.01168536301702261
-1.0548847913742065
-0.8001129031181335
-2.111598014831543
-0.10785125941038132
-1.5286284685134888
-1.0736359357833862
-2.637744188308716
-2.4302709102630615
-1.9002442359924316
-1.3463586568832397
-1.0133016109466553
-1.9319852590560913
-1.773199439048767
-0.8151956796646118
-1.1804594993591309
-1.6237399578094482
-1.3085078001022339
-2.518735647201538
-2.4193649291992188
-3.1361865997314453
-2.4082608222961426
0.8194675445556641
-1.5098142623901367
-1.7276008129119873
-2.1779046058654785
-1.6145358085632324
-2.1150903701782227
-0.987545907497406
-1.1186811923980713
-2.4830262660980225
-1.594049096107483
-1.1141480207443237
-1.2234495878219604
-2.449359178543091
-0.2998620271682739
-0.19721199572086334
-2.107022523880005
0.18197806179523468
-2.2484254837036133
-1.3124606609344482
-0.6431582570075989
-0.3156222999095917
-1.6502009630203247
-0.17099329829216003
-0.8433454632759094
-2.653057813644409
-1.0722935199737549
-0.2085365504026413
-2.5173375606536865
-1.9696756601333618
-1.447993278503418
-2.2941646575927734
-1.5863279104232788
-1.1628656387329102
0.3615805208683014
-1.6001900434494019
-2.129356861114502
-2.45995831489563
-1.4525319337844849
0.32649704813957214
-1.318532943725586
-2.5540084838867188
0.825055718421936
-1.403689980506897
-1.3198680877685547
-1.4906851053237915
-1.7823703289031982
-1.7784110307693481
-1.7909517288208008
-1.2221139669418335
-2.0414204597473145
-2.1192073822021484
-1.9295165538787842
-2.7137160301208496
-0.6763441562652588
-2.6278460025787354
-0.030574774369597435
-2.1958069801330566
-1.7896353006362915
-0.3885214626789093
-1.2333061695098877
0.07837659865617752
-1.4564883708953857
-0.6084860563278198
-0.25110405683517456
-2.4640440940856934
-0.6416640281677246
-0.06574160605669022
-1.102586269378662
0.49883219599723816
-2.0373668670654297
-2.299306631088257
0.48745763301849365
-2.715522527694702
-1.7941325902938843
-0.8311464190483093
-0.5357615947723389
0.653049886226654
-2.4402523040771484
-1.2298614978790283
-0.9609907269477844
-0.4529634118080139
-2.1652302742004395
-1.1395448446273804
-2.164078950881958
0.2637770175933838
-1.659223198890686
-1.808733582496643
-1.0837842226028442
0.13107237219810486
-1.8947563171386719
0.05420763045549393
-0.7977815270423889
-1.4405708312988281
-2.1929969787597656
-1.3340803384780884
0.5092371702194214
-1.988277554512024
-2.5071756839752197
-1.8069474697113037
-1.0042637586593628
-0.12950226664543152
-1.4792282581329346
-0.6901343464851379
-1.7665209770202637
0.157790407538414
-1.4134420156478882
-0.950173556804657
-1.2265604734420776
-0.5693504214286804
-1.1426421403884888
-1.796041488647461
-1.8378554582595825
1.7271485328674316
0.44572773575782776
-2.33203387260437
-2.825998306274414
-0.9419329166412354
-0.10949617624282837
-2.054882049560547
-1.7644206285476685
0.39661362767219543
-1.4486056566238403
-0.7209422588348389
-2.518352746963501
-1.7264683246612549
-1.9882667064666748
-1.7344298362731934
-1.1389899253845215
-1.4779893159866333
-2.751936674118042
-2.103585720062256
-1.8795658349990845
-1.3040739297866821
-0.668018102645874
-0.7315655946731567
-1.5271927118301392
-1.0750761032104492
-2.2597856521606445
-2.1651618480682373
-0.46403124928474426
-0.3215278685092926
-1.6996513605117798
-2.662353754043579
-0.45070403814315796
-1.4674898386001587
-2.794949531555176
-1.2269315719604492
-1.4727541208267212
-2.2193944454193115
-2.0012965202331543
-0.10630001872777939
-2.37435245513916
0.3665543794631958
-0.819817066192627
-2.146226644515991
-0.26402586698532104
-0.5543846487998962
0.4476849436759949
-1.536598801612854
-1.6585806608200073
-0.06283044070005417
-0.15813031792640686
-0.3520646393299103
-2.2027599811553955
-2.1627583503723145
-1.1381361484527588
-1.6407102346420288
-2.014151096343994
0.005817949306219816
-2.1791374683380127
-2.3139121532440186
1.2019282579421997
-2.5967118740081787
-2.3916258811950684
-1.198490023612976
-2.158165216445923
0.5045183897018433
-0.17005717754364014
-1.1019935607910156
-0.8958983421325684
-2.599940061569214
-0.7876522541046143
-1.8947101831436157
-2.5517122745513916
-0.7834278345108032
0.24057792127132416
-2.2769577503204346
-1.784153938293457
-1.274115800857544
-0.3026615083217621
-0.5054978132247925
-0.5779321789741516
-0.4392975866794586
-0.6635045409202576
-1.1959774494171143
-2.497600555419922
0.6028485298156738
-0.7554932236671448
-2.823546886444092
-0.8768778443336487
-2.0278098583221436
-2.6780850887298584
-1.9558755159378052
-1.3629902601242065
-0.8035507798194885
-3.0458126068115234
-1.941869854927063
-0.6371192336082458
-1.8848015069961548
-2.3278355598449707
-1.548629641532898
-1.1356828212738037
-1.6824851036071777
-0.08301541954278946
-0.43576157093048096
-1.7017756700515747
-1.328150749206543
-2.0289790630340576
-2.690744400024414
1.33005952835083
-1.6155935525894165
-0.2971752882003784
-0.4966078996658325
-0.05930814892053604
-1.841782569885254
-2.080733060836792
-1.5671117305755615
-3.028477907180786
-2.0578877925872803
-1.7999393939971924
-2.134315252304077
0.15003035962581635
-2.9268696308135986
-0.7866242527961731
-1.4050499200820923
-2.18389630317688
-0.8091303706169128
-1.8493101596832275
-1.291306495666504
-0.7854703664779663
-1.874833583831787
-1.2251256704330444
-1.788740634918213
-1.673694372177124
-1.7242292165756226
-1.6216591596603394
-1.9014949798583984
-3.175668478012085
-1.8528504371643066
-2.038607597351074
-5.546328247874044e-05
-0.8376550674438477
-1.8254791498184204
-0.6582010984420776
-2.6261157989501953
-2.521927833557129
-1.5167909860610962
-2.163344144821167
-1.697869062423706
-0.22167524695396423
-1.3683781623840332
-2.17856764793396
-0.3679746985435486
-1.7234185934066772
-1.7534821033477783
0.21157407760620117
-0.449982225894928
-1.5002821683883667
-1.665435552597046
0.44286879897117615
-1.1200188398361206
-2.356126546859741
-1.9879943132400513
-0.04257914051413536
-1.720270037651062
-2.1652612686157227
-1.2818928956985474
-0.2593088448047638
-1.357254981994629
-0.7402362823486328
-1.393578052520752
-1.9294352531433105
-1.9946048259735107
-1.2762184143066406
-1.4807839393615723
-0.9944090843200684
-2.078047037124634
-1.5548816919326782
-0.06536855548620224
-1.5935204029083252
-2.8206369876861572
-2.0608725547790527
-0.40169763565063477
-2.2694458961486816
-1.6100231409072876
0.05464552342891693
-1.9709761142730713
-2.050520181655884
-2.067016839981079
-1.2501665353775024
-1.9512217044830322
-1.1134063005447388
-1.058763861656189
-2.4381351470947266
-1.513719916343689
-2.2757411003112793
-1.7016619443893433
-2.330648422241211
-2.331841468811035
-0.5211997628211975
-1.886849045753479
-1.7586311101913452
-1.183867335319519
-1.3024590015411377
-1.8060414791107178
-0.4264516830444336
-0.10932154953479767
-0.4792671799659729
-2.469731330871582
-1.7236008644104004
-1.9709147214889526
-2.056729793548584
-2.228933572769165
-2.020817756652832
-2.1032328605651855
-1.3673906326293945
-2.348233461380005
-0.5699079036712646
-2.0134661197662354
-0.48992297053337097
-1.3598886728286743
-1.5878360271453857
0.20690830051898956
-1.779171109199524
-0.5768249034881592
0.3851166367530823
-2.0064680576324463
-2.107304334640503
-0.5326898694038391
0.19521158933639526
-0.05830252170562744
-2.5350708961486816
-2.273970603942871
-0.7714313268661499
-1.3600157499313354
-1.8155866861343384
0.9190453886985779
-0.005355817265808582
-2.2310867309570312
-1.307498812675476
-1.648850440979004
-2.2735702991485596
-2.175077438354492
0.3269038498401642
-1.790974497795105
0.7364998459815979
-2.1270928382873535
-2.6387152671813965
-1.8102678060531616
-1.1229939460754395
-1.6501762866973877
-2.7422356605529785
-2.2261803150177
-1.0328420400619507
-1.4590997695922852
0.9816406965255737
-1.2882274389266968
-1.7628628015518188
-1.6668871641159058
-2.4031589031219482
-1.5324273109436035
-1.741951823234558
-1.2614514827728271
-0.5848643779754639
-1.4962602853775024
-2.1804141998291016
-0.8718966245651245
-0.8132859468460083
-2.3091156482696533
-2.1510393619537354
-1.3894226551055908
-1.406554937362671
-1.0686635971069336
-1.208543300628662
-2.189077615737915
-2.2198596000671387
-1.3702020645141602
-1.3973937034606934
-2.329695224761963
-2.0613133907318115
-2.1501455307006836
-1.4332915544509888
0.26808029413223267
-0.9204487800598145
0.6533030271530151
-1.5494964122772217
-1.6984317302703857
-1.5922878980636597
-2.3754780292510986
-0.9883883595466614
-0.614907443523407
-3.3392398357391357
-2.0741772651672363
-0.7855557799339294
-0.2523295283317566
-2.070450782775879
-2.93320631980896
-1.5755977630615234
-1.8433600664138794
-1.4410008192062378
-1.5826257467269897
1.3594352006912231
-1.1519867181777954
-3.3949646949768066
-1.046285629272461
-2.0223870277404785
-2.374457359313965
0.045026205480098724
-1.7568292617797852
-2.4182310104370117
-1.3617427349090576
-2.0235466957092285
-0.16656364500522614
-0.33724483847618103
-1.6546679735183716
-1.1713957786560059
-0.29014402627944946
-2.8462774753570557
-1.5708353519439697
-1.598727822303772
0.6909456253051758
-1.4455974102020264
-2.085620403289795
-1.5926437377929688
0.7762439250946045
-1.6595525741577148
-2.744725465774536
-2.3139638900756836
-1.8574697971343994
-2.0845346450805664
-2.0875325202941895
-1.9609432220458984
-1.6132721900939941
-1.558687686920166
-1.3208671808242798
-2.188479423522949
0.8854803442955017
-1.5259042978286743
-1.4232051372528076
