0.0011709332466125488
0.0031577348709106445
0.0033072829246520996
0.0018385648727416992
0.004392385482788086
0.00569230318069458
0.0016235113143920898
0.005038082599639893
0.003347635269165039
0.03611630201339722
0.0021612048149108887
0.00588834285736084
0.026435017585754395
0.005179703235626221
0.0053253173828125
0.0037586092948913574
0.0026661157608032227
0.007992684841156006
0.009312808513641357
0.0023789405822753906
0.003386855125427246
0.028139352798461914
0.018248796463012695
0.0022478103637695312
0.0031644105911254883
0.004606902599334717
0.0014870762825012207
0.0037418007850646973
0.1011856198310852
0.0018191933631896973
0.004057705402374268
0.01818019151687622
0.0027184486389160156
0.0039007067680358887
0.0038813352584838867
0.0014081597328186035
0.023601651191711426
0.004153609275817871
0.004823446273803711
0.002488553524017334
0.003587186336517334
0.007914602756500244
0.002133667469024658
0.059237539768218994
0.002186715602874756
0.007026493549346924
0.006218552589416504
0.004147768020629883
0.0035001039505004883
0.00853574275970459
0.0067536234855651855
0.0019314885139465332
0.015792548656463623
0.008670687675476074
0.041015028953552246
0.04994535446166992
0.00851064920425415
0.019663453102111816
0.0027647018432617188
0.0016989707946777344
0.003913223743438721
0.005246162414550781
0.0026526451110839844
0.002309441566467285
0.0023827552795410156
0.01570296287536621
0.01912558078765869
0.002943098545074463
0.004478275775909424
0.001983344554901123
0.0054360032081604
0.0031796693801879883
0.00863867998123169
0.001353919506072998
0.0045975446701049805
0.00700223445892334
0.00819694995880127
0.009234607219696045
0.0029158592224121094
0.0040929317474365234
0.002955317497253418
0.002245664596557617
0.005859553813934326
0.0035877227783203125
0.003240227699279785
0.011385560035705566
0.003906369209289551
0.0030246973037719727
0.002757847309112549
0.0038204193115234375
0.0038661956787109375
0.003049015998840332
0.005111098289489746
0.0032271742820739746
0.008046925067901611
0.02178293466567993
0.003880023956298828
0.012634038925170898
0.0022270679473876953
0.0034087300300598145
0.03298592567443848
0.004018306732177734
0.003748476505279541
0.004331827163696289
0.004656851291656494
0.009097576141357422
0.0036492347717285156
0.001935422420501709
0.002127230167388916
0.2851330637931824
0.005029141902923584
0.00847172737121582
0.0028520822525024414
0.003067910671234131
0.0033472776412963867
0.04575628042221069
0.026496589183807373
0.006379425525665283
0.002821683883666992
0.0015652179718017578
0.0117722749710083
0.12847423553466797
0.003230571746826172
0.001902461051940918
0.0106925368309021
0.001405954360961914
0.0035370588302612305
0.0055449604988098145
0.0030168890953063965
0.0033407211303710938
0.001735687255859375
0.002688765525817871
0.003758251667022705
0.004331111907958984
0.005104422569274902
0.003636181354522705
0.0017696619033813477
0.0025703907012939453
0.02730351686477661
0.008481323719024658
0.003102600574493408
0.0013410449028015137
0.015781104564666748
0.001970350742340088
0.010691642761230469
0.025371849536895752
0.10913753509521484
0.0029964447021484375
0.002943873405456543
0.0031510591506958008
0.003759324550628662
0.003882467746734619
0.004535555839538574
0.008940815925598145
0.004664480686187744
0.004538357257843018
0.005274951457977295
0.006722390651702881
0.06979626417160034
0.0024831295013427734
0.010458827018737793
0.007884025573730469
0.0017486214637756348
0.0034850239753723145
0.00413745641708374
0.0020862221717834473
0.10604584217071533
0.0020966529846191406
0.0038819313049316406
0.003240525722503662
0.002528071403503418
0.04115140438079834
0.003632783889770508
0.0075574517250061035
0.0027106404304504395
0.010781645774841309
0.004344761371612549
0.00386887788772583
0.005142688751220703
0.0024268627166748047
0.0030235648155212402
0.0033162832260131836
0.00536578893661499
0.005161285400390625
0.0043329596519470215
0.003249943256378174
0.04578053951263428
0.0037863850593566895
0.015311896800994873
0.004892945289611816
0.006721377372741699
0.0011835694313049316
0.004674673080444336
0.0027358531951904297
0.03509700298309326
0.013080596923828125
0.0030698180198669434
0.005083203315734863
0.0032833218574523926
0.006366431713104248
0.0041692256927490234
0.0038192272186279297
0.004471540451049805
0.003725886344909668
0.002878427505493164
0.001734912395477295
0.006246626377105713
0.0025437474250793457
0.0064400434494018555
0.044821321964263916
0.0033547282218933105
0.0038371682167053223
0.0026163458824157715
0.0032420754432678223
0.0025668740272521973
0.013878822326660156
0.006122708320617676
0.005802631378173828
0.006307780742645264
0.003063023090362549
0.00507044792175293
0.012631058692932129
0.04480564594268799
0.03828096389770508
0.002674579620361328
0.0023392438888549805
0.0026800036430358887
0.007033586502075195
0.003367781639099121
0.006164252758026123
0.0027180910110473633
0.0066446661949157715
0.007392525672912598
0.0024837851524353027
0.0031798481941223145
0.006454586982727051
0.0014734268188476562
0.00266951322555542
0.004010975360870361
0.006293654441833496
0.005074024200439453
0.0028573274612426758
0.003036320209503174
0.0039923787117004395
0.001517176628112793
0.00319594144821167
0.004023075103759766
0.002106904983520508
0.003262162208557129
0.0032010674476623535
0.00392460823059082
0.003742516040802002
0.002812027931213379
0.004275023937225342
0.004232227802276611
0.006310880184173584
0.002340972423553467
0.008135735988616943
0.004827976226806641
0.0038503408432006836
0.00582045316696167
0.007845044136047363
0.003216385841369629
0.024400830268859863
0.0033690929412841797
0.004420876502990723
0.002601444721221924
0.002085387706756592
0.002937495708465576
0.002625703811645508
0.007279157638549805
0.003207564353942871
0.0013443231582641602
0.0037459731101989746
0.0054618120193481445
0.00356370210647583
0.004192054271697998
0.003041088581085205
0.0040493011474609375
0.006788730621337891
0.054448604583740234
0.002820730209350586
0.006138324737548828
0.0665121078491211
0.037501752376556396
0.004096508026123047
0.004997551441192627
0.0034342408180236816
0.008490324020385742
0.0055640339851379395
0.0026810765266418457
0.003384888172149658
0.0014283061027526855
0.003484070301055908
0.003794074058532715
0.005019009113311768
0.0026723146438598633
0.002571582794189453
0.004018545150756836
0.002628147602081299
0.005276024341583252
0.01168912649154663
0.0026152729988098145
0.0028366446495056152
0.014344215393066406
0.022880852222442627
0.002664327621459961
0.005638301372528076
0.013781130313873291
0.004230856895446777
0.0018061399459838867
0.03829294443130493
0.02829056978225708
0.002398252487182617
0.0024620890617370605
0.0021709203720092773
0.00842583179473877
0.0018233656883239746
0.0038568973541259766
0.008608341217041016
0.003418445587158203
0.04266858100891113
0.002978205680847168
0.0026760101318359375
0.012728631496429443
0.0023012161254882812
0.0043852925300598145
0.006322979927062988
0.007389247417449951
0.0054399967193603516
0.004037201404571533
0.0030986666679382324
0.004661202430725098
0.001953303813934326
0.004339694976806641
0.0027725696563720703
0.0022205710411071777
0.006441235542297363
0.004493355751037598
0.005406975746154785
0.0012773871421813965
0.005677759647369385
0.008327305316925049
0.01323235034942627
0.005250394344329834
0.00420457124710083
0.004990577697753906
0.004224896430969238
0.002233266830444336
0.007803082466125488
0.00356137752532959
0.003568112850189209
0.0033682584762573242
0.0027689337730407715
0.003916323184967041
0.004230797290802002
0.005009472370147705
0.0020586252212524414
0.008895576000213623
0.002970397472381592
0.0028116703033447266
0.0033465027809143066
0.00623852014541626
0.003998458385467529
0.0028151273727416992
0.004268825054168701
0.003585517406463623
0.002939164638519287
0.004061639308929443
0.003150343894958496
0.0036585330963134766
0.004060566425323486
0.004654645919799805
0.008331716060638428
0.0031278133392333984
0.0030357837677001953
0.0023766160011291504
0.004666447639465332
0.006833851337432861
0.014293670654296875
0.013281047344207764
0.004159331321716309
0.005327939987182617
0.0024412870407104492
0.0028900504112243652
0.002768874168395996
0.0032320022583007812
0.002942800521850586
0.007427692413330078
0.003621995449066162
0.0031041502952575684
0.00206071138381958
0.0030477046966552734
0.003954052925109863
0.004840672016143799
0.0037420988082885742
0.0061948299407958984
0.009325385093688965
0.02911144495010376
0.046934425830841064
0.0057108402252197266
0.002504587173461914
0.003083467483520508
0.003828585147857666
0.0025568604469299316
0.012540578842163086
0.0027418136596679688
0.004578232765197754
0.025339186191558838
0.003699004650115967
0.0027490854263305664
0.0018900632858276367
0.003083348274230957
0.002816498279571533
0.002306222915649414
0.0999409556388855
0.003260314464569092
0.10767418146133423
0.002334117889404297
0.005360305309295654
0.0029124021530151367
0.003506958484649658
0.006512761116027832
0.0037706494331359863
0.005230247974395752
0.0019231438636779785
0.004019200801849365
0.002675473690032959
0.08967947959899902
0.0031375885009765625
0.005869030952453613
0.0021470189094543457
0.003920197486877441
0.0016660094261169434
0.002004086971282959
0.002808988094329834
0.0032700300216674805
0.0017896294593811035
0.008540928363800049
0.005213141441345215
0.0036927461624145508
0.004823088645935059
0.0022736191749572754
0.0022892355918884277
0.006246447563171387
0.0042983293533325195
0.0030707120895385742
0.0023569464683532715
0.0022765398025512695
0.0028951168060302734
0.0026856660842895508
0.0014638900756835938
0.002794027328491211
0.010341286659240723
0.004033565521240234
0.02024322748184204
0.2992551326751709
0.008479893207550049
0.008637011051177979
0.0038338303565979004
0.0030213594436645508
0.006778120994567871
0.004389703273773193
0.00316774845123291
0.001788496971130371
0.001509249210357666
0.0038666725158691406
0.03305482864379883
0.0017870664596557617
0.0032371878623962402
0.005015313625335693
0.003351867198944092
0.006275475025177002
0.0037416815757751465
0.005563974380493164
0.07820767164230347
0.010555684566497803
0.002018153667449951
0.029908418655395508
0.0040329694747924805
0.0033882856369018555
0.011003315448760986
0.0028839707374572754
0.002594172954559326
0.0033116936683654785
0.0030252933502197266
0.0032379627227783203
0.002751588821411133
0.005147337913513184
0.004806637763977051
0.01320570707321167
0.004335165023803711
0.007203102111816406
0.019581496715545654
0.006148576736450195
0.0036148428916931152
0.0027968883514404297
0.0036298632621765137
0.0023723840713500977
0.005211174488067627
0.005297422409057617
0.0033840537071228027
0.010445952415466309
0.0019714832305908203
0.003538966178894043
0.06918364763259888
0.002025783061981201
0.0020799636840820312
0.0012742280960083008
0.004665255546569824
0.005320429801940918
0.003071308135986328
0.0096893310546875
0.002588808536529541
0.0027811527252197266
0.003310084342956543
0.0031037330627441406
0.0032191872596740723
0.01550668478012085
0.0035788416862487793
0.001468956470489502
0.00763094425201416
0.006697714328765869
0.006779730319976807
0.003309309482574463
0.0028606653213500977
0.0041735172271728516
0.006306767463684082
0.002607583999633789
0.0038003921508789062
0.002564847469329834
0.004328727722167969
0.0032982826232910156
0.0022406578063964844
0.0020626187324523926
0.0047560930252075195
0.0020796656608581543
0.00909501314163208
0.0027658939361572266
0.0013123154640197754
0.0035982131958007812
0.0028271079063415527
0.0018880367279052734
0.003747880458831787
0.023295283317565918
0.005974233150482178
0.0016356110572814941
0.0027690529823303223
0.005900979042053223
0.0025136470794677734
0.0023690462112426758
0.0029694437980651855
0.0071953535079956055
0.008232712745666504
0.02203845977783203
0.009134113788604736
0.004426181316375732
0.004014074802398682
0.006494998931884766
0.003674328327178955
0.002351999282836914
0.003361225128173828
0.0024279356002807617
0.005509436130523682
0.013027548789978027
0.008981108665466309
0.011948943138122559
0.03598898649215698
0.010009348392486572
0.002910435199737549
0.002709031105041504
0.015064060688018799
0.003337681293487549
0.00203549861907959
0.003985881805419922
0.0023767948150634766
0.006538212299346924
0.00254213809967041
0.002790391445159912
0.0025177597999572754
0.07495421171188354
0.008476674556732178
0.0423351526260376
0.004596292972564697
0.0013838410377502441
0.004028022289276123
0.0031083226203918457
0.026270747184753418
0.006620347499847412
0.002994358539581299
0.004245936870574951
0.004054844379425049
0.014890670776367188
0.0032221078872680664
0.00898045301437378
0.0027557015419006348
0.004543006420135498
0.004838466644287109
0.002517223358154297
0.002631843090057373
0.003947198390960693
0.005013942718505859
0.13192927837371826
0.004083693027496338
0.05724555253982544
0.006064355373382568
0.006484508514404297
0.002477586269378662
0.003253161907196045
0.012938082218170166
0.0016647577285766602
0.005816996097564697
0.0017778277397155762
0.004028916358947754
0.00704801082611084
0.002606630325317383
0.008768320083618164
0.0023516416549682617
0.0042473673820495605
0.0039691925048828125
0.007608771324157715
0.0038532614707946777
0.0025751590728759766
0.003917098045349121
0.006862819194793701
0.018576741218566895
0.008492887020111084
0.0028510689735412598
0.0028576254844665527
0.05994826555252075
0.0038240551948547363
0.024968326091766357
0.003790736198425293
0.005755066871643066
0.003140866756439209
0.0013397932052612305
0.00413137674331665
0.001998722553253174
0.0024875402450561523
0.0026325583457946777
0.0046730637550354
0.009359002113342285
0.007412314414978027
0.007411837577819824
0.0029959678649902344
0.003682434558868408
0.0027447938919067383
0.0034671425819396973
0.006326198577880859
0.004507899284362793
0.008578300476074219
0.00224381685256958
0.004636645317077637
0.0035074949264526367
0.0034708380699157715
0.0037063956260681152
0.003041207790374756
0.0058959126472473145
0.034757256507873535
0.005908787250518799
0.003986179828643799
0.006482243537902832
0.002270817756652832
0.002827763557434082
0.0031366944313049316
0.045345425605773926
0.0013946294784545898
0.002392888069152832
0.0024355649948120117
0.004069983959197998
0.002081930637359619
0.004508495330810547
0.02420598268508911
0.0031858086585998535
0.002985060214996338
0.011974215507507324
0.011479198932647705
0.005565941333770752
0.002654552459716797
0.003972768783569336
0.0029955506324768066
0.0019102692604064941
0.004533290863037109
0.025188922882080078
0.0024671554565429688
0.0011467337608337402
0.003850579261779785
0.011251688003540039
0.0012798905372619629
0.0012694001197814941
0.002129197120666504
0.005524277687072754
0.003686070442199707
0.002501249313354492
0.003202676773071289
0.010635733604431152
0.007544219493865967
0.004072725772857666
0.007124602794647217
0.0026487112045288086
0.0030066967010498047
0.0014737248420715332
0.0027278661727905273
0.06538480520248413
0.004109501838684082
0.003290414810180664
0.0030684471130371094
0.0025901198387145996
0.0035781264305114746
0.0055525898933410645
0.0057443976402282715
0.001920938491821289
0.002318084239959717
0.004271030426025391
0.0055258870124816895
0.001799941062927246
0.025960028171539307
0.011610269546508789
0.003387928009033203
0.006232917308807373
0.002583742141723633
0.00667572021484375
0.024968504905700684
0.004818975925445557
0.005411207675933838
0.004317879676818848
0.013665914535522461
0.0017285943031311035
0.011701822280883789
0.047693729400634766
0.0018810629844665527
0.0018191933631896973
0.0067484378814697266
0.0018750429153442383
0.004207193851470947
0.005727827548980713
0.012316584587097168
0.005612730979919434
0.006035268306732178
0.0018892884254455566
0.0042275190353393555
0.08050161600112915
0.008973419666290283
0.0026047825813293457
0.012711286544799805
0.004937946796417236
0.005653262138366699
0.007101953029632568
0.003772139549255371
0.002160966396331787
0.003838181495666504
0.005239427089691162
0.0029407143592834473
0.0031033754348754883
0.0030364990234375
0.0030303001403808594
0.0064577460289001465
0.0015603303909301758
0.036112844944000244
0.002573251724243164
0.004033505916595459
0.04902714490890503
0.003928422927856445
0.039760053157806396
0.0035265684127807617
0.0059836506843566895
0.0062670111656188965
0.0027628540992736816
0.009197235107421875
0.002853214740753174
0.005721390247344971
0.012001574039459229
0.003639698028564453
0.004555761814117432
0.10442167520523071
0.0023310184478759766
0.003960013389587402
0.00777202844619751
0.023411333560943604
0.014597654342651367
0.0028815269470214844
0.005058944225311279
0.00619816780090332
0.010971665382385254
0.002435743808746338
0.005068778991699219
0.0030240416526794434
0.015147089958190918
0.0023630261421203613
0.003474593162536621
0.007158219814300537
0.003884553909301758
0.004551231861114502
0.0017485618591308594
0.03584444522857666
0.007721424102783203
0.0030863285064697266
0.002624213695526123
0.03191107511520386
0.0038715600967407227
0.0024713873863220215
0.0038508176803588867
0.005255341529846191
0.014415979385375977
0.003165304660797119
0.007848799228668213
0.002240478992462158
0.0041179656982421875
0.00433272123336792
0.006596088409423828
0.005678832530975342
0.040821611881256104
0.011363327503204346
0.00225985050201416
0.004836738109588623
0.21217447519302368
0.03423035144805908
0.0028769969940185547
0.0020372867584228516
0.007593691349029541
0.06150555610656738
0.0031263232231140137
0.0032785534858703613
0.005160808563232422
0.010364174842834473
0.024074971675872803
0.00285184383392334
0.003340005874633789
0.002765655517578125
0.011073648929595947
0.0058776140213012695
0.004718422889709473
0.002666771411895752
0.0032756924629211426
0.002267777919769287
0.006822645664215088
0.005867123603820801
0.007982134819030762
0.0028190016746520996
0.006657660007476807
0.0014886260032653809
0.00292891263961792
0.02498239278793335
0.005533874034881592
0.001737833023071289
0.0020783543586730957
0.028063714504241943
0.004732191562652588
0.002122938632965088
0.007313549518585205
0.0037664175033569336
0.0025847554206848145
0.0023894906044006348
0.027897238731384277
0.003056943416595459
0.004203677177429199
0.005974292755126953
0.0019258856773376465
0.0019685029983520508
0.0075868964195251465
0.036373019218444824
0.003256082534790039
0.0022043585777282715
0.003721773624420166
0.0030792951583862305
0.008583486080169678
0.002675950527191162
0.0035588741302490234
0.005254983901977539
0.00267791748046875
0.0033068060874938965
0.0006170272827148438
0.0032160282135009766
0.004085361957550049
0.14420288801193237
0.0027805566787719727
0.0023983120918273926
0.004325270652770996
0.0024749040603637695
0.04010742902755737
0.03361564874649048
0.007225155830383301
0.02792125940322876
0.0030000805854797363
0.009784400463104248
0.003237009048461914
0.001932382583618164
0.009738445281982422
0.00549238920211792
0.0025668740272521973
0.002671658992767334
0.005705416202545166
0.05816757678985596
0.005208373069763184
0.03719282150268555
0.014552295207977295
0.008493185043334961
0.005748391151428223
0.0023955702781677246
0.01656186580657959
0.008847713470458984
0.002445816993713379
0.01019972562789917
0.0054555535316467285
0.0038254857063293457
0.0024865269660949707
0.003106236457824707
0.008010804653167725
0.0026959776878356934
0.005415141582489014
0.007462918758392334
0.015298724174499512
0.002697467803955078
0.004505276679992676
0.0029076337814331055
0.004778742790222168
0.008891284465789795
0.30517518520355225
0.0042269229888916016
0.007804930210113525
0.0033884644508361816
0.002415478229522705
0.05369699001312256
0.0036526918411254883
0.04773181676864624
0.007737517356872559
0.002253234386444092
0.0030531883239746094
0.0035965442657470703
0.002791106700897217
0.00187605619430542
0.0020349621772766113
0.004214763641357422
0.0024550557136535645
0.004000246524810791
0.001841902732849121
0.01985478401184082
0.004942655563354492
0.00195235013961792
0.006809830665588379
0.00186997652053833
0.004242658615112305
0.011028826236724854
0.0021077990531921387
0.003906667232513428
0.003502190113067627
0.005050182342529297
0.0026353001594543457
0.004545032978057861
0.004304826259613037
0.002027153968811035
0.003175199031829834
0.003506004810333252
0.009732663631439209
0.006177008152008057
0.003158867359161377
0.03517866134643555
0.002060234546661377
0.002170860767364502
0.0029789209365844727
0.0029044151306152344
0.004637539386749268
0.02084404230117798
0.0037279725074768066
0.002552509307861328
0.0028496980667114258
0.004403114318847656
0.0032426118850708008
0.005131959915161133
0.009049952030181885
0.003452003002166748
0.0018014907836914062
0.018465816974639893
0.007461905479431152
0.0016310811042785645
0.004018008708953857
0.001378476619720459
0.00367581844329834
0.002244293689727783
0.002673625946044922
0.0028187036514282227
0.027676820755004883
0.012190699577331543
0.010482728481292725
0.003293335437774658
0.002867281436920166
0.0055918097496032715
0.017566800117492676
0.007147848606109619
0.0023656487464904785
0.0026497244834899902
0.0050827860832214355
0.0031859874725341797
0.002733767032623291
0.002228856086730957
0.0032764077186584473
0.0021523237228393555
0.005570888519287109
0.002705872058868408
0.0026199817657470703
0.001875758171081543
0.003043055534362793
0.005238831043243408
0.003698289394378662
0.006659209728240967
0.004451930522918701
0.0033354759216308594
0.0029840469360351562
0.0033150911331176758
0.003374457359313965
0.002797842025756836
0.003336966037750244
0.004804551601409912
0.005454063415527344
0.0029415488243103027
0.005206108093261719
0.008175969123840332
0.0031935572624206543
0.0038941502571105957
0.08461874723434448
0.004047036170959473
0.002116680145263672
0.003376603126525879
0.004359185695648193
0.0038623809814453125
0.003194749355316162
0.003449738025665283
0.0018440485000610352
0.0036959052085876465
0.002052783966064453
0.012312591075897217
0.002263009548187256
0.0064081549644470215
0.003675699234008789
0.0037046074867248535
0.00407332181930542
0.0033731460571289062
0.0036469697952270508
0.03490203619003296
0.003877580165863037
0.0032167434692382812
0.00925534963607788
0.005248129367828369
0.038516998291015625
0.0030688047409057617
0.003414750099182129
0.011003196239471436
0.005333244800567627
0.003688633441925049
0.040005505084991455
0.09532338380813599
0.0033354759216308594
0.0037224888801574707
0.005142867565155029
0.0018371343612670898
0.004031062126159668
0.029071927070617676
0.0031762123107910156
0.012471377849578857
0.0024160146713256836
0.002101004123687744
0.0038526058197021484
0.008968114852905273
0.001931309700012207
0.0021116137504577637
0.0013578534126281738
0.012938618659973145
0.0035094022750854492
0.11723029613494873
0.005923449993133545
0.0048542022705078125
0.0034736990928649902
0.0028496980667114258
0.006067335605621338
0.0018606185913085938
0.007293760776519775
0.008875429630279541
0.005689084529876709
0.0034633874893188477
0.010499417781829834
0.004818856716156006
0.0019248127937316895
0.0036217570304870605
0.012503564357757568
0.005412399768829346
0.005964338779449463
0.0027400851249694824
0.0033603906631469727
0.003771960735321045
0.005511283874511719
0.005172073841094971
0.002919435501098633
0.005771219730377197
0.0026205778121948242
0.0020539164543151855
0.0038822293281555176
0.005499005317687988
0.010509848594665527
0.0055348873138427734
0.0026057958602905273
0.006865143775939941
0.002180039882659912
0.007256567478179932
0.012472271919250488
0.0016511082649230957
0.0032949447631835938
0.0068361759185791016
0.0613788366317749
0.0022714734077453613
0.0023841261863708496
0.007453024387359619
0.004823207855224609
0.002824544906616211
0.003958582878112793
0.060731470584869385
0.002940058708190918
0.00272369384765625
0.00682675838470459
0.0019522309303283691
0.0031476616859436035
0.0027761459350585938
0.0020942091941833496
0.0028747916221618652
0.003810405731201172
0.002524435520172119
0.002786099910736084
0.030678212642669678
0.00344240665435791
0.005049705505371094
0.011308014392852783
0.00239408016204834
0.0032900571823120117
0.0032318830490112305
0.023754417896270752
0.0047067999839782715
0.0030370354652404785
0.008133232593536377
0.2140207290649414
0.005488276481628418
0.0021764636039733887
0.0024907588958740234
0.004477739334106445
0.0044893622398376465
0.0030092597007751465
0.0033178329467773438
0.0032550692558288574
0.003097057342529297
0.033311307430267334
0.0021188855171203613
0.020525336265563965
0.004179477691650391
0.004915356636047363
