2.0569069385528564
1.2741494178771973
1.4392808675765991
1.6677134037017822
2.1473681926727295
0.9640218615531921
1.9211643934249878
1.703018069267273
1.0931426286697388
1.2986862659454346
1.3198843002319336
1.9028587341308594
1.4404468536376953
1.217626690864563
1.6900901794433594
1.3484601974487305
1.3285638093948364
1.6624189615249634
2.125843048095703
1.8503423929214478
1.1417282819747925
1.6754570007324219
1.6677528619766235
1.151479959487915
1.380323052406311
1.4091602563858032
2.3033952713012695
1.1627565622329712
2.525352716445923
2.279224157333374
2.2801403999328613
1.8530800342559814
1.7630257606506348
1.4820365905761719
1.805072546005249
1.3708200454711914
1.8270212411880493
2.050244092941284
1.0079962015151978
1.539337396621704
1.363607406616211
1.419769048690796
2.040717840194702
1.4318625926971436
1.294570803642273
1.4975301027297974
1.2043887376785278
1.4028253555297852
0.8746871948242188
1.7894645929336548
1.5891956090927124
1.4898313283920288
1.0201092958450317
1.173638105392456
2.5114166736602783
2.249603509902954
1.978319525718689
1.4855835437774658
1.6970109939575195
1.7954370975494385
1.279605507850647
1.5931349992752075
2.0971455574035645
1.5169602632522583
1.3601648807525635
2.2473676204681396
1.3050013780593872
1.1513237953186035
1.4203850030899048
1.7668671607971191
1.6239241361618042
1.4177457094192505
2.019536018371582
1.6670973300933838
0.9698194265365601
1.491432547569275
1.5483098030090332
1.5498113632202148
2.8307178020477295
1.2174575328826904
1.6832019090652466
1.6773468255996704
1.7677435874938965
1.627580165863037
1.6979198455810547
2.2404634952545166
1.4964944124221802
1.6253881454467773
1.4275856018066406
1.255043387413025
1.2248711585998535
1.4203757047653198
1.2219480276107788
1.273698091506958
1.5459823608398438
2.18257474899292
1.9755371809005737
2.2819299697875977
1.3407613039016724
1.1984061002731323
1.2495145797729492
1.4900590181350708
1.297389030456543
2.55769681930542
1.1070168018341064
1.9474958181381226
1.3484567403793335
2.9581401348114014
1.2447141408920288
2.6279051303863525
1.5053589344024658
1.5940041542053223
1.0359060764312744
1.5074368715286255
1.0112063884735107
2.294179677963257
2.3716561794281006
1.531514286994934
1.5249457359313965
1.76693594455719
1.7002712488174438
1.4627619981765747
1.6738097667694092
1.6511090993881226
1.4469386339187622
1.3088486194610596
1.4437716007232666
1.4605677127838135
1.5045359134674072
1.4739861488342285
1.657810091972351
1.40297269821167
1.3198057413101196
2.133702516555786
1.116711974143982
1.5636357069015503
1.7038686275482178
1.2714240550994873
1.7679582834243774
1.7173868417739868
1.5480973720550537
1.6875343322753906
1.6031183004379272
1.5496797561645508
1.4946118593215942
2.0039756298065186
1.4024109840393066
1.622780442237854
1.1712476015090942
1.223487138748169
1.4310331344604492
1.411880373954773
1.1718157529830933
1.7754395008087158
1.114447832107544
1.8078306913375854
1.255714774131775
1.6717103719711304
2.538322925567627
1.3182506561279297
0.8393370509147644
1.563713788986206
1.683557152748108
1.537969708442688
2.0172135829925537
1.4144577980041504
1.157309651374817
1.575730323791504
1.3917983770370483
1.3827260732650757
1.7270431518554688
1.4173595905303955
2.2576210498809814
1.4050307273864746
1.3300340175628662
1.0223850011825562
1.124717354774475
1.0812299251556396
1.0291192531585693
0.8546455502510071
2.1748316287994385
1.6944818496704102
1.4359352588653564
1.4659456014633179
1.7130770683288574
1.6022833585739136
2.435006618499756
1.6043621301651
1.3762831687927246
1.3115755319595337
1.1374377012252808
1.4445327520370483
1.815840244293213
1.0642564296722412
1.7081230878829956
2.13922119140625
3.2037572860717773
1.2579693794250488
1.2358993291854858
1.410483717918396
1.4345951080322266
1.184442162513733
1.4692714214324951
1.2606112957000732
2.299504041671753
1.1574262380599976
2.3189733028411865
1.6603180170059204
1.4920772314071655
1.5193678140640259
1.6069841384887695
1.2933903932571411
2.0716934204101562
1.0443155765533447
1.5215678215026855
3.211785078048706
1.865774154663086
1.6065795421600342
1.5257335901260376
1.4607845544815063
1.1498152017593384
1.7815591096878052
2.548367738723755
1.422303557395935
1.6845475435256958
1.3004621267318726
1.7406609058380127
2.404003620147705
1.2355400323867798
2.240891456604004
1.5704933404922485
1.664061188697815
1.1804202795028687
1.0575309991836548
1.789865255355835
1.174897313117981
1.7274080514907837
1.2476726770401
1.2623505592346191
1.5480382442474365
1.1666560173034668
1.32883882522583
2.025487184524536
1.3579518795013428
2.022005081176758
1.080703854560852
1.3777406215667725
1.861592173576355
1.3876338005065918
1.5888558626174927
1.808808445930481
1.5234767198562622
1.0965821743011475
1.1421855688095093
1.4139536619186401
1.7151479721069336
1.347092628479004
1.4110647439956665
1.7106612920761108
1.4869745969772339
1.7177141904830933
2.76621675491333
1.6703243255615234
2.5475833415985107
1.509444236755371
1.286056399345398
1.3513067960739136
1.7690551280975342
1.6952764987945557
1.3367457389831543
1.700980544090271
1.7205357551574707
1.9640785455703735
1.2076894044876099
1.5286561250686646
2.4424026012420654
1.5619215965270996
1.276921033859253
1.6763439178466797
2.1515748500823975
1.9039478302001953
1.8445539474487305
1.446812391281128
3.0374603271484375
1.4171303510665894
1.4128029346466064
1.349487543106079
1.6434929370880127
1.7777963876724243
1.5107320547103882
1.7800730466842651
1.7770916223526
1.7182716131210327
1.349004864692688
1.9211760759353638
1.3128063678741455
1.226831316947937
1.3957111835479736
1.3301581144332886
1.7568639516830444
1.6033786535263062
1.336079478263855
1.3868205547332764
1.0752732753753662
1.8730887174606323
2.6451385021209717
1.4428669214248657
1.211627721786499
1.6993070840835571
1.226998209953308
1.6868504285812378
2.2478549480438232
1.6713143587112427
1.5734052658081055
2.133012294769287
1.656140685081482
1.3279483318328857
1.4185278415679932
1.658139705657959
1.4941048622131348
1.8757810592651367
1.4779696464538574
1.7358739376068115
1.001715898513794
2.1162915229797363
1.3736680746078491
2.0227272510528564
1.4212591648101807
1.5716880559921265
1.9035409688949585
1.6565355062484741
1.1925325393676758
1.6735765933990479
1.2718925476074219
1.4675188064575195
1.1001322269439697
2.1496992111206055
2.072597026824951
1.480756163597107
1.2450568675994873
1.9069068431854248
1.329755187034607
1.6017391681671143
1.8545646667480469
1.731296181678772
1.46926748752594
1.4096726179122925
1.3385770320892334
1.5763521194458008
1.6278077363967896
1.4844156503677368
1.5144896507263184
1.6566733121871948
1.5962954759597778
1.1809258460998535
1.5257949829101562
1.5518131256103516
1.3752567768096924
1.8151265382766724
1.373155951499939
1.442766785621643
0.8869205117225647
1.254868745803833
1.4125337600708008
1.1757086515426636
1.7892000675201416
1.3591784238815308
1.2535996437072754
1.3627867698669434
1.6839174032211304
1.6980093717575073
1.6523152589797974
1.524794340133667
1.4086824655532837
1.4902455806732178
1.6412705183029175
2.0692813396453857
1.552748680114746
1.2183480262756348
1.7005977630615234
1.2690669298171997
1.0471199750900269
1.502532720565796
1.1665830612182617
1.3174476623535156
1.386992335319519
1.1980921030044556
1.7052003145217896
1.39254891872406
1.4443186521530151
1.3760918378829956
1.2865523099899292
1.407787799835205
1.9573948383331299
2.1706960201263428
2.1620638370513916
1.6066925525665283
1.4629393815994263
1.9565787315368652
2.2546708583831787
1.5712311267852783
1.4689255952835083
1.4930936098098755
1.0692795515060425
1.6245990991592407
1.5004076957702637
1.4669877290725708
2.149463176727295
2.4014225006103516
1.4656835794448853
0.9970998167991638
1.6611027717590332
1.448884129524231
1.3883877992630005
1.4898829460144043
2.099412441253662
1.381320834159851
2.1172375679016113
1.838863730430603
1.33804452419281
1.539656162261963
1.3212100267410278
1.5390689373016357
1.2753491401672363
1.5695921182632446
1.1502715349197388
1.4805505275726318
1.7736890316009521
1.2206451892852783
1.4211623668670654
1.6399859189987183
1.6141115427017212
1.6606875658035278
1.7194041013717651
1.9856748580932617
1.4355919361114502
1.5044423341751099
2.480682849884033
0.8150200843811035
2.661435604095459
1.9898813962936401
1.588659644126892
2.1704020500183105
1.1900527477264404
1.8087856769561768
1.7477768659591675
1.7126768827438354
1.7449759244918823
1.804038643836975
2.067718744277954
1.154741883277893
1.71707284450531
1.0919541120529175
2.552201986312866
2.563197135925293
1.8678534030914307
2.4945969581604004
1.2766849994659424
0.8431446552276611
1.8301148414611816
1.3335415124893188
1.6117517948150635
1.1648759841918945
1.3786003589630127
1.659778118133545
2.2362325191497803
1.3020639419555664
1.9165757894515991
1.3661490678787231
0.9066082835197449
1.3586500883102417
1.1749260425567627
0.3141815662384033
1.3618685007095337
1.4716036319732666
2.6613998413085938
1.5479425191879272
1.427712321281433
0.6649032235145569
1.0197259187698364
1.9106091260910034
1.3629425764083862
1.7314201593399048
1.618767499923706
1.3117297887802124
1.2053287029266357
1.3366737365722656
1.1899728775024414
1.8566304445266724
1.4427227973937988
1.4403437376022339
2.631625175476074
1.2919257879257202
1.5293142795562744
2.1791930198669434
1.4350312948226929
1.5012224912643433
1.6845389604568481
2.3119800090789795
1.5423791408538818
1.2431548833847046
1.4559662342071533
2.6835010051727295
1.587237000465393
1.5519174337387085
1.4332687854766846
1.7080059051513672
1.3934487104415894
1.2522838115692139
1.4951242208480835
1.4657645225524902
2.043088674545288
1.9250916242599487
1.161744236946106
1.2164379358291626
1.2935396432876587
1.6272401809692383
1.254459261894226
1.2970190048217773
2.7871718406677246
0.9359709620475769
1.558919906616211
1.516418218612671
1.6101598739624023
1.387524962425232
1.387045979499817
1.583541750907898
1.2369650602340698
2.2242555618286133
1.4644297361373901
1.5621731281280518
1.4212735891342163
1.7618759870529175
1.4739235639572144
1.543205976486206
1.3779526948928833
1.6774779558181763
1.5419108867645264
1.4708949327468872
1.8787589073181152
1.123638391494751
1.3988926410675049
1.4409886598587036
1.5721386671066284
2.587195873260498
1.4507477283477783
1.8693733215332031
1.3653054237365723
1.0812909603118896
1.1155714988708496
1.467391014099121
1.260945439338684
1.8165960311889648
1.1094871759414673
1.4724540710449219
1.239025354385376
1.3156228065490723
1.1293278932571411
1.5686026811599731
2.011794090270996
1.7201824188232422
1.5517088174819946
1.4224072694778442
1.6810263395309448
1.351281762123108
2.0798792839050293
1.6648703813552856
1.1823554039001465
1.3757402896881104
1.0895136594772339
1.5482256412506104
1.7565586566925049
1.7050963640213013
1.1657025814056396
1.2484785318374634
1.5082722902297974
1.3786849975585938
1.3087475299835205
2.009748935699463
1.5610789060592651
2.2058000564575195
1.631991982460022
1.0349946022033691
1.7563306093215942
2.216430425643921
1.7905884981155396
1.5591135025024414
1.4241529703140259
1.6697537899017334
1.6699830293655396
1.2180085182189941
1.313004493713379
2.9649930000305176
1.6425738334655762
1.449828863143921
1.5547341108322144
1.41477370262146
1.3968987464904785
2.1368043422698975
1.932719111442566
1.3268390893936157
1.1201335191726685
1.2879900932312012
1.2688645124435425
2.8568761348724365
1.8802169561386108
2.125600576400757
1.6824461221694946
2.237748146057129
0.9278247952461243
1.7766497135162354
1.4259920120239258
1.1278114318847656
1.607277750968933
1.2823474407196045
1.7381569147109985
1.947848916053772
1.70268976688385
1.1308425664901733
1.517369031906128
1.7426114082336426
1.1678277254104614
0.9173828959465027
1.0193674564361572
1.423216462135315
1.5757299661636353
1.398790955543518
1.444267988204956
1.7036875486373901
1.684726595878601
1.4591008424758911
1.3269764184951782
1.8895968198776245
1.6482094526290894
1.2675673961639404
2.3887994289398193
2.3010144233703613
2.189321994781494
1.620382308959961
1.0939970016479492
1.0014500617980957
2.090050220489502
1.5890883207321167
1.4131726026535034
1.4124253988265991
1.9551777839660645
1.6734652519226074
1.324420690536499
2.393836736679077
1.7647559642791748
1.2593404054641724
2.5329575538635254
1.5897178649902344
1.7657496929168701
1.5850716829299927
1.1718504428863525
1.0198026895523071
1.251953363418579
2.3085997104644775
2.4237923622131348
1.4440269470214844
1.6930263042449951
1.6743236780166626
1.635311245918274
1.4696367979049683
2.1578280925750732
1.4095886945724487
1.376981258392334
1.8460646867752075
1.8269699811935425
1.7792102098464966
1.5213267803192139
2.2256150245666504
1.5150208473205566
1.0107183456420898
1.5144803524017334
1.553133249282837
1.8194353580474854
1.6197502613067627
1.4163684844970703
1.180152177810669
1.9318724870681763
1.681557059288025
2.870328426361084
1.6851121187210083
1.5425801277160645
1.804559588432312
1.0271267890930176
1.863375186920166
1.202911138534546
1.3325982093811035
1.7583445310592651
1.6044973134994507
1.4404113292694092
1.4624263048171997
1.408800482749939
1.584902048110962
1.0185664892196655
1.3759640455245972
1.3391022682189941
1.2361923456192017
1.5231246948242188
1.5479223728179932
2.8066067695617676
1.6720637083053589
1.2461904287338257
0.9522256255149841
1.6633695363998413
1.491899013519287
1.5134602785110474
1.382224678993225
3.504124641418457
1.4777168035507202
1.4565423727035522
1.5707627534866333
1.5612709522247314
1.7866876125335693
1.8260761499404907
1.7495485544204712
2.4876811504364014
1.499461054801941
1.3189207315444946
1.596014142036438
1.4468835592269897
1.619368553161621
1.738467812538147
1.2188893556594849
1.3381386995315552
1.271047592163086
1.3122533559799194
1.2102713584899902
1.2920069694519043
1.1409220695495605
1.6807308197021484
1.4071780443191528
1.6965399980545044
2.0568344593048096
1.4797543287277222
1.838134527206421
1.5674405097961426
1.7254680395126343
2.3327624797821045
1.2555469274520874
1.28348970413208
1.7271560430526733
1.2044483423233032
2.845616102218628
1.56465482711792
1.3933976888656616
1.6975822448730469
1.5023053884506226
1.3233357667922974
1.3770567178726196
1.2356278896331787
1.5609691143035889
1.4831942319869995
1.398482084274292
1.7572656869888306
1.9421467781066895
1.430674433708191
1.244991421699524
1.7981268167495728
1.6021367311477661
1.478455662727356
1.588405728340149
1.8383203744888306
1.6831741333007812
1.2509287595748901
1.4062567949295044
1.6069985628128052
1.293442726135254
1.815915584564209
1.2185883522033691
1.0292205810546875
1.9384641647338867
1.5756714344024658
1.2755398750305176
1.529350757598877
1.0049004554748535
2.258542060852051
1.5575029850006104
1.5291403532028198
1.5297269821166992
1.329685091972351
1.3629999160766602
1.288150429725647
1.2362231016159058
1.4703940153121948
1.4294073581695557
0.9763872027397156
1.7422343492507935
2.504060745239258
1.6111234426498413
2.0708634853363037
2.0548479557037354
1.2209367752075195
1.4015941619873047
1.1210002899169922
1.9419362545013428
1.7249290943145752
1.580306053161621
1.3325425386428833
1.3703999519348145
1.5582799911499023
1.5558663606643677
1.3436826467514038
1.7825011014938354
2.1476683616638184
1.8058277368545532
1.9748433828353882
1.2206350564956665
2.4755215644836426
1.4770344495773315
1.454385757446289
1.0904711484909058
1.605533480644226
2.3948166370391846
1.3177720308303833
0.992854118347168
1.4006390571594238
0.4943740963935852
1.0161713361740112
1.4387991428375244
2.4319803714752197
1.9413460493087769
1.6428425312042236
1.6153661012649536
1.205575704574585
1.267730951309204
1.0669282674789429
1.5260263681411743
1.4772133827209473
1.3535008430480957
1.8357282876968384
1.2924678325653076
1.3160200119018555
1.6783536672592163
2.007380723953247
1.4969736337661743
1.6077492237091064
1.594087839126587
1.2203285694122314
1.8366678953170776
1.7445764541625977
1.280190110206604
1.3459442853927612
2.6989827156066895
1.5272166728973389
1.7600328922271729
1.9183158874511719
1.4696736335754395
1.514373779296875
1.2289594411849976
2.211238145828247
1.3009098768234253
1.9417823553085327
1.3107186555862427
1.403340220451355
1.9066393375396729
1.1053826808929443
1.5567270517349243
1.3151166439056396
1.3703917264938354
1.496448278427124
1.8784719705581665
1.6367608308792114
1.1528921127319336
1.4981845617294312
1.9042787551879883
1.5206457376480103
1.683026671409607
1.739092469215393
1.8975969552993774
1.1865092515945435
1.1807433366775513
1.3015409708023071
1.2334614992141724
1.3918101787567139
1.5811617374420166
2.2497329711914062
1.9149447679519653
1.483749270439148
1.3095290660858154
1.2845690250396729
1.6210808753967285
1.3685529232025146
1.4122815132141113
1.8184212446212769
2.3026070594787598
1.530213475227356
1.4874155521392822
1.496526837348938
1.501898169517517
1.8820194005966187
1.2708383798599243
1.2474409341812134
1.7803632020950317
1.513209581375122
0.9876658916473389
2.2825543880462646
1.336804747581482
1.9392783641815186
1.7174417972564697
1.0042046308517456
1.3997160196304321
1.5620001554489136
1.174925684928894
1.5681387186050415
1.3885008096694946
1.4798153638839722
1.8719196319580078
1.548037052154541
1.065109133720398
1.9253170490264893
1.5517501831054688
1.6790717840194702
1.594150424003601
1.888838529586792
1.7182072401046753
1.5754544734954834
1.1627970933914185
1.5142899751663208
2.767740488052368
1.4811784029006958
1.5281130075454712
1.3408591747283936
2.151524305343628
1.414838194847107
1.4895166158676147
1.268554449081421
1.4037370681762695
1.469648003578186
2.1220006942749023
1.9505043029785156
2.680992603302002
1.093205213546753
2.079742431640625
1.6187784671783447
1.4069361686706543
1.6444309949874878
1.1906063556671143
1.2942897081375122
1.451728105545044
1.2520161867141724
1.5606012344360352
1.9605196714401245
2.0409955978393555
1.4249601364135742
1.6061688661575317
1.053398847579956
1.7544786930084229
1.4356101751327515
1.3092565536499023
1.947921872138977
1.8855476379394531
1.45041823387146
1.4059672355651855
1.369685173034668
2.001278877258301
1.511217713356018
1.3524224758148193
1.3115625381469727
1.4657775163650513
1.6511365175247192
1.2964198589324951
1.7042940855026245
1.3468934297561646
1.2292171716690063
2.6885714530944824
1.6438932418823242
1.3925931453704834
1.496036410331726
1.937875747680664
1.2974506616592407
1.5942305326461792
0.8465303182601929
2.0019781589508057
1.6064953804016113
1.3108898401260376
1.4610809087753296
2.0748775005340576
1.4793610572814941
1.4780490398406982
1.9717220067977905
1.4735928773880005
1.493021845817566
1.5790618658065796
2.0599310398101807
1.3519703149795532
1.1048557758331299
1.4348312616348267
1.7577320337295532
1.4554259777069092
1.164502739906311
1.2437671422958374
1.7673107385635376
0.9584158658981323
1.310091495513916
2.0857744216918945
1.5516074895858765
1.2803057432174683
1.1566638946533203
1.4720343351364136
1.470685601234436
1.4207570552825928
1.1955817937850952
0.8615406155586243
1.2458877563476562
1.490457534790039
1.5676931142807007
1.2209933996200562
1.0348856449127197
1.82307767868042
1.635609745979309
1.239472508430481
1.1988112926483154
1.3322768211364746
0.7915734052658081
1.4681757688522339
1.3833661079406738
1.959706425666809
1.5651154518127441
1.516169548034668
1.5500855445861816
1.1667019128799438
1.2955214977264404
1.6695516109466553
1.496657371520996
1.4818249940872192
1.6596788167953491
0.9928781986236572
1.7174463272094727
1.7206014394760132
1.2252033948898315
1.2806825637817383
2.204148769378662
1.3195451498031616
2.0004563331604004
1.2055342197418213
1.08065664768219
1.59696626663208
1.2589524984359741
2.0244457721710205
1.3999742269515991
0.9591365456581116
1.3125613927841187
1.7568423748016357
1.4122174978256226
1.0039762258529663
1.2768793106079102
2.1611461639404297
1.266013741493225
1.963683843612671
1.637457013130188
1.2227773666381836
1.4807915687561035
1.1381900310516357
2.2706661224365234
2.5301878452301025
1.5858303308486938
1.9209586381912231
0.9215482473373413
1.8175952434539795
1.4616084098815918
1.5283913612365723
1.3974456787109375
1.3891346454620361
2.915362596511841
2.665593147277832
1.3720725774765015
1.3477412462234497
1.1643972396850586
1.361518144607544
1.3679457902908325
1.0830351114273071
1.3334144353866577
1.3642382621765137
1.1126691102981567
1.5050878524780273
1.655511498451233
1.4366077184677124
1.179626703262329
1.4942021369934082
1.9128007888793945
1.8790796995162964
1.612187147140503
1.40719735622406
1.5779993534088135
1.891440749168396
1.3492404222488403
1.4687327146530151
1.4834262132644653
1.2901345491409302
1.4638301134109497
1.3070212602615356
2.2652056217193604
1.3686622381210327
2.1549298763275146
1.3248709440231323
1.6338146924972534
1.2265421152114868
1.0114896297454834
1.7581160068511963
0.9749559760093689
1.820855975151062
0.9848922491073608
1.5707948207855225
1.4158098697662354
1.5684335231781006
1.3330333232879639
1.0733391046524048
1.0361272096633911
1.235518455505371
1.2364633083343506
1.982370376586914
1.4561346769332886
1.4161309003829956
1.76071298122406
1.7967321872711182
1.5027273893356323
2.2197141647338867
1.8230184316635132
1.2014191150665283
1.3044458627700806
1.6280423402786255
2.0908703804016113
1.4405583143234253
1.314145565032959
1.4629002809524536
1.4146679639816284
0.9019701480865479
1.4480873346328735
1.256005883216858
2.6369779109954834
1.3817435503005981
1.541095495223999
1.6492395401000977
0.8682206869125366
1.4915716648101807
1.8018673658370972
1.234022617340088
1.4017878770828247
1.3438760042190552
1.21474289894104
1.3026933670043945
1.676399827003479
1.6743046045303345
1.5417145490646362
1.6323554515838623
2.238056182861328
1.2639833688735962
1.3144944906234741
