-0.42366427183151245
-1.2565218210220337
-1.5273030996322632
-1.1909780502319336
-0.6194183826446533
-0.4056618809700012
-1.104570746421814
-0.7309510111808777
-0.3208613991737366
-0.6039486527442932
-1.9327881336212158
-0.832278847694397
-0.7030924558639526
-1.5284351110458374
-1.598713994026184
-1.4001246690750122
0.08542937785387039
-1.8169671297073364
-1.5459551811218262
-0.2474328726530075
-0.7142343521118164
-1.451493263244629
-0.11949913948774338
-0.13675500452518463
-1.3732175827026367
-0.12707503139972687
-0.9533343315124512
-0.5526233911514282
-0.8409537672996521
-0.8761434555053711
-0.7345203757286072
0.1164659932255745
-2.1966848373413086
-1.6246479749679565
-0.22764065861701965
-0.21146199107170105
-1.5331021547317505
-2.393533945083618
0.017089886590838432
-0.6258115172386169
-1.5755712985992432
-0.40043050050735474
-2.196708917617798
0.5317820906639099
-0.524579644203186
-1.828829288482666
-0.4491335451602936
-0.5879968404769897
-0.17250289022922516
-0.8028396964073181
-2.694798231124878
-0.10518942773342133
-1.1124167442321777
-0.49446019530296326
-0.5192998647689819
-0.49763378500938416
-1.5407166481018066
0.32513394951820374
-1.708038330078125
-0.292623370885849
-0.5642465353012085
-1.1226565837860107
-1.340538501739502
-0.1711071878671646
-0.41578158736228943
-0.8170549869537354
-1.580777883529663
-0.5294076800346375
-0.008357198908925056
-1.1634411811828613
-0.871855616569519
-1.26231050491333
-0.4959785044193268
-1.6692386865615845
-1.068923830986023
-0.8186662793159485
-2.389561653137207
-0.8000181317329407
-1.0741357803344727
-0.6737299561500549
-0.9970458745956421
-0.8287797570228577
-0.8891531825065613
-2.2435731887817383
-2.954498767852783
-0.01732298545539379
-1.5759601593017578
-2.0543551445007324
-0.16556312143802643
-0.11582533270120621
-0.19978618621826172
-1.6236175298690796
-0.709343433380127
-0.505412757396698
-0.6905419230461121
-0.7982566356658936
-2.041729688644409
-0.5873326659202576
-0.6163390278816223
-0.6570777893066406
-1.2313368320465088
-2.1151864528656006
-0.4060482382774353
-1.5058928728103638
-0.717519998550415
-0.18385104835033417
-0.8700098991394043
-1.6021560430526733
-0.2987663149833679
-0.34961655735969543
-0.9328250288963318
-0.7278366684913635
-0.33571964502334595
-1.5304638147354126
-0.38723865151405334
-0.39824378490448
-0.8918387293815613
-0.3547908365726471
-1.25080406665802
-0.7034211158752441
-0.596379280090332
0.013027261942625046
-0.8628660440444946
-1.6614958047866821
0.1823575496673584
-0.056343428790569305
-1.350640892982483
-1.5730302333831787
-0.45618754625320435
-1.8817815780639648
-0.24051901698112488
-0.35299575328826904
-0.7789205312728882
-0.7661648988723755
-0.8573517799377441
-0.25291115045547485
-1.0604649782180786
-0.20216619968414307
-0.4203769564628601
-0.68766188621521
-0.8345563411712646
-0.4407280385494232
-1.3666670322418213
0.012134077958762646
-1.5751618146896362
-0.2898346185684204
0.6403210163116455
-1.2568782567977905
-0.5518578886985779
-0.12506522238254547
-1.6192883253097534
-0.9453135132789612
-0.7961606383323669
-0.47252142429351807
-0.26979121565818787
-1.6385244131088257
-1.029859185218811
-0.49156349897384644
-0.48606738448143005
0.02081235684454441
0.7292574048042297
-0.42636433243751526
-1.2565466165542603
-1.6463955640792847
-1.7669872045516968
-0.4077652394771576
1.1916773319244385
-2.0686166286468506
-0.9522092938423157
-1.764073371887207
0.3895958960056305
0.4755229353904724
-1.1545284986495972
-0.677044153213501
-0.8647329807281494
-0.9426270127296448
-0.02485150471329689
-0.17281946539878845
-0.00072637660196051
1.0299770832061768
-1.2234848737716675
-0.6656265258789062
-1.282529592514038
-1.292460322380066
-0.9832636117935181
-0.2761697471141815
-0.01739940419793129
-0.49513527750968933
-0.4891216456890106
-1.5686967372894287
-0.738174319267273
-1.8802937269210815
-1.9602129459381104
-0.3548356890678406
-0.022760091349482536
-1.1596759557724
-2.533428192138672
-1.0324251651763916
-1.3307403326034546
-2.046919584274292
-1.691813588142395
-0.359023779630661
-0.9760350584983826
-1.0833086967468262
-0.8436423540115356
-0.5115751624107361
-0.590211808681488
-2.9849495887756348
-1.3940461874008179
-1.1253478527069092
-1.0151524543762207
-0.5254144668579102
-1.1975021362304688
-1.2397003173828125
-0.21291092038154602
-1.395488977432251
-1.2348297834396362
-1.055780053138733
-0.9666904807090759
-1.366997480392456
-0.11418227106332779
-0.716741144657135
-0.9886908531188965
-0.9477699398994446
-0.5769585967063904
-0.4032801687717438
-2.686349630355835
-0.7659128308296204
-0.4785254895687103
-1.236270546913147
-1.7785305976867676
-0.7041334509849548
-0.7348927855491638
0.3043874204158783
-1.1326857805252075
-1.030097484588623
-2.086578369140625
-0.5277541875839233
-0.4022430181503296
-1.5188943147659302
-0.0449986532330513
-0.01169552467763424
-1.1392873525619507
-0.7050197720527649
-0.750831663608551
-0.05013217031955719
-0.8560312390327454
-1.14315927028656
-0.81289142370224
-1.9872596263885498
-1.2269904613494873
-1.6014318466186523
-0.040391646325588226
-0.40230509638786316
-1.2279633283615112
-0.39344993233680725
-0.39450180530548096
-1.258109211921692
-1.3903287649154663
-0.19711729884147644
-0.5780964493751526
-1.1718779802322388
-2.0294599533081055
-0.9127303957939148
-1.2452932596206665
-0.5021177530288696
-0.39384782314300537
-0.7889734506607056
-0.3035818934440613
-0.380328893661499
-1.7356154918670654
-2.100856304168701
-1.3305940628051758
-0.8471331000328064
-2.077794313430786
-1.6689190864562988
-2.1743907928466797
-1.041062593460083
-0.09324581921100616
-1.0211344957351685
0.03309182450175285
-1.1956982612609863
-0.6549038290977478
-1.1179109811782837
-1.0110702514648438
0.2591490149497986
-0.8567997217178345
-0.2831375300884247
-1.0455244779586792
-1.8762760162353516
-0.8936807513237
-1.371193289756775
-1.9461756944656372
-1.2096999883651733
-1.7272555828094482
-0.7478081583976746
-1.1790690422058105
-1.7911254167556763
-1.5693093538284302
-1.3405804634094238
-0.9418874382972717
-0.5783750414848328
-0.25838610529899597
0.027723971754312515
-0.37265387177467346
-1.0151137113571167
-0.4932291507720947
-0.7044611573219299
-0.6568732261657715
-0.4122370779514313
-1.2995339632034302
-0.9688161015510559
-0.4682618975639343
-0.4517480731010437
-0.7786954045295715
-1.6219966411590576
0.049471236765384674
-0.45853301882743835
-1.2871496677398682
-0.18478557467460632
-0.7539415955543518
0.46284401416778564
-0.6098626255989075
0.11332002282142639
-1.1311161518096924
-0.0026613869704306126
-0.7812435626983643
-0.1037975624203682
-1.8118330240249634
-0.07561340928077698
-0.6809654831886292
-0.27293187379837036
-1.515816330909729
-0.386062353849411
-0.20288656651973724
-0.11047366261482239
0.0688994899392128
-0.7011669278144836
-1.216934323310852
-0.7285935878753662
0.9452645182609558
-0.6298885941505432
-1.0154515504837036
-1.654753565788269
-1.0848246812820435
-0.36886024475097656
-0.956178605556488
-1.0304926633834839
-1.572963833808899
-0.9129953980445862
-1.3416550159454346
-1.3443580865859985
-1.404821515083313
-1.2271051406860352
-0.4128996729850769
-1.8379305601119995
-0.036957960575819016
-0.12665227055549622
-1.2791426181793213
-0.5611698627471924
-0.6935375332832336
0.03978999704122543
-0.9226593375205994
-0.7214027047157288
-0.3052872121334076
-0.8694313168525696
0.3507416248321533
-0.18210501968860626
0.08745235204696655
-0.42540156841278076
-1.9695972204208374
-0.9265136122703552
-1.3356971740722656
-1.082556128501892
-0.4392453730106354
-1.661280632019043
-1.4881237745285034
-1.0295522212982178
-0.15729129314422607
-0.3181781768798828
-1.2682514190673828
-0.572266161441803
-1.1991339921951294
-0.5842010378837585
-0.48899129033088684
-0.5616416335105896
-1.0274735689163208
-1.7337212562561035
-0.5509505867958069
-0.5965144038200378
-0.6605331301689148
-0.1897175908088684
-0.011163415387272835
-1.838650107383728
-0.21470361948013306
0.01661362498998642
-0.8931334614753723
-0.2704465985298157
0.27952855825424194
0.03623882681131363
-1.3513081073760986
-1.1275662183761597
-0.9636867642402649
-0.5346335768699646
-0.5915342569351196
-1.3890501260757446
-1.8945478200912476
-0.3007405400276184
-0.8481043577194214
-1.0524638891220093
-0.27725017070770264
-0.8249170780181885
-1.0709736347198486
-0.5450012683868408
-1.3121716976165771
0.07643555849790573
-0.9383829832077026
-0.03187147527933121
-0.5512797236442566
-1.251179814338684
-1.1137497425079346
0.06908439844846725
-0.7899374961853027
-0.18453845381736755
-0.6214473843574524
-0.06461293995380402
-0.5975901484489441
-0.5880032777786255
-0.1511525958776474
-0.1533433347940445
-0.7195147275924683
-0.42675507068634033
-0.26929423213005066
-0.8882856369018555
-1.4910433292388916
-1.5104155540466309
0.3344167172908783
-0.790632426738739
0.9684311747550964
-1.0142441987991333
-1.528935432434082
-1.8827259540557861
-1.4375243186950684
-0.26521846652030945
0.04834306612610817
-0.7315232157707214
0.17642658948898315
-0.22517825663089752
-1.001641869544983
-0.8162835240364075
-0.5265635251998901
-0.45358631014823914
-0.16424815356731415
-1.237900733947754
-1.5857868194580078
-1.2530494928359985
0.05833127722144127
-1.3663513660430908
0.7729833126068115
-2.651005268096924
-0.8837361931800842
-0.9012476205825806
-1.260406255722046
-1.6316816806793213
-1.0699758529663086
-1.239065408706665
-1.2120815515518188
0.5905244946479797
-0.2319745123386383
-0.13164415955543518
-0.1785510629415512
-0.8727276921272278
1.4183238744735718
-1.8263474702835083
-0.47020643949508667
-1.0411885976791382
-0.474886417388916
-0.7924107909202576
1.0683428049087524
0.27746984362602234
-1.711174726486206
-0.9483745694160461
-2.2743241786956787
-1.765002965927124
-0.8286432027816772
-0.17571954429149628
-0.24130810797214508
-0.4701697528362274
-0.6128745079040527
-1.0486103296279907
-0.7364816665649414
-1.6305060386657715
-0.22136838734149933
-1.622515320777893
-0.26021385192871094
-0.6859017610549927
-0.7414495348930359
-1.5100780725479126
-1.230370283126831
-0.29978474974632263
-1.2210237979888916
-0.4407374858856201
-1.1607061624526978
-0.4582785367965698
-0.5000417828559875
0.28683164715766907
-0.9142866730690002
-0.47311416268348694
-0.12353047728538513
-0.431719571352005
-2.2688159942626953
-0.5238407254219055
-1.4097980260849
-0.05403792858123779
-0.29197564721107483
-1.8484554290771484
-0.5578464269638062
-0.6125845313072205
-1.113161325454712
-2.2834339141845703
-0.08041989058256149
-0.43043845891952515
-0.13326692581176758
-1.5659286975860596
-1.8809682130813599
-0.7819280624389648
-1.7638410329818726
-0.06782591342926025
-1.1916574239730835
-0.924483597278595
-0.5991562008857727
-0.19300930202007294
-0.3728175461292267
-1.8062289953231812
-0.450969934463501
-0.887466549873352
-2.4296987056732178
-0.3694685399532318
-1.8605316877365112
-1.1024388074874878
0.022944768890738487
-2.3622384071350098
-1.307712435722351
-1.9172401428222656
-0.4276309609413147
-1.148803949356079
-1.4933757781982422
-0.933433473110199
-0.7456986904144287
0.4339025020599365
-2.8650732040405273
-0.33628007769584656
-1.2101492881774902
0.8287326693534851
-0.8831244111061096
-1.471982717514038
-0.3905656635761261
-0.5374377965927124
0.18584449589252472
-2.155418634414673
-1.9720672369003296
-0.7495829463005066
0.025018002837896347
-1.729547142982483
-1.1197115182876587
-0.9489417672157288
-0.3270438313484192
-0.32031339406967163
-0.3367677628993988
-1.4851185083389282
-1.4452375173568726
-0.4273899793624878
-0.8637654185295105
-0.2950558364391327
-0.8829019665718079
0.01612599939107895
-0.9456297755241394
-0.4295276403427124
0.05388670787215233
-0.5756673216819763
-0.43961116671562195
-2.104891538619995
-0.708054780960083
-1.1171700954437256
-1.2709683179855347
0.16731910407543182
-1.2898359298706055
0.3840574026107788
0.39755773544311523
-0.5455425381660461
-0.43176981806755066
-0.24413642287254333
-0.19571232795715332
-1.4021469354629517
-0.8346455097198486
-0.5185101628303528
-0.6320364475250244
-1.5316206216812134
-0.566238522529602
-1.5602530241012573
-0.14447832107543945
-0.4492345154285431
0.5667591691017151
-0.9619754552841187
-1.5993797779083252
-0.9210068583488464
-0.8345330357551575
-1.7942259311676025
-1.5961412191390991
-0.30915841460227966
-0.9148073196411133
-1.7312239408493042
-0.3962703049182892
-1.7349644899368286
-1.8307591676712036
-2.534076690673828
-1.4051567316055298
-0.8246495723724365
-0.7365221977233887
-0.11393289268016815
-0.8173092603683472
-0.9368628263473511
-0.7509263753890991
-0.6854054927825928
-1.034472942352295
-0.06304318457841873
-0.9206709861755371
-0.47024643421173096
-0.3333131670951843
-0.7199851274490356
-0.7299908399581909
-1.5276111364364624
0.5307472944259644
-1.5510249137878418
-1.6971434354782104
-1.534622073173523
-1.3118444681167603
-1.17312490940094
-0.47111064195632935
-0.04232105240225792
-0.498827189207077
-0.7556474804878235
-1.210970401763916
-0.8119824528694153
-1.6976834535598755
-0.5103390216827393
-1.3569447994232178
-1.0684083700180054
-0.6104439496994019
-2.2231287956237793
-0.7776272296905518
-0.6776213049888611
0.033036455512046814
-1.869278073310852
-1.0185647010803223
-0.4027036130428314
0.249505877494812
0.565775454044342
-0.4482763409614563
-0.8176217079162598
-0.9781041145324707
-1.2794568538665771
-0.693014919757843
-0.7108519673347473
-0.7199457287788391
-0.2662142813205719
-0.9084296822547913
-1.1838849782943726
-0.9920039176940918
-0.23097540438175201
-0.7317061424255371
-2.5494396686553955
-0.47369399666786194
-1.2212936878204346
-0.5590192079544067
-0.5124731063842773
-0.41612958908081055
-0.5726911425590515
-0.5012428760528564
-0.5845280885696411
-0.5932104587554932
-1.4013386964797974
-2.637274742126465
-1.1140555143356323
-2.0403168201446533
0.859746515750885
-0.979648768901825
-0.7131015658378601
-0.34181785583496094
-0.11939074099063873
-1.1048284769058228
-1.3147234916687012
-0.5846816301345825
-0.7317093014717102
-0.9122276306152344
-0.4065499007701874
-0.9176616072654724
-0.818451464176178
-0.5924440622329712
0.1487906277179718
-0.07389193773269653
-0.2721277177333832
-1.4877629280090332
-0.8068835139274597
-0.12628571689128876
0.04697540029883385
-0.18735167384147644
-0.9535292983055115
-0.70646071434021
-1.2683708667755127
-1.6671193838119507
-1.0122333765029907
-1.5691524744033813
-0.8395395278930664
-1.7120376825332642
-0.9380931854248047
-0.6431548595428467
-1.2313976287841797
-0.6811196804046631
-1.0272859334945679
-0.1270482838153839
-0.9061660170555115
0.35639578104019165
-0.5238585472106934
-0.3623838722705841
-1.220790147781372
-0.5102178454399109
-0.3075602650642395
-1.9068114757537842
0.4806508421897888
-0.03997907415032387
-1.246843695640564
-0.4765164852142334
-3.279391288757324
-0.7154180407524109
0.24576139450073242
-0.7378382682800293
-0.12450286746025085
-0.9614051580429077
-0.9090363383293152
-0.49427279829978943
-0.41114404797554016
-0.81805819272995
-0.36097705364227295
-0.7937647104263306
-0.13462331891059875
-2.307502269744873
-1.0867210626602173
-0.7390469312667847
-0.8749386072158813
-2.765449047088623
-1.2755342721939087
-0.9301439523696899
-0.29214707016944885
0.1565747857093811
0.13268761336803436
-1.8268656730651855
-1.8613148927688599
0.06707679480314255
-0.44541507959365845
-0.3639274835586548
0.36479827761650085
-1.8455901145935059
-0.38626599311828613
-2.3433237075805664
-0.3556284010410309
-1.5661908388137817
-0.34330108761787415
-0.2316911518573761
0.36966732144355774
-0.8017047047615051
-0.09385179728269577
-0.6269721984863281
0.04976610466837883
0.263020783662796
-0.5855402946472168
-1.436792254447937
-2.0763747692108154
0.8297019004821777
-0.6431681513786316
-2.097637176513672
-0.43820300698280334
-1.8677109479904175
-0.9274008274078369
-0.5920675992965698
-1.4860374927520752
-0.6188898086547852
-1.7175168991088867
-1.3659919500350952
-0.18138018250465393
-0.940070390701294
-1.281741738319397
-0.6092414259910583
-1.67994225025177
0.33565208315849304
-1.0906987190246582
-0.6137306690216064
-1.69377601146698
-1.0050474405288696
-0.9009028673171997
-0.8536386489868164
-0.9195969700813293
-0.3463371694087982
-1.5116939544677734
-0.8465204238891602
-1.1994763612747192
-1.5113365650177002
-1.3375777006149292
-2.147641658782959
-1.6126199960708618
-0.48860788345336914
0.08534988760948181
-1.0641645193099976
-1.8852323293685913
-0.13118290901184082
0.3558899760246277
-0.7766379117965698
-0.0902642235159874
-0.13569404184818268
-0.7636704444885254
1.081729531288147
0.10471905767917633
-2.4540908336639404
-1.1855195760726929
-0.7135675549507141
-0.03156445547938347
-0.06383045762777328
-0.5950186848640442
-0.2729053199291229
-0.47200819849967957
-0.9598765969276428
-1.1730337142944336
-0.28214290738105774
-0.9745999574661255
-0.376436710357666
-1.2340534925460815
-1.448188304901123
-1.2131481170654297
-1.896804928779602
-1.4839348793029785
-1.1777257919311523
-0.47385287284851074
0.005520558450371027
-1.4759204387664795
-0.6661627888679504
-0.3146965205669403
-1.523352861404419
-0.655792236328125
-0.6842578053474426
-0.5014931559562683
-1.324325680732727
-2.9168472290039062
-0.8480521440505981
-0.8326728343963623
-0.05788250267505646
0.2636554539203644
-0.07987049221992493
-0.5831567645072937
-1.3405898809432983
-1.0003376007080078
-0.8102928400039673
-0.685577392578125
-1.6306648254394531
0.5476298332214355
-0.42433369159698486
-1.296647071838379
-1.0410716533660889
-1.8620176315307617
-1.6602885723114014
-1.8699254989624023
-1.6994853019714355
0.17978118360042572
-1.319301724433899
0.04935884848237038
0.03993438929319382
0.005718386732041836
-0.31054258346557617
-0.9552351832389832
-1.018892526626587
0.030878687277436256
-0.5979069471359253
-0.541246771812439
-0.5105423927307129
-0.16533932089805603
-0.7767411470413208
-0.4934149384498596
0.17718486487865448
-0.3897866904735565
-1.4350628852844238
-0.28038957715034485
-0.7137916088104248
-0.6721993088722229
-1.2055861949920654
-0.6218854784965515
-0.7050319314002991
-0.22590146958827972
-1.3646196126937866
-1.1366698741912842
-0.2887651324272156
-1.244571566581726
-0.9183734655380249
-1.5747661590576172
-1.4902657270431519
-0.3125625550746918
-0.09393014013767242
-0.6644390225410461
-0.31934550404548645
-2.826606512069702
-0.975858211517334
-0.8119019269943237
-0.6411297917366028
-0.3230685889720917
-0.4930238723754883
-1.1592433452606201
-0.6874122023582458
-0.7410743832588196
-0.40340811014175415
0.5390883684158325
-0.16046427190303802
-1.1860305070877075
0.03491436317563057
-0.6156508922576904
-1.6404786109924316
-0.6771198511123657
-0.9002007246017456
-1.6409789323806763
-1.4205749034881592
-0.7102745771408081
-0.4076060354709625
-0.6525753736495972
-1.0835700035095215
-0.643406867980957
-0.7732230424880981
-0.9855486154556274
-1.9366953372955322
0.13200849294662476
-0.2577698826789856
-0.4924045503139496
-0.42838501930236816
-1.7383837699890137
-0.6500972509384155
-1.604681134223938
-0.8406134247779846
-0.1727864295244217
-0.6248851418495178
-1.3044317960739136
-0.8415988683700562
-0.40671172738075256
-1.0200015306472778
-0.28837043046951294
-0.8003649115562439
-1.2436212301254272
-1.3856085538864136
-0.6026353240013123
-1.2601367235183716
-2.5659775733947754
-1.624441385269165
-0.161515474319458
-2.5977466106414795
-0.8876890540122986
-0.22768354415893555
-1.21701979637146
-0.8179159164428711
-1.1948652267456055
-0.8894646763801575
-1.518621563911438
-0.8086934089660645
-1.2084578275680542
-1.4619899988174438
-1.474873661994934
-1.495121717453003
-1.7617226839065552
-0.3248288929462433
-0.40630748867988586
-0.9176536798477173
-0.5004062652587891
-1.3884023427963257
-0.31528836488723755
-2.4998903274536133
-0.942264199256897
-0.942046046257019
-0.5069835186004639
-0.5011999607086182
-0.31174948811531067
-0.5081997513771057
-0.7407028675079346
-1.2593802213668823
-1.1915442943572998
-1.170989751815796
-0.34084126353263855
-1.9150311946868896
-0.5359135866165161
-0.3281044363975525
-0.3167102634906769
-0.48362237215042114
-0.1301184743642807
0.16153816878795624
-2.2834219932556152
-1.4100947380065918
-0.5022151470184326
-0.16090668737888336
-0.08791781961917877
-0.8141725659370422
-0.20557376742362976
-0.14045606553554535
-1.672387719154358
-0.17376229166984558
-1.4850785732269287
-0.5117427110671997
-1.5810675621032715
-0.3494715094566345
0.26276740431785583
-1.904152750968933
-1.8546184301376343
-0.13407424092292786
-0.43612298369407654
-1.5819913148880005
-0.47454556822776794
-1.7099617719650269
-0.8576982617378235
-1.2222380638122559
-1.9403090476989746
-0.8467808365821838
-0.6820654273033142
0.0861225500702858
-2.1953601837158203
-0.40538284182548523
-0.9981080293655396
-1.630405306816101
-0.4545454680919647
-0.7042791843414307
-0.4081490635871887
-1.3930513858795166
-1.285182237625122
-1.1094067096710205
-0.8716856241226196
-1.1091463565826416
-1.6585997343063354
-0.22025509178638458
-0.3322891294956207
-1.137343168258667
-0.9253775477409363
-0.9907703995704651
-1.076971411705017
0.16940520703792572
-0.014399537816643715
-1.6761231422424316
-1.8601956367492676
-0.4817827641963959
0.8809845447540283
0.024016542360186577
-0.18400898575782776
-1.7306922674179077
-1.5950034856796265
-0.8701885938644409
-0.46002671122550964
0.8178167343139648
-1.1916260719299316
-1.1299937963485718
-1.3735893964767456
-2.1519007682800293
0.20434507727622986
-0.4427531659603119
-1.3050180673599243
-0.3268880546092987
-0.3881591260433197
-0.5789750218391418
-2.763218641281128
-0.48714980483055115
-0.5221149325370789
-1.5309232473373413
-0.6638821959495544
-0.2749441862106323
-1.5149840116500854
-0.40146490931510925
-0.9930697679519653
-1.1282424926757812
-1.1799160242080688
-0.6361718773841858
-0.7839419841766357
-0.45428869128227234
-0.34904375672340393
-0.2712338864803314
-0.9977928400039673
-1.1544263362884521
-0.8929038047790527
-1.3820608854293823
-0.7687969207763672
0.3617423474788666
-0.7923656702041626
-1.177335500717163
-1.3229695558547974
0.3229401707649231
-1.5083699226379395
-1.748637080192566
-1.0454868078231812
-1.3056036233901978
-0.5267828106880188
-0.7067748308181763
-1.7917972803115845
-0.5842331647872925
0.007863830775022507
-1.088189959526062
-0.5616693496704102
-1.3756160736083984
0.010728665627539158
-1.5725462436676025
-1.2704193592071533
-1.2029298543930054
-0.2991073727607727
-0.6768392324447632
-0.7596471309661865
-1.693045973777771
-0.7221353650093079
-0.3585405647754669
-1.275578260421753
-0.3582967519760132
-0.7993237376213074
-2.328584671020508
-0.20371073484420776
-1.3776408433914185
-1.8408523797988892
0.08874047547578812
-1.0103538036346436
-1.4526664018630981
-0.612908124923706
-1.056369662284851
-1.5381790399551392
-0.5583229660987854
0.024431422352790833
0.29243743419647217
-0.818143904209137
-0.6545748710632324
-0.844740629196167
-1.6724188327789307
-0.9531286954879761
-0.46736475825309753
0.7582370042800903
-1.027861475944519
-0.5499461889266968
-0.7170507311820984
-0.6301644444465637
-1.2745985984802246
-0.9591273665428162
-0.5202131867408752
-1.6313765048980713
-1.4252421855926514
-0.6967406272888184
-0.08849339187145233
-0.5308476090431213
-0.8733242750167847
-0.35050445795059204
