-0.2834024727344513
0.4456138610839844
-0.04736447334289551
-0.5103419423103333
0.21283017098903656
-0.142557293176651
0.33773016929626465
-0.4830054044723511
-0.29974931478500366
0.7024943232536316
-0.9221913814544678
1.7840282917022705
-0.5663455724716187
0.022975284606218338
1.1911587715148926
0.5869527459144592
-0.5301706194877625
0.3873281478881836
-0.6178665161132812
0.2173369973897934
0.09333445876836777
0.31187528371810913
0.18039892613887787
0.3529801070690155
-0.17894664406776428
-0.25809818506240845
0.22234171628952026
0.05576656013727188
-0.03306874632835388
0.40096810460090637
-0.08392904698848724
0.5028285384178162
-0.23837992548942566
1.5023696422576904
0.11030872911214828
0.7942692637443542
-0.32016438245773315
0.37293383479118347
-0.044356055557727814
0.6934082508087158
0.3614373505115509
-0.48523658514022827
0.08373545110225677
0.5348511338233948
-0.27888697385787964
0.1941157579421997
0.6800878047943115
0.054815925657749176
