0.024313203990459442
-0.4026501178741455
-0.30534765124320984
-0.5500025749206543
-1.3945571184158325
-0.7081204652786255
-0.5557165145874023
-0.6265172958374023
-0.45120948553085327
-0.7266282439231873
-0.12033914029598236
0.11717592179775238
-1.3456370830535889
-0.5428499579429626
-0.163188636302948
-0.7173516154289246
-0.5263056755065918
-0.6309065222740173
-1.3432471752166748
-0.10629116743803024
-0.34874123334884644
-1.0715100765228271
-0.3783003091812134
-0.27927732467651367
-0.11305934190750122
-1.3118584156036377
0.057215671986341476
-0.4961279630661011
-0.9212907552719116
-0.8592594265937805
-0.41316094994544983
0.3429257571697235
-0.09919758141040802
-0.2383473664522171
-0.6365165710449219
0.23126989603042603
-1.190636157989502
0.22033263742923737
-0.029979346320033073
-0.6715294718742371
-0.3955968916416168
-0.024486368522047997
0.06787771731615067
-0.969672441482544
-0.3795302212238312
-0.1805230677127838
-0.4500087797641754
-0.7718406915664673
-0.28946343064308167
-0.3550150394439697
0.2540603578090668
-0.7167748212814331
-0.9418084025382996
-0.4867125153541565
-0.057573527097702026
-0.26988986134529114
0.06047637760639191
-0.9570823311805725
-0.3849826753139496
-0.12976424396038055
-0.5870994329452515
-0.31972649693489075
-0.40235501527786255
-0.758800745010376
-0.6561848521232605
-0.00460055610165
-0.7795571088790894
-0.24117118120193481
-0.2722061574459076
-0.23669598996639252
-1.3591508865356445
-0.8388988375663757
0.08609317988157272
0.004798547364771366
-0.5448609590530396
-0.3056958317756653
-1.3055753707885742
-1.3650083541870117
-0.3024558424949646
-0.6281042695045471
-1.283815622329712
-0.575363278388977
-0.05692651867866516
-0.2534286081790924
-0.5050145387649536
0.0033993301913142204
-0.16659988462924957
-0.637779712677002
-0.19323833286762238
-0.36780762672424316
-0.2833595275878906
-0.19598612189292908
-0.17461656033992767
-0.8716726899147034
-0.5351392030715942
-0.9017131924629211
-0.3054075837135315
-0.6197261810302734
-0.24162530899047852
-0.6099328994750977
-1.0079985857009888
-0.6773819327354431
-0.5448989868164062
-1.007973313331604
-0.5348134636878967
-0.4321408271789551
-0.4187309741973877
0.041189614683389664
-0.27232638001441956
-0.47824177145957947
-0.7087740302085876
-0.46705958247184753
-0.4722485840320587
-0.8000661730766296
-0.09183542430400848
-0.22699031233787537
-0.3308276832103729
0.11927621811628342
-0.34526798129081726
-1.1438730955123901
-0.7203612327575684
-0.4064679741859436
-0.5884820818901062
-0.5233791470527649
-0.8226653337478638
0.11136425286531448
-0.9810551404953003
-0.7252851128578186
-1.103002667427063
-0.609556257724762
-0.48388031125068665
-0.6149767637252808
-0.8249467611312866
-0.8878583908081055
-0.3494981527328491
0.007810153532773256
-0.056051913648843765
0.06698840856552124
-0.4682856798171997
-1.2893640995025635
-0.6029568910598755
-0.36981838941574097
-0.5850762128829956
-0.6710613369941711
-0.9248268008232117
-0.5399089455604553
0.6362115740776062
-0.6563460230827332
-0.5998374223709106
-0.11572430282831192
-0.34879234433174133
-0.048760831356048584
-0.3386811912059784
-1.1263567209243774
-0.6267415881156921
-0.024713736027479172
-0.7153875231742859
-0.30058223009109497
-0.09635987877845764
-0.6768218278884888
-0.3206089735031128
-0.4477979242801666
-0.38726964592933655
-0.661436915397644
0.1812363713979721
-0.5825478434562683
0.5853760242462158
0.05678197741508484
-1.0182121992111206
-0.1478225290775299
-0.16639743745326996
-0.20290060341358185
-0.30433475971221924
-0.258023202419281
-0.34434494376182556
-0.4601444900035858
-0.1296231746673584
-0.40596824884414673
-0.3247682452201843
0.45362886786460876
-1.1131163835525513
-1.175602912902832
-0.5238043665885925
-0.8200675249099731
-1.024171233177185
-0.5621312856674194
-0.7059842348098755
-0.7276891469955444
-0.39842718839645386
-0.5775042772293091
-0.6595191359519958
0.0060754879377782345
-0.06405794620513916
-0.33545687794685364
-0.5224561095237732
-1.449763298034668
-0.12198098003864288
-0.9675298929214478
-0.5265327095985413
-0.1475280523300171
-0.7135156989097595
-0.2828453481197357
-0.2165660560131073
-0.15049278736114502
-0.7459122538566589
-0.35519084334373474
-1.0956084728240967
-0.08814550936222076
-0.3917992413043976
-1.0454994440078735
-0.43017327785491943
-0.46270009875297546
-0.7307765483856201
-0.6676742434501648
-0.6547588109970093
-1.0645514726638794
-0.4084447920322418
-0.4874472916126251
-0.49745190143585205
-0.5748721361160278
0.02923715114593506
-0.39865028858184814
-0.09105947613716125
2.2816004753112793
0.09858118742704391
-0.34078121185302734
-0.21767155826091766
-0.45697087049484253
-0.36927223205566406
-0.6868653893470764
-0.09094487875699997
-1.0320883989334106
-0.19266483187675476
-0.31412824988365173
-1.3383733034133911
-0.3560434877872467
-0.6294512748718262
-0.49608349800109863
-0.350384920835495
-0.6175826191902161
-0.23417887091636658
-0.6261084079742432
-0.17095381021499634
-0.7244258522987366
0.15135490894317627
-0.8344906568527222
-1.2017055749893188
0.48203256726264954
-0.2815954387187958
-0.6060985922813416
-0.6585935354232788
0.09207724779844284
0.18050317466259003
-0.6201923489570618
-0.7024940848350525
-0.44303765892982483
-0.32419031858444214
-0.3375246524810791
-0.004579711239784956
-0.48362278938293457
-0.28784874081611633
-1.3144357204437256
-0.09713858366012573
-0.7739052772521973
-0.28260284662246704
-1.0313172340393066
-0.6669832468032837
0.05859231576323509
-0.23339399695396423
-0.2521135210990906
-1.7234761714935303
-0.45742422342300415
0.2704637944698334
-0.4985966086387634
-0.38540196418762207
-0.5141327381134033
0.006156282499432564
-0.7316791415214539
-0.820820689201355
-0.4076578915119171
0.0889778882265091
-0.6676681637763977
-0.004343732260167599
-0.7239376306533813
-0.7199596166610718
-0.11995773017406464
-0.9722212553024292
0.2528122067451477
-0.4240148067474365
-0.863319993019104
-0.3291521966457367
-0.026248749345541
-0.1919430047273636
-0.7072688341140747
0.09463387727737427
-0.7571346759796143
-0.43693238496780396
-1.078233242034912
-0.5418630242347717
-0.480925589799881
0.06075281277298927
-1.254582405090332
-0.634884238243103
-1.0601048469543457
-0.37103256583213806
-0.7534933686256409
-0.7482999563217163
-0.4994599223136902
-0.8290351033210754
-0.22538934648036957
-1.0787484645843506
-0.255148321390152
-0.3186928629875183
-0.18674542009830475
0.06246114894747734
-0.43076106905937195
-0.9895092248916626
-0.3010537326335907
-0.570892333984375
-0.5916106104850769
0.0619933046400547
-0.1369316279888153
-0.7209709882736206
0.30314287543296814
-0.1923966109752655
-0.18181414902210236
0.13106878101825714
-0.1826436072587967
-0.4949228763580322
-0.6592186093330383
-0.7836441397666931
-0.5219548940658569
-0.26687920093536377
-0.1747724860906601
-0.32062381505966187
-0.3905153274536133
-0.09493966400623322
0.16077691316604614
-0.8993141055107117
-0.453349769115448
0.7725220322608948
-1.2206223011016846
-0.12297852337360382
-0.5381519198417664
-0.8034403324127197
-0.998345136642456
-0.8874561190605164
-0.22176958620548248
0.016596244648098946
-0.43492352962493896
-0.018846765160560608
-0.08067107200622559
0.06987471133470535
-0.6771832704544067
0.07674355059862137
-0.4748527407646179
0.3517370820045471
0.02233152836561203
-0.23803414404392242
-0.9525225162506104
-0.6543446183204651
-0.06805676221847534
-1.5831977128982544
-0.5600090622901917
-0.6956910490989685
-0.6858739256858826
0.6718140840530396
-0.08538776636123657
-0.33646196126937866
-0.3567173480987549
-0.22648799419403076
-0.15130861103534698
-0.4597315788269043
-1.0805995464324951
-0.47882381081581116
-1.1150590181350708
0.2290293127298355
-0.08673994243144989
-0.4545917510986328
-0.5108804702758789
-0.8345162868499756
-0.11310172826051712
-0.16643068194389343
-0.5579562187194824
-0.4738028943538666
-0.6109347343444824
-0.40478837490081787
-1.2415375709533691
-0.1991531103849411
-0.028520116582512856
-0.3234140872955322
-0.14712676405906677
-0.5856671333312988
-0.46673184633255005
-0.9134559631347656
-0.7332587242126465
-0.12614117562770844
-0.1331547051668167
-0.9475619196891785
-0.3709883689880371
-0.33763113617897034
-0.011400515213608742
-0.7129762172698975
-0.4803593158721924
-0.21528969705104828
-0.33220791816711426
-0.6027896404266357
-2.0138728618621826
-0.5755663514137268
-0.9236321449279785
-0.5091277956962585
-0.7461652755737305
-1.4582366943359375
-0.26359352469444275
-0.15961626172065735
-1.0758799314498901
-0.3413762152194977
-0.4534170627593994
-0.7351008057594299
-0.709147572517395
-0.3892737030982971
-0.47178322076797485
-0.9563000798225403
-0.8941496014595032
-0.3356616199016571
-0.24992936849594116
-0.31935346126556396
-0.7887020111083984
-1.3892885446548462
0.037197090685367584
-1.073469877243042
-0.3107118308544159
0.4500826597213745
-0.4452308118343353
-0.33136844635009766
-0.9606286883354187
-0.40761250257492065
0.11344652622938156
-0.31629496812820435
-0.1950845569372177
0.13986851274967194
0.014133697375655174
0.19752757251262665
-0.4795430302619934
-0.3222229778766632
-0.25858014822006226
0.26823297142982483
-0.23849615454673767
0.51655113697052
-0.44215887784957886
-1.0741982460021973
-0.7401386499404907
-0.22803981602191925
-0.8256226181983948
-0.47289901971817017
-0.23029270768165588
0.030214404687285423
-0.9759171605110168
-0.6314583420753479
-0.6866697072982788
-0.8612231016159058
-2.0598349571228027
-0.578502893447876
-0.6973543167114258
-0.5862815976142883
0.49806755781173706
-1.07767653465271
0.011279908940196037
0.13386274874210358
-0.4357479512691498
-0.42378371953964233
-0.7188606262207031
4.196683883666992
-0.12247201055288315
-1.0507348775863647
-0.9880078434944153
-0.4591967761516571
-0.3541509807109833
-0.052346352487802505
-0.0929485410451889
-0.42025551199913025
-0.6990528702735901
-0.05599416792392731
-0.3455650210380554
-0.4238552451133728
-0.5790736079216003
-0.6144671440124512
-0.06882946193218231
-0.31483542919158936
-0.3116738796234131
-0.7624377012252808
-0.3198050260543823
-0.5601077675819397
-0.6712621450424194
-2.087902069091797
-0.01699896715581417
-1.1553295850753784
-0.7633325457572937
0.37397289276123047
-0.4071769416332245
-0.248020738363266
-0.596563458442688
-1.1725609302520752
-0.29751208424568176
-0.4765475392341614
0.07903409749269485
-0.5479638576507568
-0.33112943172454834
0.17384622991085052
-0.25668737292289734
-0.3970300257205963
-0.3075556457042694
0.06752025336027145
-0.2840190529823303
0.06696031242609024
-0.4553484618663788
-0.7103488445281982
-0.6496691703796387
-1.0229076147079468
0.30587461590766907
0.4061839282512665
-0.3520634174346924
-0.12804606556892395
-0.6458823680877686
-0.23875856399536133
-0.06552040576934814
-0.7288873791694641
-0.8679179549217224
0.01742476038634777
-0.8893314003944397
-1.0373543500900269
-0.15151190757751465
-0.2865152955055237
-0.6829363703727722
-0.5572789311408997
-0.9488369226455688
-0.10921468585729599
-0.28898048400878906
-0.06212906911969185
-0.3498648703098297
-0.3147565722465515
-0.06283341348171234
-0.5838474035263062
-0.5672959089279175
-0.4137365520000458
-0.6304234266281128
-0.27388936281204224
-0.9201077222824097
-0.39897218346595764
0.5343086123466492
0.2015092819929123
-0.6508643627166748
-0.42433997988700867
1.0015941858291626
-1.520408272743225
-0.2605542242527008
-0.48109328746795654
-0.6186935901641846
-0.5798914432525635
-1.1501680612564087
0.06753456592559814
-0.6040849089622498
-0.693313717842102
-0.10248629003763199
-0.3848069906234741
-0.4535427689552307
-0.08646493405103683
-1.008084774017334
-0.2342555969953537
-0.8054020404815674
-0.6670569181442261
-0.6582993268966675
-0.42154592275619507
-0.09878481924533844
-0.5818392634391785
0.08497264236211777
-0.7773019671440125
-0.6578894257545471
-0.6503962874412537
-0.510373055934906
-0.48853495717048645
-0.8213530778884888
-0.6324054598808289
-0.412631630897522
0.013053154572844505
0.5658987164497375
-0.8920745849609375
0.17024065554141998
0.7438981533050537
-0.561687171459198
0.012285251170396805
-1.229528784751892
-1.4886196851730347
-0.34448134899139404
-0.44935426115989685
-0.44063881039619446
-0.25177839398384094
0.010459722019731998
0.2230623960494995
-0.07498618215322495
-0.5907700061798096
-0.6766288876533508
-2.7857420444488525
-0.2441314458847046
-0.5403915643692017
0.08622884750366211
-0.5013719201087952
-0.44998836517333984
0.22819837927818298
-0.3172089755535126
-0.748051643371582
-0.623546302318573
-0.027810240164399147
-0.5989890098571777
-0.20567992329597473
-0.7752776145935059
-0.3053537607192993
-0.7157884240150452
-0.4048004150390625
-0.13560384511947632
-0.293457567691803
-0.5136691331863403
-0.16228556632995605
-0.590165376663208
-0.7973728775978088
-0.770978569984436
-0.08468463271856308
-0.4667920470237732
-0.0434161052107811
-2.1250476837158203
-0.736129879951477
-1.465425968170166
-0.2701224982738495
-0.29043447971343994
-0.23535431921482086
-0.3803529441356659
-0.4314463436603546
0.3945922553539276
-0.2582951486110687
-0.09216224402189255
-0.45775604248046875
-0.6136985421180725
-0.8821411728858948
-0.39858800172805786
-0.378080815076828
0.0025568665005266666
-0.7960529327392578
-0.36789098381996155
-0.5833469033241272
-0.22102880477905273
-0.17176541686058044
-0.4755015969276428
-0.48403307795524597
-0.2550069987773895
-0.8481523990631104
-0.7237308025360107
-0.026655960828065872
0.20284871757030487
-0.9060482978820801
-1.4114265441894531
-0.9883459210395813
-0.42539650201797485
-0.5236948728561401
-0.5271240472793579
-0.638383686542511
-0.4880000054836273
0.14270949363708496
-0.41825070977211
-1.5623859167099
-0.542069673538208
0.3841896951198578
-0.6406166553497314
-0.35147666931152344
-0.23635925352573395
-0.14943856000900269
-0.7276207208633423
-1.278085470199585
-0.56725013256073
-0.8051702380180359
-0.45330509543418884
0.11607681959867477
0.1497647911310196
-0.6124399304389954
-0.7134878635406494
-0.5064954161643982
1.7414103746414185
-0.1736229956150055
-0.7119073271751404
-0.7881061434745789
0.05612820014357567
-0.34982508420944214
-0.8172972798347473
0.01132581103593111
-0.8303271532058716
-0.3982422351837158
-0.7939853072166443
-0.557744562625885
-0.5595005750656128
-0.31939637660980225
-0.0395536907017231
0.05609746649861336
-0.18504270911216736
-0.4824253022670746
-0.8029903769493103
-0.11730403453111649
-0.798332929611206
-0.0011293755378574133
-0.48035651445388794
-0.5716611742973328
-1.269682765007019
-0.7754933834075928
-0.1603248119354248
-0.03097872994840145
-0.2940388023853302
-0.6506177186965942
-0.27834445238113403
-0.015298348851501942
-2.03161883354187
-0.3781539797782898
-0.9995009303092957
-0.0705818384885788
-0.5894713997840881
-0.34845733642578125
-0.31573235988616943
-0.5639809370040894
-0.09291394054889679
-0.4730748236179352
-0.3692525327205658
-0.16326859593391418
-0.5917581915855408
-0.4749757945537567
-0.10118025541305542
-0.6658840179443359
-0.12834197282791138
-0.22298897802829742
-0.05302977189421654
-0.018709855154156685
-0.3843669593334198
-0.2639906704425812
-0.892138659954071
-0.15366916358470917
-0.5042638182640076
-0.8654587864875793
-0.2642984986305237
0.17365828156471252
-0.48909634351730347
-0.4394487142562866
-1.4140517711639404
-0.40827369689941406
-0.6797084808349609
-0.08618045598268509
-0.3595665395259857
-0.3701454997062683
-0.7618833780288696
0.03944031149148941
0.2735407054424286
-0.14171041548252106
0.20297543704509735
-0.14990048110485077
-0.4100359082221985
-0.5396320223808289
-0.4191511273384094
-0.6040300130844116
-1.246803641319275
-0.3738405704498291
-0.3616986572742462
-0.23999586701393127
-0.23746028542518616
-0.28483232855796814
0.15913140773773193
-1.3031867742538452
-0.7533067464828491
-0.4249444007873535
-0.27777254581451416
-0.29221218824386597
-0.6480283141136169
-0.4601738452911377
-0.9434086680412292
-0.3790208697319031
-1.4187421798706055
-0.31584855914115906
-0.5747283101081848
-0.16518117487430573
-1.2739744186401367
-0.11355773359537125
-0.1507345736026764
-1.1526858806610107
-0.18765123188495636
-0.3556872606277466
-0.4034150540828705
-0.23383881151676178
-0.39389950037002563
-0.5030952095985413
0.3262622058391571
-0.3319891691207886
-0.6250925064086914
-0.6264795064926147
-0.6582711338996887
0.10455325245857239
-0.932529091835022
-0.34314054250717163
-0.6433183550834656
-0.43175360560417175
-0.9483336210250854
-0.5799441337585449
-0.49757713079452515
-0.8795234560966492
-0.04530336335301399
-0.955209493637085
-0.8599333167076111
-0.23408712446689606
0.5912918448448181
-1.0228499174118042
0.07863271981477737
-0.18666386604309082
-1.3376774787902832
-0.5899707078933716
-0.25439879298210144
-0.06663411855697632
-0.7627661824226379
1.5157427787780762
-0.38540592789649963
0.14378678798675537
-0.44228890538215637
0.18092940747737885
-1.974993109703064
-0.19263599812984467
-0.17686975002288818
-0.27126526832580566
-0.5021029114723206
-0.829849898815155
-0.5950260162353516
-0.34767454862594604
-0.8163168430328369
-0.6180844902992249
-0.6463267207145691
-0.20026840269565582
-0.22169606387615204
-0.5093279480934143
-0.6380218863487244
-0.4014767110347748
0.11708199232816696
-0.3176209032535553
0.019979700446128845
-0.1479053497314453
0.43138179183006287
-0.6765541434288025
-1.440050482749939
0.11052654683589935
-0.9047220945358276
-0.3508512079715729
0.02293436788022518
-0.549842357635498
-0.6208756566047668
-0.06721367686986923
-1.1555174589157104
-0.16926465928554535
-0.7652350068092346
0.14032576978206635
-0.7769983410835266
0.16845396161079407
-1.0433299541473389
-0.5672391653060913
0.19283020496368408
0.15865008533000946
-0.24733297526836395
-0.7557355761528015
-0.7578169703483582
-0.7233778834342957
-0.21083877980709076
-0.6093159317970276
0.010826954618096352
-0.458865761756897
0.14194238185882568
1.2506605386734009
-0.5823017954826355
-0.710676908493042
-0.33895552158355713
-0.4491186738014221
-0.016283752396702766
-1.400559902191162
-0.3149024546146393
-0.6742614507675171
-0.11018726974725723
-0.9455621242523193
-0.20108914375305176
-0.7142623662948608
-0.9130852222442627
-0.5921590924263
-0.6898258328437805
-0.21452875435352325
-0.1465873420238495
-1.5285446643829346
-0.11185500025749207
-1.2618223428726196
-0.22968070209026337
-1.155983805656433
-0.07943128049373627
-0.08649269491434097
-0.6276959776878357
-0.3785872161388397
-0.4504922926425934
-0.253182053565979
-0.3659324049949646
-0.008426359854638577
-0.4884766936302185
-0.19029057025909424
0.008500849828124046
-1.065392017364502
-0.8872538208961487
-0.3317631185054779
-1.0656232833862305
-0.47430261969566345
-0.9751734733581543
-0.596588134765625
-0.6236600279808044
0.18123503029346466
-0.8671556115150452
-0.1563297063112259
-0.8143414855003357
-0.4030592441558838
-0.6107444167137146
-1.4231574535369873
-0.47634994983673096
-1.0999677181243896
-0.28272518515586853
0.31218013167381287
-0.38523030281066895
-0.1894913911819458
-0.5312942862510681
-0.41954004764556885
-0.43043580651283264
-0.7377238869667053
-0.00432846462354064
-0.4766947329044342
-0.23638790845870972
-1.1753243207931519
-0.048452652990818024
-0.6524958610534668
-0.4989519715309143
-0.48659011721611023
-0.1473170667886734
-0.6346056461334229
-0.6556752920150757
-0.2165113091468811
-1.0363892316818237
-1.6158772706985474
-0.5734633803367615
-0.40558183193206787
-0.5418458580970764
-0.286032497882843
-0.6140897870063782
-0.3858139216899872
0.025528743863105774
-0.13698045909404755
-0.16735520958900452
-0.7341710329055786
-0.3523329794406891
-0.16241927444934845
-1.1238625049591064
-0.9291713833808899
-0.3906973600387573
-0.35391122102737427
-0.3285420835018158
-0.5356647968292236
0.34019723534584045
-0.552556574344635
-0.5076625347137451
-0.5824565887451172
-0.42759332060813904
-0.45005008578300476
0.010550047270953655
-0.8492070436477661
-0.699246883392334
-0.4950237572193146
-0.5510179400444031
0.13337132334709167
-0.3802531063556671
-0.07067002356052399
-1.084195852279663
-0.2393881231546402
-0.25213855504989624
-1.112565040588379
-0.5117270350456238
-0.5726411938667297
-0.4839954078197479
-0.3191041052341461
-1.0581536293029785
-1.3500943183898926
-0.12029054760932922
0.0334591343998909
0.07975663989782333
-0.44117721915245056
0.24387329816818237
-0.4207819402217865
0.10232717543840408
-0.2938920855522156
-0.08663689345121384
-0.16336043179035187
-0.7518543004989624
-0.40296125411987305
-0.4895387291908264
-0.7935174107551575
-0.5130149126052856
0.00690443767234683
-0.3224963843822479
-0.39251622557640076
-0.2948213815689087
-0.14045801758766174
-1.0342549085617065
-0.3176639676094055
-0.5136911869049072
0.03623533248901367
-0.9643818736076355
0.011274171061813831
-0.4937431812286377
-0.5918045043945312
-0.6887236833572388
-0.19962914288043976
-2.4787206649780273
0.04023515433073044
-0.4828447699546814
-1.0549575090408325
-0.4205213785171509
-0.5756494402885437
-0.484842985868454
-1.196423053741455
0.2571643888950348
-0.20214764773845673
-0.25283101201057434
-0.3002315163612366
-0.5126610994338989
-0.2393360137939453
-0.4485253393650055
-0.47722673416137695
-0.6049192547798157
0.0956701785326004
0.017013756558299065
-1.7086886167526245
-0.497394859790802
0.039198797196149826
-0.2789297103881836
-0.30992239713668823
-0.9153372049331665
-0.3999638259410858
-0.6245302557945251
-0.6358822584152222
-0.11112979799509048
-0.606255829334259
-0.6188425421714783
-0.46617811918258667
-0.48554426431655884
0.5229780673980713
-0.6437543034553528
-0.3234444856643677
-0.37057995796203613
1.6404778957366943
-0.3758509159088135
-0.5506784319877625
0.07257965207099915
-0.5507139563560486
-0.16184492409229279
-0.5079994201660156
-0.21390414237976074
-0.19621361792087555
-0.05911262705922127
-0.23753786087036133
0.1784333884716034
-0.6276227235794067
-0.19832652807235718
-0.3219190835952759
-0.6209269762039185
-1.1965469121932983
-1.0994457006454468
0.053392913192510605
-0.383836954832077
-0.8123525381088257
-0.8261339664459229
-0.32240456342697144
-1.321531891822815
-0.2602660655975342
-0.5182031989097595
-0.6262094378471375
0.2217111885547638
-0.19663392007350922
-0.5589983463287354
-0.9001041650772095
-0.5841306447982788
-0.33168286085128784
-0.30824169516563416
-0.9566262364387512
-0.5393926501274109
-0.24260510504245758
-0.41100242733955383
-0.24144771695137024
-0.8085002303123474
-1.4137104749679565
-0.5236236453056335
-0.622043251991272
-0.3245231509208679
-0.7383578419685364
-0.1956523209810257
-0.12575393915176392
-0.6679722666740417
-0.4112926423549652
-0.2566288113594055
-0.813264012336731
-1.4598660469055176
-0.09905295819044113
-0.31603002548217773
-0.37073904275894165
-0.6884106993675232
0.07138044387102127
-0.44048309326171875
0.10507405549287796
-0.4103970229625702
-0.24248027801513672
-1.7498762607574463
-0.43883490562438965
-0.11114919930696487
-0.21939672529697418
-0.8630733489990234
-0.21840111911296844
-0.49406594038009644
-0.7474436163902283
-0.663829505443573
-1.4934484958648682
-0.47325360774993896
-0.8488906621932983
-0.6676588654518127
-0.40944811701774597
-0.7060809135437012
-0.3970535397529602
-0.27786362171173096
-1.1587421894073486
-0.5588957071304321
-1.1082550287246704
0.5372713804244995
-0.5970166921615601
-0.002584770554676652
-0.12058016657829285
-0.2829664647579193
-0.280185341835022
0.16166049242019653
-0.27676352858543396
-0.5852547883987427
-0.2933129072189331
-0.5419406890869141
-0.5887060165405273
-0.5589408874511719
-0.2772647440433502
-0.018617799505591393
