-0.14131903648376465
-0.21755674481391907
0.05749678984284401
0.10165423154830933
0.15083685517311096
-1.0322409868240356
0.0179851483553648
-0.7143056392669678
-0.09855517745018005
0.6402162313461304
0.4705517292022705
-0.34945693612098694
-0.8838855028152466
0.8918141722679138
-0.521895706653595
-0.29832884669303894
0.4737185835838318
0.7762100100517273
0.8706498146057129
0.35136982798576355
0.36393114924430847
-0.32872942090034485
0.23300112783908844
0.7727819681167603
-0.008809715509414673
0.4701046049594879
0.9073793888092041
-1.1974265575408936
-0.5516797304153442
-0.5132086277008057
-0.4231394827365875
-0.11243025213479996
0.2771883010864258
-0.6476779580116272
-0.37423181533813477
1.1853139400482178
-0.08302076905965805
-0.5498654842376709
0.08129236102104187
-0.5937673449516296
1.5296827554702759
0.80570387840271
0.09567482024431229
-0.6090627312660217
-0.6219645738601685
0.718323290348053
-0.15448899567127228
-0.6376413702964783
-0.027475973591208458
1.0769670009613037
-0.034544698894023895
-1.2264174222946167
0.21104641258716583
0.3726368546485901
0.2917429208755493
0.19129621982574463
0.2111382931470871
-0.12273339182138443
1.0192835330963135
-0.6271835565567017
0.9198748469352722
-0.2113407701253891
0.3889460265636444
3.37064528465271
-0.43305906653404236
-0.084622323513031
0.07898777723312378
-0.36801302433013916
-0.0021100498270243406
-0.08959474414587021
1.3477771282196045
1.465146541595459
-1.6384410858154297
-0.552165150642395
-1.8172762393951416
-0.3188464641571045
0.11952456086874008
-1.5553234815597534
-0.19091729819774628
-0.2226676493883133
-0.8901008367538452
0.4779275357723236
-0.8999914526939392
0.09986834228038788
0.6215355396270752
0.13584013283252716
-0.4056556820869446
0.4642660617828369
-0.6645803451538086
-0.9539669156074524
0.06544958800077438
-0.18563811480998993
0.08073832839727402
-0.5850733518600464
0.5720646381378174
-1.1824604272842407
-0.15664471685886383
-0.031695812940597534
0.2975360155105591
0.027107344940304756
-0.5417958498001099
0.6444251537322998
-0.12808725237846375
0.2128250002861023
-0.46064266562461853
0.10155138373374939
0.18888400495052338
0.7812197804450989
-0.6004011631011963
0.32803043723106384
0.5351825952529907
-0.4237244129180908
-0.03777574375271797
0.905113935470581
-1.489240050315857
-0.3775239884853363
-0.21633902192115784
-0.4139156937599182
-0.04996217042207718
-0.09879297018051147
0.21354135870933533
0.9438931941986084
-0.13095474243164062
0.1939796507358551
0.42937833070755005
2.24975848197937
-2.345372200012207
-0.1308903992176056
1.4819639921188354
-0.05255962535738945
0.3382314145565033
-0.7594608664512634
-0.22962406277656555
0.7739019989967346
1.4403456449508667
-0.6208643317222595
1.157822608947754
0.19783204793930054
-0.4981757700443268
-0.3301638066768646
-0.29018455743789673
0.3376825451850891
-0.6660223007202148
0.20995140075683594
-0.12410063296556473
0.9067418575286865
0.327836811542511
-0.3316039741039276
1.1423066854476929
0.41377028822898865
0.6738232374191284
0.0867999792098999
-0.09474017471075058
-0.04814203828573227
-0.7309094667434692
-1.183825969696045
-0.9074501991271973
-0.6220309138298035
-1.2319568395614624
-0.6572145223617554
-0.2104637622833252
-0.8967167735099792
0.1574489325284958
0.33612528443336487
-0.009530738927423954
0.030300306156277657
-0.5673283338546753
0.3864987790584564
0.5133009552955627
-0.5390222668647766
1.045814037322998
-0.20697160065174103
1.452349305152893
-0.6962463855743408
1.1987576484680176
0.1992233544588089
0.35030597448349
0.18314963579177856
-0.3269648551940918
-1.127276062965393
0.5288282036781311
-0.17777258157730103
0.515103816986084
-1.1530959606170654
-0.499721497297287
0.04223056882619858
-0.4182724952697754
-1.359807014465332
0.21408908069133759
1.2511827945709229
-0.17314475774765015
0.30098655819892883
