0.20828479528427124
0.19629567861557007
0.19779431819915771
0.1901073455810547
0.18713116645812988
0.2086663842201233
0.1957716941833496
0.21516263484954834
0.19190287590026855
0.20598602294921875
0.19314157962799072
0.18753784894943237
0.20535331964492798
0.23027467727661133
0.2144075632095337
0.20923519134521484
0.20031917095184326
0.22123456001281738
0.2661541700363159
0.20189499855041504
0.18416619300842285
0.21620696783065796
0.23270809650421143
0.23457252979278564
0.20683801174163818
0.18814921379089355
0.22061002254486084
0.27511900663375854
0.1979581117630005
0.19219666719436646
0.1847972273826599
0.19231867790222168
0.19396555423736572
0.18587499856948853
0.20598047971725464
0.21023988723754883
0.20045119524002075
0.18191945552825928
0.21644878387451172
0.19963693618774414
0.2416156530380249
0.20593321323394775
0.19934910535812378
0.22679829597473145
0.20487135648727417
0.20042699575424194
0.17956650257110596
0.1849285364151001
0.20403015613555908
0.24581176042556763
0.1938527226448059
0.23503565788269043
0.20493566989898682
0.20812565088272095
0.23622196912765503
0.19950401782989502
0.18591904640197754
0.2018757462501526
0.21938186883926392
0.22427088022232056
0.22443652153015137
0.18836402893066406
0.19128799438476562
0.6798932552337646
0.1953982710838318
0.1797073483467102
0.2072393298149109
0.20779746770858765
0.2234247922897339
0.22978365421295166
0.2964932322502136
0.21758002042770386
0.22280895709991455
0.20037323236465454
0.338964581489563
0.1976836919784546
0.21473968029022217
0.2726863622665405
0.19558948278427124
0.20125460624694824
0.2328091859817505
0.22275781631469727
0.18712913990020752
0.19801712036132812
0.2243415117263794
0.19795078039169312
0.22512388229370117
0.2140493392944336
0.21039485931396484
0.231894850730896
0.19861245155334473
0.18132096529006958
0.18902790546417236
0.19617480039596558
0.23127007484436035
0.1896822452545166
0.19008255004882812
0.21519523859024048
0.19786763191223145
0.20151549577713013
0.18581175804138184
0.20563828945159912
0.2080758810043335
0.20015567541122437
0.19635164737701416
0.21998584270477295
0.191622793674469
0.23215019702911377
0.21890318393707275
0.191628098487854
0.21046817302703857
0.18931633234024048
0.20354270935058594
0.20531463623046875
0.254345178604126
0.19277995824813843
0.2002376914024353
0.19222420454025269
0.1852988600730896
0.20771318674087524
0.19092512130737305
0.24427378177642822
0.18796169757843018
0.20036005973815918
0.18460536003112793
0.2210370898246765
0.3519868850708008
0.20643508434295654
0.2085667848587036
0.22648710012435913
0.2110050916671753
0.19864100217819214
0.1920669674873352
0.189797043800354
0.22278743982315063
0.1880931854248047
0.22989392280578613
0.20570796728134155
0.20072436332702637
0.1933860182762146
0.23255467414855957
0.19151020050048828
0.20559275150299072
0.19398826360702515
0.19137364625930786
0.1982516050338745
0.21070683002471924
0.203125
0.21445047855377197
0.21295642852783203
0.28045380115509033
0.20117199420928955
0.1927255392074585
0.21748065948486328
0.24630385637283325
0.24032968282699585
0.22861409187316895
0.1892508864402771
0.22548902034759521
0.1925792098045349
0.21010851860046387
0.1875516176223755
0.19280660152435303
0.20054566860198975
0.18431520462036133
0.18566328287124634
0.20007538795471191
0.20211488008499146
0.20786237716674805
0.1842881441116333
0.19161224365234375
0.19278430938720703
0.2479550838470459
0.20459061861038208
0.1926586627960205
0.2002657651901245
0.2057483196258545
0.19767528772354126
0.21077799797058105
0.21933996677398682
0.2018592357635498
0.18524795770645142
0.20036661624908447
0.2009890079498291
0.19150131940841675
0.1876257061958313
0.21927744150161743
0.22559964656829834
0.2078993320465088
0.23436856269836426
0.20129334926605225
0.20068073272705078
