0.0742904469370842
-0.08480843156576157
-0.08912564814090729
-0.05725548788905144
0.1278412640094757
-0.0565493181347847
0.1364201456308365
0.0489896796643734
-0.028660036623477936
0.14900775253772736
0.04033225029706955
0.04909379035234451
-0.022872216999530792
0.011573883704841137
-0.289458692073822
-0.1969040185213089
-0.053453557193279266
-0.14479833841323853
-0.22385290265083313
0.10948387533426285
0.02717498503625393
-0.023837333545088768
-0.008322427980601788
-0.028773069381713867
0.21784228086471558
0.064883291721344
0.07691647112369537
0.14672213792800903
-0.18980255722999573
-0.09601159393787384
-0.129153311252594
0.037448327988386154
0.09946824610233307
-0.10520313680171967
0.060702383518218994
0.034009817987680435
0.023778488859534264
0.11574624478816986
0.13388408720493317
-0.21224935352802277
0.12345724552869797
0.23782768845558167
-0.13188497722148895
-0.1350461095571518
-0.01242715772241354
0.09398772567510605
0.01999075338244438
0.040640559047460556
-0.20737208425998688
0.010707044042646885
-0.043263766914606094
-0.09396447986364365
0.16043487191200256
-0.1100916713476181
0.00933725293725729
-0.002480972558259964
6.020015280228108e-05
0.08874263614416122
0.015531694516539574
0.10577955842018127
0.09886918216943741
0.004861310124397278
0.12033357471227646
-0.05352792143821716
0.028913021087646484
-0.08517646044492722
-0.09429525583982468
0.0043839262798428535
0.14029055833816528
0.03357246518135071
-0.15713945031166077
0.07905368506908417
-0.004191244021058083
-0.048760902136564255
-0.11047562956809998
-0.06974352151155472
0.003491160925477743
0.19513684511184692
-0.03994080051779747
-0.012998559512197971
0.10942526161670685
0.06560059636831284
-0.04530924931168556
-0.06415962427854538
0.07812522351741791
-0.006289467215538025
0.06787704676389694
-0.05437913537025452
0.08720139414072037
-0.2395525574684143
-0.14815613627433777
-0.04220928996801376
-0.13353648781776428
-0.09102129936218262
-0.0009592751739546657
-0.11030548810958862
-0.07719076424837112
-0.01293721329420805
-0.0023417251650243998
0.0003618054906837642
-0.23443984985351562
0.019791001453995705
0.020989691838622093
0.12473507970571518
0.1403367966413498
0.0343191996216774
0.04405246302485466
-0.17867615818977356
0.04174776375293732
0.1672675758600235
-0.11633454263210297
-0.1551910638809204
0.12002120912075043
0.01074183825403452
0.016154654324054718
-0.044415246695280075
-0.05260979384183884
0.021973880007863045
-0.00024027317704167217
-0.19943495094776154
0.06977235525846481
-0.010295257903635502
-0.19112882018089294
-0.005316488910466433
0.08283733576536179
0.18955262005329132
0.04052003100514412
0.17336627840995789
0.23942221701145172
0.003925148863345385
-0.10799594223499298
-0.09682939946651459
-0.006588618271052837
0.1779015213251114
0.08050550520420074
-0.15897293388843536
0.06822182238101959
-0.24934698641300201
0.040428321808576584
-0.0829010158777237
0.021662481129169464
0.20956243574619293
0.10839851945638657
0.07239264249801636
-0.036129578948020935
0.030548296868801117
0.07636000961065292
0.029598932713270187
-0.0010992916068062186
0.12053178995847702
0.04967338964343071
-0.1232108399271965
0.15957289934158325
-0.0010036973981186748
0.11906282603740692
0.04853913187980652
0.052893999963998795
-0.05407816916704178
0.05722248554229736
0.1645837426185608
-0.06795472651720047
0.06969628483057022
0.034092746675014496
0.03481808677315712
-0.12523894011974335
-0.05378763750195503
0.0161945428699255
0.14962513744831085
-0.13159504532814026
-0.11659660190343857
0.21224935352802277
0.036955300718545914
-0.06626660376787186
0.07367950677871704
0.08297757804393768
0.27674418687820435
0.1587965041399002
-0.061959631741046906
-0.018066806718707085
0.09067077189683914
-0.08251996338367462
-0.15787744522094727
0.04245677962899208
0.14079239964485168
-0.047775205224752426
-0.006214398890733719
0.09146622568368912
-0.015436871908605099
0.12999387085437775
-0.1999506801366806
-0.03149549663066864
0.0368536151945591
