2.0814859867095947
1.582838535308838
1.851575493812561
1.814180612564087
1.6604626178741455
1.8713595867156982
1.4159890413284302
1.8672327995300293
1.7649155855178833
1.3155512809753418
1.8509775400161743
1.589370608329773
1.6346341371536255
2.178896188735962
1.7767115831375122
1.8520427942276
1.9018158912658691
2.1437325477600098
2.3269059658050537
1.767082691192627
1.677820086479187
2.029136896133423
1.1354832649230957
2.1112396717071533
1.9922049045562744
1.1640392541885376
2.0445919036865234
2.1820578575134277
1.376994252204895
1.344362735748291
1.6880810260772705
1.7417664527893066
1.8319282531738281
1.68131422996521
1.8874484300613403
1.7421225309371948
1.9574414491653442
1.2438654899597168
2.087507963180542
1.8109999895095825
2.1024410724639893
1.4949716329574585
1.756078839302063
2.2764875888824463
1.684277892112732
1.8045324087142944
1.579097032546997
1.555686354637146
1.314292550086975
2.1130223274230957
1.7713757753372192
2.024660348892212
1.5054378509521484
1.9061243534088135
2.083266258239746
1.8059526681900024
1.7240955829620361
1.977060317993164
1.8726991415023804
2.060507297515869
1.1383233070373535
1.6963768005371094
1.8617151975631714
4.5126824378967285
1.8384149074554443
1.644153356552124
1.2820146083831787
1.8826045989990234
2.0745866298675537
2.0082035064697266
2.7384374141693115
1.522326111793518
2.0029664039611816
1.8885222673416138
2.7882490158081055
1.709969401359558
1.855500340461731
2.374293088912964
1.8123157024383545
1.9192132949829102
2.150642156600952
2.1566896438598633
1.5049766302108765
1.7354356050491333
1.954777479171753
1.8069679737091064
2.0162432193756104
1.9013265371322632
1.936801552772522
2.0844531059265137
1.9375582933425903
1.6911420822143555
1.3686213493347168
1.8045734167099
2.233870506286621
1.8219425678253174
1.7804776430130005
1.984139084815979
1.9598557949066162
1.0831087827682495
1.850310206413269
1.9360679388046265
1.8768638372421265
1.9131863117218018
1.785009503364563
1.9433979988098145
1.6250368356704712
2.094308853149414
1.9416048526763916
1.9421117305755615
1.9897698163986206
1.7731677293777466
1.858837366104126
1.8579168319702148
2.2413384914398193
1.6366829872131348
1.7661337852478027
1.2539130449295044
1.3406556844711304
1.911747932434082
1.654626488685608
2.1927402019500732
1.6119468212127686
1.6855332851409912
1.7803027629852295
1.4797742366790771
3.005401134490967
1.8338011503219604
1.99911367893219
1.095542073249817
1.873874306678772
2.0041069984436035
1.7847236394882202
1.7449109554290771
1.9516804218292236
1.5594853162765503
2.16288685798645
1.8790221214294434
1.763189435005188
1.784422755241394
2.1333940029144287
1.3222240209579468
1.9564498662948608
1.8098150491714478
1.7990350723266602
1.9347323179244995
1.9569950103759766
1.9132251739501953
1.7186962366104126
1.8949912786483765
2.4399259090423584
1.5943893194198608
1.664984107017517
1.9892501831054688
2.2263216972351074
1.4136883020401
2.2065720558166504
1.3980510234832764
2.091312885284424
1.7937114238739014
1.892386555671692
1.7128715515136719
1.5640100240707397
1.8913990259170532
1.5526392459869385
1.7151705026626587
1.6320514678955078
1.6007750034332275
1.9261868000030518
1.854957938194275
1.510799765586853
1.7404162883758545
2.165133237838745
1.6734638214111328
1.427960753440857
1.8971501588821411
1.7986024618148804
1.8610671758651733
1.2706818580627441
2.0960135459899902
1.3498964309692383
1.7532681226730347
1.946651577949524
1.832040548324585
1.4189187288284302
1.7822608947753906
1.9572556018829346
2.020718812942505
1.9487887620925903
2.0718085765838623
1.8062286376953125
1.9072585105895996
