41.93450927734375
63.9159049987793
45.55197525024414
77.7439193725586
39.5990104675293
65.41517639160156
52.240264892578125
49.65168380737305
40.89521789550781
57.46061706542969
47.73432159423828
36.384193420410156
61.008338928222656
48.306495666503906
38.79368209838867
31.354171752929688
52.572940826416016
41.949623107910156
60.19545364379883
17.282487869262695
39.324462890625
73.6682357788086
18.807174682617188
43.64278030395508
33.674720764160156
45.82354736328125
40.49967956542969
45.531646728515625
65.4790267944336
26.555681228637695
49.904754638671875
95.38150787353516
42.04595947265625
53.67381286621094
56.31281661987305
48.273719787597656
36.25537872314453
44.388919830322266
44.052345275878906
58.99207305908203
26.98210334777832
60.9396858215332
36.23889923095703
60.89503479003906
47.21403121948242
39.529457092285156
57.546356201171875
46.851112365722656
59.204647064208984
40.500003814697266
48.547908782958984
54.50615692138672
39.435699462890625
38.24734878540039
40.66825866699219
43.14242935180664
36.603736877441406
66.4521484375
61.84754943847656
59.66797637939453
62.248722076416016
60.001548767089844
70.53478240966797
58.701995849609375
26.428781509399414
59.91641616821289
50.19721984863281
50.03765106201172
42.45829391479492
58.88731384277344
50.826141357421875
51.69499588012695
37.42751693725586
45.644813537597656
39.022430419921875
42.09327697753906
54.95502853393555
48.400146484375
68.62052917480469
34.37276077270508
39.670780181884766
48.072078704833984
19.01620101928711
43.4217643737793
63.81752014160156
38.730438232421875
45.498870849609375
49.5504150390625
55.68039321899414
36.33369827270508
23.099864959716797
52.88877868652344
51.98305130004883
43.84636306762695
54.404056549072266
51.00667953491211
50.57295227050781
39.07930374145508
52.169639587402344
49.40747833251953
56.468475341796875
22.117475509643555
43.20406723022461
57.958106994628906
47.86466598510742
39.310733795166016
51.96290588378906
52.51359939575195
19.75719451904297
56.42250442504883
37.00217819213867
50.9314079284668
35.52021026611328
40.860538482666016
50.83277130126953
37.66499328613281
58.04819869995117
49.58130645751953
42.50497055053711
51.2656364440918
42.21060562133789
48.36684036254883
42.465389251708984
50.15988540649414
23.95024871826172
50.36735916137695
59.028839111328125
41.1386833190918
36.334564208984375
62.672359466552734
37.879085540771484
29.761882781982422
45.40431213378906
48.35544967651367
39.16210174560547
43.94740295410156
52.47129440307617
43.74618911743164
46.04122543334961
39.170188903808594
23.873624801635742
43.123836517333984
32.899993896484375
53.56816864013672
44.20629119873047
48.963134765625
50.40773010253906
40.181461334228516
33.823883056640625
43.66521072387695
58.30063247680664
68.71371459960938
40.13563919067383
39.36297607421875
48.2804069519043
53.1513557434082
47.359683990478516
61.0892448425293
49.0698127746582
42.63322448730469
49.644222259521484
41.49557876586914
55.17640686035156
59.220558166503906
44.910640716552734
52.165645599365234
45.10569763183594
34.32955551147461
59.95539474487305
44.03681564331055
37.30398178100586
48.4288215637207
46.04103088378906
39.321876525878906
52.52041244506836
38.96631622314453
42.96482849121094
43.787841796875
40.188297271728516
39.8736572265625
32.81847381591797
42.90133285522461
58.75090789794922
24.683382034301758
39.44023895263672
42.98927307128906
46.73989486694336
47.8862419128418
46.976200103759766
23.468408584594727
59.074127197265625
44.39350891113281
18.580547332763672
49.40554428100586
45.02814865112305
45.531585693359375
43.07598114013672
48.63195037841797
49.90129470825195
52.22138595581055
44.12809753417969
47.478538513183594
45.5048713684082
94.71304321289062
42.75851821899414
23.848501205444336
46.70486068725586
42.38352584838867
57.75375747680664
47.595191955566406
43.131595611572266
56.646968841552734
41.50846481323242
59.804378509521484
58.720787048339844
59.82297897338867
42.9803466796875
44.45111083984375
30.479692459106445
52.26153564453125
41.63923645019531
53.7558708190918
67.33120727539062
58.76768493652344
56.42145538330078
37.46218490600586
46.36800765991211
55.75343704223633
55.499446868896484
43.82514572143555
34.23052215576172
41.33905792236328
39.60466003417969
50.0402717590332
35.15242004394531
36.20203399658203
62.01846694946289
32.746665954589844
45.95610046386719
48.3135871887207
32.27748107910156
48.93657684326172
26.950916290283203
19.022382736206055
53.264976501464844
62.77070999145508
51.88377380371094
36.411136627197266
69.72093200683594
75.39618682861328
41.74945831298828
16.740201950073242
57.91673278808594
51.00925827026367
45.541011810302734
45.1277961730957
36.71065902709961
54.986907958984375
56.193660736083984
56.484214782714844
52.19084930419922
41.96571731567383
53.01869583129883
33.3209114074707
35.109127044677734
49.93681716918945
28.39044952392578
51.611968994140625
39.33903884887695
52.73649597167969
38.56331253051758
56.06963348388672
51.7783203125
73.65263366699219
62.17433547973633
17.056272506713867
56.20106887817383
61.576229095458984
45.45621871948242
44.24387741088867
37.22294235229492
79.85533905029297
28.570301055908203
44.14585494995117
56.774681091308594
54.422088623046875
60.65815353393555
39.155208587646484
48.689231872558594
20.876556396484375
54.00637435913086
46.16439437866211
34.75740432739258
39.196529388427734
32.935123443603516
42.20940399169922
45.458091735839844
45.03917694091797
46.5773811340332
43.422698974609375
27.836994171142578
50.15493392944336
43.42301559448242
56.248939514160156
57.67238235473633
44.215789794921875
44.9930534362793
57.34647750854492
39.227256774902344
28.383548736572266
60.90515899658203
65.47826385498047
56.278533935546875
36.76873779296875
53.49127197265625
50.924644470214844
44.09075164794922
60.62446594238281
41.39088439941406
40.72410202026367
44.54372787475586
48.75733947753906
47.253787994384766
35.903961181640625
33.731834411621094
37.073116302490234
44.74125671386719
59.515785217285156
59.257293701171875
50.48707962036133
49.907196044921875
44.16851043701172
45.844844818115234
46.832096099853516
52.395843505859375
46.71247863769531
51.7083854675293
41.397830963134766
54.681644439697266
55.62215805053711
45.88465118408203
46.857173919677734
39.151546478271484
17.572296142578125
28.374614715576172
56.98967742919922
51.34114456176758
62.415008544921875
66.7432632446289
49.96975326538086
43.21392822265625
20.702205657958984
47.576141357421875
72.02545166015625
48.03861999511719
47.10407638549805
47.13907241821289
41.94783020019531
39.54792404174805
43.03367233276367
46.04900360107422
35.34967803955078
51.31136703491211
55.33232116699219
40.2888069152832
38.05849075317383
51.68291091918945
44.07611846923828
55.658451080322266
48.948097229003906
47.111881256103516
24.137489318847656
61.77762985229492
37.28604507446289
59.46077346801758
20.823001861572266
39.64793395996094
78.61552429199219
67.55530548095703
46.59602355957031
41.63444900512695
44.05259323120117
48.571903228759766
49.069278717041016
50.41890335083008
43.61961364746094
44.73373794555664
44.33828353881836
45.833335876464844
38.75723648071289
57.85133743286133
36.107566833496094
39.316062927246094
24.56928253173828
41.548797607421875
57.0967903137207
56.68112564086914
50.52787780761719
34.47547912597656
48.578819274902344
52.60966110229492
47.35939407348633
47.95767593383789
47.7191047668457
43.11908721923828
27.702865600585938
39.533531188964844
54.265777587890625
51.606075286865234
51.66752243041992
46.548336029052734
43.21762466430664
77.07347869873047
50.26243209838867
69.04447174072266
35.27667236328125
42.472190856933594
47.441673278808594
56.644325256347656
60.100704193115234
39.660770416259766
59.82501220703125
41.60719299316406
48.12836456298828
56.849300384521484
49.07695770263672
59.91328430175781
44.14302062988281
53.030250549316406
51.202430725097656
43.31704330444336
57.51752853393555
63.49579620361328
39.588043212890625
51.12799835205078
48.70204162597656
46.753089904785156
62.68849182128906
49.97801208496094
57.5079231262207
33.96648025512695
54.526771545410156
41.099369049072266
44.1971435546875
53.91510009765625
43.43916320800781
91.57554626464844
63.152286529541016
52.86335754394531
43.547183990478516
49.410518646240234
57.221771240234375
42.745426177978516
66.81549835205078
60.991912841796875
55.54803466796875
46.78231430053711
38.037296295166016
39.989768981933594
43.22639846801758
48.38341522216797
52.706993103027344
24.02937889099121
37.966190338134766
51.679344177246094
41.3969841003418
43.8124885559082
34.80198669433594
44.29705810546875
37.40947341918945
37.02864456176758
27.13193130493164
53.503326416015625
49.7630500793457
42.78822708129883
40.785606384277344
47.65176010131836
49.42676544189453
61.16202926635742
45.649932861328125
53.571266174316406
57.89175796508789
49.588443756103516
63.70608901977539
44.06413269042969
46.608604431152344
43.62315368652344
58.61899948120117
43.8585205078125
47.16719436645508
41.04396438598633
48.54988479614258
50.81598663330078
51.71244430541992
47.84899139404297
42.58612823486328
42.61732482910156
44.60413360595703
29.00701141357422
43.67851638793945
49.99543762207031
60.03581237792969
60.3588981628418
57.64409255981445
39.33278274536133
33.374549865722656
51.2844123840332
40.02165222167969
58.32423400878906
45.5839958190918
45.44875717163086
65.7662582397461
28.48859977722168
62.819679260253906
58.31643295288086
64.28763580322266
48.38155746459961
37.191123962402344
49.981082916259766
33.89019012451172
48.55867385864258
52.7690315246582
53.10133361816406
30.296022415161133
52.69992446899414
39.24211883544922
68.2216567993164
61.196964263916016
55.658653259277344
46.423702239990234
54.975120544433594
45.8521728515625
33.91758346557617
49.30923080444336
37.587032318115234
40.5615348815918
59.14955139160156
70.32097625732422
50.5133171081543
58.99028396606445
35.40315246582031
52.94367599487305
41.35316848754883
48.49903106689453
44.09940719604492
54.3473014831543
37.76551055908203
34.478965759277344
31.520275115966797
60.38163757324219
40.92678451538086
43.33885955810547
45.554630279541016
48.02824783325195
66.4684066772461
37.4363899230957
42.77928161621094
42.16819763183594
48.14933395385742
47.333770751953125
27.709135055541992
48.93077087402344
42.0316047668457
49.38151931762695
61.93996810913086
37.011714935302734
46.451045989990234
30.15005874633789
54.55559158325195
45.82957458496094
55.293827056884766
46.69097900390625
41.73894119262695
61.2741584777832
50.32450866699219
33.1236457824707
40.25283432006836
39.28278350830078
40.473026275634766
50.92034912109375
46.33924865722656
52.58620071411133
48.60654830932617
68.9879379272461
40.7932014465332
37.51638412475586
38.275596618652344
53.86134338378906
56.111637115478516
62.31945037841797
53.06891632080078
29.218650817871094
42.889739990234375
60.77613067626953
70.59205627441406
69.33065795898438
52.734771728515625
54.235923767089844
33.723426818847656
36.5370979309082
32.72617721557617
51.167449951171875
54.31922912597656
61.865867614746094
53.49065017700195
47.344852447509766
44.22012710571289
18.300168991088867
62.22661590576172
50.15664291381836
48.44764709472656
43.65839767456055
41.614994049072266
36.4405517578125
47.4239501953125
43.74966049194336
47.87974548339844
49.492637634277344
48.37577438354492
44.9167366027832
48.748779296875
52.29624938964844
47.691322326660156
40.947486877441406
36.63669967651367
46.187808990478516
17.31059455871582
63.720550537109375
40.489253997802734
33.66468811035156
52.16429138183594
81.57823944091797
37.96736526489258
31.226318359375
74.44412994384766
39.195919036865234
44.2988166809082
50.43525314331055
37.389305114746094
58.40380096435547
34.448143005371094
64.37932586669922
39.372474670410156
21.105993270874023
62.97258377075195
51.23963928222656
48.55310821533203
52.15800476074219
26.36581039428711
48.317378997802734
50.37297058105469
44.1671257019043
53.10488510131836
21.38800811767578
40.31573486328125
37.58881378173828
46.467063903808594
48.51116943359375
26.8691349029541
42.69243621826172
48.32761001586914
48.605255126953125
46.981475830078125
48.325584411621094
42.826210021972656
42.18220901489258
34.78254318237305
40.260990142822266
37.86701202392578
35.07621383666992
21.420818328857422
63.911624908447266
38.92418670654297
28.788278579711914
41.159889221191406
51.245933532714844
48.58557891845703
47.28679656982422
44.71464538574219
65.24559020996094
60.12888717651367
59.10694122314453
37.06650161743164
56.96427917480469
23.81063461303711
53.5340461730957
35.419715881347656
41.224552154541016
44.797630310058594
78.06790161132812
64.63841247558594
37.25404739379883
50.62701416015625
50.442745208740234
40.825260162353516
43.14543533325195
53.35056686401367
37.645713806152344
39.21800994873047
47.88917541503906
46.5284309387207
45.096736907958984
23.00407600402832
64.49067687988281
41.904117584228516
59.65038299560547
42.84943771362305
19.452518463134766
35.80097579956055
40.045188903808594
19.83846092224121
53.63213348388672
51.586185455322266
49.66123962402344
27.038372039794922
51.8457145690918
43.45432662963867
36.77803421020508
66.20759582519531
50.058250427246094
48.33753204345703
52.47220230102539
55.43751907348633
35.170310974121094
45.134708404541016
53.87018966674805
45.17591857910156
43.75307846069336
43.86292266845703
68.9229507446289
40.39739227294922
43.8521728515625
49.57078552246094
32.665035247802734
60.614036560058594
41.00468063354492
40.7365608215332
52.30309295654297
57.66273498535156
41.646339416503906
57.90278625488281
24.273862838745117
48.09019470214844
37.392547607421875
56.88685989379883
46.26992416381836
47.4111442565918
62.830078125
44.19622039794922
31.966114044189453
38.9735221862793
46.9150505065918
41.722877502441406
59.78928756713867
70.63546752929688
37.98093032836914
52.237545013427734
52.36738204956055
66.31890106201172
28.697742462158203
36.069095611572266
32.80877685546875
50.38394546508789
56.86909103393555
44.408538818359375
58.007102966308594
52.727996826171875
42.089115142822266
38.591819763183594
31.37906265258789
47.22587585449219
63.97346115112305
55.530517578125
51.02701187133789
46.307952880859375
43.47255325317383
19.831769943237305
58.415313720703125
50.75088882446289
47.451839447021484
36.1659049987793
60.42475891113281
39.455421447753906
45.67365264892578
46.928016662597656
48.392845153808594
53.41706466674805
54.07246780395508
36.1546516418457
50.2560920715332
49.75638961791992
35.32954788208008
30.14099884033203
32.983909606933594
40.66585159301758
52.87320327758789
22.44188117980957
32.652469635009766
38.86210250854492
41.505374908447266
50.40626907348633
38.57709884643555
42.02406692504883
45.74919509887695
180.85006713867188
38.109073638916016
62.06084060668945
42.000030517578125
41.524818420410156
46.918399810791016
46.87752151489258
56.48491287231445
55.28373336791992
38.9539794921875
35.90772247314453
35.30963134765625
44.33154296875
54.253570556640625
53.87148666381836
41.37374496459961
48.879268646240234
43.05165100097656
45.54568099975586
47.47320556640625
53.05536651611328
38.58501052856445
23.823434829711914
47.25096130371094
56.00255584716797
40.18516540527344
48.44702911376953
47.354652404785156
49.49665832519531
40.61608123779297
53.93378829956055
52.972225189208984
52.96284866333008
38.19666290283203
59.692012786865234
44.16040802001953
45.13597869873047
56.461891174316406
45.27000045776367
36.924217224121094
44.53983688354492
63.948211669921875
34.559425354003906
49.545509338378906
43.555973052978516
43.729393005371094
31.272706985473633
55.584381103515625
47.434024810791016
49.25543212890625
43.55495834350586
42.481014251708984
38.065242767333984
40.76503372192383
50.50356674194336
56.350799560546875
39.605472564697266
53.12855529785156
53.689727783203125
47.01290512084961
40.52418899536133
59.37982177734375
74.40338897705078
31.489797592163086
43.936885833740234
50.22576904296875
56.113224029541016
55.1097526550293
55.02801513671875
44.07536315917969
38.987396240234375
72.54734802246094
45.24711990356445
35.5942268371582
37.69127655029297
47.81219482421875
47.17692184448242
16.03578758239746
54.150054931640625
37.11106491088867
37.665061950683594
51.370296478271484
72.33089447021484
55.75048828125
49.795616149902344
46.83037185668945
48.94329071044922
46.25917434692383
43.65264892578125
43.8016242980957
35.23682403564453
45.83518600463867
49.576080322265625
43.75908279418945
40.05667495727539
50.63041687011719
55.98752212524414
28.9896297454834
46.12017059326172
68.22401428222656
65.59051513671875
19.506502151489258
44.83747863769531
43.738075256347656
48.806148529052734
44.85610580444336
45.93886947631836
39.854854583740234
43.54314041137695
68.27950286865234
48.76723098754883
64.44612121582031
51.846717834472656
50.7401008605957
59.6856803894043
48.3944206237793
66.69518280029297
43.285865783691406
39.942222595214844
56.614158630371094
41.742610931396484
50.275718688964844
51.90029525756836
55.239864349365234
52.439414978027344
44.43087387084961
45.75890350341797
52.32294464111328
52.459877014160156
57.088871002197266
44.9633903503418
42.58919143676758
40.94560241699219
52.04785919189453
34.22260284423828
63.361907958984375
54.676475524902344
93.76814270019531
184.64256286621094
36.39867401123047
70.98451232910156
51.968414306640625
41.010311126708984
44.975059509277344
59.002601623535156
50.2224235534668
41.56166076660156
40.901390075683594
53.26451873779297
51.5692024230957
24.50688362121582
44.09431457519531
46.803165435791016
22.544822692871094
48.50202560424805
53.156654357910156
38.04124069213867
38.8957633972168
55.73518753051758
42.398067474365234
38.95981979370117
50.78980255126953
57.09009552001953
37.86189270019531
47.649112701416016
45.91918182373047
48.85355758666992
49.49586868286133
42.97871017456055
47.551368713378906
46.56011199951172
28.593778610229492
37.628662109375
43.68651580810547
45.838680267333984
36.65890884399414
52.62042999267578
58.74759292602539
24.784503936767578
68.59504699707031
53.70644760131836
42.46961212158203
43.49574279785156
53.90428924560547
58.355369567871094
48.168697357177734
45.12248611450195
64.13060760498047
37.701576232910156
53.75669479370117
51.23834228515625
31.52553939819336
48.818626403808594
42.27877426147461
50.06654357910156
34.28947448730469
46.9546012878418
60.518638610839844
36.7610969543457
37.2923698425293
48.29500961303711
50.25582504272461
35.45866775512695
50.0307502746582
42.058738708496094
48.67665481567383
49.33522033691406
26.628772735595703
40.13565444946289
47.401817321777344
45.26226806640625
38.76728439331055
41.181739807128906
44.90492248535156
45.772010803222656
33.98306655883789
35.92995834350586
59.575069427490234
44.60576248168945
38.737396240234375
39.29141616821289
43.651729583740234
39.86223602294922
50.88644027709961
53.77204132080078
46.40403747558594
68.84915161132812
57.89826202392578
46.6971435546875
52.81197738647461
59.31586456298828
32.14363098144531
56.41094207763672
73.97698974609375
52.04259490966797
55.02273941040039
35.43657684326172
46.10343933105469
40.514625549316406
56.87439727783203
31.822790145874023
163.16693115234375
64.4992446899414
59.58466339111328
43.080623626708984
54.32387161254883
52.39402389526367
44.86831283569336
69.24529266357422
48.91035079956055
37.41481399536133
41.37476348876953
60.09364700317383
53.99025344848633
31.726396560668945
45.422088623046875
41.609004974365234
43.970924377441406
40.75071334838867
63.30990219116211
46.021297454833984
32.33262252807617
48.959659576416016
39.209110260009766
24.414335250854492
66.88815307617188
44.39032745361328
55.95148849487305
40.197505950927734
45.35935592651367
40.002742767333984
33.45124053955078
37.89887237548828
62.38646697998047
54.059818267822266
41.75934982299805
42.02641296386719
29.611255645751953
22.51782989501953
39.3998908996582
41.53485107421875
43.58237075805664
50.8032341003418
45.4599723815918
58.59942626953125
31.50808334350586
45.72151184082031
43.070552825927734
43.54632568359375
67.35794830322266
52.262420654296875
48.13867950439453
25.84172821044922
33.814212799072266
71.03787994384766
50.284244537353516
48.886775970458984
50.815208435058594
46.619659423828125
71.04802703857422
46.64723205566406
38.404117584228516
52.470115661621094
49.05617141723633
47.006038665771484
44.39102554321289
58.66481399536133
44.15727996826172
56.81979751586914
47.485382080078125
57.425254821777344
34.61769104003906
42.71619415283203
50.420345306396484
39.073509216308594
52.081642150878906
41.706905364990234
28.88215446472168
77.89093780517578
24.163606643676758
41.237667083740234
42.6993408203125
25.729406356811523
32.144927978515625
45.86751937866211
45.09309005737305
45.53863525390625
53.536258697509766
45.441837310791016
52.84882736206055
60.520572662353516
44.252098083496094
48.0069465637207
39.10169982910156
51.270240783691406
42.553646087646484
45.4703369140625
45.09601974487305
24.905406951904297
45.65389633178711
60.29378890991211
63.43233871459961
44.87297058105469
31.49212646484375
29.56765365600586
47.28168869018555
65.22856140136719
59.89811706542969
