-1.2851829528808594
-1.6613707542419434
-1.171625018119812
-3.6653664112091064
-1.7891530990600586
-2.008014440536499
-2.8736414909362793
-2.358090877532959
-1.928205132484436
-2.1925549507141113
-1.0452778339385986
0.5608468055725098
-2.0764877796173096
-1.9804819822311401
-2.0454530715942383
0.5048426389694214
-2.1571295261383057
-1.3617829084396362
-2.8565971851348877
0.2994106709957123
-2.031188726425171
-1.3343390226364136
-0.10322696715593338
-2.589921712875366
0.09533984959125519
-1.0690512657165527
-1.908913016319275
-1.0354443788528442
-2.4795351028442383
-0.6506468653678894
-1.750989556312561
-2.850703239440918
-1.606096625328064
-2.7707176208496094
-1.7330693006515503
-1.4589645862579346
-1.0028622150421143
-1.58469557762146
-1.3243112564086914
0.19682128727436066
-0.489881306886673
-2.892263650894165
-0.7110254764556885
-2.786201000213623
-1.0613133907318115
-1.157989263534546
-1.6161648035049438
-1.7279950380325317
-2.5705604553222656
-1.9007127285003662
-1.7877141237258911
-1.8076456785202026
-1.5433378219604492
-2.227803945541382
0.2141665369272232
-2.138143539428711
-0.5620057582855225
-3.0591509342193604
-2.326624631881714
-1.3999788761138916
-2.2172234058380127
-2.5934977531433105
-2.958423137664795
-1.5779647827148438
-0.45287472009658813
-1.2822368144989014
-1.085092544555664
-0.46084627509117126
-1.7141128778457642
-2.323465585708618
-2.9556186199188232
-1.5640126466751099
-0.3451274335384369
-1.8853892087936401
-1.2098442316055298
-2.0908141136169434
-1.32908296585083
-1.0233972072601318
-1.9819488525390625
-1.1288602352142334
-0.6062479615211487
-2.270951271057129
-0.0056419987231493
-1.4494129419326782
-1.9318335056304932
-0.6901451945304871
-0.8389841318130493
-1.1622637510299683
-2.1584770679473877
-1.1559258699417114
0.10946697741746902
-1.9083560705184937
-0.4869772791862488
-1.9808529615402222
-2.2767467498779297
-2.3879103660583496
-2.3725361824035645
-0.9247103333473206
-1.1599050760269165
-1.3946764469146729
0.849297821521759
-0.22864992916584015
-0.7972476482391357
-1.7103979587554932
0.48216041922569275
0.06208105385303497
-2.515519142150879
-2.425185203552246
-0.09167616069316864
-1.295444130897522
-1.392419457435608
-1.0226004123687744
0.17907629907131195
-1.8257111310958862
-1.455251932144165
-0.6400282979011536
-2.7522172927856445
-2.414562940597534
-2.878864288330078
-1.5860495567321777
-0.49941614270210266
-0.40052658319473267
-1.1258924007415771
-2.2644641399383545
-0.11454059183597565
-1.9275349378585815
-2.8535826206207275
-0.5462860465049744
0.3799441456794739
-1.8022797107696533
-1.1578352451324463
-1.2874928712844849
-1.8825353384017944
-1.9347560405731201
-1.423972487449646
-1.408262014389038
-2.231072425842285
-1.8323150873184204
-1.0344302654266357
0.14808228611946106
-0.8324691653251648
-2.584800958633423
0.21478356420993805
-2.596431016921997
-1.3203777074813843
-2.4668617248535156
-3.0751259326934814
-1.346977710723877
0.7411789894104004
-1.4235645532608032
-1.614590048789978
-2.364431381225586
-1.8990123271942139
0.4424647092819214
-0.23166169226169586
-1.683346152305603
-2.2246105670928955
-1.9227616786956787
-1.6661299467086792
-1.736951231956482
-1.5129790306091309
1.4250046014785767
-2.0730762481689453
-2.1780054569244385
0.8709823489189148
-2.065983295440674
-2.1474459171295166
-1.4811140298843384
-1.6113851070404053
-1.0870373249053955
-0.8888172507286072
-1.914479374885559
-2.2696187496185303
-1.775152325630188
-1.9239686727523804
-0.7684917449951172
-1.561460256576538
-2.2508411407470703
-1.1207101345062256
-2.0033156871795654
-0.45612436532974243
-0.383821576833725
-2.803879499435425
-0.670759379863739
-1.0352294445037842
-0.630698561668396
-1.5959826707839966
-1.0278764963150024
-1.3670698404312134
-0.18829551339149475
-1.7858667373657227
-1.5568593740463257
-0.23590709269046783
-1.3263980150222778
-2.0915849208831787
-1.8285964727401733
0.2744702994823456
-1.9972763061523438
0.1549731194972992
-2.01063871383667
-0.9376038312911987
-1.9784396886825562
-0.7483800053596497
0.15878234803676605
-1.4989789724349976
-0.27629929780960083
-2.19162917137146
-1.9716967344284058
-1.5543113946914673
-2.2427031993865967
0.7462271451950073
-1.539135217666626
-1.1878219842910767
-1.537089467048645
-2.3788132667541504
-2.6127545833587646
-1.7527751922607422
1.0378953218460083
-0.026083987206220627
-2.4772794246673584
-0.9533081650733948
-1.654170274734497
-2.5372753143310547
-2.6554203033447266
-2.0145583152770996
-0.2785640060901642
-2.1735775470733643
-1.5979939699172974
-1.8393678665161133
-1.0154752731323242
0.07771099358797073
-1.5533196926116943
-0.12755580246448517
-1.572373867034912
-1.4929262399673462
-1.4790942668914795
-2.6788270473480225
-0.7288612127304077
-1.1955281496047974
-0.8882817625999451
0.3071408271789551
-1.7231782674789429
-0.37524089217185974
0.22348172962665558
-1.212989091873169
-3.3670778274536133
-1.0621806383132935
-0.8004661798477173
-2.5386102199554443
-1.9980762004852295
-1.9698783159255981
-0.02935202792286873
-2.597007989883423
-2.0546345710754395
-2.5796706676483154
-1.1765464544296265
-1.0227513313293457
-2.6245062351226807
-0.950330913066864
-2.609269142150879
-2.4545397758483887
-1.1421685218811035
-0.03524678945541382
-1.7757503986358643
-1.4229415655136108
-1.3796285390853882
-0.5996350646018982
-1.6670341491699219
-2.3333587646484375
-1.0057919025421143
-0.5998672246932983
-1.2596625089645386
-1.1801561117172241
-2.8874709606170654
-1.9585459232330322
0.1856825053691864
-0.7132386565208435
-2.054220199584961
-1.3266509771347046
-2.35052227973938
-0.9709974527359009
-2.4687702655792236
-0.41933393478393555
-1.8177540302276611
-1.2394644021987915
-2.3269596099853516
-2.8024778366088867
0.40319666266441345
-1.021543025970459
-0.07103323191404343
-1.5308492183685303
-1.099111557006836
-1.1723607778549194
0.014991831965744495
0.6907058954238892
-1.8257777690887451
-0.7446026802062988
-1.7231749296188354
-3.288726568222046
-1.7323065996170044
-0.5998454093933105
-2.5061841011047363
-2.1557202339172363
-1.8006362915039062
-2.0392842292785645
-0.736049473285675
-2.177553176879883
-2.3807084560394287
-1.2390848398208618
-0.3661952018737793
-1.916696310043335
-2.0378928184509277
-2.020487070083618
-1.9945892095565796
-1.3685890436172485
-2.2201550006866455
-1.4789321422576904
-2.783967971801758
-1.3109809160232544
-1.9297538995742798
-2.3473546504974365
-1.2324036359786987
-0.9173594117164612
-1.2457762956619263
-0.4750521779060364
-1.6975088119506836
-1.62472665309906
-2.3377346992492676
-2.170900583267212
-1.3574515581130981
-1.3212087154388428
-2.0201821327209473
-2.106766700744629
-2.096611738204956
-1.051533579826355
-1.7907572984695435
-2.2179312705993652
-0.8227949142456055
-1.366071343421936
-0.9483511447906494
-2.2608449459075928
-2.3021585941314697
-0.4517436921596527
-0.2830597162246704
-0.6191220283508301
-1.6175535917282104
-1.8659615516662598
-3.3037002086639404
-2.5315937995910645
-1.1846590042114258
-2.3947060108184814
-0.25127649307250977
-1.91679847240448
-1.1295067071914673
-1.7339318990707397
-1.5971521139144897
-1.8225319385528564
-1.3166624307632446
-0.596214234828949
-1.7148109674453735
-1.0908488035202026
0.34097662568092346
-2.6550779342651367
-1.7685030698776245
-0.7633347511291504
-2.751037359237671
-1.831649899482727
-1.902187466621399
-2.831899404525757
-1.453054666519165
-2.301368236541748
-0.251203715801239
-2.9261555671691895
-1.0292110443115234
-2.1032536029815674
-0.5962511301040649
-0.757200300693512
-0.48042070865631104
-1.8001978397369385
-1.7605787515640259
-1.5260746479034424
-2.031285047531128
-0.21176309883594513
-1.381749153137207
-0.22119712829589844
-1.7468070983886719
-1.881670355796814
-2.090153455734253
-1.5170650482177734
-0.16978979110717773
0.1556880623102188
-0.9771207571029663
-0.6814456582069397
-0.11754391342401505
-0.32599860429763794
-1.831697702407837
-2.458423137664795
-1.7066915035247803
-0.910686194896698
-0.779933750629425
-1.4476392269134521
-1.817086935043335
-1.276857852935791
-1.666062355041504
-1.5335662364959717
-0.737106204032898
-1.351579189300537
-2.3542978763580322
-1.2987825870513916
-0.5719454288482666
-2.6333794593811035
-1.4004091024398804
-1.9709956645965576
-1.624218225479126
-2.101712703704834
-0.1653766930103302
-2.254363775253296
-2.741814613342285
-2.2987403869628906
-0.5573882460594177
-0.006176588125526905
-2.900588274002075
-1.3300120830535889
-1.8332202434539795
-2.1154754161834717
-1.3840305805206299
-1.926491141319275
-1.1894357204437256
-2.2554831504821777
-1.2252275943756104
-2.095677614212036
-2.653735876083374
-0.9436635971069336
0.30332088470458984
-2.3584108352661133
-2.4249484539031982
-1.26258385181427
-1.4309022426605225
-2.3541343212127686
-1.9825385808944702
0.4002992808818817
-1.3357194662094116
-1.0510334968566895
-1.5056673288345337
0.573075532913208
-2.4567575454711914
1.0610857009887695
-2.6826119422912598
-1.8018362522125244
-0.9804812669754028
-1.9056633710861206
-1.7462263107299805
-1.1362757682800293
-2.5116660594940186
0.5383975505828857
-2.110600709915161
-0.3127809464931488
-1.228427529335022
-1.5017646551132202
-0.9763032793998718
-2.135453224182129
-0.726135790348053
-0.25940003991127014
-1.8247690200805664
-2.252927780151367
-0.49540960788726807
-1.1538218259811401
-0.6204431653022766
-2.6054887771606445
-1.5314713716506958
-1.1199519634246826
-0.6583041548728943
-2.4234938621520996
-1.5206674337387085
-1.9911774396896362
-1.8800487518310547
-1.6171680688858032
-2.626322031021118
-2.4669148921966553
-1.2278634309768677
-1.0455951690673828
-1.350770354270935
-1.3749645948410034
-1.933127522468567
-0.9424116015434265
-0.3134310245513916
-2.0819809436798096
-2.3286824226379395
-0.8203853964805603
-2.8303134441375732
-1.8388328552246094
-1.8335179090499878
-1.4285858869552612
-2.935421943664551
-1.699133038520813
-1.0397218465805054
-0.8798105716705322
-2.075833559036255
-0.624239981174469
-0.1884828805923462
-1.6450457572937012
-1.856467366218567
-2.537348985671997
-2.4930126667022705
-1.4528828859329224
-0.7965831756591797
-2.0743508338928223
-0.8113794922828674
-1.8811564445495605
-1.784219741821289
-1.1374226808547974
-1.9828087091445923
-0.48169684410095215
-1.6417587995529175
-2.255904197692871
-1.3658524751663208
-1.475906491279602
-0.9840429425239563
-1.6342074871063232
-0.21930864453315735
-1.7040839195251465
-1.8037675619125366
-1.9947410821914673
-1.155508041381836
-2.444518804550171
-1.6842079162597656
-3.095386505126953
-2.0969128608703613
-2.9839141368865967
-2.419874668121338
-0.42992037534713745
-2.020759105682373
-1.2410544157028198
-1.5113438367843628
0.3276810348033905
-1.6759037971496582
-2.1409823894500732
0.4780772626399994
-1.8811520338058472
-1.9048190116882324
0.37862440943717957
-1.2819406986236572
-1.4408949613571167
-0.4092080295085907
-0.7733232975006104
-2.179344415664673
-1.226009488105774
0.6599180698394775
-0.7235804200172424
-1.7466919422149658
-0.6599255204200745
-1.6659804582595825
-1.5195717811584473
-2.0163486003875732
-2.9433112144470215
-0.9320277571678162
-1.7458609342575073
-1.7901641130447388
-1.586197018623352
0.1402355283498764
0.1049155592918396
-2.2798397541046143
-1.328403353691101
-1.7857314348220825
-1.9824018478393555
0.8219989538192749
-2.202284097671509
-1.2039456367492676
-1.442621111869812
-1.3575923442840576
-2.4095234870910645
-1.9290260076522827
-1.897480845451355
-2.3575799465179443
-1.9172145128250122
-0.9627577066421509
-1.7476037740707397
-1.9390411376953125
-0.4307258129119873
-2.479217529296875
-1.8176045417785645
-2.78812575340271
-1.8889927864074707
-2.525850296020508
-0.8865848183631897
-0.6050201654434204
0.20873203873634338
-1.3259897232055664
-2.7602379322052
-0.95970219373703
-0.7006379961967468
-0.9395323395729065
-1.6058602333068848
-1.729480266571045
0.36218586564064026
-1.5163006782531738
-2.1987602710723877
-1.1393588781356812
0.6167263984680176
-1.0395402908325195
-0.6357797384262085
-1.3320283889770508
-2.7886734008789062
0.603390634059906
-2.384692430496216
-1.0282574892044067
-1.2973716259002686
-0.0691797137260437
-2.113377809524536
-1.3265479803085327
-1.1498078107833862
-1.4034911394119263
-2.1632916927337646
0.09138024598360062
-1.6550967693328857
-2.149738311767578
-0.9496891498565674
-0.326366662979126
-2.895911931991577
-1.2746870517730713
-0.07581128925085068
-2.3390254974365234
-0.7410091757774353
-0.5731974840164185
-0.7544488310813904
-1.2308950424194336
-0.535023033618927
-1.1766632795333862
-1.1813726425170898
0.3090974688529968
-1.186324954032898
-1.6055244207382202
0.3436395227909088
-1.6555019617080688
-2.5322113037109375
-0.9721139073371887
-2.087117910385132
-1.1525397300720215
0.4138571321964264
-1.2856470346450806
-1.0447131395339966
-3.008500576019287
-0.8065493106842041
0.00960133969783783
-1.373050570487976
-2.6697757244110107
-1.6295257806777954
-1.5212911367416382
0.48207002878189087
-1.1705018281936646
0.09544230997562408
-0.4237240254878998
-1.090468168258667
-0.06072293594479561
-1.0691356658935547
0.1232539489865303
-1.9812259674072266
-1.6450304985046387
1.2801140546798706
-0.9105451107025146
-1.9041728973388672
-1.141139030456543
-0.5460557341575623
-1.5614736080169678
-1.2519220113754272
-2.089468240737915
-0.9386076927185059
-1.633603572845459
-0.65494704246521
0.43759608268737793
-0.18858356773853302
-2.5072507858276367
-0.4703882932662964
0.5281463265419006
-0.9404723644256592
-1.2838596105575562
-1.4405344724655151
-1.7207647562026978
-1.8805149793624878
-1.0884054899215698
-1.326072335243225
-1.783808946609497
0.19817237555980682
-2.503304958343506
-0.38388240337371826
-1.3790091276168823
-1.1391041278839111
-0.5003270506858826
-1.2552053928375244
-2.630803346633911
-0.8115381002426147
-1.3295869827270508
-2.4846394062042236
0.2883285582065582
-0.7282143831253052
-1.970095157623291
-1.792055368423462
-1.2774872779846191
0.5827130079269409
-1.7853271961212158
-2.1862969398498535
-2.826298713684082
-0.3465169072151184
-1.930917739868164
-1.201694130897522
-1.7934786081314087
-1.8237942457199097
-0.3148975372314453
-0.4991941750049591
-1.7948722839355469
-0.45953652262687683
-1.832899808883667
-2.55336594581604
-1.9451404809951782
-0.10357735306024551
-1.5779515504837036
-0.9074054956436157
-2.105092763900757
-2.038395881652832
-1.6559590101242065
-1.5013351440429688
-2.5270297527313232
-2.5781376361846924
0.18152138590812683
-1.7383854389190674
-2.1296565532684326
-2.2525453567504883
-1.9677523374557495
-1.8835088014602661
-2.6727488040924072
-0.6847890615463257
-0.8250107169151306
-3.213871955871582
-0.7856001257896423
-1.8449780941009521
-1.3106333017349243
-2.238248109817505
-2.342571496963501
0.22473274171352386
-1.3107949495315552
0.7258493900299072
0.057820066809654236
-1.978935956954956
-1.6797579526901245
-2.3523056507110596
-1.9710427522659302
-1.4528701305389404
-1.7102094888687134
-2.221893310546875
-0.12105575948953629
-0.49207863211631775
-2.017813205718994
-1.792550802230835
-1.884765625
-1.4755055904388428
-2.055037498474121
-1.376094102859497
-1.846408724784851
-0.7422814965248108
-0.6611522436141968
0.11238955706357956
0.005888576619327068
-1.981248140335083
0.10080599784851074
-1.5836150646209717
-2.586102247238159
-0.9034584760665894
-1.9443787336349487
-1.7670553922653198
-0.6858591437339783
-1.1389378309249878
-1.7584272623062134
-2.6252846717834473
-0.17514681816101074
-1.4762787818908691
-2.09375262260437
0.6728727221488953
-1.1497207880020142
-2.1268889904022217
-1.451248288154602
-0.3704913854598999
-1.6963703632354736
-1.0342062711715698
-2.1874454021453857
-1.7380318641662598
-2.16694712638855
-1.0738362073898315
-2.9733493328094482
-1.3194814920425415
-0.8781891465187073
-1.9529544115066528
-0.33805325627326965
-0.8987731337547302
-1.1709684133529663
-1.9484373331069946
-1.6357464790344238
-0.15721622109413147
-0.0943637266755104
-1.2237069606781006
-1.764549732208252
-1.4079837799072266
-0.8693147897720337
-1.748547077178955
-2.984840154647827
0.26862096786499023
-0.9935321807861328
-1.6935073137283325
-1.5708686113357544
-1.934772253036499
-2.5372207164764404
-0.6518487334251404
-2.5549588203430176
-1.7293496131896973
-0.4888392984867096
-0.8592976331710815
0.1662651002407074
-2.3937230110168457
-1.2494481801986694
-2.3684587478637695
-0.8808261156082153
-2.4902596473693848
-2.0310781002044678
-1.9013094902038574
-1.6137721538543701
-2.0079383850097656
0.05113976076245308
1.3126482963562012
-0.5133334398269653
-1.1620475053787231
-0.9128395915031433
-0.8124759793281555
-3.066411256790161
-0.47641265392303467
-1.1686558723449707
-1.7169486284255981
-1.3584927320480347
-1.9511523246765137
0.29984474182128906
-1.9170589447021484
-2.4160642623901367
-0.9134411215782166
-2.078645944595337
-0.019640006124973297
0.1512136608362198
-1.9341152906417847
-1.507983922958374
-1.5239174365997314
-1.1832307577133179
-1.4503753185272217
-1.119504451751709
0.8239852786064148
-2.2412097454071045
-2.6709299087524414
-1.7284150123596191
-0.5699369311332703
-1.3978407382965088
-1.5514285564422607
-1.066998839378357
-1.3785027265548706
-1.3875081539154053
-2.0143299102783203
-1.5031474828720093
-1.8694651126861572
-1.763302206993103
-1.0520014762878418
-2.7571280002593994
-1.8048774003982544
-1.7695709466934204
-1.2104310989379883
-1.704574465751648
-1.479708194732666
-1.979655146598816
-1.603212594985962
-0.5301581025123596
-1.28000807762146
-2.623075485229492
-2.2578463554382324
-2.1609232425689697
-1.0170495510101318
-2.3446457386016846
-1.5715073347091675
-1.6103097200393677
-1.9283921718597412
-1.1302392482757568
-0.7409050464630127
-0.9965357184410095
-2.9684178829193115
-1.432560920715332
0.4553857743740082
-2.0955140590667725
-1.225958228111267
-1.7047849893569946
-2.3496668338775635
-1.628422498703003
0.18141072988510132
-1.828420877456665
-2.169992446899414
-2.0489611625671387
-0.5698804259300232
-1.6602897644042969
-2.224271774291992
-0.612250030040741
-1.1095622777938843
-1.7284990549087524
-1.5744705200195312
-0.16151951253414154
-0.849073588848114
-1.202585220336914
-1.4610991477966309
-2.267728567123413
-1.6482025384902954
0.2858080565929413
-0.63912433385849
-3.027656316757202
-1.853734016418457
-1.5636037588119507
-1.5634846687316895
-1.479285478591919
-2.8344695568084717
-1.6518526077270508
-2.508594036102295
-1.0971513986587524
-1.230575680732727
-2.5585978031158447
-2.2503561973571777
-2.0417237281799316
-1.5431127548217773
-1.3669601678848267
-1.3767203092575073
-2.275825262069702
-1.711921215057373
-2.9515414237976074
-1.1668692827224731
-0.7598216533660889
-1.5595862865447998
-0.4940648376941681
-0.25368475914001465
-1.8272840976715088
-0.7676481008529663
-1.5622648000717163
-1.7599217891693115
-1.3257842063903809
1.2907345294952393
1.2203923463821411
-2.099703073501587
-0.6771420836448669
-2.1688859462738037
-1.6927841901779175
-0.3854448199272156
-2.1123039722442627
-0.22016307711601257
-2.2591116428375244
-1.1201250553131104
-1.344666838645935
-0.24141763150691986
-1.1455875635147095
-1.3980809450149536
1.1763217449188232
-2.469890832901001
-0.843121349811554
-2.0904335975646973
-1.2803525924682617
-1.2230406999588013
-2.2897837162017822
0.320670485496521
-0.774395227432251
-2.3199985027313232
-0.9682876467704773
-1.6033204793930054
-1.579427719116211
-1.4849475622177124
-1.363202691078186
-2.2580389976501465
0.2859724462032318
-1.3787416219711304
-0.5437660217285156
0.22528664767742157
-1.7910207509994507
-1.5885790586471558
0.21413570642471313
-2.1729345321655273
-1.1965774297714233
-0.30252954363822937
-2.7028534412384033
-1.0769224166870117
-1.57728910446167
0.41835761070251465
-1.8168545961380005
-1.7876805067062378
-0.8184182047843933
0.20390553772449493
-2.0264060497283936
-0.9648413062095642
-0.7094147205352783
-1.7412105798721313
-1.1569145917892456
-1.2158607244491577
-0.5955238938331604
-2.151643991470337
-1.055652141571045
-0.6247310042381287
-2.058150053024292
-0.24280303716659546
-0.7990085482597351
-1.2556407451629639
-1.1405603885650635
-0.6024395227432251
-2.8168935775756836
-1.9464293718338013
-2.3541698455810547
-2.086359977722168
-0.5160048007965088
-1.9671374559402466
-2.349025249481201
-1.7097886800765991
0.3216305673122406
-2.8748838901519775
-2.041266918182373
-0.768546462059021
-0.6365206241607666
-0.2968367338180542
-1.1786937713623047
-1.3756755590438843
-1.3467977046966553
0.48310211300849915
-2.89876389503479
-1.9618809223175049
-0.7119720578193665
-1.1288825273513794
-0.7902949452400208
-2.8796706199645996
-2.5385286808013916
-0.640381932258606
-2.464243173599243
-2.316859722137451
-0.9674999117851257
-0.8639088869094849
-1.7010328769683838
-2.2866859436035156
-1.8283723592758179
-1.6951303482055664
-2.350274085998535
-1.239027500152588
-2.9415154457092285
-0.8554698824882507
0.424157977104187
-2.139073610305786
-0.9369896054267883
-1.2852628231048584
-1.667421579360962
-1.997934103012085
-1.402870535850525
-1.264556884765625
-1.6537728309631348
-0.8393349647521973
-0.8926146626472473
0.21139787137508392
-1.9666224718093872
0.03454522043466568
-1.6000800132751465
-0.6326683759689331
-1.8360515832901
0.12102081626653671
-3.17520809173584
-0.6919927000999451
-0.06730043888092041
-1.6394340991973877
-1.0248905420303345
-0.872066855430603
-1.660781741142273
-1.3593826293945312
0.008035671897232533
-1.210343599319458
-2.44938325881958
-0.8441125154495239
0.791812539100647
-0.24098150432109833
-2.622257709503174
-1.4938969612121582
-1.984357476234436
-0.5890359878540039
0.6249020099639893
0.1581352949142456
-1.9401053190231323
0.13432766497135162
-3.364748239517212
-1.2647490501403809
-1.670695424079895
-2.4829142093658447
-0.9217778444290161
-1.4876055717468262
-1.5269168615341187
-0.7918596267700195
0.23782461881637573
-1.331154465675354
-1.7543351650238037
-0.5442163348197937
-0.7954999804496765
-2.394063711166382
-2.3316903114318848
-3.0100135803222656
-2.2376110553741455
0.4710220992565155
0.7377238869667053
-2.429267168045044
-1.1954305171966553
-2.7686729431152344
-1.828821063041687
-2.2354800701141357
-1.856683611869812
-2.202166795730591
-0.5952737927436829
0.12656818330287933
-1.3031306266784668
-0.4107820987701416
-0.7436226010322571
-1.0938700437545776
-1.49736750125885
-1.004564881324768
-1.9921718835830688
-1.7450557947158813
-0.65084308385849
-0.6513328552246094
-0.27953875064849854
-1.2434966564178467
-1.816523551940918
-0.11364052444696426
-0.4829701781272888
-1.550755262374878
-1.1323188543319702
-0.04663659632205963
-2.62777042388916
-1.9097646474838257
-2.8828229904174805
-1.2065067291259766
-2.1497859954833984
-2.2149734497070312
-2.5145263671875
-1.1447367668151855
-0.9028674960136414
-2.711000680923462
-1.1299431324005127
-0.30589768290519714
-1.6849358081817627
-1.2805906534194946
-1.5642399787902832
-1.1017234325408936
-0.8668529391288757
-0.28754714131355286
-0.6675214767456055
0.02808324247598648
-2.154668092727661
