0.005919456481933594
0.0025206804275512695
0.0061983466148376465
0.001550137996673584
0.0031206607818603516
0.0018709301948547363
0.001479029655456543
0.0023427605628967285
0.002284228801727295
0.001802980899810791
0.004733026027679443
0.010796427726745605
0.0027434825897216797
0.0037956833839416504
0.002768397331237793
0.03482764959335327
0.0025628209114074707
0.00631636381149292
0.0017853379249572754
0.011644899845123291
0.002607285976409912
0.002095043659210205
0.0013737082481384277
0.0032269954681396484
0.002997875213623047
0.00697171688079834
0.004136025905609131
0.00545656681060791
0.0017170906066894531
0.006009936332702637
0.0026583075523376465
0.0019487738609313965
0.0022668838500976562
0.0026973485946655273
0.0021758079528808594
0.003997206687927246
0.006052970886230469
0.002560436725616455
0.003635883331298828
0.059124648571014404
0.033019423484802246
0.0014440417289733887
0.002851724624633789
0.00177842378616333
0.0019218921661376953
0.004905104637145996
0.004181623458862305
0.00298464298248291
0.0017802119255065918
0.004191577434539795
0.004061460494995117
0.0015829801559448242
0.0023070573806762695
0.002307713031768799
0.003414928913116455
0.0026714205741882324
0.0068885087966918945
0.0013793110847473145
0.0020702481269836426
0.0023862123489379883
0.0015009641647338867
0.0018481016159057617
0.0014905333518981934
0.001925647258758545
0.007098257541656494
0.002061128616333008
0.00865483283996582
0.01578986644744873
0.003230869770050049
0.002009093761444092
0.002152383327484131
0.0028981566429138184
0.010496556758880615
0.0025056004524230957
0.0059133172035217285
0.002069413661956787
0.002431809902191162
0.0032733678817749023
0.0019384026527404785
0.006262302398681641
0.028886139392852783
0.0016379952430725098
0.011651575565338135
0.005429983139038086
0.002565145492553711
0.01301664113998413
0.0046027302742004395
0.003152191638946533
0.002527773380279541
0.006406962871551514
0.015140056610107422
0.002552807331085205
0.01894921064376831
0.002724945545196533
0.0016307234764099121
0.002313971519470215
0.0022369027137756348
0.005359053611755371
0.0035699009895324707
0.004882752895355225
0.013636231422424316
0.026900053024291992
0.00794994831085205
0.002712845802307129
0.029765725135803223
0.002526700496673584
0.002059757709503174
0.002544224262237549
0.004249393939971924
0.002450883388519287
0.0016360282897949219
0.005117177963256836
0.0035704374313354492
0.003239452838897705
0.0026397705078125
0.010830283164978027
0.001957416534423828
0.001965641975402832
0.0021293163299560547
0.002269268035888672
0.0058103203773498535
0.008521020412445068
0.005377650260925293
0.0029143095016479492
0.005919396877288818
0.0037398338317871094
0.0015339851379394531
0.024512290954589844
0.009928464889526367
0.002173304557800293
0.005225777626037598
0.004920899868011475
0.0036668777465820312
0.002721428871154785
0.0023020505905151367
0.004314005374908447
0.00332719087600708
0.0023828744888305664
0.0018762946128845215
0.004043281078338623
0.027223169803619385
0.0019690394401550293
0.017648160457611084
0.0014680027961730957
0.0046852827072143555
0.0017421245574951172
0.0015631914138793945
0.004339993000030518
0.01317507028579712
0.004670679569244385
0.0022050142288208008
0.0013861656188964844
0.0027902722358703613
0.0034170150756835938
0.023518025875091553
0.0026671886444091797
0.002242743968963623
0.0021032094955444336
0.004299342632293701
0.0027205348014831543
0.0030854344367980957
0.09164929389953613
0.0030718445777893066
0.002899646759033203
0.03206533193588257
0.0023096799850463867
0.0023818612098693848
0.009877204895019531
0.0032306909561157227
0.0032989978790283203
0.003927946090698242
0.002825796604156494
0.0033077001571655273
0.003518819808959961
0.003580331802368164
0.006692290306091309
0.0019147396087646484
0.0028769969940185547
0.0039084553718566895
0.0022214651107788086
0.007928967475891113
0.015098214149475098
0.0018055438995361328
0.002577483654022217
0.004964947700500488
0.010292470455169678
0.002960205078125
0.0027651190757751465
0.004070699214935303
0.005117833614349365
0.0026617050170898438
0.0026497244834899902
0.0019587278366088867
0.0021480321884155273
0.002103745937347412
0.002499520778656006
0.0053272247314453125
0.0030939579010009766
0.0022749900817871094
0.0024129152297973633
0.008544445037841797
0.0034514665603637695
0.0061989426612854
0.0011664032936096191
0.0036246180534362793
0.0033702850341796875
0.0015318989753723145
0.0019777417182922363
0.0030501484870910645
0.002181828022003174
0.08960980176925659
0.0017731785774230957
0.004019379615783691
0.004103899002075195
0.0020139217376708984
0.001317739486694336
0.0024707913398742676
0.021435976028442383
0.031717777252197266
0.002123117446899414
0.004886746406555176
0.0024135708808898926
0.0015063285827636719
0.0016418695449829102
0.0014744997024536133
0.008493483066558838
0.0020799636840820312
0.002139270305633545
0.0016539692878723145
0.002733170986175537
0.013750612735748291
0.003990054130554199
0.013416886329650879
0.0027799606323242188
0.003355562686920166
0.0039702653884887695
0.0021010637283325195
0.020299077033996582
0.00486379861831665
0.004408836364746094
0.02311629056930542
0.0035305023193359375
0.006260275840759277
0.007200300693511963
0.004570186138153076
0.001254737377166748
0.005371451377868652
0.004549145698547363
0.002864241600036621
0.002020895481109619
0.0023581385612487793
0.0012761354446411133
0.0013704299926757812
0.002116084098815918
0.0024321675300598145
0.0047986507415771484
0.004806339740753174
0.002529323101043701
0.0023936033248901367
0.002481400966644287
0.0027567148208618164
0.004740715026855469
0.05107313394546509
0.0033754706382751465
0.003500819206237793
0.0028378963470458984
0.005865633487701416
0.002224147319793701
0.0026430487632751465
0.0026943087577819824
0.009260177612304688
0.0024387240409851074
0.004334449768066406
0.002415776252746582
0.0034482479095458984
0.003232121467590332
0.0029411911964416504
0.0021592378616333008
0.0027037858963012695
0.002454996109008789
0.009362220764160156
0.0011837482452392578
0.004603862762451172
0.0017217397689819336
0.0027276277542114258
0.00195389986038208
0.0018174052238464355
0.11170274019241333
0.0041506290435791016
0.008889317512512207
0.004302382469177246
0.004240989685058594
0.0045623779296875
0.032110750675201416
0.021821022033691406
0.003070056438446045
0.009010910987854004
0.003760993480682373
0.0017324090003967285
0.002762317657470703
0.004737675189971924
0.0015158653259277344
0.0018309950828552246
0.0031919479370117188
0.001849532127380371
0.006156206130981445
0.0018197894096374512
0.0017824172973632812
0.004617869853973389
0.009897887706756592
0.0021632909774780273
0.001958191394805908
0.002995014190673828
0.0018852949142456055
0.0049172043800354
0.0030875205993652344
0.003267049789428711
0.0021723508834838867
0.004140615463256836
0.0026330947875976562
0.0026113390922546387
0.006083488464355469
0.007885575294494629
0.004878640174865723
0.014528095722198486
0.003179311752319336
0.003461003303527832
0.0020282864570617676
0.00240325927734375
0.006962597370147705
0.002341330051422119
0.0026245713233947754
0.001958310604095459
0.0026476383209228516
0.0017802119255065918
0.0027012228965759277
0.001975119113922119
0.004386305809020996
0.002867758274078369
0.012286245822906494
0.0020781755447387695
0.0026873350143432617
0.01412731409072876
0.0020175576210021973
0.004197239875793457
0.0022510290145874023
0.0021981000900268555
0.0018274188041687012
0.0021294355392456055
0.0028856992721557617
0.002447962760925293
0.018505394458770752
0.002134561538696289
0.00220644474029541
0.0022621750831604004
0.0032429099082946777
0.0024887919425964355
0.004535853862762451
0.004886806011199951
0.0036035776138305664
0.004138946533203125
0.005030989646911621
0.0020412802696228027
0.002718806266784668
0.011302530765533447
0.002167224884033203
0.001992166042327881
0.002209901809692383
0.002112150192260742
0.0036996006965637207
0.002726256847381592
0.0028377175331115723
0.0017483830451965332
0.006093919277191162
0.0021851062774658203
0.038158535957336426
0.01948380470275879
0.017552495002746582
0.0017743110656738281
0.0021483898162841797
0.003623366355895996
0.0028548240661621094
0.023015320301055908
0.005261421203613281
0.017589151859283447
0.003240048885345459
0.0030341744422912598
0.002356410026550293
0.006483495235443115
0.024695932865142822
0.002748847007751465
0.006792008876800537
0.004633426666259766
0.0021779537200927734
0.008347034454345703
0.0019183754920959473
0.0017389655113220215
0.001533806324005127
0.0068607330322265625
0.007069230079650879
0.0027855634689331055
0.0025579333305358887
0.0020130276679992676
0.004404187202453613
0.003078937530517578
0.005128324031829834
0.01338118314743042
0.003331124782562256
0.008037447929382324
0.004832029342651367
0.0017901062965393066
0.0034922361373901367
0.002601444721221924
0.003052055835723877
0.002608776092529297
0.013933420181274414
0.002382934093475342
0.001357436180114746
0.001959502696990967
0.010517418384552002
0.0411035418510437
0.0014442205429077148
0.002675950527191162
0.0031993985176086426
0.0021541714668273926
0.004815340042114258
0.002308785915374756
0.005648910999298096
0.0018701553344726562
0.0042212605476379395
0.0035430192947387695
0.0012705326080322266
0.002625107765197754
0.00945734977722168
0.0035514235496520996
0.0019360780715942383
0.0031616687774658203
0.004253804683685303
0.0018000006675720215
0.00162428617477417
0.06702500581741333
0.00162506103515625
0.003972649574279785
0.0024929046630859375
0.06496948003768921
0.0025168657302856445
0.0234108567237854
0.0018382668495178223
0.0031110644340515137
0.0034582018852233887
0.0026047825813293457
0.0022991299629211426
0.006180286407470703
0.0018619894981384277
0.012808740139007568
0.0014646053314208984
0.007754325866699219
0.004464864730834961
0.0026506781578063965
0.00439763069152832
0.0023342370986938477
0.01099163293838501
0.011839509010314941
0.0030788779258728027
0.0017775893211364746
0.03481936454772949
0.0027147531509399414
0.004045307636260986
0.002449214458465576
0.002199530601501465
0.004116356372833252
0.010496258735656738
0.002286195755004883
0.003697216510772705
0.0016960501670837402
0.0038474202156066895
0.0023244619369506836
0.0016055703163146973
0.002717316150665283
0.003776848316192627
0.010493278503417969
0.0020164847373962402
0.004072844982147217
0.0023543238639831543
0.005904495716094971
0.017430007457733154
0.001628577709197998
0.002238929271697998
0.002383887767791748
0.0020222067832946777
0.002976834774017334
0.0027090907096862793
0.0035536885261535645
0.0013814568519592285
0.0052106380462646484
0.006621897220611572
0.007498979568481445
0.0018615126609802246
0.004920661449432373
0.0268704891204834
0.0038219094276428223
0.0018656253814697266
0.0019837617874145508
0.0018061399459838867
0.0024320483207702637
0.0044403076171875
0.0019176006317138672
0.006060421466827393
0.0033541321754455566
0.0026302337646484375
0.003563404083251953
0.002446770668029785
0.006424903869628906
0.002412557601928711
0.0023618340492248535
0.004746973514556885
0.0023666024208068848
0.004993855953216553
0.003463566303253174
0.03316032886505127
0.0019578933715820312
0.002971649169921875
0.0026549100875854492
0.005160510540008545
0.0016803741455078125
0.002881765365600586
0.002197265625
0.0015206336975097656
0.0035496950149536133
0.0023050308227539062
0.00998830795288086
0.0023145675659179688
0.009397029876708984
0.004914760589599609
0.06256705522537231
0.004166603088378906
0.0021926164627075195
0.021094977855682373
0.0027157068252563477
0.002430856227874756
0.006594538688659668
0.0047585368156433105
0.0035091638565063477
0.02687937021255493
0.011125564575195312
0.0014066100120544434
0.004852771759033203
0.034566521644592285
0.004692435264587402
0.0028731226921081543
0.004225611686706543
0.003948330879211426
0.002638101577758789
0.002695918083190918
0.00202101469039917
0.008430838584899902
0.0016142725944519043
0.0025655031204223633
0.0018085241317749023
0.0028687119483947754
0.015001177787780762
0.004588961601257324
0.005108237266540527
0.002665281295776367
0.0030672550201416016
0.054197072982788086
0.002259671688079834
0.006916999816894531
0.0017757415771484375
0.003421008586883545
0.0015701055526733398
0.0020104646682739258
0.002407848834991455
0.0022052526473999023
0.0016821622848510742
0.004945516586303711
0.0033302903175354004
0.0024487972259521484
0.009849309921264648
0.0017616748809814453
0.0020479559898376465
0.0019101500511169434
0.0029508471488952637
0.0020353198051452637
0.005792677402496338
0.01878267526626587
0.0037996768951416016
0.006095588207244873
0.0020659565925598145
0.0018992424011230469
0.0025786161422729492
0.00590437650680542
0.0025006532669067383
0.0015552043914794922
0.010402381420135498
0.01024562120437622
0.0023221969604492188
0.006617307662963867
0.045846641063690186
0.004508674144744873
0.01049727201461792
0.0038657784461975098
0.0018003582954406738
0.019082963466644287
0.00267869234085083
0.00741499662399292
0.002239406108856201
0.001767277717590332
0.002080261707305908
0.002795875072479248
0.0035243630409240723
0.005057036876678467
0.0030881166458129883
0.002720773220062256
0.003962874412536621
0.0016434192657470703
0.00502389669418335
0.027927517890930176
0.0016332268714904785
0.0048220157623291016
0.03359633684158325
0.002542734146118164
0.0027452707290649414
0.008099913597106934
0.005447030067443848
0.005976080894470215
0.014071285724639893
0.0030897855758666992
0.004095137119293213
0.005041956901550293
0.0032200217247009277
0.0020513534545898438
0.0032688379287719727
0.0035039782524108887
0.0014971494674682617
0.006405949592590332
0.0017417669296264648
0.0034260153770446777
0.03887420892715454
0.004050731658935547
0.004617869853973389
0.002350926399230957
0.005286574363708496
0.005924105644226074
0.005538880825042725
0.0018173456192016602
0.00215071439743042
0.0021700263023376465
0.012637972831726074
0.0022256970405578613
0.059207260608673096
0.0075566768646240234
0.0034232139587402344
0.0013167262077331543
0.007556796073913574
0.05400574207305908
0.0026609301567077637
0.004365444183349609
0.046379923820495605
0.003178119659423828
0.0035772323608398438
0.0036959052085876465
0.008447647094726562
0.002159714698791504
0.004125654697418213
0.0021337270736694336
0.011433780193328857
0.003057122230529785
0.012890040874481201
0.006563842296600342
0.002712428569793701
0.002065598964691162
0.015079259872436523
0.017927706241607666
0.0046122074127197266
0.003766655921936035
0.0037512779235839844
0.00304490327835083
0.0017716288566589355
0.0022995471954345703
0.0030266642570495605
0.002043783664703369
0.05081629753112793
0.0014668703079223633
0.021503031253814697
0.0034711360931396484
0.008815884590148926
0.006185173988342285
0.004019379615783691
0.0019495487213134766
0.014009952545166016
0.0023819804191589355
0.0027722716331481934
0.002978980541229248
0.005015373229980469
0.002016127109527588
0.004162430763244629
0.008950471878051758
0.007795572280883789
0.0017542839050292969
0.002153456211090088
0.0020781755447387695
0.003276526927947998
0.001445770263671875
0.003262460231781006
0.0018784403800964355
0.0021201372146606445
0.0021829605102539062
0.018225908279418945
0.002376079559326172
0.0025762319564819336
0.0035208463668823242
0.0011303424835205078
0.0023972392082214355
0.0010911226272583008
0.0030906200408935547
0.0039386749267578125
0.0021417737007141113
0.0015543103218078613
0.0025293827056884766
0.004680514335632324
0.0017247200012207031
0.002191901206970215
0.0029343366622924805
0.0027375221252441406
0.0028139352798461914
0.002187490463256836
0.0043572187423706055
0.0018684864044189453
0.0015265941619873047
0.011693358421325684
0.015301525592803955
0.0017657279968261719
0.006650984287261963
0.0023137331008911133
0.0028969645500183105
0.0032622814178466797
0.002462148666381836
0.004324376583099365
0.0036479830741882324
0.4276583194732666
0.0025922060012817383
0.002627253532409668
0.0030981898307800293
0.00144881010055542
0.0019506216049194336
0.0024545788764953613
0.002998828887939453
0.0024026036262512207
0.00665658712387085
0.005365490913391113
0.002653658390045166
0.003215610980987549
0.004452764987945557
0.0030555129051208496
0.0032110214233398438
0.003048241138458252
0.0030435919761657715
0.002707064151763916
0.0049779415130615234
0.003561735153198242
0.01992321014404297
0.0036556124687194824
0.05217468738555908
0.0030130743980407715
0.0011097192764282227
0.005518019199371338
0.003325045108795166
0.0025339722633361816
0.0053446292877197266
0.003917336463928223
0.003210723400115967
0.0017975568771362305
0.0574955940246582
0.005915403366088867
0.0013005733489990234
0.016499638557434082
0.009377717971801758
0.0024500489234924316
0.0033267736434936523
0.0065500736236572266
0.0022379159927368164
0.007496893405914307
0.002278566360473633
0.002355635166168213
0.0019829273223876953
0.006792545318603516
0.001617729663848877
0.003973901271820068
0.003889143466949463
0.0035715103149414062
0.05705118179321289
0.007300376892089844
0.005063652992248535
0.0019171833992004395
0.0035188794136047363
0.0021753907203674316
0.0398561954498291
0.0037819743156433105
0.00263291597366333
0.0033504366874694824
0.007589399814605713
0.0022184252738952637
0.002251744270324707
0.004231572151184082
0.009711503982543945
0.0013976097106933594
0.0032952427864074707
0.0029442906379699707
0.0017122626304626465
0.004864811897277832
0.0014207959175109863
0.0018272995948791504
0.021818459033966064
0.006773710250854492
0.003434300422668457
0.0019244551658630371
0.0015699267387390137
0.002341330051422119
0.006704509258270264
0.0016955137252807617
0.002224743366241455
0.003592371940612793
0.00247114896774292
0.0018538236618041992
0.029268324375152588
0.2295522689819336
0.01234591007232666
0.0036403536796569824
0.008575201034545898
0.004149138927459717
0.0014835000038146973
0.03292006254196167
0.006550729274749756
0.0032625794410705566
0.0026845335960388184
0.0016447901725769043
0.003932356834411621
0.0015739798545837402
0.0017428398132324219
0.0034703612327575684
0.0020828843116760254
0.04248344898223877
0.04002600908279419
0.0029600858688354492
0.0017611384391784668
0.004528462886810303
0.003541409969329834
0.002528965473175049
0.0052523016929626465
0.033585548400878906
0.002276122570037842
0.0019216537475585938
0.002376079559326172
0.02090466022491455
0.005347728729248047
0.0028223395347595215
0.004451334476470947
0.0028721094131469727
0.003147125244140625
0.0024753808975219727
0.0030385851860046387
0.0021677017211914062
0.0034376978874206543
0.004609942436218262
0.0016948580741882324
0.002517998218536377
0.004049897193908691
0.0031766891479492188
0.0022350549697875977
0.004980742931365967
0.002474844455718994
0.0014800429344177246
0.021733999252319336
0.0031353235244750977
0.0016885995864868164
0.0013620853424072266
0.003081023693084717
0.009440302848815918
0.0022731423377990723
0.0025046467781066895
0.015969157218933105
0.002224445343017578
0.0030995607376098633
0.007966101169586182
0.004511058330535889
0.001683652400970459
0.003498256206512451
0.053682923316955566
0.0015169978141784668
0.0028485655784606934
0.002984285354614258
0.002218008041381836
0.002590775489807129
0.004958808422088623
0.0027619004249572754
0.0018904805183410645
0.0029870271682739258
0.006478428840637207
0.0026859641075134277
0.002142786979675293
0.005523860454559326
0.0028340816497802734
0.0022085905075073242
0.006262600421905518
0.002057194709777832
0.004166543483734131
0.004657626152038574
0.01670825481414795
0.0028234124183654785
0.0026772618293762207
0.0038791298866271973
0.009467780590057373
0.0013257265090942383
0.0027959346771240234
0.0037310123443603516
0.0023747682571411133
0.0034545063972473145
0.0024940967559814453
0.002110123634338379
0.002237379550933838
0.003950834274291992
0.005988121032714844
0.0021789073944091797
0.002304553985595703
0.0028214454650878906
0.005241692066192627
0.0016688108444213867
0.0035306811332702637
0.002313673496246338
0.003921806812286377
0.001679837703704834
0.006976068019866943
0.009228765964508057
0.0031126737594604492
0.006141364574432373
0.019373297691345215
0.001834571361541748
0.004042446613311768
0.0041970014572143555
0.0037276744842529297
0.002564668655395508
0.14597022533416748
0.06372672319412231
0.0012493133544921875
0.04292941093444824
0.002345740795135498
0.0017758011817932129
0.014868199825286865
0.001400589942932129
0.013232111930847168
0.002172112464904785
0.002173125743865967
0.00341951847076416
0.004565596580505371
0.005371749401092529
0.0031078457832336426
0.02862691879272461
0.001648247241973877
0.013018965721130371
0.0032002925872802734
0.010261237621307373
0.0023418068885803223
0.003267228603363037
0.0065912604331970215
0.002304255962371826
0.0020170211791992188
0.0064879655838012695
0.0025042295455932617
0.0028119683265686035
0.0027158260345458984
0.003156423568725586
0.002640664577484131
0.004565000534057617
0.002350330352783203
0.0037830471992492676
0.0052880048751831055
0.0028865933418273926
0.003943145275115967
0.00452035665512085
0.0022702813148498535
0.002274155616760254
0.0017889738082885742
0.001753687858581543
0.014457881450653076
0.0016512274742126465
0.0945480465888977
0.0020012259483337402
0.0022031068801879883
0.0050032734870910645
0.004356443881988525
0.0022069811820983887
0.005072176456451416
0.007795751094818115
0.001925647258758545
0.0033107995986938477
0.003783583641052246
0.008150756359100342
0.0020776987075805664
0.008065640926361084
0.0035396814346313477
0.0015485882759094238
0.01097780466079712
0.005828380584716797
0.0019955039024353027
0.005418598651885986
0.012025237083435059
0.0017722845077514648
0.0017638802528381348
0.0016446113586425781
0.0018083453178405762
0.0054343342781066895
0.002262592315673828
0.0022544264793395996
0.0026853084564208984
0.06737995147705078
0.0025681257247924805
0.0023311972618103027
0.006486415863037109
0.004481077194213867
0.004320681095123291
0.0034841299057006836
0.003451824188232422
0.005731940269470215
0.09744024276733398
0.0031095147132873535
0.0013467073440551758
0.02429485321044922
0.002174675464630127
0.012361407279968262
0.0018849968910217285
0.0020273327827453613
0.007821977138519287
0.002833545207977295
0.001236557960510254
0.005292773246765137
0.010431945323944092
0.0022063255310058594
0.0026259422302246094
0.0034285783767700195
0.0024366378784179688
0.00226593017578125
0.004880964756011963
0.0022606253623962402
0.0037601590156555176
0.0028209686279296875
0.0017794370651245117
0.013463616371154785
0.004550278186798096
0.002377033233642578
0.0027655363082885742
0.0022333264350891113
0.0036420226097106934
0.0032460689544677734
0.005293309688568115
0.006855785846710205
0.005488097667694092
0.002050161361694336
0.0017804503440856934
0.002869904041290283
0.002803504467010498
0.002689540386199951
0.04146343469619751
0.001795947551727295
0.0034500956535339355
0.02569955587387085
0.0029625296592712402
0.004217982292175293
0.016315102577209473
0.001598656177520752
0.004983305931091309
0.006106853485107422
0.0023546218872070312
0.0031685233116149902
0.006627500057220459
0.009962081909179688
0.021711111068725586
0.0022393465042114258
0.0013504624366760254
0.0020003318786621094
0.006333827972412109
0.0064476728439331055
0.0285186767578125
0.0014192461967468262
0.003949463367462158
0.0023311376571655273
0.0019241571426391602
0.00270998477935791
0.002466261386871338
0.004857420921325684
0.0028351545333862305
0.002972900867462158
0.0061228275299072266
0.011237084865570068
0.0034627914428710938
0.0028098225593566895
0.049858152866363525
0.0478176474571228
0.0014213919639587402
0.002101302146911621
0.0013823509216308594
0.0027980804443359375
0.014059066772460938
0.028009414672851562
0.0018691420555114746
0.007107555866241455
0.0016927123069763184
0.002948462963104248
0.0019852519035339355
0.002213895320892334
0.001705467700958252
0.011862754821777344
0.004667997360229492
0.0025058984756469727
0.01290661096572876
0.011636018753051758
0.0035458803176879883
0.007230520248413086
0.00520557165145874
0.00202333927154541
0.002515077590942383
0.014988422393798828
0.005174398422241211
0.012836158275604248
0.0028223395347595215
0.0026862621307373047
0.001712799072265625
0.017234504222869873
0.0027335286140441895
0.006058156490325928
0.04540657997131348
0.002223491668701172
0.0033492445945739746
0.0018267035484313965
0.0023136138916015625
0.002238452434539795
0.002241075038909912
0.0019815564155578613
0.0030931830406188965
0.004797816276550293
0.0025770068168640137
0.008663833141326904
0.0036100149154663086
0.0034279227256774902
0.002762317657470703
0.004317939281463623
0.003691256046295166
0.0043746232986450195
0.00794917345046997
0.004747211933135986
0.08842730522155762
0.0025597214698791504
