-0.636250376701355
-2.281334161758423
-1.2622421979904175
-1.0001879930496216
-1.0408731698989868
-1.9851030111312866
-1.4207650423049927
-0.30493977665901184
-1.2870709896087646
-0.6422399282455444
-1.2429732084274292
-0.6726607084274292
-1.8334814310073853
-0.2282281517982483
-0.3748851418495178
-0.23519329726696014
-0.5303526520729065
-0.3736533224582672
-0.7148611545562744
-1.3113999366760254
-0.5258502960205078
-3.1046230792999268
-1.3141179084777832
0.1016293466091156
-1.8756756782531738
-0.7659425735473633
-0.27460554242134094
-0.9417259097099304
-2.3775031566619873
-0.379863977432251
-0.8202430605888367
-0.5897969603538513
-1.7577650547027588
-0.9685876369476318
-1.6811614036560059
-0.49805307388305664
-0.5624871253967285
-0.8301869630813599
-0.5315984487533569
-0.054735444486141205
0.8012822270393372
-0.8229559659957886
-1.630886435508728
-0.7956807613372803
-2.1478147506713867
-0.4869171679019928
-1.4384751319885254
-0.4479427933692932
0.05784421041607857
-0.7368311285972595
-0.8363422751426697
-0.09612030535936356
-0.9583196640014648
-0.14854934811592102
0.9642306566238403
-0.009714343585073948
-0.9768771529197693
-0.5914998054504395
-1.4313364028930664
-1.7032535076141357
-0.21378982067108154
-0.2968392074108124
-0.3970394730567932
-1.2478073835372925
-0.5995861887931824
-2.362429618835449
-0.7706584334373474
-0.8967171907424927
-1.1158469915390015
-0.6872038841247559
0.17169466614723206
-1.402343511581421
-0.8050538301467896
-0.491449236869812
-0.7454537153244019
-0.2894781529903412
-2.1029584407806396
-1.2458064556121826
-1.9974322319030762
-1.0246459245681763
-0.9461537599563599
-0.5614244937896729
-0.45624804496765137
-0.23900628089904785
-1.191324234008789
-0.7419251799583435
-2.6970510482788086
-1.532064437866211
-1.720798373222351
-0.1505529135465622
0.48344314098358154
-0.9617879390716553
-0.24769407510757446
-0.7698637843132019
-0.03993723541498184
-0.13923102617263794
-0.6494011282920837
-1.3607845306396484
-1.6135729551315308
-0.155241459608078
0.7295459508895874
0.1003836840391159
-2.026770830154419
-1.928943395614624
-1.7803776264190674
-1.9836405515670776
-0.8626736998558044
-0.5480387806892395
-0.6118959784507751
-1.1768152713775635
0.39325207471847534
-1.1955294609069824
-1.5080167055130005
-1.895322322845459
-1.9779839515686035
-0.6951490044593811
-1.6984039545059204
0.1716943085193634
-0.5240925550460815
-1.988313913345337
-1.3460357189178467
-2.6852123737335205
-1.9347131252288818
-0.5744192600250244
-0.3174816370010376
-1.6553685665130615
-0.8673911690711975
-0.9661323428153992
-0.9967933297157288
-2.1360769271850586
-0.6360816359519958
0.22262343764305115
-0.6391526460647583
-0.4762270450592041
-0.5777409672737122
-0.35560670495033264
-0.45987001061439514
-1.223454236984253
-2.647601842880249
-1.7639293670654297
1.1096222400665283
-0.3000166118144989
0.15478478372097015
-0.22125357389450073
-1.1453312635421753
-0.11010908335447311
-0.12714536488056183
-0.9913461208343506
-0.7525438666343689
-0.5859501361846924
-2.246901273727417
-0.7755990028381348
-0.0764218419790268
-0.35592639446258545
0.16040559113025665
-1.511828064918518
-0.2849123477935791
-1.6784112453460693
-1.8904088735580444
-0.23603181540966034
-1.4589163064956665
-0.3222627639770508
-2.174177885055542
-1.9731383323669434
-0.4016183316707611
-1.1979038715362549
-0.047150444239377975
-0.35475635528564453
-1.1988965272903442
-0.7799878716468811
-1.6902775764465332
-1.1742290258407593
-1.4000602960586548
-0.880118191242218
-0.5366793870925903
-0.557002067565918
-1.1626672744750977
-0.5629342794418335
-1.6881670951843262
-0.8589099049568176
-1.1517329216003418
-1.74396812915802
-0.778753936290741
-1.4950717687606812
-0.4435001015663147
-1.1438286304473877
-2.3090498447418213
-2.5218186378479004
-0.4263102412223816
0.2189122885465622
-0.3313954174518585
-0.5319471955299377
-1.1710764169692993
-2.4857709407806396
-0.5784943103790283
-0.6148178577423096
-1.5163260698318481
-0.5462929606437683
-0.31937941908836365
-1.3020744323730469
-1.5936168432235718
-0.01627093367278576
-2.6486024856567383
0.042689159512519836
-0.5568716526031494
-1.2523279190063477
-0.20172637701034546
-0.6419708728790283
-0.9704058766365051
-1.0628076791763306
-0.47704192996025085
-2.5311591625213623
-0.9680123329162598
-0.909469723701477
-2.1494295597076416
-0.48519155383110046
-0.965286374092102
-1.171535849571228
-0.40615203976631165
-1.6261215209960938
-1.585612177848816
-1.1804842948913574
-1.7472084760665894
-2.2357540130615234
-0.6782445311546326
-2.4741697311401367
-0.8350753784179688
-2.419440746307373
-0.693741500377655
-2.653501510620117
-1.054585576057434
-0.579367458820343
-0.3696368336677551
-0.8743148446083069
-0.959845781326294
0.44550174474716187
-0.39352720975875854
-0.7172451019287109
-1.8356603384017944
-1.58933424949646
-0.8705812096595764
-1.642240047454834
-0.17968733608722687
-0.9433469772338867
-1.077870488166809
-1.2792996168136597
-0.41691434383392334
-1.6103140115737915
-1.892988920211792
-1.0225080251693726
-0.8695352673530579
-1.306296944618225
-0.5899489521980286
-0.5123135447502136
-0.0880420133471489
-2.148641347885132
-0.8532846570014954
-1.581491470336914
-2.6348698139190674
-0.19640079140663147
-0.8607386350631714
-1.1866487264633179
-0.03801589086651802
-0.2704617381095886
0.06709093600511551
-0.45556512475013733
-0.4009876251220703
-1.4263484477996826
-0.34180378913879395
-1.8830053806304932
-1.1774420738220215
-2.647199869155884
-0.9935796856880188
-1.2150529623031616
-1.616337776184082
-1.1758615970611572
-3.0743298530578613
-0.5384091138839722
-0.5060760974884033
-0.906138002872467
-0.7280992865562439
-1.487802267074585
-0.5909426808357239
-2.2120399475097656
-2.1236536502838135
-1.9016932249069214
-0.5754051208496094
-0.06359174847602844
-2.3285398483276367
-0.5485964417457581
-1.0778439044952393
-1.4642891883850098
0.3671957850456238
-0.8686911463737488
-1.4722269773483276
-1.2100067138671875
-1.5124951601028442
-0.3423826992511749
-0.49483582377433777
-0.593713104724884
-0.6997509002685547
-1.0504469871520996
-0.8824040293693542
-1.0850807428359985
-0.9479215145111084
-2.046643018722534
-0.15766571462154388
-0.24706926941871643
-0.8212321400642395
-0.5780853629112244
-1.019788384437561
-1.4421323537826538
-1.096273422241211
-0.04646695405244827
-1.925329566001892
-1.024829387664795
-1.743058204650879
-0.7344937324523926
-0.5150296092033386
-0.23452484607696533
-0.7460299134254456
-0.3549143075942993
-2.016618490219116
-2.1039834022521973
-0.27756091952323914
-0.9863646626472473
1.3344296216964722
-0.5035192966461182
-0.9864165186882019
-1.2464001178741455
-0.3666599988937378
0.16386297345161438
-0.39683467149734497
-2.965817928314209
-2.7622323036193848
-1.3875226974487305
-0.3118489384651184
-0.8876941800117493
-1.2435625791549683
-0.6187794208526611
-0.5710670948028564
-0.2842976450920105
0.6732354760169983
-1.1266995668411255
-1.2943415641784668
-1.1453779935836792
-0.3469903767108917
-1.1582399606704712
-0.41449519991874695
-2.100433588027954
-0.052072007209062576
-0.5056396722793579
-1.222280502319336
-3.5619022846221924
-0.6077430248260498
-1.3242067098617554
-0.8464528322219849
-2.3456521034240723
-1.80121910572052
-1.3233232498168945
-1.0562925338745117
-0.9698384404182434
-0.3030504286289215
-1.7625616788864136
-0.34695032238960266
-0.15252617001533508
-0.974077582359314
-1.565602421760559
-0.636154294013977
-1.8426004648208618
-0.5341306924819946
-1.6383535861968994
-0.539280116558075
-0.7742965221405029
-0.13381090760231018
0.850245475769043
-1.344299554824829
0.609045684337616
-1.7212895154953003
-0.3876897990703583
-1.7132760286331177
-0.1757287234067917
-0.4080360233783722
-0.8660658001899719
-0.6044932007789612
-1.241714358329773
-0.28671354055404663
0.22771602869033813
-1.1715588569641113
-1.3931630849838257
-0.26195627450942993
-0.41273927688598633
-0.9351051449775696
-1.47114896774292
-3.084451198577881
-0.37825122475624084
-1.8842660188674927
-0.7630322575569153
0.07602901756763458
-1.47482430934906
-1.982455849647522
-0.793602466583252
-2.7017860412597656
-0.8804842829704285
-0.7607423067092896
0.06485247611999512
0.17293842136859894
-0.16277040541172028
-1.8625783920288086
-2.114009141921997
-0.7963277101516724
-0.9594583511352539
-2.1744778156280518
-0.44438472390174866
-1.4288846254348755
-0.3339817523956299
-0.15477629005908966
-0.8250681161880493
0.0010545786935836077
0.3544100224971771
-1.6258246898651123
-0.7406227588653564
-1.075549840927124
-0.2445322722196579
-1.8533172607421875
-0.8328016400337219
-0.8985576033592224
-1.9320982694625854
0.2026374787092209
-1.81538724899292
-0.22753208875656128
-0.8739413619041443
-3.0479648113250732
-0.6904906630516052
-0.6123228669166565
-0.23789836466312408
-2.3377132415771484
-2.0182716846466064
-1.4750460386276245
-1.9230560064315796
0.040130335837602615
-2.7607908248901367
-3.024883508682251
-1.2997227907180786
0.4327726662158966
-0.23967373371124268
-0.5975344181060791
-1.0385890007019043
-1.050132393836975
-1.8905078172683716
-1.304398775100708
-1.8579084873199463
-0.5278075933456421
-2.466294050216675
0.4622010886669159
-0.7481492161750793
0.03308669105172157
-1.5834554433822632
-1.0810872316360474
-2.0671989917755127
-2.0671393871307373
-0.12231147289276123
-0.17263637483119965
-0.4518362879753113
-0.4582851827144623
-0.9457781314849854
-1.4444293975830078
-1.306542158126831
-0.12010135501623154
-0.7407464385032654
-0.7749898433685303
-0.1296519786119461
-0.10370655357837677
-1.6492609977722168
-0.38618743419647217
0.23926585912704468
-0.6729410886764526
-0.5964054465293884
-0.04551640897989273
-2.550945997238159
-0.5071350932121277
-2.6455962657928467
-1.3473914861679077
-1.401077389717102
-1.3755263090133667
-1.710800290107727
-0.7975875735282898
-0.016779176890850067
-2.444579601287842
0.10018789023160934
-1.0799182653427124
-1.2299402952194214
-2.080904245376587
-0.24567924439907074
-0.2982564866542816
-0.4808080196380615
-0.7081393599510193
-0.18095286190509796
-0.4029747545719147
-0.9371755123138428
-0.32250356674194336
-0.9639915823936462
-2.737640142440796
-1.8061268329620361
-1.0058616399765015
-1.873008370399475
-0.9010888934135437
-1.895278811454773
-1.816987156867981
-1.3950657844543457
-1.4419424533843994
-2.141960859298706
-0.6859878897666931
-2.1608901023864746
-0.19285760819911957
-0.886509358882904
-2.223053216934204
-0.5441408753395081
-0.5684293508529663
-1.480114459991455
-0.69578617811203
-0.6540074348449707
-1.5674058198928833
-0.40440860390663147
-0.3573659658432007
-0.5667791366577148
-1.8551121950149536
-1.7571598291397095
-0.01085066981613636
-0.5173087120056152
-2.3391830921173096
-0.7450575232505798
0.32372021675109863
-0.9813287258148193
-1.1715114116668701
-0.5790582895278931
-1.6122009754180908
0.7084082961082458
-0.41822171211242676
-0.8530086278915405
-1.403645634651184
-0.915896475315094
-0.9029487371444702
-0.7119655013084412
-1.4390977621078491
-0.15122951567173004
-1.0707834959030151
-0.8836717009544373
-1.1095346212387085
-2.1612484455108643
-1.859123706817627
-0.09180716425180435
-0.8001013398170471
-0.1447901427745819
-0.8258713483810425
-0.6059383153915405
-0.782346248626709
-0.8786166906356812
-1.5383353233337402
-1.0696648359298706
0.415335476398468
-0.07164081931114197
-0.3867638111114502
-1.3609672784805298
-0.813321590423584
-1.0733394622802734
-1.398974061012268
-1.1467114686965942
-2.033933162689209
-0.7866355180740356
-0.22039182484149933
-0.7658499479293823
-0.38214781880378723
-1.5217801332473755
-0.6426582336425781
-0.6911817193031311
-0.7732076644897461
-0.35237735509872437
-1.6174426078796387
-0.09923257678747177
-0.9278034567832947
-0.38921090960502625
-0.8403341770172119
-2.6967828273773193
-2.2911949157714844
-0.03468338027596474
-1.5723882913589478
-1.5382527112960815
0.05104868486523628
-2.7413980960845947
-2.2474679946899414
-0.35723400115966797
-0.8025491833686829
-2.4952428340911865
0.5609304904937744
-0.9243378043174744
-1.0226421356201172
-2.1769251823425293
-0.6209088563919067
-0.3175891041755676
-0.7039756774902344
-2.1943166255950928
-1.7104122638702393
0.8885125517845154
0.06433168053627014
-1.4474180936813354
-1.6232247352600098
-1.4056428670883179
-1.437099814414978
-1.129711389541626
-2.0604658126831055
-1.1928155422210693
-0.7796561121940613
-1.4253371953964233
-1.1920958757400513
-0.8647440075874329
-1.270922303199768
-1.0710437297821045
-0.3957834839820862
-1.3858364820480347
1.0111749172210693
-1.14657461643219
-2.4233038425445557
-1.609381914138794
-0.7446618676185608
-0.7637585997581482
-0.4215005338191986
-2.7033534049987793
-1.0100399255752563
-1.2341755628585815
-1.1054329872131348
0.08411963284015656
0.9444427490234375
-0.7148387432098389
-0.9362685084342957
0.059002865105867386
-0.3637714385986328
-1.5957081317901611
-1.2250958681106567
-1.435065746307373
-0.5482638478279114
-1.1922121047973633
-1.7340072393417358
-0.08422428369522095
-1.1345115900039673
-0.6540753841400146
-1.9595005512237549
-0.543674647808075
-0.5434848666191101
-1.029577612876892
0.7919349670410156
-1.7864861488342285
-1.0436283349990845
-1.5617870092391968
-0.6518082618713379
-1.2114683389663696
-0.4109354615211487
-1.428085446357727
-0.8549866676330566
-2.7753419876098633
-0.39491498470306396
-0.8794223666191101
-1.4517441987991333
-1.6047594547271729
-0.4520435333251953
-0.4345751106739044
-0.8655964136123657
-0.919033944606781
-1.0467314720153809
-1.0284579992294312
-1.1377712488174438
-0.10912386327981949
-1.822026014328003
-1.0508134365081787
-1.4954053163528442
-1.079680323600769
-0.8844686150550842
-1.0467387437820435
-0.5403170585632324
-2.391624927520752
-2.042959690093994
-1.1619700193405151
-1.0098551511764526
-0.5020492672920227
-0.14270475506782532
-1.307675838470459
-0.7928913831710815
-1.4040615558624268
-1.1572847366333008
-1.063104271888733
-0.38025137782096863
0.28841304779052734
-0.7337151765823364
-0.5164564847946167
-1.2714447975158691
-0.7640074491500854
-2.0561211109161377
-0.6336612105369568
-0.3390487730503082
-1.0430858135223389
-0.32349133491516113
-0.9745880365371704
-1.2121353149414062
-1.5791373252868652
-1.092349648475647
-2.2101380825042725
-0.020372048020362854
-1.3921785354614258
-1.1649531126022339
-1.0182883739471436
-1.050118088722229
-0.5521893501281738
-0.3510577380657196
-0.9641938805580139
-1.151197910308838
-0.40942415595054626
-1.7228790521621704
-1.463672161102295
-0.9000777006149292
-1.1189463138580322
-0.2706296741962433
-0.23522114753723145
-0.10416693240404129
-1.1249741315841675
-0.7113274931907654
-0.9471016526222229
-1.3118692636489868
-0.6909403204917908
-0.7774036526679993
-0.9074317812919617
-0.9944808483123779
-1.6389166116714478
-0.3598708510398865
-0.08450888842344284
-0.9088028073310852
-1.6946567296981812
-0.4256804287433624
-0.7700212597846985
-0.648850679397583
-1.3340059518814087
-0.3350871801376343
-0.1842917650938034
-0.43038681149482727
-0.5397474765777588
-1.3627628087997437
-1.5748039484024048
-2.2012696266174316
-2.6113381385803223
-0.239915132522583
-0.6290977597236633
-1.5418946743011475
0.13082681596279144
-0.34065866470336914
-1.0136250257492065
-2.231842279434204
-1.3379838466644287
-1.538641333580017
-0.5303991436958313
-2.837223529815674
-0.8446922302246094
-1.7186614274978638
-1.243039608001709
-0.5715487599372864
-0.7727490663528442
-1.3289440870285034
-1.4616442918777466
-1.0484893321990967
-0.40597450733184814
-0.7642026543617249
-0.9532069563865662
-0.687441349029541
-0.8261721134185791
-0.6525072455406189
0.19884641468524933
-0.7552307844161987
-0.18665817379951477
-1.7596796751022339
1.1775232553482056
-0.16892655193805695
-1.6338398456573486
-2.2292673587799072
-2.891493320465088
-0.34466123580932617
-0.18507546186447144
-1.5106068849563599
-0.9621549248695374
-0.3418799936771393
-0.2618526518344879
-0.8386632800102234
-2.108677625656128
-2.3190629482269287
-0.1712954342365265
-0.3667299747467041
-0.6481975317001343
-0.31008997559547424
-0.7266392707824707
-1.3989793062210083
-0.3918185234069824
-0.7780191898345947
-1.8095927238464355
-0.808844804763794
-1.40825617313385
-0.9509140849113464
-0.32233601808547974
-0.4313165247440338
-0.902808666229248
-2.3428542613983154
-0.5878710150718689
-0.2993904650211334
-0.37849611043930054
-2.5400686264038086
-0.03914783149957657
-2.0502161979675293
-1.3962901830673218
0.10295972973108292
-1.0892341136932373
-0.4233574867248535
-3.094991683959961
-0.6770724058151245
-1.866356372833252
-0.8011144399642944
-0.3870231807231903
-0.07970648258924484
-0.9965589046478271
-1.176147222518921
-0.8125331997871399
0.08229459077119827
-0.11560264229774475
-2.373138189315796
-0.6008569598197937
-0.854641318321228
-0.1331445872783661
-0.6270604133605957
-0.7610565423965454
-2.2744414806365967
-1.7963063716888428
-2.402522563934326
-0.9129710793495178
-1.6676253080368042
-0.6196039319038391
-2.3496217727661133
-1.3236736059188843
-0.5148563385009766
-0.6970968246459961
-0.5720919370651245
-2.10044527053833
-0.5425499677658081
-2.1676104068756104
-0.8836636543273926
-1.7119766473770142
-1.0369153022766113
-1.755983829498291
-0.6766788363456726
-1.2250534296035767
-0.8798782825469971
-0.7068693041801453
-0.7386060953140259
-1.4773589372634888
-0.7595593929290771
-3.016472101211548
-0.8045055866241455
-2.565859317779541
-0.4900432229042053
-1.7995210886001587
-0.787169337272644
-0.6331968307495117
-2.5950918197631836
-0.5336078405380249
-1.3278387784957886
-2.034041166305542
-0.9464311599731445
-2.0668623447418213
-1.8330934047698975
-1.0497448444366455
-1.100168228149414
-1.5637613534927368
-0.4152611196041107
-0.17128613591194153
-0.5448279976844788
-0.5950192809104919
-1.143372654914856
-1.4663316011428833
-1.6483675241470337
-1.9484822750091553
0.31636905670166016
-0.7212952375411987
-1.243531346321106
-1.4681957960128784
0.07338771224021912
-0.10882613807916641
-1.8001853227615356
-0.8112541437149048
0.13671532273292542
-1.0503538846969604
-1.1357941627502441
-0.9473356008529663
-0.526506781578064
-0.04249004274606705
-0.6218414902687073
-0.7678816318511963
-0.7377567887306213
-0.7295497059822083
-2.0554957389831543
-2.850417137145996
-0.6386457681655884
-1.5095962285995483
-2.406338930130005
-1.0887205600738525
-1.9160336256027222
-0.2193252444267273
-1.032261610031128
-1.1679548025131226
-1.538556694984436
-1.7808245420455933
-0.892135500907898
-1.802203893661499
-2.484011650085449
-1.4834696054458618
-0.4269345700740814
-1.4929935932159424
-2.9607717990875244
-1.4990646839141846
-0.709402859210968
-0.5669996738433838
-0.1818295270204544
-0.730013370513916
-1.9585484266281128
-2.141238212585449
-1.1728031635284424
-0.15346115827560425
-1.8149210214614868
0.29243215918540955
-2.789130926132202
0.5749903321266174
-1.490661382675171
1.1716194152832031
-1.6902793645858765
-0.6152961850166321
-0.826386034488678
-2.5234503746032715
-0.8061981797218323
0.08355763554573059
-0.6624714136123657
-0.9945691823959351
-2.537266492843628
-0.7592741847038269
-0.19964304566383362
-0.7203477621078491
0.28624820709228516
-0.9862228035926819
-0.7298884391784668
-0.7117503881454468
-2.3135569095611572
-1.1645430326461792
-0.5251712799072266
-0.458945095539093
-1.0599628686904907
-1.8830536603927612
-1.1538662910461426
0.1389235258102417
0.06658856570720673
-0.5512104630470276
-2.79805326461792
-1.102062702178955
-1.570327639579773
-3.468015432357788
-0.4244557321071625
-0.6595730781555176
-1.779768705368042
-1.046625018119812
-1.6035302877426147
-1.665884256362915
-0.7122675180435181
-0.6740415692329407
-2.0246405601501465
0.0038496614433825016
-0.8332643508911133
-0.6224552392959595
-1.3344831466674805
-1.0306923389434814
-1.0438908338546753
-2.9922406673431396
-0.5473106503486633
-0.03134451061487198
-1.6208102703094482
-0.9278874397277832
0.24539174139499664
-0.7374204397201538
-1.9542701244354248
-2.0018107891082764
-1.1485569477081299
-1.0557763576507568
-0.7140819430351257
0.2804906666278839
-0.30959266424179077
-0.7711972594261169
-1.1819097995758057
-1.1631534099578857
0.29205653071403503
-0.7535990476608276
-2.844857692718506
-0.5979105830192566
-2.2478291988372803
-2.184356212615967
-2.3522114753723145
-1.971239686012268
-1.5239468812942505
-0.8320136070251465
-0.44368135929107666
-1.0832618474960327
-0.912813127040863
-0.8010252714157104
-1.8951948881149292
-0.786087155342102
-1.1304233074188232
0.9825795888900757
-0.1610700935125351
-1.4697628021240234
-1.6072653532028198
-0.5906149744987488
-1.590725064277649
-2.181732654571533
-2.0559661388397217
-1.332783818244934
-0.2129039764404297
0.02092287875711918
-1.1977195739746094
-0.1117706298828125
-1.8571349382400513
-1.6901568174362183
-2.5520777702331543
-2.3438000679016113
-1.9268748760223389
-1.0168533325195312
-0.2771141827106476
-0.8811145424842834
-0.6722806692123413
-3.2094740867614746
-1.4769225120544434
-1.6816480159759521
-1.6835083961486816
-0.5647104382514954
-0.7859919667243958
-1.3324075937271118
-0.15155068039894104
0.6917187571525574
-1.6553597450256348
-1.5620834827423096
-0.9506334662437439
-1.986495852470398
-1.5656969547271729
-0.5729567408561707
-1.166078805923462
-1.677134394645691
-0.7950320839881897
-0.9259325861930847
-0.573945164680481
-0.7814755439758301
-0.6788226962089539
-0.9570653438568115
-2.6079962253570557
-0.3696422576904297
0.5261401534080505
-0.45505890250205994
-2.949751853942871
-0.4868184030056
-1.499672532081604
-1.5231174230575562
0.7106277942657471
-1.28695809841156
-0.627078115940094
0.635871946811676
-1.8158055543899536
-0.16792668402194977
-0.7540974020957947
-1.292986273765564
-1.566290020942688
-1.4083962440490723
-1.3477635383605957
-1.2648152112960815
-1.5208686590194702
-0.6590669751167297
0.34627702832221985
-0.3361803889274597
-2.1354262828826904
-0.2583323121070862
-3.236198902130127
-0.10065136849880219
-0.882226288318634
-0.4094138443470001
-1.1859711408615112
-1.4059810638427734
-0.4279731512069702
0.5329760313034058
-2.2010576725006104
-0.5198967456817627
0.784430980682373
0.2958921492099762
-0.09616834670305252
-0.8485215306282043
-0.9317749738693237
-0.5836741328239441
0.9369252324104309
0.8855268955230713
-0.5997640490531921
0.02869280055165291
-0.34242013096809387
-0.3871014416217804
-0.04784942790865898
-1.0256317853927612
-0.7375285625457764
-0.978030800819397
-0.6451998353004456
-1.4806263446807861
0.06677701324224472
-0.5564823746681213
-1.99729585647583
-1.398966670036316
-0.7749127149581909
-1.1307307481765747
-1.0082857608795166
-0.03181695193052292
0.014753337018191814
-0.05806039646267891
-0.8801249265670776
-0.4569031596183777
-1.3690311908721924
-0.5977967977523804
-1.3417255878448486
-1.4141452312469482
-0.642678439617157
-1.2835659980773926
-0.7272912859916687
-0.35653653740882874
-2.4205892086029053
-0.5977913737297058
-0.4508739709854126
0.14011020958423615
-1.958207607269287
-0.9701786637306213
0.03391724079847336
-0.6443679928779602
-1.6001020669937134
0.1458577811717987
-1.3118205070495605
-0.5585139393806458
-2.104013442993164
-0.7637441754341125
-0.2594796121120453
-2.4956889152526855
-0.16865317523479462
-0.5975679159164429
