-0.6664757132530212
-0.39849916100502014
-0.1269962638616562
-0.7315065264701843
-0.46681344509124756
-0.3453894257545471
-0.2128581553697586
0.6616583466529846
-0.4626246392726898
-0.5499795079231262
-0.7759111523628235
0.3766610026359558
-0.1086953803896904
0.10056320577859879
-0.64253830909729
2.435500383377075
0.2281297743320465
0.13164827227592468
0.3038697838783264
-0.025377849116921425
-0.6708722114562988
-0.04968338459730148
0.05336407572031021
0.8026235103607178
-0.7311298251152039
0.7138825058937073
-0.38771843910217285
1.5306369066238403
-0.48380011320114136
-0.03378095105290413
-0.7598490118980408
1.1955616474151611
1.4482520818710327
-0.4504091441631317
-1.231513500213623
-0.894677460193634
-1.0081192255020142
-0.308217853307724
-0.17728620767593384
0.09827866405248642
-0.6964855790138245
-1.3088345527648926
-0.04083115607500076
-0.24551011621952057
0.7160449028015137
0.3632335066795349
-0.22997115552425385
-0.7368499040603638
