-1.1333279609680176
-0.04108552262187004
-0.8552821278572083
-0.4771846830844879
-0.512891411781311
-0.6407243013381958
0.13850072026252747
-0.31884822249412537
-0.2168007791042328
-0.2677958607673645
-0.7292205691337585
-0.4717007577419281
-0.09848732501268387
-0.8415229320526123
-0.5446630716323853
-0.44644272327423096
-0.20978499948978424
-0.989011287689209
-0.37879809737205505
-0.020783977583050728
-0.16240569949150085
-0.16044855117797852
0.2380371391773224
-0.4672820568084717
-0.24672919511795044
-0.5150194764137268
-0.5940170884132385
-0.9897715449333191
0.12504856288433075
0.22419705986976624
-0.8369159698486328
0.1376328319311142
-1.6170027256011963
-0.15521465241909027
-0.07810308039188385
-0.2017088532447815
-2.4049906730651855
-0.31951650977134705
-0.4832763969898224
-1.2915903329849243
-0.0006430814974009991
0.3956190347671509
0.0578884519636631
0.3553011417388916
0.1561797708272934
-0.2002178281545639
-0.9322532415390015
-0.5575295686721802
0.1606929749250412
-0.9505552053451538
-0.4828977584838867
-0.4910890758037567
-0.5224679112434387
-0.09707318246364594
1.2225587368011475
-0.1746278703212738
-0.4628846049308777
0.11410018056631088
-0.6375741958618164
-0.5218431949615479
0.011158830486238003
-0.3786002993583679
-0.020628053694963455
-0.20980247855186462
0.037212204188108444
-0.3714693784713745
-0.7512110471725464
-1.2502751350402832
-0.23898519575595856
-0.6206018328666687
-0.43603408336639404
-0.7549203038215637
-0.20005401968955994
-0.6207178831100464
-0.8551902174949646
-0.4952927827835083
-0.8900766372680664
-0.6712754964828491
-0.5382894277572632
-0.3133207857608795
-1.6463619470596313
-0.24833621084690094
0.0529315359890461
-0.32545986771583557
-0.997433602809906
-0.4532630145549774
0.3753650486469269
-0.695877730846405
-0.7915666699409485
-0.16815410554409027
-0.23213396966457367
-0.7275440692901611
-0.8244551420211792
-0.2995665669441223
-0.005596764385700226
-0.7297554016113281
-0.3672638535499573
-0.6801698207855225
-0.8350715637207031
-0.7583268284797668
-1.0694711208343506
0.2778078615665436
-0.2539738714694977
-0.5953174233436584
-0.6211889386177063
0.016231859102845192
0.14142854511737823
-0.603259265422821
0.11989442259073257
-0.6635763645172119
0.24820850789546967
-0.5511317849159241
-0.34948593378067017
-0.531130850315094
-0.5889397859573364
-0.42145851254463196
-0.13913311064243317
-0.10919192433357239
-0.09158377349376678
-0.2187373787164688
0.0984877347946167
-0.3568061292171478
-0.6536194086074829
-0.7270883917808533
0.26162785291671753
-1.1377317905426025
-0.7501582503318787
-0.924634575843811
-0.4454694986343384
-0.5229132771492004
-0.2028466910123825
-0.22014042735099792
-0.48376625776290894
-1.0475873947143555
-0.5705535411834717
-0.03373510763049126
-0.3126184642314911
-0.5308718681335449
0.1204146146774292
-0.1888466477394104
0.9501044154167175
0.024103324860334396
-0.545165479183197
0.48017075657844543
-0.5692566633224487
0.030352989211678505
-0.08860449492931366
-0.560197651386261
-0.5224497318267822
-0.41131892800331116
-0.04389375075697899
0.3265536427497864
-0.08626163005828857
-1.4667913913726807
-0.5332528948783875
0.26198792457580566
-0.41655510663986206
0.3147355020046234
-0.7874114513397217
-0.15536797046661377
-0.7111575603485107
0.024421451613307
-0.6661503911018372
-0.8512280583381653
-0.7642052173614502
-0.18663135170936584
-0.6169440746307373
-0.9231447577476501
-0.5662498474121094
-0.4529030919075012
-0.5548632144927979
-0.6328362822532654
-0.7197026014328003
-0.401761531829834
-0.42416512966156006
-0.3127366602420807
-0.38574567437171936
-0.5460828542709351
-0.5440956354141235
-0.4475427269935608
-0.4783099293708801
-0.7589958906173706
-0.35989466309547424
0.21359296143054962
-0.42336902022361755
-0.9398115277290344
-0.9322192072868347
0.24066932499408722
-1.0707076787948608
0.298282653093338
-0.20157530903816223
-0.5823498964309692
-0.18073752522468567
0.07835441082715988
-0.3373256325721741
-0.7424308061599731
-0.09590090811252594
-0.6237565875053406
-0.16000407934188843
-0.394311785697937
-0.7707973718643188
-0.17864136397838593
-0.9357478618621826
-3.433244466781616
-0.5272703766822815
0.017742734402418137
0.03643263503909111
-0.07166310399770737
-0.2551041543483734
-0.4176467955112457
-0.5768923759460449
-0.10834236443042755
-0.9610632658004761
-0.6233066916465759
-0.2934921979904175
-0.22712720930576324
-0.5050990581512451
-1.4472670555114746
-0.28726938366889954
-0.3074432909488678
-1.1346673965454102
-0.5210974216461182
-0.15946610271930695
0.09828048944473267
-0.3119043707847595
-0.44280967116355896
-0.2832950949668884
-0.6306060552597046
-0.47221317887306213
-0.14599855244159698
-0.00872244406491518
-0.4398665130138397
-0.4569826126098633
-0.31024646759033203
-0.37123504281044006
0.23326174914836884
-0.11830493062734604
-1.0661746263504028
-0.8025383949279785
-0.5565122961997986
0.0923629105091095
-0.6972658038139343
-0.18886792659759521
-0.06691329926252365
-0.7916549444198608
0.18360379338264465
-1.1863563060760498
-0.7305845618247986
-0.8859187364578247
-0.253242164850235
-0.28417694568634033
0.08559109270572662
0.03392474353313446
0.24730484187602997
-0.007163806352764368
-0.6865712404251099
-0.39844703674316406
-0.5052221417427063
0.12554916739463806
-0.847882091999054
-0.5909490585327148
-0.888502299785614
-1.634185791015625
-0.06895601749420166
-0.07147594541311264
-0.6851807236671448
-0.01152938324958086
0.03397989645600319
-0.2394872009754181
-0.43465688824653625
-0.625916600227356
-0.6998997926712036
-0.9381137490272522
-0.20453839004039764
-0.4187397360801697
-0.618189811706543
-0.24686488509178162
-0.3580854833126068
-1.5033992528915405
-0.5119341015815735
-0.31133660674095154
0.3197525441646576
-0.012055682949721813
-0.19983604550361633
-0.3713209331035614
0.21303579211235046
-0.3326117992401123
-2.1695609092712402
-0.686659574508667
-0.052762966603040695
-0.3673468232154846
0.03210654854774475
0.3880379796028137
-1.0044564008712769
-0.12155702710151672
-0.30258506536483765
-0.8297893404960632
-1.2543480396270752
-0.1454981416463852
-0.5326038599014282
-0.10993648320436478
-0.2988342046737671
-0.39318206906318665
-0.5252664089202881
-0.7124454379081726
-0.6942794322967529
-0.23759904503822327
-0.12622031569480896
-0.47474443912506104
-0.08774139732122421
-0.4787434935569763
-0.40667635202407837
-0.6416256427764893
-0.6602547764778137
-0.21851535141468048
-1.1240675449371338
-1.1634083986282349
-0.46943017840385437
-0.26446759700775146
-0.23793086409568787
-0.5930041074752808
-1.009175181388855
-0.9527272582054138
-0.21353372931480408
-0.3314056992530823
-0.03408758342266083
1.9651803970336914
-0.3697216212749481
-0.5221141576766968
-0.7389234304428101
-0.6625881195068359
0.1652069389820099
-0.21248118579387665
-0.041366152465343475
0.04795993119478226
-0.5530909895896912
-0.533016562461853
-0.6010158658027649
-0.7497501373291016
-0.42197185754776
0.007229237351566553
-0.26910972595214844
0.19173526763916016
0.042358651757240295
-0.06802789866924286
-0.45681726932525635
-0.9163760542869568
-0.3226989805698395
0.0692773163318634
0.1296830177307129
-0.48245567083358765
0.11543140560388565
-0.3831424415111542
0.45045191049575806
-0.6197357773780823
-0.3030766546726227
-0.6586466431617737
0.10213916748762131
-0.8536334037780762
-0.277150422334671
-1.7446662187576294
-1.004957914352417
-0.6166563630104065
-0.7009077072143555
-0.3401249051094055
-0.28916192054748535
-0.45397353172302246
-0.40181902050971985
-0.4909282922744751
-1.0031070709228516
-0.5930578708648682
0.0436541810631752
-0.012382828630506992
-0.35309064388275146
-0.7229199409484863
0.682767927646637
-0.47014129161834717
-0.016953103244304657
0.28569918870925903
-0.9426629543304443
-0.6287038922309875
-0.5341811776161194
-1.3865753412246704
-0.5863632559776306
-0.41589927673339844
-0.25415563583374023
-0.43117088079452515
0.09310702234506607
-0.5973057150840759
-2.022233724594116
0.36046645045280457
-0.30754953622817993
-0.4720451235771179
0.2804391086101532
0.17209233343601227
-0.5309242606163025
0.19483782351016998
-0.36936309933662415
-0.3259165287017822
-0.7866662740707397
-0.8944176435470581
-0.575246274471283
-0.09042470157146454
-0.06088715419173241
-0.6477949619293213
0.4057912826538086
0.14977319538593292
-0.2203282117843628
-0.11099140346050262
-0.8450259566307068
-0.24996814131736755
-0.37709978222846985
-0.2876890301704407
-0.6784266233444214
-0.501785933971405
-0.5392709970474243
-0.3403436243534088
0.10953895002603531
-0.10831144452095032
-0.0504179373383522
-0.7113919258117676
-0.03460453823208809
-0.1759866625070572
-0.6126921772956848
-0.24032236635684967
-1.018874168395996
-0.32143938541412354
-0.7386011481285095
0.3945960998535156
-0.7437645792961121
-0.2642259895801544
0.3541094958782196
0.12290824949741364
-0.6412665843963623
-0.6994326114654541
-0.6183643937110901
-0.4204508364200592
-0.9428839683532715
-0.7217406630516052
-0.14068378508090973
-0.6020796895027161
0.2044244408607483
0.013047050684690475
-0.6424602270126343
-1.3397741317749023
0.03877079859375954
0.544965386390686
-0.5734055638313293
-0.8642889857292175
-0.25704285502433777
-0.7770107388496399
-0.5342632532119751
-0.2597029507160187
-0.03239157423377037
-0.6371004581451416
-0.11687217652797699
-0.6527597904205322
-0.7538948655128479
-0.1326633095741272
-0.7972036004066467
-0.9562848210334778
-0.7859112024307251
-0.08608641475439072
-0.3907967805862427
-0.4016622304916382
-1.3305848836898804
-0.3301527202129364
-0.012451253831386566
-0.6974092721939087
-0.310329407453537
-0.27408701181411743
-0.4328262507915497
-0.7014445066452026
-0.35542482137680054
-0.4998186230659485
-0.18589413166046143
-0.3799417018890381
-0.8262567520141602
-0.5401407480239868
-1.403689980506897
-1.0833942890167236
-0.2640727162361145
-1.1459379196166992
-0.17640824615955353
-0.6478496789932251
-1.5653955936431885
-0.5813792943954468
0.25235411524772644
-0.3459276854991913
0.030623184517025948
-0.49083805084228516
-0.963841438293457
-0.43577152490615845
-0.16641567647457123
-0.4919036030769348
-1.298848271369934
-0.45385468006134033
-0.25784894824028015
-0.05193965509533882
-1.8202729225158691
-0.6875799298286438
-0.20210406184196472
-0.35294657945632935
0.4332733154296875
-0.9645031094551086
-0.07396481186151505
-0.3433648347854614
-0.1697760969400406
-0.8388516902923584
-0.4495479464530945
-0.9179419875144958
0.0028841616585850716
-0.22115881741046906
-0.14552628993988037
-0.4563961327075958
-0.673664391040802
-0.4914683699607849
-0.08661947399377823
-0.6391566395759583
-0.5019888281822205
-0.6012094616889954
-0.25350239872932434
-1.0531288385391235
-0.6944401860237122
0.008591682650148869
-0.28564321994781494
0.00826210156083107
-0.14320608973503113
-0.134934201836586
-0.7722891569137573
-0.0028652872424572706
-0.2117742896080017
-0.1561906337738037
-1.020898699760437
-0.8625057339668274
-0.2918376922607422
-0.06830009818077087
-1.2889050245285034
-0.36578628420829773
-0.28776705265045166
-0.8250037431716919
-0.8467520475387573
-1.2058460712432861
-1.4341100454330444
-0.7916441559791565
-0.28689712285995483
-0.4128057658672333
-0.5146189332008362
-0.17655733227729797
0.014754906296730042
0.2984698712825775
-0.57378089427948
-0.3864700198173523
-0.37810876965522766
-0.1311654895544052
-0.27978184819221497
-0.597361147403717
-0.2633216977119446
0.14156141877174377
-0.2095283418893814
0.0697956308722496
-0.012568758800625801
-1.2379835844039917
-0.3481408953666687
-0.38306188583374023
-0.48113277554512024
-0.13523778319358826
-0.5758544206619263
-0.06166728213429451
-1.3559843301773071
-0.4902588427066803
-0.3956185281276703
-0.4437357485294342
-0.6105405688285828
-0.26085370779037476
-0.20278002321720123
-0.8035792112350464
-0.2018420696258545
-0.6336899995803833
-0.03995602950453758
-0.49239563941955566
-0.20809821784496307
-0.49166247248649597
-0.1721547394990921
-0.4697526693344116
-0.40068531036376953
-0.25227493047714233
-0.4670287072658539
0.21855826675891876
0.09325611591339111
-0.07304994761943817
-0.10314695537090302
-0.7633676528930664
-0.5223938226699829
-0.4179157018661499
-0.7904109358787537
-0.47981560230255127
-0.44219231605529785
-0.4494038224220276
0.37929296493530273
-0.6782224178314209
-0.4476751983165741
-0.4942532181739807
-0.600395679473877
-0.42604565620422363
-0.526488721370697
-0.18770749866962433
0.055139657109975815
-0.6084327101707458
-0.5523322820663452
-0.25457990169525146
-0.8665221333503723
-0.2556621730327606
-0.5102552175521851
-1.0019506216049194
-0.9005048274993896
-0.8481626510620117
-1.110163927078247
0.2103690207004547
-0.6157119274139404
1.6168221235275269
-1.162296175956726
-0.25452226400375366
-0.3816892206668854
-0.22265252470970154
-0.19033879041671753
0.11116451025009155
0.062381573021411896
-0.7989145517349243
-0.24507199227809906
-1.4564391374588013
-0.7828965187072754
0.1319829821586609
-0.3296739459037781
-0.06578324735164642
-0.1706509292125702
-0.235158771276474
-0.2288840264081955
-0.6445730328559875
-0.31219223141670227
-0.4020238518714905
-0.8116594552993774
-0.5544406771659851
0.10151054710149765
-1.2289506196975708
0.008012340404093266
-0.10665573179721832
-0.2904911935329437
0.0728640928864479
-0.25730133056640625
-1.9722704887390137
-0.8801472187042236
-0.5708610415458679
0.27789515256881714
-0.2846986949443817
-0.9866342544555664
-0.2861348092556
-0.49586281180381775
-2.083824872970581
-0.06312185525894165
-0.7490996718406677
-0.500647246837616
-1.1295533180236816
-0.4359476864337921
-0.3378121852874756
-0.28807953000068665
-0.5512452721595764
-0.7168101668357849
-0.679458737373352
-0.5591175556182861
-0.09417171031236649
-0.16050440073013306
-0.9409072399139404
-0.32684558629989624
-0.2156045138835907
-0.49295875430107117
-1.112046241760254
-0.6409130692481995
-0.21310915052890778
0.055182017385959625
-0.7677109837532043
-0.3466452956199646
-2.1224868297576904
-0.18544350564479828
0.05239824205636978
-0.8854658603668213
-0.3818804621696472
-0.16998659074306488
-0.3449760973453522
-0.809776246547699
-0.765457034111023
0.2243250459432602
-0.8855364918708801
-0.7220728993415833
-1.0005862712860107
-0.35801178216934204
-0.761641263961792
-0.5949339270591736
-1.322631597518921
-0.1676132082939148
-0.5628971457481384
-0.8851210474967957
-0.11405442655086517
-0.23144574463367462
-0.6264004111289978
-0.5721469521522522
-0.39248332381248474
0.2086949646472931
-1.2192326784133911
-0.6913411617279053
0.06749822944402695
-0.6137227416038513
-0.0743555873632431
-0.2516034245491028
0.3912394046783447
-0.9947468638420105
-0.41641202569007874
-0.24028044939041138
-0.25093063712120056
-0.7601115703582764
-0.6932998895645142
0.11721614748239517
0.33615294098854065
-0.35604649782180786
-0.4814305603504181
-0.6537969708442688
-0.6876996159553528
-0.1046590507030487
-0.26193851232528687
-0.6015323996543884
-0.8583914041519165
-0.8424961566925049
-0.4269300699234009
-0.6159482598304749
0.10773915797472
-0.22883664071559906
-0.5492410063743591
-0.4491383135318756
-1.0977178812026978
-0.25658395886421204
-0.25904443860054016
-0.6264327764511108
-0.5007663369178772
-0.5659354329109192
0.23546016216278076
0.019785551354289055
-0.5427336096763611
-0.7418757677078247
-0.5097652077674866
-0.38789650797843933
-0.15769334137439728
-0.16288192570209503
-0.43601831793785095
-0.8374120593070984
-0.1362527757883072
-0.2601105570793152
-0.2624339759349823
-0.24935601651668549
0.11334919929504395
-0.10054535418748856
0.0034793787635862827
-1.4645041227340698
-0.291782408952713
-0.9772156476974487
-0.7107255458831787
-0.08406808972358704
-0.7538160681724548
-0.46477633714675903
-0.35594645142555237
-0.22059299051761627
0.05874716490507126
-0.5042834281921387
-0.21377140283584595
-1.8801002502441406
-1.3507616519927979
-0.04361997917294502
-0.2483813613653183
1.933742880821228
-0.5119158029556274
-0.25182926654815674
-0.5369592905044556
0.4508965015411377
0.008817216381430626
-0.04546068608760834
-0.8484976887702942
-0.7973520159721375
-0.800399124622345
0.6545256972312927
-0.3894595205783844
-0.5322426557540894
-0.8756784796714783
-0.5326588153839111
-0.1546059399843216
-0.4256610572338104
0.07911976426839828
-0.5468557476997375
0.11707841604948044
-0.13863781094551086
-0.4704466164112091
-0.587364673614502
-0.44678449630737305
-0.7089126706123352
-0.8699748516082764
-0.3887800872325897
-0.2618728280067444
-0.3676051199436188
0.07805819809436798
-0.4244900941848755
-0.5091028809547424
-0.17778617143630981
-0.25580841302871704
0.4786335527896881
-0.7077927589416504
-0.9174773097038269
-0.009266261011362076
-0.3544599115848541
-0.238570898771286
0.28915297985076904
-0.5390817523002625
-0.5490730404853821
-0.36863672733306885
-0.343644380569458
-0.9494825005531311
-0.6697528958320618
-0.36231470108032227
-2.401057243347168
-0.9909532070159912
-0.7342724204063416
-0.9271007180213928
-1.176433801651001
-0.37395793199539185
0.06380590051412582
-1.2774369716644287
-0.46959102153778076
0.2679198980331421
0.12095590680837631
0.31161847710609436
-0.30380871891975403
-0.15633103251457214
-0.5313007831573486
-0.5936614274978638
0.0623299814760685
-1.4739749431610107
-1.6195669174194336
-0.8935379385948181
0.00030443427385762334
-0.7242000102996826
-0.7098625898361206
-0.3888706564903259
-0.7074944972991943
-0.5623753666877747
-1.3996795415878296
-0.3430256247520447
-0.3840752840042114
-1.2950327396392822
-0.2757225036621094
-0.6743791103363037
-0.4287843704223633
-0.591284990310669
-0.4618699252605438
-0.16982673108577728
-0.367007851600647
-0.4015311002731323
-0.7062976360321045
-0.4400518238544464
0.20953257381916046
-0.361674040555954
-0.2573693096637726
-0.6089916825294495
-0.34911447763442993
-1.0145559310913086
-0.413411408662796
-0.10193245857954025
-0.9858478307723999
-0.9093191623687744
0.03016643598675728
-0.36999940872192383
-0.5119070410728455
-0.3265242576599121
-0.3436870574951172
-0.5624460577964783
1.4325599670410156
-0.4903438091278076
-0.045591238886117935
-1.455007553100586
-0.9035621285438538
0.02543517015874386
-0.005394344683736563
-0.7793017029762268
-0.3599884808063507
-0.4261220395565033
-0.15836156904697418
0.7291665077209473
-0.2688385844230652
-0.34681665897369385
0.04931633546948433
-0.47694331407546997
-0.5826836824417114
-0.6322808265686035
-0.7243140339851379
-0.5278840065002441
0.12270864844322205
-0.6486538648605347
-0.2916160225868225
-0.6741529107093811
0.04251221939921379
-0.4108613431453705
-0.44139379262924194
0.2917018234729767
-0.19712917506694794
-0.5226818323135376
-0.43544015288352966
-0.9215794801712036
0.009165427647531033
-0.2216467261314392
-1.4425886869430542
-1.372044324874878
-0.532433807849884
-0.3943864107131958
-0.39861199259757996
0.3323335647583008
-0.7118117213249207
-0.23137885332107544
-0.4605528712272644
-0.1941930502653122
-0.8491231799125671
-1.1804602146148682
-0.5614094734191895
-0.4975484609603882
-0.45274579524993896
-0.2729460597038269
-0.669416606426239
0.10939212888479233
0.04963686689734459
-0.3480549454689026
0.7748162746429443
-1.0893713235855103
-0.7556408047676086
-0.10958239436149597
-0.5070192813873291
-0.7543778419494629
-1.053294062614441
1.0263780355453491
-0.6639865040779114
0.14526404440402985
-0.7210794687271118
-0.3828275203704834
-0.5076631307601929
-0.003425674280151725
-0.5625796914100647
-1.2295001745224
-0.44631436467170715
-0.3606199622154236
-0.6293774247169495
-0.267674058675766
-0.1735079288482666
-0.5358738899230957
-0.8159008622169495
-0.21132871508598328
-0.030425086617469788
-0.09856775403022766
-0.24241404235363007
-0.6070801019668579
-0.652195394039154
0.14566314220428467
0.32517632842063904
-0.3093445301055908
-0.34663495421409607
-0.35020238161087036
-0.10964734852313995
-0.8014997839927673
-0.6261431574821472
-0.6737388372421265
-0.9592565298080444
0.03559213504195213
-0.6144205331802368
-0.6987100839614868
-0.21997176110744476
-0.9203462600708008
-0.7925258874893188
-0.1777132749557495
-0.2780386507511139
-0.2034076750278473
0.3087381422519684
-0.9727441668510437
0.026276661083102226
-1.9103208780288696
-0.35322412848472595
-0.12007216364145279
-0.4863014817237854
-0.09228522330522537
-0.19287922978401184
-0.22070132195949554
1.1807507276535034
-0.2531159818172455
-0.09594814479351044
-0.4249228835105896
-0.4528486430644989
-0.11588606983423233
-0.12004998326301575
0.3000340759754181
-0.2364693582057953
-1.475522518157959
-0.10829447954893112
-0.7005001306533813
-0.5595037341117859
-1.0686044692993164
-0.6440073251724243
-0.528934121131897
-0.2863788306713104
-0.13172876834869385
0.05467229709029198
-0.6057006120681763
-0.16788539290428162
-0.9039759039878845
-0.14141324162483215
-0.5725675225257874
-0.932912290096283
-0.597080409526825
0.5182755589485168
0.0765390619635582
-0.12841521203517914
-0.8622784614562988
-0.7839981317520142
-1.0967460870742798
0.33565255999565125
-0.4439505934715271
-1.1033174991607666
0.3843466341495514
-1.3661975860595703
-0.22763396799564362
-0.4581298828125
-0.8831178545951843
-0.6617592573165894
0.13527460396289825
-0.16166682541370392
-0.5349763035774231
0.479900062084198
-0.12185391783714294
-0.8414751291275024
-1.0340124368667603
-0.3233703076839447
0.013368351384997368
-0.5773159861564636
-0.17933323979377747
-4.340378761291504
-0.33223313093185425
-0.8521409630775452
-0.8092516660690308
0.33728647232055664
-0.7672626376152039
-0.32018864154815674
-1.611528754234314
-0.40706658363342285
-0.2668849527835846
-0.5050447583198547
0.031033337116241455
-0.37438565492630005
0.06976906955242157
-0.27769923210144043
0.12383849918842316
-0.18359026312828064
0.19313661754131317
-0.4059954583644867
-0.036304038017988205
-0.2718740999698639
-1.010858416557312
-0.7360899448394775
0.4154168963432312
-0.21308574080467224
-0.5380558371543884
0.47986558079719543
-0.2817768454551697
-0.34535884857177734
-1.3198450803756714
-0.30495452880859375
-0.7741708159446716
-0.6120729446411133
-0.28627294301986694
-0.8581734895706177
-0.48514631390571594
-0.5158963799476624
0.4801493287086487
-0.6561419367790222
-0.9413272142410278
-0.3427479565143585
0.010961084626615047
-0.4326242208480835
-0.7798511981964111
0.155983105301857
-0.4218446612358093
-0.8083829879760742
-0.9677587151527405
-0.44866856932640076
-0.9116480350494385
-0.8319340944290161
0.500539243221283
-0.18094462156295776
-0.1511259227991104
-1.000928521156311
-0.04182298481464386
-0.6136794686317444
0.9198705554008484
0.099585622549057
-0.5122588872909546
-0.5060639381408691
-0.9402226209640503
-0.6182398796081543
-0.09079347550868988
-0.4094341993331909
-0.4635550379753113
-0.647215723991394
-0.3988971710205078
-0.4805223047733307
-0.9617519378662109
-0.18733049929141998
-0.5631784200668335
-0.1866559088230133
-0.1978645771741867
-0.33337050676345825
-0.8294606804847717
0.13726922869682312
-0.963046669960022
-0.17664948105812073
-0.2525942325592041
-0.4040301740169525
0.18264517188072205
-0.08677374571561813
-0.278872549533844
-0.5534246563911438
-1.5576411485671997
-0.3104322850704193
-0.5083762407302856
0.06125076860189438
-0.22789938747882843
-0.13117744028568268
-0.6415392160415649
0.007714494597166777
-0.45969945192337036
-0.4865109324455261
0.16653308272361755
-1.6280641555786133
0.31268733739852905
-0.507889986038208
-1.0222893953323364
-0.6187474131584167
0.48325324058532715
-0.1801762729883194
-0.13485586643218994
-0.8797374963760376
-2.0314438343048096
-0.693669855594635
