-0.134456068277359
-0.1941474974155426
0.14319053292274475
0.07157943397760391
-0.031137101352214813
0.28320619463920593
-0.1508864164352417
0.08728141337633133
-0.014350544661283493
0.07341133058071136
0.0823284462094307
0.16094519197940826
0.1545349508523941
-0.02491563744843006
-0.0168169979006052
-0.049932971596717834
-0.25135520100593567
-0.19518797099590302
-0.33040618896484375
-0.129860520362854
-0.12309859693050385
0.16108809411525726
0.09083233773708344
-0.21109527349472046
-0.20514769852161407
-0.0003309735038783401
-0.170275017619133
0.34673812985420227
-0.05378049612045288
0.05630708113312721
0.012936905957758427
-0.008826041594147682
0.086087666451931
0.16399946808815002
0.16119952499866486
-0.1193222925066948
-0.15317335724830627
0.04457053542137146
0.06140562519431114
0.12111520767211914
-0.24358147382736206
-0.09279541671276093
0.08718593418598175
0.14748574793338776
0.14739035069942474
-0.034479156136512756
-0.12836293876171112
0.1900324523448944
-0.03217208757996559
-0.02629757858812809
-0.08198846876621246
0.2859231233596802
0.17248067259788513
-0.17605870962142944
0.25930705666542053
-0.017476331442594528
0.025987034663558006
0.15218611061573029
-0.04973211511969566
0.14981545507907867
-0.0980769619345665
0.035741228610277176
-0.1497107744216919
-0.8329558372497559
0.00970084685832262
0.09630850702524185
0.13215824961662292
0.0843292698264122
0.29675060510635376
0.19188663363456726
-0.7055604457855225
-0.15326522290706635
0.5143995881080627
0.1041235402226448
0.3772301971912384
0.03737432882189751
0.12095893919467926
0.27578628063201904
0.1299595981836319
0.023814082145690918
0.22741420567035675
-0.2770267128944397
-0.20539182424545288
-0.0461592823266983
-0.07864640653133392
-0.1400212049484253
-0.048419345170259476
-0.05836474150419235
0.1667812168598175
0.19798775017261505
0.0704115629196167
-0.07377664744853973
0.10057905316352844
0.32213515043258667
-0.2001192569732666
0.17298029363155365
0.06831826269626617
0.03355010598897934
-0.19691847264766693
-0.12326079607009888
0.002978669945150614
-0.14226117730140686
0.03661927208304405
-0.206513449549675
0.08123068511486053
0.09184431284666061
-0.09295239299535751
-0.03855283558368683
0.051335178315639496
-0.09582687169313431
-0.11551003158092499
0.057517699897289276
0.01611414924263954
0.00113458011765033
0.22052311897277832
0.1441539078950882
0.01474534347653389
-0.03511666879057884
-0.024775315076112747
0.08687897771596909
-0.03321686387062073
-0.12565959990024567
0.12092549353837967
0.016310881823301315
0.1031651422381401
-0.23995764553546906
0.5664528012275696
-0.11904042214155197
-0.12024877220392227
-0.04644211754202843
-0.09953902661800385
0.23329555988311768
-0.00849045068025589
0.037898994982242584
-0.24498559534549713
0.13440872728824615
-0.10112364590167999
0.12039598077535629
-0.04358493909239769
0.06973592191934586
0.05152570456266403
0.009242561645805836
0.21350182592868805
0.026674453169107437
0.059571653604507446
-0.12003671377897263
0.18521583080291748
0.08209910988807678
-0.22175781428813934
-0.05468181520700455
-0.11764995008707047
0.12981289625167847
0.03995809704065323
0.010108222253620625
0.4155122637748718
-0.006412121467292309
0.11835728585720062
-0.018699243664741516
0.3390618860721588
0.18835361301898956
0.16111528873443604
-0.015020397491753101
-0.06929778307676315
-0.08057256042957306
-0.04658728837966919
-0.0007602849509567022
0.3086501657962799
0.060369234532117844
-0.05036567524075508
-0.04900142922997475
-0.09729813039302826
-0.05097810551524162
-0.12758737802505493
-0.0007438872708007693
0.10701052099466324
0.024684851989150047
0.14044620096683502
0.17294341325759888
0.07459329068660736
0.40733665227890015
0.07641556859016418
-0.026865389198064804
-0.19730409979820251
0.1696060299873352
0.09960830956697464
0.028268082067370415
0.1730353832244873
0.19088773429393768
-0.23931649327278137
-0.30346667766571045
-0.16362710297107697
-0.004676229320466518
