0.09649389982223511
0.09713524580001831
0.10130709409713745
0.10229790210723877
0.09680867195129395
0.11238229274749756
0.10304838418960571
0.11705398559570312
0.08703666925430298
0.11067849397659302
0.09385359287261963
0.0914989709854126
0.11094582080841064
0.11088335514068604
0.10450077056884766
0.10213875770568848
0.0952712893486023
0.1080700159072876
0.13646286725997925
0.10489803552627563
0.09539449214935303
0.10954773426055908
0.1305180788040161
0.1150367259979248
0.11166292428970337
0.10601937770843506
0.1133769154548645
0.14283370971679688
0.11068147420883179
0.10257160663604736
0.09570968151092529
0.09722059965133667
0.1030382513999939
0.09546828269958496
0.1021876335144043
0.10106462240219116
0.09937608242034912
0.10971808433532715
0.09534847736358643
0.09701913595199585
0.12089502811431885
0.10764312744140625
0.09304898977279663
0.09408754110336304
0.10552024841308594
0.10523611307144165
0.09624630212783813
0.09061765670776367
0.10771411657333374
0.12403863668441772
0.0896497368812561
0.11683452129364014
0.10403943061828613
0.10319626331329346
0.11814415454864502
0.09865772724151611
0.09241652488708496
0.08760422468185425
0.11069309711456299
0.10744494199752808
0.12481689453125
0.09741687774658203
0.09371006488800049
0.46649885177612305
0.09565532207489014
0.09523308277130127
0.11022907495498657
0.09519284963607788
0.11015671491622925
0.10732072591781616
0.13180798292160034
0.12307184934616089
0.1163434386253357
0.10101348161697388
0.19272750616073608
0.10153770446777344
0.1208450198173523
0.13900309801101685
0.1014208197593689
0.10300707817077637
0.11058008670806885
0.1081002950668335
0.0958794355392456
0.10195589065551758
0.11462068557739258
0.09882843494415283
0.11005699634552002
0.10102301836013794
0.10484611988067627
0.11281883716583252
0.09890520572662354
0.09106159210205078
0.0954521894454956
0.10274368524551392
0.11905109882354736
0.10409116744995117
0.09965962171554565
0.09917795658111572
0.09861057996749878
0.11516201496124268
0.09163844585418701
0.10896605253219604
0.09840726852416992
0.0951032042503357
0.1017378568649292
0.10701924562454224
0.09151577949523926
0.10774046182632446
0.10849881172180176
0.09609007835388184
0.10579788684844971
0.09036725759506226
0.10262811183929443
0.10704374313354492
0.12881332635879517
0.10496687889099121
0.09855473041534424
0.10224390029907227
0.09849435091018677
0.10264992713928223
0.09482860565185547
0.12366986274719238
0.09782499074935913
0.09639620780944824
0.0960397720336914
0.14140981435775757
0.1787356734275818
0.10443991422653198
0.11188024282455444
0.1277896761894226
0.10764682292938232
0.10589635372161865
0.09424728155136108
0.09554833173751831
0.11150723695755005
0.09184807538986206
0.11479747295379639
0.10454696416854858
0.0935981273651123
0.10062426328659058
0.10822111368179321
0.1071893572807312
0.10560542345046997
0.0992896556854248
0.09782755374908447
0.0979764461517334
0.10050415992736816
0.09972679615020752
0.11188292503356934
0.09846824407577515
0.11317634582519531
0.10054028034210205
0.10008138418197632
0.09345865249633789
0.12451189756393433
0.1331549882888794
0.11012881994247437
0.10001671314239502
0.11709064245223999
0.09252512454986572
0.09799009561538696
0.09614348411560059
0.10110253095626831
0.09903812408447266
0.09822702407836914
0.0929800271987915
0.10596752166748047
0.10044848918914795
0.10395634174346924
0.09116291999816895
0.09831798076629639
0.09610503911972046
0.12350350618362427
0.1015019416809082
0.10312604904174805
0.10151326656341553
0.10043174028396606
0.09585195779800415
0.11327129602432251
0.11319708824157715
0.1109345555305481
0.09228885173797607
0.10625874996185303
0.10586285591125488
0.10226708650588989
0.09214472770690918
0.11214178800582886
0.12279421091079712
0.09824526309967041
0.12134742736816406
0.1001654863357544
0.09551346302032471
