2.0210869312286377
1.611072301864624
1.9219655990600586
2.0353190898895264
1.822723627090454
2.033050537109375
1.5329258441925049
2.002232551574707
1.7696880102157593
1.3996384143829346
1.870370864868164
1.6704148054122925
1.788055658340454
2.1375958919525146
1.8485866785049438
1.8431185483932495
1.949684977531433
2.1262502670288086
2.322582483291626
1.9601540565490723
1.8243645429611206
2.110558032989502
1.291660189628601
2.1496694087982178
2.203115940093994
1.3455612659454346
2.068247079849243
2.1744847297668457
1.5764514207839966
1.5195542573928833
1.8300974369049072
1.8394149541854858
2.033555269241333
1.8385918140411377
1.952254056930542
1.7642006874084473
2.0452866554260254
1.46466863155365
1.98842453956604
1.8594526052474976
2.1352853775024414
1.6423102617263794
1.790256381034851
2.0386765003204346
1.7908661365509033
1.956119179725647
1.7974337339401245
1.6019983291625977
1.4297056198120117
2.1716747283935547
1.7000948190689087
2.063692092895508
1.584513545036316
1.9731557369232178
2.139202117919922
1.877468228340149
1.804685354232788
1.8731439113616943
1.9362635612487793
2.093068838119507
1.32834792137146
1.8754383325576782
1.912889838218689
4.231301784515381
1.9244297742843628
1.8343849182128906
1.3885868787765503
1.8830888271331787
2.167870044708252
1.9885046482086182
2.6537885665893555
1.6893081665039062
2.0738134384155273
2.022824764251709
2.660552501678467
1.8187600374221802
2.1165709495544434
2.292057514190674
1.9696840047836304
2.0129761695861816
2.160471200942993
2.152940511703491
1.62492036819458
1.859947919845581
2.0714309215545654
1.867458462715149
1.9520870447158813
1.926129937171936
1.9630569219589233
2.092454433441162
2.018869161605835
1.824386715888977
1.463150143623352
1.945353388786316
2.390673875808716
2.128148317337036
1.954315185546875
2.0068771839141846
2.0495569705963135
1.23923921585083
1.947075605392456
2.0319418907165527
1.937911033630371
1.9228665828704834
1.9783871173858643
2.00242018699646
1.6912447214126587
2.039691925048828
2.0235936641693115
1.9965288639068604
2.1093637943267822
1.8561532497406006
1.9379205703735352
2.0769057273864746
2.3087778091430664
1.8294330835342407
1.8521978855133057
1.386210322380066
1.5518137216567993
2.00822114944458
1.7490540742874146
2.2642273902893066
1.7520371675491333
1.7256183624267578
1.953946590423584
1.7493726015090942
2.869344472885132
1.9594446420669556
2.1693575382232666
1.294470191001892
1.9444501399993896
2.1837806701660156
1.8428434133529663
1.8553165197372437
2.0110552310943604
1.6125966310501099
2.205962657928467
1.9635889530181885
1.775360107421875
1.9392142295837402
2.090665578842163
1.5357755422592163
2.019760847091675
1.9293196201324463
1.9408849477767944
1.9805397987365723
1.9491865634918213
2.0220842361450195
1.8597522974014282
1.8580528497695923
2.151399850845337
1.73403000831604
1.8111475706100464
1.941908836364746
2.1743228435516357
1.5164368152618408
2.1702048778533936
1.515149474143982
2.2493093013763428
1.9006636142730713
1.900923252105713
1.8298847675323486
1.6896296739578247
1.9523169994354248
1.7160362005233765
1.8239730596542358
1.7978826761245728
1.6911288499832153
2.0403645038604736
1.9102387428283691
1.6620635986328125
1.8569269180297852
2.155428171157837
1.7242835760116577
1.556989073753357
1.9987047910690308
1.8260267972946167
1.911789059638977
1.435899257659912
2.2610511779785156
1.5178526639938354
1.8772472143173218
2.132161855697632
2.0163490772247314
1.5352435111999512
1.8695275783538818
2.0367026329040527
2.1991541385650635
1.9545185565948486
2.244203805923462
1.8930773735046387
1.857915997505188
