-5.1080827713012695
-10.278696060180664
-0.6790185570716858
-2.8772542476654053
-2.0469555854797363
-9.211423873901367
-6.272936820983887
-0.5471929907798767
-6.746206760406494
-9.61496353149414
-1.8358604907989502
-10.72799015045166
-3.7121706008911133
-5.972484111785889
-6.64241361618042
-5.841315746307373
-6.936478137969971
-5.1213603019714355
-11.177483558654785
-3.3764631748199463
-3.766920328140259
-0.6571587324142456
-8.762700080871582
-4.944346904754639
-7.501053333282471
-3.416417360305786
-3.1583971977233887
4.8519511222839355
-10.192717552185059
-13.591935157775879
-2.9824461936950684
-5.9047980308532715
-1.980372428894043
4.626929759979248
-9.221028327941895
-6.750179290771484
-7.301383018493652
-10.005578994750977
-10.910829544067383
-5.018542766571045
-9.630711555480957
-2.724064826965332
-1.1431418657302856
-4.092295169830322
-9.053291320800781
-5.959462642669678
-8.726543426513672
-13.453259468078613
8.496878623962402
-9.43081283569336
-13.00307846069336
-5.140014171600342
-0.8038340210914612
-3.8748669624328613
9.308770179748535
-3.0549871921539307
-9.474884986877441
-12.611818313598633
-11.800848960876465
-5.302558898925781
-9.637016296386719
-7.406917095184326
-2.8227860927581787
8.100571632385254
-8.017227172851562
-4.050175189971924
-8.829825401306152
-10.423189163208008
-5.538598537445068
-11.052478790283203
4.530972480773926
-7.388302803039551
-3.724668025970459
-6.569114685058594
-1.9109978675842285
-4.012802600860596
-7.402336120605469
-6.305120944976807
-10.705832481384277
-4.191877841949463
-10.98355770111084
-1.8808318376541138
-8.357508659362793
2.521157741546631
-10.080753326416016
-12.95750904083252
-5.232487201690674
-7.202522277832031
-10.396438598632812
-7.171794414520264
-10.396833419799805
-6.70025634765625
-6.567584037780762
-1.3110514879226685
-11.09545612335205
-0.6341375112533569
-11.469803810119629
-9.54261302947998
-10.897802352905273
-4.762397289276123
-3.5838680267333984
-11.820520401000977
-11.332914352416992
-11.853862762451172
-8.50330924987793
-3.9869136810302734
-14.051865577697754
-12.279316902160645
1.7399318218231201
-5.044706344604492
-5.9780192375183105
-8.342172622680664
-10.947237968444824
-8.537660598754883
-10.680655479431152
-7.453038692474365
-6.0007147789001465
-9.786304473876953
-9.589306831359863
-9.047137260437012
-9.092899322509766
0.028628841042518616
-11.174480438232422
-8.51338005065918
-4.436429500579834
-9.952198028564453
-10.491904258728027
-10.215863227844238
-4.804721355438232
-3.0207366943359375
-5.661872386932373
-11.024008750915527
-7.8564252853393555
-6.528000831604004
-6.00390100479126
-2.326186180114746
-0.38620060682296753
-8.777689933776855
-2.1694276332855225
-1.1546109914779663
-4.483615875244141
-12.207818984985352
-1.247829556465149
-7.530447483062744
-5.137958526611328
-4.783979892730713
-7.238861083984375
-2.31357741355896
-11.019043922424316
-10.024063110351562
-2.0882956981658936
-9.833157539367676
-3.4230618476867676
2.177464485168457
-6.896955490112305
-10.602128982543945
-2.342357635498047
2.7342326641082764
-1.7431161403656006
-5.627094268798828
-3.477193593978882
-11.356104850769043
-6.269224166870117
-12.026728630065918
-10.981107711791992
-8.230894088745117
-1.726331114768982
-8.88039493560791
-4.368605136871338
-7.857532501220703
-10.946416854858398
-6.759125232696533
-9.784143447875977
-10.134284973144531
-4.303823471069336
-11.10578727722168
-11.707977294921875
-6.011623859405518
-10.843847274780273
-2.609248638153076
-1.9321552515029907
-8.281167030334473
-7.950456142425537
-5.279803276062012
-7.619342803955078
-8.557391166687012
0.06761419773101807
2.053288459777832
-7.0981035232543945
-6.754241943359375
0.4506288170814514
-13.085317611694336
-12.09582805633545
-2.2078518867492676
-7.200720310211182
-11.134583473205566
-9.901700973510742
-9.515682220458984
-10.411490440368652
-2.260359048843384
-6.785955429077148
-4.527608871459961
-6.061066627502441
-9.6749906539917
-7.292107105255127
-7.0753703117370605
-11.979461669921875
-5.278340816497803
-8.999409675598145
-11.064736366271973
-9.871925354003906
-5.3929901123046875
-10.107409477233887
-8.702608108520508
-8.390338897705078
-8.676535606384277
-13.568342208862305
-2.7741518020629883
-7.936605930328369
-5.868483066558838
-9.511763572692871
-10.617819786071777
-2.345574378967285
-6.391600608825684
-10.01012897491455
-11.986708641052246
-5.102993965148926
-0.2814881503582001
-8.660347938537598
-3.0669689178466797
-6.706127166748047
1.4360990524291992
-10.721129417419434
-7.265336513519287
-10.097208023071289
-8.790852546691895
-7.81472635269165
-10.79818058013916
-8.499350547790527
-9.344184875488281
-7.8745808601379395
-4.23213529586792
-3.170584201812744
-10.323738098144531
2.9350104331970215
-3.897284746170044
-3.00614595413208
-10.965835571289062
-0.4144141972064972
1.232397437095642
-8.68911361694336
-9.141731262207031
-2.2257633209228516
-8.619233131408691
-8.021953582763672
-10.833869934082031
-10.317399978637695
-7.834920406341553
-1.6136531829833984
-4.097675800323486
-4.108901500701904
0.6974926590919495
-5.253367900848389
-10.527363777160645
-0.5473434329032898
-5.458003044128418
-9.626224517822266
-4.106134414672852
-14.671222686767578
-8.993738174438477
-12.32960319519043
-2.582343816757202
-6.025933742523193
-11.330594062805176
-0.3816274404525757
-2.5022406578063965
2.4856860637664795
-10.183609962463379
-4.790136814117432
-0.17224466800689697
4.670883655548096
1.5962607860565186
-5.017771244049072
-11.83517074584961
-3.8429582118988037
-6.208187103271484
3.2153375148773193
-5.3142571449279785
-2.738647699356079
-2.866058349609375
-11.258185386657715
-3.2006943225860596
-5.472445487976074
-4.1257219314575195
-2.150815725326538
-12.185343742370605
-8.68249797821045
-2.3676557540893555
0.6960705518722534
-8.104504585266113
-2.7961058616638184
-8.885376930236816
-10.261063575744629
-2.309279680252075
-11.251211166381836
0.07791214436292648
-2.276723861694336
-5.022576808929443
-4.893808364868164
-11.520869255065918
-0.3710498511791229
-9.827615737915039
-5.017334938049316
-5.65567684173584
3.505850315093994
-5.181577682495117
-10.581811904907227
-6.695858955383301
-8.11191177368164
-12.615650177001953
-1.0089030265808105
-8.23482608795166
-2.964202404022217
2.9788520336151123
1.8304353952407837
-5.885900974273682
-3.420170307159424
-5.735010623931885
-4.2510666847229
-5.414829254150391
-12.580385208129883
-9.829692840576172
-4.079587459564209
-10.252208709716797
-1.3489607572555542
-10.0918607711792
-3.0547127723693848
-6.716922283172607
-0.5707138776779175
-8.961618423461914
-2.401381731033325
-3.9941771030426025
-3.9552831649780273
-8.103920936584473
-6.722468852996826
-1.6048929691314697
2.3344972133636475
-1.2629674673080444
-8.154385566711426
-11.164448738098145
-12.254520416259766
-5.9739861488342285
-6.612183094024658
-10.63834285736084
-1.7724019289016724
-12.19770622253418
-12.4458589553833
-7.006718158721924
-4.274649143218994
-11.078595161437988
-12.204292297363281
-10.765547752380371
-8.034355163574219
-11.30904769897461
-0.9609573483467102
-11.567422866821289
-9.475720405578613
-2.749972105026245
-7.227372646331787
4.174571514129639
-9.776566505432129
-0.8299290537834167
-13.594924926757812
-0.30687615275382996
-4.343885898590088
-11.282495498657227
-21.245452880859375
-5.019473552703857
-8.323494911193848
-2.5772204399108887
-9.04840087890625
-8.079754829406738
2.6756184101104736
-2.89548397064209
-8.602727890014648
-10.867960929870605
-1.6402246952056885
-10.807088851928711
0.1360984444618225
-2.475630521774292
-5.186976432800293
-2.71236515045166
-6.38828706741333
-7.713625431060791
-8.57848834991455
-3.792768955230713
-7.0595293045043945
-12.25631046295166
-9.718218803405762
-4.606165885925293
-5.022246837615967
-10.589022636413574
-2.85799503326416
-3.5357158184051514
2.187002420425415
-3.540391683578491
-2.746601104736328
-4.924336910247803
3.8571527004241943
7.6575927734375
-5.094991207122803
-9.852879524230957
-11.823163986206055
-6.002935886383057
-9.543620109558105
-10.365379333496094
-6.582715034484863
-4.72331428527832
-10.179109573364258
-5.34442663192749
-8.778385162353516
-9.107847213745117
0.25078970193862915
-10.314656257629395
-11.859464645385742
-0.009173784404993057
3.3800625801086426
-5.680614948272705
-6.683293342590332
-10.138547897338867
-2.186234951019287
-6.57786226272583
-9.107634544372559
-7.372572422027588
-5.512645721435547
-9.569379806518555
-13.225095748901367
-12.392495155334473
-3.2421858310699463
-8.452191352844238
-9.870625495910645
-6.76035737991333
-10.435136795043945
-8.428226470947266
-8.723984718322754
-10.580106735229492
-4.147890090942383
-20.981603622436523
-9.4399995803833
-9.711616516113281
-10.52003002166748
-4.487602710723877
-8.145748138427734
-5.209525108337402
-1.2891054153442383
-1.6240302324295044
-11.450721740722656
-1.7916581630706787
-7.98676872253418
-9.071064949035645
-12.544827461242676
-12.725127220153809
-5.9991607666015625
-5.742619037628174
-9.161296844482422
2.900684118270874
-2.6167349815368652
-13.074374198913574
-2.699101686477661
-7.0976667404174805
-7.933055877685547
-12.430792808532715
-5.3808722496032715
-6.000660419464111
-8.943792343139648
-6.894473075866699
-0.9471312165260315
1.438067078590393
-11.029511451721191
-7.384786128997803
-11.881696701049805
-5.158107757568359
-8.207677841186523
-11.383471488952637
-8.942051887512207
-9.753165245056152
-2.1299304962158203
-3.7466907501220703
-5.07089376449585
-11.681720733642578
-5.014320373535156
-10.393071174621582
-9.235006332397461
-5.305759906768799
-9.471426963806152
-13.005021095275879
-9.51915168762207
-10.736429214477539
-9.17127513885498
3.2663681507110596
-10.316490173339844
-5.846364498138428
-7.556140422821045
-7.009666919708252
-8.432760238647461
-9.947403907775879
-12.038414001464844
-9.034785270690918
-7.652762413024902
1.5423972606658936
-10.376459121704102
-2.3859262466430664
-10.007869720458984
-4.198122024536133
-7.03004264831543
-10.928197860717773
-4.000469207763672
-6.228625774383545
-2.401204824447632
-6.8667755126953125
-2.4514060020446777
-5.326630592346191
-4.496462821960449
-9.93071460723877
2.6908154487609863
-4.025723934173584
-5.516317844390869
-12.34119987487793
-11.375255584716797
-2.317169427871704
-10.082782745361328
-1.4687281847000122
-5.6777119636535645
-3.7223432064056396
-0.09169473499059677
-10.833019256591797
-6.009119510650635
-13.544995307922363
-10.785992622375488
-2.975908041000366
-5.396386623382568
-3.1951186656951904
-6.038930892944336
-11.17738151550293
-4.621918678283691
-5.166821002960205
-11.139243125915527
-12.078245162963867
2.009721279144287
-5.196347236633301
-5.853758335113525
1.4588602781295776
-10.256641387939453
-12.48358154296875
-4.172746658325195
-2.1226634979248047
4.0449538230896
-11.74062442779541
-10.611550331115723
-11.056028366088867
-4.102397441864014
-1.6775963306427002
-1.1105128526687622
-3.337747097015381
-0.9340803623199463
-10.168923377990723
-9.0578031539917
-8.483262062072754
-3.0900354385375977
-10.061402320861816
-5.643527507781982
-3.3012096881866455
-9.989921569824219
-2.585970878601074
-5.239485740661621
-6.85798978805542
-10.315775871276855
-3.0512468814849854
-1.9264590740203857
-10.15036678314209
-4.149062633514404
-6.206470489501953
-10.731063842773438
3.419499397277832
-2.733898162841797
-8.106290817260742
-0.08816691488027573
-8.818279266357422
-3.362626791000366
-1.8255822658538818
-10.963144302368164
-4.121314525604248
-6.641756534576416
-4.968988418579102
-11.645956993103027
-4.221045970916748
3.5719285011291504
1.4335389137268066
-5.860265254974365
2.892479658126831
-9.204827308654785
-1.7686668634414673
-10.6829195022583
-11.757134437561035
-3.1092796325683594
0.7480570077896118
-2.308382749557495
-8.252118110656738
-3.0321576595306396
-9.306726455688477
-4.245558261871338
-13.338781356811523
-6.97269868850708
-3.1804373264312744
-8.425363540649414
-6.495294094085693
-10.630358695983887
-4.837395191192627
-6.388092517852783
-16.01995277404785
-6.917822360992432
-10.310613632202148
-9.63405704498291
-5.311555862426758
-1.5500587224960327
1.4349744319915771
-12.72150707244873
-11.537501335144043
-5.189103603363037
5.669917583465576
3.195387363433838
-12.661552429199219
-8.029025077819824
-3.5882668495178223
-6.4228739738464355
-1.4068045616149902
-9.268402099609375
-8.89177417755127
-10.221183776855469
-6.7131733894348145
-10.18371868133545
1.5863169431686401
-0.7861401438713074
-11.78962516784668
-2.355053663253784
-13.018390655517578
-2.311680316925049
-11.405131340026855
-12.600421905517578
-3.115797996520996
-4.535715579986572
-0.15616483986377716
-11.023448944091797
-11.23185920715332
-7.0488739013671875
-0.6622077822685242
-9.270615577697754
-10.107019424438477
-6.005035400390625
6.892765045166016
-4.519078731536865
-10.057059288024902
-12.116427421569824
-12.15561294555664
-7.461302757263184
-12.796021461486816
-4.8597517013549805
2.4455857276916504
-2.11387300491333
-3.3536627292633057
-3.2961339950561523
-7.023768424987793
-7.5212721824646
-13.239702224731445
-7.014585494995117
-11.001665115356445
-1.9929884672164917
-8.122712135314941
-10.807106971740723
-5.218052387237549
-10.4952974319458
-6.589024543762207
0.5555694103240967
-2.7749578952789307
-5.177598476409912
-7.362775802612305
-11.280060768127441
-8.165698051452637
-11.976222038269043
-10.218958854675293
-0.3136920630931854
-8.794459342956543
-3.568437099456787
-3.2150492668151855
-11.517128944396973
-10.01201057434082
-9.938602447509766
-12.923937797546387
-8.373016357421875
-4.056972980499268
-8.111842155456543
3.9312362670898438
-13.655769348144531
-11.451815605163574
-5.873920917510986
-11.29896354675293
-2.599458932876587
-8.449748039245605
-5.14669942855835
-0.3961402475833893
-8.096242904663086
-6.880194664001465
-10.605607032775879
-3.2079689502716064
-6.198854923248291
-5.111884593963623
-9.75617790222168
-6.382031440734863
-10.744664192199707
-11.535836219787598
-8.278613090515137
-3.633733034133911
-6.325359344482422
-11.249635696411133
-8.425650596618652
-10.882919311523438
-1.7736897468566895
-0.8100712895393372
-0.5508038997650146
-6.860881805419922
-5.891787528991699
-6.781372547149658
-10.244498252868652
5.056845188140869
-12.906983375549316
-3.823837995529175
3.100957155227661
-7.198146343231201
-9.633184432983398
-7.725870132446289
-5.78450870513916
-7.286524295806885
-13.228172302246094
-3.437720537185669
-0.5239792466163635
2.1913044452667236
-11.78011703491211
-10.922566413879395
-9.263070106506348
-9.676546096801758
-7.6784987449646
-9.365478515625
-2.4354000091552734
-2.3812623023986816
-5.208557605743408
-12.37217903137207
-6.78612756729126
-4.875821590423584
-7.057071208953857
-9.965789794921875
-5.325037479400635
-4.050667762756348
-8.674473762512207
-4.70557165145874
-8.030570983886719
-4.640549659729004
-0.7828196883201599
-1.762898325920105
-12.8986234664917
-1.8853074312210083
-10.210124015808105
-7.25290584564209
-12.664216041564941
-8.992820739746094
-6.943864822387695
-1.5668703317642212
-2.0410776138305664
0.07583395391702652
-7.911744594573975
-10.482184410095215
-8.435347557067871
-11.270942687988281
-5.567998886108398
-7.585558891296387
-7.06389045715332
-4.833371162414551
-2.063241958618164
-1.2949926853179932
-9.439068794250488
-8.465265274047852
-11.764118194580078
-2.2577061653137207
-8.7416353225708
-6.012985706329346
-8.866271018981934
-4.177041053771973
-4.195369243621826
-2.7372324466705322
-3.755335807800293
-7.106518268585205
-10.459468841552734
-10.089695930480957
-10.944235801696777
-11.092874526977539
-5.644472599029541
3.108593463897705
7.373248100280762
-6.025813579559326
-12.392696380615234
-1.3000105619430542
-8.249174118041992
-10.638239860534668
-3.127384901046753
-13.540138244628906
-9.235074996948242
-8.67569351196289
-3.7092485427856445
-3.5342137813568115
-3.5165369510650635
-5.518062114715576
-7.062638759613037
-4.172308921813965
-9.89698600769043
-4.595669746398926
-1.4176584482192993
-5.957558631896973
-4.0498857498168945
-2.0477328300476074
-2.514958620071411
-9.533920288085938
-7.148961067199707
-7.803596496582031
-9.518742561340332
-4.109544277191162
-0.8696380257606506
-11.525458335876465
-6.865139484405518
-16.13230323791504
-7.761776924133301
-4.252203941345215
-4.608512878417969
-9.694230079650879
-9.043932914733887
-1.2835288047790527
-3.7923686504364014
-7.8683648109436035
-0.5786662697792053
-11.6618070602417
-2.490748405456543
-10.453319549560547
-3.7700588703155518
3.795032024383545
-10.43172550201416
-3.6756479740142822
-13.561095237731934
-0.06591416895389557
1.0688272714614868
-10.51791763305664
-6.65919828414917
-11.89416217803955
-9.457744598388672
-8.771835327148438
-8.651995658874512
-3.1690664291381836
23.620849609375
-9.635058403015137
1.4779833555221558
-1.6820039749145508
-0.6209575533866882
-6.0213117599487305
-11.48548412322998
-0.25124409794807434
-0.7157559990882874
-7.467245578765869
-11.208375930786133
-5.130354881286621
-10.326815605163574
-4.804111480712891
-2.986642360687256
-12.231544494628906
-2.737600326538086
-7.552427768707275
2.9884753227233887
1.5765749216079712
-6.9231085777282715
-1.9811553955078125
-8.634892463684082
-9.485384941101074
-10.082515716552734
-13.583359718322754
-0.27299898862838745
-7.36014461517334
-11.395771026611328
-9.996199607849121
-8.250160217285156
-9.262259483337402
-4.400982856750488
-14.722013473510742
-12.106152534484863
-4.6314377784729
-7.612564563751221
-9.796208381652832
-10.247644424438477
-3.2142341136932373
-6.682522296905518
-5.403584957122803
16.557687759399414
-2.757009983062744
-4.620851039886475
-6.994978904724121
-13.09423542022705
-7.8346099853515625
-7.79466438293457
-2.1841607093811035
-9.103313446044922
-4.390283584594727
-10.456891059875488
-11.983149528503418
-2.742805242538452
-10.52898120880127
-7.626789569854736
-11.31930160522461
-11.615435600280762
-8.542759895324707
-2.9005250930786133
0.7809749841690063
-3.432448387145996
-9.140958786010742
-14.064916610717773
-7.944021701812744
-0.09231086075305939
-8.344400405883789
-10.131942749023438
-3.918307065963745
-2.5265274047851562
-10.461030960083008
-17.29509925842285
-2.015491485595703
-8.42327880859375
-7.090290546417236
-5.093362808227539
-9.098889350891113
3.306990623474121
-6.99704647064209
-12.776863098144531
0.4522116482257843
2.0864956378936768
-9.823088645935059
-0.1000545546412468
1.7872734069824219
2.1773061752319336
-11.363420486450195
-2.3382158279418945
-6.0314860343933105
-5.219290733337402
-6.40164041519165
-11.260086059570312
-2.2319276332855225
-8.159383773803711
-9.059085845947266
-8.37597942352295
-9.65319538116455
-1.2589198350906372
-8.073628425598145
-1.262637972831726
-10.097336769104004
-9.822232246398926
-11.911046981811523
-3.074697256088257
-6.009078025817871
-8.08670425415039
-12.479886054992676
-4.4999918937683105
-11.740588188171387
-3.907986640930176
-3.895352602005005
-7.820947170257568
-11.955071449279785
-9.458820343017578
-12.315146446228027
-9.067911148071289
-13.088397979736328
3.5697999000549316
-10.322093963623047
-9.305185317993164
-6.704133987426758
-9.594390869140625
-7.266660213470459
-4.404313087463379
-1.050437331199646
-5.0319719314575195
-7.474913120269775
-7.199040412902832
-9.308515548706055
-1.4000648260116577
-9.888927459716797
-10.655204772949219
-9.763131141662598
-12.240412712097168
-9.262590408325195
0.5680454969406128
-8.334628105163574
-8.697461128234863
-10.178751945495605
-9.671829223632812
-12.09646224975586
-1.8133234977722168
-14.440553665161133
-3.4262757301330566
-6.654577255249023
-6.193141937255859
-7.161192893981934
-11.081329345703125
-4.31504487991333
-10.559942245483398
-2.3379318714141846
-13.510773658752441
-9.81753158569336
-1.8784260749816895
-3.680586814880371
-9.202356338500977
-7.562074661254883
-6.083815097808838
-2.2368080615997314
2.821607828140259
-7.78266716003418
0.31361502408981323
-6.7412567138671875
-3.630850315093994
-3.926196813583374
-1.4903266429901123
-8.906067848205566
-3.3232364654541016
-4.4769792556762695
-5.629026412963867
-10.021163940429688
-1.939278483390808
-12.556697845458984
-9.677788734436035
-1.5903728008270264
-5.071045398712158
-5.547461986541748
-5.092590808868408
-3.6295173168182373
-12.040239334106445
-5.0435566902160645
-7.428539276123047
-11.444089889526367
-7.850770950317383
-10.922290802001953
-4.156318664550781
-10.492790222167969
-10.604613304138184
-7.65979528427124
-8.256292343139648
-11.18875789642334
-0.5064582824707031
-2.400461196899414
-7.7496747970581055
-12.408937454223633
-14.538474082946777
-9.474571228027344
-2.542238473892212
-7.044650554656982
-2.3681399822235107
-6.671717166900635
-2.631070375442505
-9.540566444396973
-4.819666862487793
-10.165873527526855
-7.904221534729004
-12.882935523986816
-10.673813819885254
-11.126571655273438
-8.411894798278809
-11.878039360046387
-8.375846862792969
-2.800947666168213
-7.500848770141602
-2.6624813079833984
2.813892126083374
-9.602861404418945
-2.538696527481079
-5.343243598937988
-6.655852794647217
-9.821548461914062
-12.812482833862305
-8.310199737548828
-9.367330551147461
-12.919508934020996
-2.968062162399292
-10.569450378417969
-3.6804962158203125
-4.074794292449951
-5.533446311950684
-0.3674284517765045
-10.799920082092285
-8.947978973388672
-6.586665630340576
-3.0528833866119385
-12.603392601013184
-6.833078384399414
-6.25227689743042
13.21457290649414
3.2912209033966064
-8.884176254272461
-10.873143196105957
-9.851167678833008
-7.030936241149902
-11.36033821105957
0.31021848320961
-6.964847087860107
-4.972299098968506
-9.333505630493164
-9.967494010925293
-8.739153861999512
-13.971405029296875
-13.27525806427002
-12.523978233337402
-5.3483147621154785
-8.958375930786133
1.8919090032577515
-3.544748306274414
-12.693907737731934
-2.4490370750427246
-11.543843269348145
1.1593139171600342
-11.900286674499512
-3.4650118350982666
-12.042379379272461
-10.241682052612305
2.8518118858337402
-10.608532905578613
-12.121851921081543
-9.588692665100098
-6.329407215118408
-8.348276138305664
-8.130608558654785
-10.040342330932617
-3.0530736446380615
-11.879457473754883
-11.975667953491211
-2.775240659713745
-12.187982559204102
-11.513787269592285
-10.37955093383789
-10.923091888427734
-5.936071872711182
-14.005292892456055
-12.541509628295898
-5.339110374450684
-9.347686767578125
