0.7553607225418091
0.9186321496963501
0.524355947971344
0.6008231043815613
0.25168275833129883
1.0502681732177734
0.8028952479362488
0.838758111000061
0.7419313788414001
0.5086922645568848
0.8435931205749512
1.0073521137237549
0.638528048992157
0.9386063814163208
1.0812959671020508
1.0454869270324707
0.7218689322471619
0.8599840402603149
0.7195815443992615
0.8627315759658813
0.7519876956939697
0.6420077085494995
0.8356262445449829
0.914362370967865
0.9628157615661621
0.6051830649375916
0.7447022199630737
0.456750750541687
1.1108345985412598
1.2822726964950562
0.8016669154167175
0.9303277730941772
1.168593168258667
0.22813314199447632
0.7127525210380554
0.708490788936615
0.9757629036903381
1.0373393297195435
0.5215582251548767
0.9636687636375427
1.0014042854309082
0.9193252921104431
0.7956078052520752
0.8918296098709106
0.9545214772224426
0.6764106750488281
0.7912405729293823
0.8933606147766113
0.4660961627960205
0.7766074538230896
0.9550491571426392
0.7922972440719604
0.5773031711578369
0.764372706413269
0.5217888951301575
0.2862778306007385
0.9492813944816589
0.8409909605979919
1.1161420345306396
0.48675060272216797
0.8427375555038452
0.8675699830055237
0.8985671401023865
0.7372822761535645
0.5100295543670654
0.7241940498352051
1.0340619087219238
0.741529107093811
0.8765018582344055
0.6817050576210022
0.7006568908691406
1.307880163192749
0.8206538558006287
0.8600456118583679
0.8117038011550903
0.6260210275650024
0.8558233380317688
0.6906117796897888
0.7657601833343506
0.6266719698905945
0.6238448023796082
1.1338250637054443
1.0834572315216064
0.8479000329971313
0.7359458208084106
0.9204517006874084
0.9337485432624817
0.6404077410697937
0.9125506281852722
1.264063835144043
0.8666152954101562
0.6542555689811707
0.8375863432884216
0.25058257579803467
1.1239700317382812
0.3194037675857544
0.4154009222984314
0.7249839901924133
0.9888428449630737
0.5682429671287537
0.7304505109786987
1.194459080696106
0.9333869218826294
0.4971807599067688
0.9754632711410522
0.27124154567718506
1.1310080289840698
1.0467312335968018
0.6871662139892578
0.7958053946495056
0.7101919054985046
0.9206846356391907
0.8900972008705139
1.000299334526062
0.6770840287208557
0.9934143424034119
0.5734045505523682
1.2527821063995361
0.7937548160552979
0.8327552676200867
1.000119924545288
1.1720600128173828
0.5558957457542419
1.2973172664642334
0.7914861440658569
0.8023726344108582
0.49171268939971924
0.9879695773124695
0.7793382406234741
0.6966426968574524
0.6398516893386841
0.8401654362678528
0.9274075627326965
0.9927318096160889
0.7339810729026794
0.2805929183959961
0.710046112537384
0.568097710609436
0.3669036030769348
0.553078830242157
1.082472801208496
1.096004843711853
0.3472083806991577
0.9230561852455139
0.8238905668258667
0.8758357763290405
0.7204169034957886
0.31095772981643677
0.6783900856971741
0.8860645890235901
0.4916236400604248
0.793756902217865
0.686490535736084
0.4826986789703369
0.6943835616111755
0.8926679491996765
1.2248402833938599
0.39194178581237793
0.5182453989982605
0.7960323095321655
0.8007564544677734
0.6298412084579468
0.7454836964607239
0.8553609848022461
0.8950781226158142
0.7464916706085205
0.9803142547607422
0.8220776319503784
0.7097400426864624
0.7312920689582825
1.2067277431488037
0.9972534775733948
0.8996695280075073
0.7160532474517822
0.5525380373001099
0.7699241638183594
1.094016194343567
0.574612557888031
0.9712504148483276
0.27105534076690674
1.5262689590454102
0.7419626116752625
0.6190724968910217
0.9199677109718323
0.633952260017395
0.7894102931022644
0.36517441272735596
1.19895339012146
1.041657567024231
0.8710224628448486
0.21296417713165283
0.8242157697677612
1.468372106552124
0.844256579875946
0.9289210438728333
0.6131728291511536
0.5458236932754517
0.6263912916183472
0.7502102255821228
0.9626960158348083
1.1188703775405884
0.9306880831718445
1.0348939895629883
1.0613195896148682
1.0818326473236084
0.6099011898040771
1.0190645456314087
0.5558502674102783
1.0180206298828125
0.4647597074508667
0.9580401182174683
0.6454558968544006
1.3051438331604004
0.8143290281295776
0.6127967834472656
1.1073023080825806
1.0005887746810913
0.890764057636261
0.9500620365142822
0.8189989328384399
1.0475159883499146
0.9985756278038025
0.8763232231140137
0.7917444705963135
0.9296225309371948
1.2475666999816895
1.1434326171875
0.31323856115341187
0.6931042075157166
0.7986624240875244
1.083886981010437
0.8425909280776978
1.1002461910247803
0.5209472179412842
0.7499114274978638
0.8180990815162659
0.8911424279212952
1.0922436714172363
0.8904572129249573
0.8061138391494751
0.8830622434616089
0.7740358710289001
0.3708305358886719
0.8697012066841125
0.20628607273101807
0.9245064854621887
0.6358625888824463
0.7029505372047424
0.6517173051834106
1.1471128463745117
0.913733184337616
0.8557950258255005
0.5350115299224854
0.7473629713058472
1.0155688524246216
0.8726551532745361
0.7540267705917358
0.793025016784668
0.8110992908477783
0.8892143964767456
0.843921959400177
0.6321379542350769
0.902138888835907
0.7085102200508118
0.26984602212905884
0.7951264381408691
1.2861648797988892
0.7628024220466614
0.4246009588241577
1.0614385604858398
1.0363856554031372
0.5872052311897278
0.4301574230194092
0.8578957915306091
0.5118390917778015
1.2140661478042603
0.7508571743965149
0.7467154860496521
1.1510677337646484
0.8153104782104492
0.15279150009155273
1.1179157495498657
0.26095688343048096
1.0404022932052612
0.8073675036430359
0.8928330540657043
0.9429628252983093
0.5144211053848267
0.6386005282402039
0.8421185612678528
1.0930120944976807
0.4202766418457031
0.7507258653640747
0.7791779041290283
0.9019023776054382
1.167564868927002
0.6706439852714539
0.7635471820831299
1.0703438520431519
1.152657389640808
0.6888614892959595
1.0233571529388428
0.9533731937408447
0.5830882787704468
0.8089209198951721
1.114347219467163
0.3285043239593506
0.907646119594574
0.5615224242210388
0.8659984469413757
1.2854087352752686
0.5948438048362732
0.5210376977920532
0.7596197128295898
0.35381221771240234
0.5813475847244263
0.7537094354629517
0.8342407941818237
0.6445826888084412
1.2031381130218506
0.6606650352478027
0.79225093126297
0.5698797702789307
0.6411022543907166
0.6638252139091492
0.5152156949043274
0.8377498388290405
0.5955321192741394
0.7309728264808655
0.915561318397522
0.8291413187980652
0.9012646675109863
1.0871577262878418
0.8262211680412292
0.6812624931335449
1.0855580568313599
0.47080397605895996
0.7886157631874084
0.8276370763778687
0.6628542542457581
0.8775269389152527
0.9261419177055359
0.8750677704811096
0.6903334856033325
0.5799809694290161
0.5070422291755676
0.32046812772750854
1.2116591930389404
1.2567408084869385
0.993066668510437
1.0097488164901733
0.6963514685630798
0.4128109812736511
0.7968468070030212
0.5087742209434509
0.9706317186355591
0.7899844646453857
0.9303219318389893
0.7599881887435913
1.248511552810669
1.379393219947815
1.0276356935501099
0.8267871141433716
1.0547051429748535
0.6635193824768066
0.6293514370918274
1.1807852983474731
0.8874707221984863
1.060211181640625
0.20719027519226074
0.7911059260368347
0.9967358112335205
1.038438081741333
1.5253486633300781
0.8245642781257629
0.563407838344574
1.0113742351531982
1.424456238746643
0.9972110986709595
0.9141141176223755
0.5902579426765442
0.7135838866233826
0.20503568649291992
0.7940859198570251
1.1688812971115112
0.7318115234375
0.7866469621658325
0.7868609428405762
1.0330629348754883
1.0129189491271973
0.6489285826683044
0.7857380509376526
0.721723735332489
0.8336762189865112
1.0053808689117432
0.6631187796592712
1.6420841217041016
0.7656049728393555
0.5050507187843323
0.5618254542350769
1.2458230257034302
0.6873566508293152
0.8662340044975281
0.658332109451294
0.7069530487060547
0.7564095258712769
0.9986064434051514
0.6451338529586792
0.25333845615386963
0.6648285984992981
0.5716859698295593
1.2500371932983398
0.8929295539855957
1.0362354516983032
1.1228419542312622
0.8754853010177612
0.6258525252342224
0.4965994954109192
0.9539300203323364
0.8363717198371887
0.7334537506103516
0.8752199411392212
1.4711968898773193
0.8378016948699951
0.5707762241363525
0.48293739557266235
0.20481717586517334
0.8538961410522461
0.3429957628250122
1.066692590713501
0.6694375276565552
0.7438037395477295
0.5661180019378662
0.7880710959434509
0.675885796546936
0.941376268863678
1.1230753660202026
1.059837818145752
0.5561687350273132
0.8726021647453308
1.38872492313385
0.6813753843307495
0.8875974416732788
0.622329592704773
0.8948507308959961
0.7149970531463623
0.9608100056648254
0.5493259429931641
0.5738415122032166
0.9743126034736633
0.9728708863258362
1.1945167779922485
1.2081432342529297
0.7502176761627197
0.4165160655975342
0.3543283939361572
1.223446011543274
0.9454386234283447
0.7818143367767334
1.0630916357040405
0.5676207542419434
1.0066337585449219
0.9116120934486389
0.783817708492279
0.6237679719924927
0.24538660049438477
1.0502681732177734
0.646665096282959
0.5776314735412598
0.9222666025161743
1.0283024311065674
0.9907844662666321
0.9388527274131775
0.9790647625923157
0.5357130169868469
0.8934365510940552
0.5063036680221558
0.9941139817237854
0.9493658542633057
0.6283586025238037
0.9178171157836914
0.8856006264686584
0.7652401328086853
1.0354187488555908
0.4697621464729309
1.0580898523330688
0.9077637791633606
0.48165929317474365
0.5892348885536194
1.170727252960205
0.8781291246414185
0.46364104747772217
1.0618195533752441
0.8840561509132385
0.9302478432655334
1.140913724899292
0.9494144916534424
0.6214286684989929
0.9805653095245361
0.678523063659668
0.7151302695274353
0.8764527440071106
0.7376999258995056
1.1863404512405396
1.043940782546997
0.5022013783454895
1.033747911453247
0.6289848685264587
0.8243991732597351
1.2443715333938599
0.9404115676879883
0.30168282985687256
0.8222575783729553
0.6431423425674438
0.6275768280029297
0.9169214367866516
0.7405516505241394
0.7249714732170105
0.7872150540351868
0.9356580376625061
0.8720409870147705
0.5974334478378296
0.679970383644104
0.9253019094467163
0.5650299787521362
0.6219907402992249
0.8873649835586548
0.6085078120231628
0.8686633110046387
1.0043739080429077
0.6294621229171753
0.6570181846618652
0.6737229228019714
0.36922383308410645
0.7589341998100281
1.039033055305481
0.6770433187484741
1.2349891662597656
0.968499481678009
0.611133337020874
0.871405839920044
0.8303948044776917
0.8306413888931274
0.8121594190597534
0.5890318155288696
0.8304711580276489
0.7987687587738037
1.0324358940124512
1.4215728044509888
0.6739543080329895
1.0191283226013184
0.6082444190979004
1.0552537441253662
0.924711287021637
0.9808375239372253
0.6255983114242554
0.21065276861190796
0.9550493955612183
1.0882573127746582
0.8870071768760681
0.6358709931373596
0.9618435502052307
1.110417366027832
1.1734830141067505
1.078749418258667
1.014212727546692
0.7209833860397339
0.9889001846313477
0.5957674384117126
1.071903109550476
0.7178786396980286
0.9045909643173218
0.3898860216140747
0.37343132495880127
1.007230281829834
0.5949788093566895
1.0048084259033203
0.511277973651886
0.6207979917526245
0.7077010273933411
0.8836658596992493
1.0203356742858887
0.848587691783905
0.4225146770477295
0.4871180057525635
0.9646540284156799
0.6936922669410706
0.6716918349266052
1.159022331237793
0.41179734468460083
0.9729017019271851
0.6355743408203125
0.7521917819976807
0.6298062801361084
0.7477108836174011
0.8581490516662598
0.8001040816307068
0.3451632857322693
0.8055631518363953
0.4473423361778259
0.8554449677467346
0.8903899192810059
0.7534216046333313
1.0750577449798584
0.28739356994628906
0.3396511673927307
0.5675274729728699
0.7272171378135681
0.9226948022842407
0.8306059837341309
0.8833841681480408
0.8821861743927002
0.6400877237319946
0.8207205533981323
0.9693242311477661
0.7369425892829895
1.0380663871765137
0.6554232239723206
0.693243145942688
1.1015838384628296
0.880289614200592
1.0129863023757935
0.7452735900878906
1.3076764345169067
1.0694997310638428
0.30642086267471313
1.3615344762802124
0.9921247363090515
0.3285788297653198
0.47294485569000244
1.278061866760254
0.6295774579048157
1.0360360145568848
0.8223248720169067
0.9196219444274902
0.8030632138252258
0.5871084928512573
0.8308913707733154
0.9603537917137146
0.9038103818893433
0.8330059051513672
0.21526193618774414
0.7398170828819275
0.6769041419029236
0.878480076789856
1.1651109457015991
0.38604289293289185
1.276968002319336
1.1299299001693726
0.9220709800720215
0.9521002769470215
0.5092275142669678
0.745648205280304
0.48063528537750244
0.8563975095748901
1.370843768119812
1.1088465452194214
0.6081427335739136
0.5903225541114807
0.5027318596839905
1.0531094074249268
0.5495134592056274
0.9811426997184753
0.980651319026947
0.7567305564880371
0.67177414894104
0.550812840461731
0.2761266231536865
0.5701504349708557
0.8823320269584656
1.1349378824234009
0.9745205640792847
0.8363033533096313
1.092174768447876
0.7537261247634888
0.7041587233543396
1.0863044261932373
0.6094357967376709
0.8450444936752319
0.7907513380050659
0.9030635952949524
1.0427393913269043
0.8281932473182678
0.6788689494132996
0.8220188617706299
1.1009738445281982
0.9127619862556458
0.4166959524154663
1.2277835607528687
0.9882040023803711
0.5416394472122192
0.8513839840888977
0.62956702709198
0.9228277206420898
1.0197550058364868
0.4841799736022949
0.6675863265991211
1.0899733304977417
1.0404531955718994
0.8935983180999756
0.9029285311698914
0.20621341466903687
0.9461391568183899
1.013530969619751
0.9645026922225952
1.2064892053604126
1.0702098608016968
0.4364137649536133
0.9176554679870605
0.5557074546813965
0.3993937373161316
0.452866792678833
1.0579472780227661
0.3260563611984253
0.9809960722923279
1.028119444847107
0.6880899667739868
0.5573844909667969
0.8722823262214661
1.1581966876983643
0.7451846599578857
1.3599878549575806
0.9572609663009644
0.8078629970550537
1.1054502725601196
1.014353632926941
0.3762882351875305
0.5369557738304138
0.8805257678031921
0.6994594931602478
1.0627546310424805
0.9122002720832825
0.48690879344940186
0.20078158378601074
0.7628429532051086
0.8358240723609924
0.5115697979927063
1.0214382410049438
0.8254174590110779
0.6760659217834473
0.92034912109375
1.0931134223937988
1.3675482273101807
0.7458887696266174
0.43468862771987915
0.4737933278083801
0.9748292565345764
0.6657729148864746
1.136634111404419
0.8215853571891785
0.6772712469100952
0.7600696682929993
0.4730391502380371
0.4573934078216553
0.7558385729789734
0.9828488826751709
1.1214430332183838
0.8425701856613159
0.551459014415741
1.052871823310852
0.9688273668289185
0.8404499888420105
0.7923305630683899
0.7268102765083313
0.7884061932563782
1.3294082880020142
1.1857900619506836
0.4597148895263672
1.103898048400879
0.35971635580062866
0.7747471332550049
1.165772557258606
1.1237376928329468
1.026943564414978
0.3290594816207886
0.9342647790908813
0.5732565522193909
0.5352572798728943
0.8314967155456543
1.2067350149154663
0.844569742679596
0.7645540833473206
0.5375965237617493
0.9779086112976074
1.0179270505905151
0.5669766664505005
0.22055304050445557
0.6534630656242371
0.8678206205368042
0.8430615663528442
0.88356614112854
0.31384360790252686
0.7611676454544067
0.9129857420921326
0.9606673121452332
0.8510704636573792
0.6253816485404968
0.2482953667640686
0.7365735173225403
0.5062418580055237
0.7168720960617065
0.4552563428878784
0.8953814506530762
0.5732516050338745
0.885029673576355
0.2585819959640503
1.410496473312378
0.9534643888473511
0.9281482100486755
0.5884963274002075
1.0071791410446167
1.5277303457260132
0.6522109508514404
1.4013856649398804
0.6125743985176086
1.1973834037780762
1.1211867332458496
0.6767710447311401
0.6942979693412781
0.8096985220909119
1.0485026836395264
0.40765321254730225
0.8771374821662903
0.7927767634391785
0.9036529064178467
0.5487152338027954
0.9506974816322327
0.2462221384048462
0.7979967594146729
0.6753014326095581
0.8838223218917847
0.5488595962524414
1.0035057067871094
0.7430027723312378
1.57241690158844
1.1144862174987793
1.1191463470458984
0.9654194116592407
0.4621097445487976
0.6940662264823914
0.9460477232933044
0.613029420375824
0.6079705357551575
0.7037095427513123
0.3971102237701416
0.849509060382843
1.2049636840820312
0.65863037109375
1.462708830833435
1.185217261314392
0.8137134313583374
0.20201760530471802
0.47646260261535645
1.2939860820770264
1.0926932096481323
0.8338711261749268
0.5144621133804321
1.1647560596466064
0.8471320867538452
1.0257084369659424
0.9546833038330078
0.8247720003128052
0.935364305973053
1.0585440397262573
0.997208297252655
0.7203079462051392
0.25738418102264404
0.5013176798820496
0.45886266231536865
0.8151882886886597
1.0988645553588867
0.23003268241882324
0.5355257987976074
1.0104283094406128
0.6956930756568909
0.8915121555328369
1.290484070777893
0.9084341526031494
0.9033082723617554
1.1131759881973267
0.6874903440475464
0.9580180048942566
0.1930755376815796
0.25268256664276123
0.7241460084915161
0.6922705173492432
0.7799346446990967
0.4168999195098877
0.7960882186889648
1.1563630104064941
0.7459144592285156
0.7246204614639282
1.0713750123977661
0.7553455233573914
0.9177892208099365
1.0257006883621216
0.2502478361129761
0.6240112781524658
0.9028505682945251
0.2966369390487671
0.7942787408828735
0.6598092317581177
0.6419769525527954
1.0223420858383179
0.5895971655845642
0.568631649017334
0.3620189428329468
0.7157782912254333
0.8456493616104126
1.2041916847229004
1.2716296911239624
0.6516709327697754
0.5873703360557556
0.8522518277168274
0.6480843424797058
0.778082549571991
0.8762649893760681
1.0335322618484497
0.9033752083778381
0.6342766284942627
0.9434568285942078
0.6349709033966064
1.2041255235671997
0.497951865196228
0.6117405295372009
1.1014349460601807
1.1630334854125977
0.9371780157089233
1.1179084777832031
0.7187413573265076
0.549709141254425
0.5068662166595459
0.9939197301864624
1.4874587059020996
1.0765368938446045
1.2946562767028809
0.8148605227470398
0.5595104694366455
0.5289058089256287
0.8389479517936707
0.9574379920959473
0.7273008227348328
0.386427640914917
1.0496201515197754
1.1691854000091553
0.39503616094589233
0.23929822444915771
1.0028504133224487
0.3252936601638794
0.8466437458992004
0.7633503675460815
0.8324626088142395
1.6396042108535767
1.0029572248458862
1.0498387813568115
0.18566977977752686
0.7522166967391968
0.511289119720459
0.9108750820159912
0.9205061197280884
0.6180582046508789
0.3282897472381592
1.166948676109314
1.0157275199890137
0.9610740542411804
0.6353714466094971
0.899614691734314
0.5415667295455933
0.6740188598632812
1.384722352027893
1.2213715314865112
0.9745832085609436
0.6004742980003357
1.0318392515182495
1.378171443939209
0.4486004114151001
1.1793177127838135
1.3165380954742432
0.9844667315483093
1.1334832906723022
1.182003378868103
0.7169129252433777
0.8289089798927307
0.6764097213745117
0.6969167590141296
0.6764996647834778
0.744224488735199
1.0172182321548462
0.6047906279563904
1.0346657037734985
0.45932745933532715
0.9483709335327148
1.025113821029663
1.0052567720413208
0.5595470070838928
0.7206351161003113
1.169999122619629
1.165710210800171
1.1038293838500977
0.48164331912994385
0.7280184030532837
1.0818854570388794
0.5718032717704773
1.409645915031433
0.8966662883758545
1.1449544429779053
0.6722646951675415
1.3416484594345093
0.27163195610046387
0.6418864727020264
0.9545041918754578
1.1854692697525024
1.0070663690567017
0.5888547897338867
0.9445047974586487
0.5036546587944031
1.103887915611267
0.9045237302780151
0.37135058641433716
0.6989572048187256
0.6553587913513184
0.9297153949737549
0.8157342672348022
0.7904373407363892
0.44096505641937256
0.9560637474060059
1.085028886795044
0.9480217099189758
1.0012184381484985
0.7497112154960632
0.548215389251709
0.7815946340560913
0.7427700161933899
0.8110488057136536
0.938732385635376
0.9093964099884033
0.5105006098747253
0.6792299151420593
0.8554161190986633
0.4610738754272461
0.6728844046592712
0.97784024477005
1.2458219528198242
0.8741171360015869
1.1717132329940796
0.47004175186157227
1.0588046312332153
0.6114315390586853
1.1432842016220093
0.7508603930473328
0.7039880156517029
1.510115146636963
0.9587413668632507
1.0496872663497925
1.0065486431121826
1.1987392902374268
0.33879518508911133
1.3962929248809814
0.8308917880058289
1.0469939708709717
1.007279396057129
0.9126176834106445
0.7957582473754883
0.5407373905181885
0.7085523009300232
0.6617434024810791
0.6853735446929932
0.7303899526596069
0.9611423015594482
0.9558582901954651
0.7038989663124084
1.255849838256836
1.2041677236557007
1.0094659328460693
0.7217687964439392
0.9496893286705017
1.2818901538848877
0.7725364565849304
0.6754874587059021
0.8582401275634766
0.1823115348815918
0.4460960626602173
0.7472758889198303
0.8481709361076355
0.8709947466850281
0.6879202127456665
1.0229352712631226
0.8726353049278259
0.9434285759925842
0.9485996961593628
0.5235877633094788
0.5476915240287781
0.6128740310668945
0.7423184514045715
0.9391025900840759
0.43066173791885376
1.3026195764541626
0.6066699624061584
0.8469375371932983
0.593093991279602
1.0433542728424072
0.970319926738739
0.7515177726745605
0.3810715079307556
0.34095120429992676
0.804847002029419
0.6141901016235352
0.814640998840332
1.3222978115081787
1.0267767906188965
0.8796684145927429
0.5204002857208252
0.5906252861022949
1.0374817848205566
1.0054205656051636
0.6420425176620483
1.0649884939193726
1.2528517246246338
0.6774293184280396
0.894619345664978
0.8011078834533691
0.4066012501716614
0.7330571413040161
1.4399250745773315
1.1513196229934692
0.7222132682800293
0.2533918619155884
1.0571147203445435
0.7371691465377808
1.0760350227355957
0.5314040184020996
1.223149061203003
0.7216700315475464
1.0094019174575806
0.5658389925956726
0.5672081708908081
0.9866077899932861
0.8417001962661743
0.9325050115585327
0.7607377767562866
1.0353878736495972
0.9235274195671082
0.6406869888305664
0.9724984169006348
0.8529785871505737
0.6597493290901184
1.1098823547363281
0.4892629384994507
1.0172655582427979
1.0923174619674683
0.5626266598701477
0.6903515458106995
