-1.1475549936294556
-1.993046760559082
-0.602655827999115
-0.32678937911987305
0.09073226153850555
-1.7975099086761475
-1.8926118612289429
-0.04200907051563263
-1.3970601558685303
-0.7890411615371704
-0.1057395488023758
-2.364797353744507
-0.6929362416267395
-1.68416428565979
-1.8957713842391968
-1.6403778791427612
-1.4620540142059326
-1.3251848220825195
-1.590592384338379
-1.0237607955932617
-1.25948965549469
0.14044056832790375
-1.5401839017868042
-0.6446183323860168
-2.1017534732818604
-0.6690583825111389
-1.0162990093231201
1.058570384979248
-2.2415223121643066
-2.9577605724334717
-1.2058252096176147
-1.5356881618499756
-1.3080248832702637
0.23882625997066498
-1.5489190816879272
-1.0163536071777344
-1.3663588762283325
-2.2557499408721924
0.18067960441112518
-1.6858158111572266
-2.23093581199646
-1.6056922674179077
-0.3586766719818115
-1.0599013566970825
-1.0971068143844604
-0.8508918881416321
-1.8897788524627686
-1.697273850440979
-0.7696845531463623
-1.5195554494857788
-1.9142298698425293
-1.3440474271774292
-1.0543595552444458
-1.0828601121902466
0.8085910081863403
-0.17587751150131226
-2.409756898880005
-1.57191002368927
-2.1304197311401367
-0.5151210427284241
-1.7337939739227295
-1.8208094835281372
-1.4009217023849487
0.8403748869895935
-0.6901816129684448
-1.1235504150390625
-1.741874098777771
-1.6077741384506226
-1.1167434453964233
-1.188477873802185
0.7654159665107727
-2.6988797187805176
-1.1712013483047485
-1.5376709699630737
-0.9869515299797058
-0.6141476631164551
-1.8487673997879028
-0.740815281867981
-1.5267819166183472
-0.9974822402000427
-1.0809730291366577
-1.6711667776107788
-2.036661386489868
0.0735875815153122
-1.3087445497512817
-1.9821070432662964
-1.8677173852920532
-1.0651750564575195
-1.840957760810852
-2.502885103225708
-1.9353108406066895
-1.1539727449417114
-1.1931750774383545
-0.08964250236749649
-2.4077231884002686
-0.001762916217558086
-0.5283735990524292
-1.4251854419708252
-2.336327075958252
-0.7104237675666809
-0.6077671051025391
-2.585871696472168
-2.242229700088501
-0.6803756952285767
-2.035090446472168
0.37488991022109985
-2.708786964416504
-2.234346628189087
0.12359742820262909
-1.4241780042648315
-1.5188541412353516
-2.05416202545166
-1.727515697479248
-2.3107120990753174
-1.2837828397750854
-1.8062785863876343
-0.7906460165977478
-2.2220983505249023
-1.7893176078796387
-1.1372991800308228
-2.1411123275756836
-0.6042848825454712
-0.8892253041267395
-2.6676018238067627
-1.702968716621399
-0.7295058369636536
-0.8633278608322144
-2.1778717041015625
-1.1676685810089111
-0.9939008951187134
-1.1759278774261475
-1.7390940189361572
-1.871859073638916
-1.1866772174835205
-1.0793555974960327
-0.18312261998653412
-0.7675010561943054
-0.795913577079773
0.26764920353889465
-0.6250338554382324
-1.715377926826477
-2.320164918899536
0.22788485884666443
-1.908827304840088
-1.2717828750610352
-1.316476821899414
-0.8230813145637512
-0.22552593052387238
-1.439387321472168
-1.7132039070129395
0.30131995677948
-1.805668830871582
-0.9448682069778442
0.44667500257492065
-1.4743733406066895
-1.9915343523025513
-1.454770565032959
0.3512057662010193
-0.518068253993988
-1.4674177169799805
-0.8499245047569275
-1.1226388216018677
-1.2741172313690186
-1.8971673250198364
-1.5157114267349243
-0.9462090134620667
-1.3055379390716553
-0.989317774772644
-1.2797716856002808
-1.292036533355713
-2.5419487953186035
-2.120396137237549
-2.0461738109588623
0.457557737827301
-0.7448514103889465
-1.3755784034729004
-2.3449604511260986
-0.4815179407596588
-2.115152597427368
-0.14711566269397736
-0.6333015561103821
-1.2866932153701782
-0.9258100390434265
-1.7728681564331055
-0.8815010786056519
-1.1378941535949707
0.06856722384691238
0.26602137088775635
-2.1257052421569824
-1.970268726348877
0.3452857732772827
-1.8363070487976074
-3.0385162830352783
-1.1620731353759766
-2.1885440349578857
-1.0722389221191406
-0.7895525693893433
-1.118967890739441
-1.528648018836975
-0.5954028367996216
-2.1297214031219482
-1.178670048713684
-2.003061056137085
-1.921344518661499
-2.3198070526123047
-0.8875907063484192
-2.2873058319091797
-0.8097723126411438
-2.1788461208343506
-0.718015193939209
-1.7791393995285034
-0.5707627534866333
-2.6616106033325195
-1.138887882232666
-1.0490388870239258
-1.9367979764938354
-2.1053597927093506
-1.3578436374664307
-1.9801889657974243
-1.490420937538147
-2.327409267425537
-2.1224052906036377
-1.0928348302841187
-1.6573513746261597
-2.0891239643096924
-2.846859931945801
-0.8606157898902893
-0.17968818545341492
-1.3169018030166626
-1.0018200874328613
-2.0489561557769775
-0.9041775465011597
-2.5057883262634277
-0.5934960842132568
-1.2983729839324951
-1.5613429546356201
-1.4447908401489258
-2.418046236038208
-1.7100518941879272
-1.7949177026748657
-1.0774667263031006
-0.08637634664773941
-0.17942464351654053
-1.8693058490753174
0.1939588338136673
-1.5204768180847168
-0.6484262943267822
-1.3017274141311646
-1.0740947723388672
0.2844356596469879
-1.6653544902801514
-1.5979962348937988
-0.4797607958316803
-1.3076345920562744
-2.147083282470703
-1.8600566387176514
-1.4983973503112793
-0.9793382883071899
-0.7814634442329407
-1.5035468339920044
-1.530837059020996
-1.48991858959198
-1.4441670179367065
-1.1782336235046387
-0.021842923015356064
-1.28672456741333
-2.930041551589966
-1.2023179531097412
0.05066677927970886
-2.432997941970825
-2.1353461742401123
-0.7509319186210632
-0.24452058970928192
-1.6451348066329956
-0.02688257396221161
-1.0354751348495483
0.3586653470993042
-1.5038955211639404
-1.4883376359939575
-0.8254415988922119
0.5525619983673096
-0.19904164969921112
-0.13158801198005676
-2.1789286136627197
-0.820448637008667
-1.4808545112609863
0.5460906028747559
-0.4728878438472748
-0.41351476311683655
-0.9281288981437683
-2.1485352516174316
-0.4832359254360199
-1.0855902433395386
-0.9096896052360535
-1.213639736175537
-2.8188095092773438
-1.3103166818618774
-1.1771023273468018
0.6668721437454224
-1.8512502908706665
-0.9051197171211243
-2.0544750690460205
-1.9905685186386108
-0.48512399196624756
-1.8385342359542847
0.2393108308315277
-0.15591944754123688
-1.943219542503357
-0.5204278826713562
-1.5938127040863037
-0.5011065006256104
-0.8257661461830139
-0.7350226044654846
-1.2279208898544312
0.49748292565345764
-0.7142416834831238
-1.1592711210250854
-1.5578166246414185
-0.8432024121284485
-2.6876895427703857
-1.4093433618545532
-1.4452643394470215
-0.36034199595451355
0.7914808988571167
0.046672992408275604
-0.3478599190711975
-1.0130342245101929
-0.7968267202377319
-1.0050792694091797
-1.702903151512146
-1.6144969463348389
-1.7442988157272339
-2.126584053039551
-1.994205117225647
-0.5134356617927551
-2.5564751625061035
-0.4114459753036499
-1.1700793504714966
-0.47917529940605164
-0.9889832139015198
-0.23684026300907135
-1.3477253913879395
-1.0061064958572388
-1.7923009395599365
-0.8715184926986694
0.0326601006090641
0.27758076786994934
-0.17603543400764465
-2.9247968196868896
-2.1223373413085938
-2.224195957183838
-1.2816507816314697
-0.3471025824546814
-1.0030484199523926
-0.36105117201805115
-2.0505216121673584
-1.4466853141784668
-1.4896198511123657
-1.1029140949249268
-3.074226140975952
-3.2342140674591064
-2.274627685546875
-1.6973189115524292
-2.0892584323883057
-0.316299170255661
-1.1884772777557373
-2.500849962234497
-1.4591141939163208
-2.1488759517669678
0.19338464736938477
-1.4609204530715942
-0.6221723556518555
-2.3663179874420166
-2.021926164627075
-1.4180289506912231
-0.8789430856704712
-1.3090790510177612
-1.965470790863037
-2.2650163173675537
-1.181658387184143
-1.0025033950805664
-1.135430097579956
0.10417970269918442
-1.0691685676574707
-1.097346305847168
-1.465470552444458
-0.5171043276786804
-1.5431632995605469
-0.6416494846343994
-0.15885183215141296
-0.6154016852378845
-0.8011929988861084
-1.0912487506866455
-1.615044355392456
-1.7103562355041504
-0.4991503655910492
-0.5145974159240723
-1.6669387817382812
-0.7292041182518005
-0.6294568777084351
-0.39025330543518066
-1.3225650787353516
-1.3629873991012573
-0.8704769611358643
0.3973999321460724
-0.9225456118583679
-1.2868139743804932
-0.46309930086135864
0.2704545259475708
0.21030201017856598
-0.7697662711143494
-2.539837121963501
-1.7209392786026
-1.9280121326446533
-2.4104700088500977
-1.8677842617034912
-0.7767037749290466
-1.1844381093978882
-2.0057759284973145
-1.3332438468933105
-1.1475204229354858
-2.0045275688171387
-0.4551829993724823
0.3019813895225525
-0.8816418647766113
-0.4305833876132965
0.036496851593256
-1.6958074569702148
0.7697149515151978
-2.112584114074707
-0.9130786657333374
-1.0061200857162476
-0.8631962537765503
-1.4357283115386963
-1.0876240730285645
-2.0824289321899414
-2.3904476165771484
-2.2976367473602295
-0.620107889175415
-1.9700373411178589
-2.9358408451080322
-0.9575392007827759
-1.6385860443115234
-1.1357307434082031
-1.8000059127807617
-1.2151380777359009
-1.6820541620254517
0.30486029386520386
-0.8743562698364258
-2.206773042678833
-2.2043910026550293
-1.6469848155975342
-2.096665382385254
-1.0753135681152344
-0.18703202903270721
0.007954290136694908
-2.596247911453247
-1.3992490768432617
-1.5607978105545044
-2.414137601852417
-0.9725227952003479
-2.293113946914673
-2.0952515602111816
-1.377521276473999
-0.7323185801506042
0.23924387991428375
-2.052694082260132
-1.230614423751831
-0.4930848479270935
-1.8230760097503662
-2.2473762035369873
-2.0610437393188477
-0.2701319456100464
-1.3190085887908936
-1.2651337385177612
-1.7937806844711304
-0.4675375819206238
0.006911441218107939
-2.3523600101470947
-0.8163694143295288
-2.0317955017089844
-1.2014678716659546
-1.737567663192749
-2.300720453262329
-0.6624209880828857
-2.1609296798706055
-0.21541765332221985
-0.5405021905899048
-0.6102871298789978
-2.6975433826446533
-1.784270167350769
-0.6738761067390442
-1.8488625288009644
-1.829278588294983
-1.956467628479004
-2.451202154159546
-2.1702089309692383
-1.2032179832458496
-2.227166175842285
0.742533266544342
-1.367026448249817
-1.5997999906539917
-1.4421937465667725
-2.5115675926208496
-1.951488733291626
-0.8317177295684814
-2.4854965209960938
-1.128330945968628
-1.8068567514419556
-0.03838052973151207
-2.2934720516204834
-0.021840477362275124
-1.8438878059387207
-0.649502158164978
-0.8826245665550232
-2.1458096504211426
-0.9473584890365601
-1.0866477489471436
-0.5398402214050293
-1.6184521913528442
-0.36109593510627747
-0.4750603139400482
-0.9507823586463928
-2.0762696266174316
0.14716029167175293
-0.7514973282814026
-1.5734562873840332
-1.0552341938018799
-1.7945129871368408
-0.980696439743042
-1.1401480436325073
-0.7404915690422058
-0.7818813920021057
-0.5396702885627747
-0.6464163661003113
-2.3147506713867188
-0.9324475526809692
-2.9228904247283936
-1.9371461868286133
-0.6708167195320129
-1.6540882587432861
-1.125993251800537
-1.594933032989502
-1.6611371040344238
-0.5243527889251709
-1.125961422920227
-1.5362037420272827
-2.1142385005950928
0.22044768929481506
-0.8701609969139099
-2.1602070331573486
-0.7059316039085388
-2.365461826324463
-1.978256344795227
-1.8388481140136719
-1.1668033599853516
0.28629469871520996
-2.0775134563446045
-2.4952399730682373
-1.7374733686447144
-0.722490131855011
0.06665513664484024
-0.45701175928115845
-0.08962264657020569
-0.5636215806007385
-1.6981850862503052
-1.0394400358200073
-2.1507022380828857
-0.9553971886634827
-2.415273427963257
-0.8406901359558105
-0.13928474485874176
-0.3863677978515625
-0.14606638252735138
-1.7746846675872803
-0.8669361472129822
-2.2629313468933105
-0.4978448152542114
-0.9815540313720703
-1.3859518766403198
-1.3520643711090088
-2.1690447330474854
-1.8194655179977417
0.4521324038505554
0.022890951484441757
-2.0461630821228027
-0.36735841631889343
-1.0457167625427246
-0.5062206387519836
-0.40038159489631653
-2.307265281677246
-0.8569815158843994
-1.1954724788665771
-0.987643301486969
-1.6056371927261353
-1.1806488037109375
0.49154993891716003
0.055959153920412064
-1.468982458114624
0.3985902667045593
-1.7203104496002197
-0.9774248003959656
-1.4789018630981445
-2.580399990081787
-0.12201333045959473
0.22234073281288147
-0.6921653747558594
-1.2233620882034302
-1.8650466203689575
-1.8444125652313232
-1.5240453481674194
-1.77835214138031
-0.9002173542976379
-0.9139373898506165
-1.9770569801330566
-1.2589900493621826
-2.3712432384490967
-0.8688361644744873
-1.1815866231918335
-2.4011592864990234
-1.754429578781128
-2.2486281394958496
-1.4925706386566162
-0.2062116265296936
-0.1428583413362503
0.23841659724712372
-3.0332512855529785
-2.202025890350342
-0.4453580975532532
0.44251787662506104
-0.8069193959236145
-1.1955900192260742
-2.034580945968628
-0.7025630474090576
-1.616519570350647
-0.7855852842330933
-0.9585810303688049
-1.192913293838501
-1.7994786500930786
-2.0637576580047607
-1.7276616096496582
0.09909290820360184
-0.5586563348770142
-1.2925724983215332
-1.1180038452148438
-2.5063493251800537
-0.2935998737812042
-2.799747943878174
-2.4413557052612305
-1.4221500158309937
-1.2218605279922485
-0.5270189046859741
-1.4216923713684082
-0.807218611240387
-1.3181464672088623
0.42435604333877563
-2.559187173843384
-1.089745044708252
-0.7444542646408081
0.03526847064495087
-2.0491092205047607
-0.7764705419540405
-2.2073917388916016
-2.0543367862701416
-0.8918949365615845
-1.492924690246582
-0.5808654427528381
0.15666566789150238
-0.4561332166194916
-1.1514734029769897
-1.5586549043655396
-2.195441961288452
-1.6751295328140259
-2.388657808303833
-1.4197875261306763
-1.4187264442443848
-1.348915696144104
-1.1978944540023804
-1.984482765197754
-1.1674801111221313
-1.9664742946624756
-2.2183761596679688
-1.095397710800171
-1.2086697816848755
-1.094546914100647
-2.147172212600708
-1.8948674201965332
-0.3777487277984619
-2.70841908454895
-2.1228725910186768
0.5913891196250916
-1.6574101448059082
-0.6838900446891785
0.541122317314148
-1.9606539011001587
-0.6962777376174927
-1.2250728607177734
-2.1895577907562256
-1.0238007307052612
-1.8954167366027832
-1.700647234916687
0.18352925777435303
-2.128190755844116
-2.4396135807037354
-2.0638558864593506
-2.8269333839416504
-0.7783864140510559
-0.4220193922519684
-1.3264446258544922
-0.18210569024085999
-0.37741345167160034
-0.42731860280036926
-2.3405027389526367
-0.2315293252468109
-1.8897944688796997
-1.7469640970230103
-1.3141138553619385
-0.7438539862632751
-2.0733554363250732
-2.5263407230377197
-1.4254156351089478
-0.34928667545318604
-1.9350589513778687
-1.7013405561447144
-2.326226234436035
-2.0555005073547363
-0.5485634803771973
-0.6599812507629395
-0.8192702531814575
-1.0644785165786743
-1.9094029664993286
-1.2576522827148438
-0.6232377886772156
0.1706867814064026
-1.6058120727539062
-1.4260964393615723
0.25730887055397034
-1.429097056388855
-1.6936359405517578
-0.9283243417739868
-1.5627192258834839
-2.028766632080078
-3.0334103107452393
-0.9004579186439514
0.5765381455421448
0.045439112931489944
-1.9210660457611084
-1.222865104675293
-2.5306973457336426
-0.971829354763031
-0.8660942316055298
-1.1489709615707397
-0.5224640965461731
-0.45678672194480896
-1.4142060279846191
-2.169943332672119
-2.257258653640747
-1.1404433250427246
-0.866148829460144
-2.193620443344116
-2.1820178031921387
-1.497401475906372
-1.4790929555892944
-1.2595231533050537
-1.2845402956008911
0.21513311564922333
-0.5476398468017578
-0.39983636140823364
-2.451524496078491
0.12355425953865051
-1.5162962675094604
-2.7210066318511963
-2.2269976139068604
-2.2006008625030518
-0.0834454894065857
-0.07903048396110535
-0.7443592548370361
-0.5043867230415344
-2.076615571975708
-2.7099475860595703
-1.8846220970153809
-1.5252643823623657
-0.39789190888404846
-2.2942991256713867
-1.931226134300232
-0.9958686232566833
0.03263608366250992
-0.9231031537055969
-1.39423406124115
-1.9362988471984863
-1.7152421474456787
-0.16347014904022217
-1.3658409118652344
-1.744163990020752
-1.97822904586792
-1.4894217252731323
-0.8494555950164795
0.0908123254776001
-0.11949420720338821
-0.6625247597694397
-1.3236178159713745
-0.5728314518928528
-1.9324342012405396
-0.9532491564750671
-1.8996930122375488
0.19059288501739502
0.15317903459072113
-1.3319988250732422
-1.9568365812301636
-0.15468239784240723
-2.258671760559082
-3.6046221256256104
-0.62187659740448
-3.1550486087799072
-0.8352131247520447
-2.5032145977020264
-0.5265884399414062
-0.9434766173362732
-0.5993747115135193
-0.8851715326309204
-1.8294861316680908
-0.2108532339334488
-1.8645501136779785
-0.38775762915611267
-0.7699548602104187
-0.8512973785400391
-0.5518128275871277
-0.09784474223852158
-0.311260461807251
-1.0754601955413818
-1.890116572380066
-0.8600990176200867
-1.6467801332473755
0.16852591931819916
-0.13203659653663635
-2.4604339599609375
-2.1368167400360107
0.6614460349082947
-0.49249833822250366
-0.8175411224365234
-1.7812230587005615
-1.0108150243759155
-0.9126894474029541
-0.7483980655670166
-0.01583031192421913
-1.3413735628128052
0.22910799086093903
-1.357369303703308
-0.4499993622303009
-2.472756862640381
-1.2766766548156738
0.12432669848203659
-0.7375732064247131
-1.1876178979873657
-0.8104864358901978
-0.46734538674354553
0.35901910066604614
-2.800619125366211
-1.3074536323547363
-2.1674251556396484
-1.7294622659683228
-1.0033848285675049
-2.1948325634002686
-1.7856870889663696
0.7850350737571716
-1.151081919670105
0.1362614929676056
-0.3024461567401886
-0.244962677359581
-1.819023847579956
-2.4503748416900635
-0.03123955987393856
-0.005983831360936165
-1.3581820726394653
-1.3123091459274292
-1.7406350374221802
-3.1166298389434814
-1.5612863302230835
-0.6461409330368042
-2.42791748046875
-1.0216866731643677
-2.1095314025878906
0.16405819356441498
0.11603237688541412
-1.0665799379348755
-0.5124368071556091
-1.366666316986084
-0.4326092004776001
-1.596163034439087
-2.4872448444366455
0.507391095161438
-1.0431269407272339
-2.6181955337524414
-1.4521353244781494
-1.8731878995895386
-2.341925859451294
-0.045749858021736145
-1.211686134338379
-1.7206518650054932
-0.18821871280670166
-1.4344393014907837
-1.0629628896713257
-1.170261025428772
-1.0192569494247437
-0.7630335688591003
-0.4665283262729645
1.53502357006073
-0.7584012746810913
-1.2213226556777954
-2.4367008209228516
-3.0008232593536377
-0.8884583115577698
-0.9468955993652344
0.19506308436393738
-1.042346715927124
-1.1858057975769043
-1.8771897554397583
-2.1990253925323486
-0.6511152982711792
-1.1874234676361084
-2.1793606281280518
-1.2011765241622925
-2.783782482147217
-0.8001667261123657
-1.2547743320465088
-0.06989111006259918
-1.606095314025879
-2.151141405105591
-2.518533706665039
-1.0843397378921509
-0.24664074182510376
-0.7804965376853943
-2.1821508407592773
0.1258445829153061
-1.5724791288375854
-2.723379135131836
0.7591773867607117
-0.4405665099620819
-0.9210658669471741
-1.5622811317443848
-1.5366766452789307
-1.1854288578033447
0.4516408145427704
-2.1468780040740967
-2.4134981632232666
0.12875370681285858
0.3101961612701416
-1.9981789588928223
-0.16081474721431732
-0.18057800829410553
0.5283063650131226
-1.833283543586731
-0.16208520531654358
-1.9766781330108643
-1.819287896156311
-0.12515974044799805
-1.4767950773239136
-0.5664836168289185
-1.7542694807052612
-2.052366018295288
-1.1918224096298218
-0.3456529378890991
0.560958206653595
-2.3783648014068604
-0.7178009152412415
-0.9944896697998047
-2.1869266033172607
-0.8612332940101624
-0.9209273457527161
-0.40682703256607056
-2.501694917678833
-2.157214641571045
-1.0676970481872559
-2.1454432010650635
-1.9114466905593872
-0.12075960636138916
-2.1863245964050293
-2.8074967861175537
-2.070044994354248
-2.507140636444092
-2.6595752239227295
-1.401937484741211
0.9625207781791687
-1.066244125366211
-1.3355321884155273
-1.0119578838348389
-1.3208645582199097
-1.698354721069336
-0.7223774790763855
-0.9500741362571716
-0.38017499446868896
-1.7227792739868164
-2.0976226329803467
-2.3366756439208984
-0.2995454668998718
-1.6712291240692139
-2.6333606243133545
-2.7308056354522705
-2.4979631900787354
-0.7363446354866028
-0.36201387643814087
-2.176222562789917
-1.1802722215652466
-3.123948574066162
-1.8045412302017212
-2.5925328731536865
-0.4855663776397705
-2.9310829639434814
0.018994655460119247
-0.9972441792488098
-1.9353028535842896
-2.4263272285461426
-1.9169389009475708
-0.6446643471717834
-2.023879289627075
-0.09012304246425629
-2.4714910984039307
-1.6695557832717896
-0.15630125999450684
-0.6862319111824036
-1.0975626707077026
-1.742767572402954
-1.488132119178772
-0.8765125870704651
0.46883609890937805
-2.2825417518615723
-0.014710996299982071
-0.9436555504798889
-0.3552468717098236
-0.8939747214317322
0.5460678339004517
-1.4349004030227661
-0.9338665008544922
-1.1485260725021362
-2.0723915100097656
-2.009270668029785
-0.6004092693328857
-1.3227214813232422
-1.6424201726913452
0.23069658875465393
-1.6312092542648315
-1.913938283920288
-0.9387370347976685
-1.021742582321167
-2.7208127975463867
-0.16213400661945343
-2.294132947921753
-1.1629273891448975
-2.3018910884857178
-1.548880934715271
-0.8648808002471924
-3.587430715560913
-2.248546838760376
-2.2275354862213135
-1.7850762605667114
-2.475931406021118
-0.16438035666942596
-0.7241618037223816
-1.8534960746765137
-2.203157901763916
-2.225052833557129
-2.0911359786987305
-1.205003023147583
-0.7059915065765381
-0.19829300045967102
-1.073452353477478
-0.6939589977264404
-1.2253189086914062
-1.7508021593093872
-2.0416500568389893
-1.1528757810592651
-2.681629180908203
-2.8031272888183594
-2.2930190563201904
-1.3083319664001465
-2.1299078464508057
-2.8239758014678955
-0.9366224408149719
-1.2990078926086426
-0.7851025462150574
0.8123227953910828
-0.5853316783905029
-1.461558222770691
-0.9789425730705261
-1.5955138206481934
-1.3114917278289795
-2.3588781356811523
-1.7304056882858276
-2.2815933227539062
-2.312443733215332
-0.7085713148117065
-0.7805564999580383
-0.6680163145065308
-0.919809877872467
-1.3003559112548828
0.6020570397377014
-2.803617238998413
-0.9587146043777466
-1.7453973293304443
-0.40882956981658936
-2.522914171218872
-2.115344285964966
-1.0097403526306152
0.1829214245080948
0.37301865220069885
-1.8777680397033691
-1.0641181468963623
-1.7519317865371704
-3.075465679168701
-2.1864981651306152
0.06572767347097397
-0.7332369685173035
-0.8896852731704712
-2.1670432090759277
-1.969038724899292
-0.8841267824172974
-2.4128758907318115
-2.6476166248321533
-1.376146912574768
-1.1445978879928589
-1.7147213220596313
0.5826777815818787
-0.9859381914138794
-3.329082489013672
-1.2594550848007202
-1.3279623985290527
-0.13717623054981232
-2.294882297515869
-1.354422688484192
-2.373819589614868
-0.772283136844635
0.038306329399347305
-1.5668634176254272
-2.148674964904785
-0.8317467570304871
-0.8269286751747131
-2.0053412914276123
-1.882176160812378
-2.031256675720215
-0.33232706785202026
-2.189030647277832
-1.8534692525863647
-0.9310014247894287
-2.13199520111084
-1.74717378616333
-1.231277585029602
-2.1930530071258545
-0.42027685046195984
-2.140235424041748
-2.408111810684204
-0.5481563806533813
-1.1325143575668335
