1.2302086353302002
1.6366052627563477
0.9641170501708984
1.2146720886230469
1.6780976057052612
1.199432134628296
1.212761640548706
0.975682258605957
1.262690782546997
2.31168270111084
1.0270558595657349
1.680238127708435
0.9972973465919495
1.0001742839813232
1.0097156763076782
0.7966504693031311
1.2528737783432007
1.1668843030929565
1.801977276802063
0.969770610332489
0.9920257925987244
1.6821454763412476
1.615330457687378
1.1639612913131714
1.3366972208023071
1.1551276445388794
0.8971489667892456
1.9675356149673462
1.6232715845108032
1.4005746841430664
1.1813526153564453
1.1690629720687866
0.07515764236450195
1.7693274021148682
1.6588696241378784
1.3633384704589844
1.1748099327087402
1.4850791692733765
1.428439974784851
0.7966368198394775
1.833796501159668
1.2150204181671143
0.8697920441627502
1.1097780466079712
1.4236857891082764
1.5091031789779663
1.7178081274032593
2.1255722045898438
1.8041749000549316
1.721245288848877
1.9687206745147705
1.0628342628479004
1.2255008220672607
1.036497950553894
0.7604215145111084
1.5172524452209473
1.3494939804077148
1.982552409172058
1.7068816423416138
1.5487020015716553
2.0388031005859375
1.325533390045166
0.8694844841957092
0.5815832018852234
1.833451271057129
1.0380589962005615
1.2746697664260864
1.705905795097351
1.1561601161956787
2.1451165676116943
1.457488775253296
0.859909176826477
0.9824004173278809
1.2020483016967773
0.9946271181106567
1.1409039497375488
1.7965806722640991
1.5025169849395752
2.087833881378174
1.5901559591293335
1.6884291172027588
1.2889325618743896
1.0928146839141846
0.7737649083137512
1.8385825157165527
2.1446337699890137
0.7444308400154114
1.572163462638855
1.7645312547683716
0.8030369877815247
1.5755398273468018
1.5086195468902588
1.277806282043457
1.6672672033309937
1.4531201124191284
1.6566638946533203
2.2118871212005615
1.9707481861114502
1.550288200378418
1.2393977642059326
0.984049916267395
1.8519518375396729
1.7844349145889282
1.9502583742141724
1.6583781242370605
2.414494037628174
1.6892669200897217
1.5184955596923828
1.6724388599395752
0.9588459134101868
1.3646299839019775
1.5311709642410278
1.8268483877182007
1.3768901824951172
2.025120735168457
1.0567554235458374
1.7905247211456299
1.1529561281204224
1.299458384513855
1.3917887210845947
1.2987360954284668
0.9363601207733154
2.079711675643921
1.09600031375885
0.827174961566925
1.4116383790969849
2.1086089611053467
1.7673028707504272
1.1215492486953735
0.9919424653053284
1.4621721506118774
1.934801697731018
1.350916862487793
1.1999449729919434
1.2744139432907104
1.6362419128417969
0.9265738129615784
1.9224450588226318
1.4525233507156372
1.1052089929580688
1.5106041431427002
1.6092370748519897
1.6342508792877197
1.1630390882492065
1.4150044918060303
1.0248477458953857
1.2909727096557617
1.193974256515503
2.1631689071655273
1.7970495223999023
1.032060980796814
2.000016927719116
1.134971022605896
1.6745651960372925
1.5029860734939575
1.6920592784881592
0.6638078689575195
1.4453825950622559
1.008204698562622
1.1142388582229614
1.1822564601898193
2.0386579036712646
1.3049362897872925
1.9819737672805786
1.3954211473464966
1.3165339231491089
0.8378322720527649
1.4166698455810547
1.059893250465393
1.4790195226669312
1.1195746660232544
1.2675020694732666
1.5115809440612793
0.8571386933326721
1.4022921323776245
1.890706181526184
1.6659854650497437
1.2857969999313354
2.0488340854644775
1.7151179313659668
0.8033692240715027
1.4461513757705688
1.8106000423431396
1.1246103048324585
1.6261581182479858
1.2604426145553589
1.2961207628250122
1.4804389476776123
1.3123540878295898
1.182273030281067
1.381142497062683
1.9766093492507935
1.2685075998306274
1.0174466371536255
1.253629446029663
1.8784610033035278
1.9066718816757202
1.8487024307250977
2.000501871109009
1.0142664909362793
1.3774574995040894
0.6146031022071838
1.2975106239318848
1.2525733709335327
1.1697403192520142
1.6271377801895142
1.4804152250289917
1.5323257446289062
1.6432639360427856
2.1891796588897705
1.5704255104064941
1.3733012676239014
1.4607822895050049
1.7042765617370605
1.613080620765686
1.378739356994629
2.1951348781585693
0.9290534853935242
1.1815518140792847
1.359712839126587
1.4906319379806519
1.7671189308166504
0.7723082900047302
1.4101226329803467
1.6137114763259888
2.1035313606262207
1.5236719846725464
1.357609748840332
1.5461429357528687
1.1585893630981445
1.1879594326019287
1.783657193183899
1.5684329271316528
1.5476133823394775
1.8016433715820312
1.6417407989501953
1.1915655136108398
1.8107966184616089
1.4115607738494873
1.7796456813812256
1.158289909362793
1.0338406562805176
1.2195898294448853
1.6604310274124146
1.7309938669204712
0.8796676993370056
1.0386857986450195
1.9271938800811768
1.0844252109527588
1.9087131023406982
1.115331768989563
1.2975488901138306
1.1205917596817017
1.657107949256897
1.5751093626022339
1.7516429424285889
1.7841976881027222
1.2746504545211792
0.9277950525283813
1.0890998840332031
0.7751779556274414
1.0190575122833252
1.1094021797180176
1.6734892129898071
1.4477883577346802
1.1255210638046265
1.3279987573623657
0.9821072816848755
1.507142424583435
1.333478331565857
1.829316258430481
1.052245855331421
1.1967148780822754
1.6473920345306396
1.059194803237915
0.785899817943573
1.5585764646530151
2.0831761360168457
1.3019005060195923
0.9822559952735901
2.102318048477173
0.9407762885093689
1.5532846450805664
1.8931195735931396
1.2524940967559814
1.0766520500183105
1.736595630645752
1.4124932289123535
1.0382078886032104
1.0287286043167114
1.479430079460144
1.2442997694015503
1.2169960737228394
1.0862104892730713
1.0420514345169067
1.975034475326538
1.7986087799072266
0.6755422949790955
1.003098964691162
0.8957020044326782
0.9782739281654358
1.367314100265503
1.9244704246520996
1.0866539478302002
1.8440052270889282
0.9409512281417847
1.3076696395874023
0.9020223021507263
1.3214317560195923
1.5987311601638794
1.6170626878738403
1.796932578086853
1.6690987348556519
1.3090354204177856
2.0762503147125244
1.3306097984313965
1.5149048566818237
1.3276785612106323
1.441933512687683
1.9504163265228271
0.9334385395050049
1.593318223953247
1.0780861377716064
1.4370555877685547
1.8241761922836304
1.4148104190826416
0.6732553839683533
1.7877027988433838
1.0641261339187622
1.2259048223495483
1.6310653686523438
1.234724760055542
0.8346160650253296
1.5153040885925293
0.9194284677505493
1.4176779985427856
1.23528254032135
1.4756299257278442
0.9487959742546082
1.5877811908721924
1.2697560787200928
0.9090379476547241
1.114319920539856
1.162225365638733
1.3813040256500244
1.2375898361206055
1.5729849338531494
2.2988510131835938
1.2680163383483887
1.6566548347473145
1.6608014106750488
1.4575990438461304
1.9371780157089233
0.9115810394287109
2.058091402053833
1.8119174242019653
1.8887672424316406
1.2704435586929321
1.2298426628112793
1.3435745239257812
1.7104294300079346
1.9884884357452393
1.4639891386032104
1.553238868713379
1.2214936017990112
2.0659148693084717
1.1825190782546997
0.9587806463241577
1.1534817218780518
1.7661850452423096
1.6804505586624146
1.059248924255371
1.8330868482589722
1.9768153429031372
1.0376578569412231
1.778942584991455
1.212739109992981
1.3793569803237915
1.5272650718688965
1.0594714879989624
1.619187593460083
1.5634150505065918
1.6911301612854004
1.0376590490341187
1.209991693496704
2.06933331489563
1.0751018524169922
1.7353488206863403
0.8880918622016907
0.7338545918464661
1.439310908317566
0.9402809739112854
1.6701492071151733
1.4557452201843262
1.2171193361282349
1.2872852087020874
0.25531840324401855
2.1183876991271973
1.9197478294372559
1.8339152336120605
0.9182438254356384
1.752625823020935
0.9020397663116455
1.0820889472961426
1.557417631149292
1.1307917833328247
0.8901668190956116
1.5017006397247314
1.850850224494934
0.5671253800392151
1.858058214187622
0.9881069660186768
1.8511451482772827
1.0559682846069336
1.0474485158920288
1.7769927978515625
1.2400099039077759
1.7626665830612183
1.7819210290908813
1.2157137393951416
1.5871126651763916
1.4606181383132935
1.816208004951477
1.5664595365524292
1.942488670349121
0.9383258819580078
1.590588927268982
1.218363642692566
2.18182635307312
1.6499061584472656
1.153594970703125
1.4590644836425781
2.0784499645233154
1.303322196006775
1.8653885126113892
1.2959718704223633
1.7995563745498657
1.5918070077896118
1.204636812210083
1.479968547821045
1.2857741117477417
1.78363037109375
1.408041000366211
1.7892118692398071
1.438185214996338
1.7536964416503906
0.760848879814148
1.1557636260986328
1.7274715900421143
1.8725491762161255
1.1908129453659058
0.8140124678611755
0.9545189738273621
1.3850456476211548
1.1812858581542969
1.55015230178833
1.3668047189712524
1.0336965322494507
1.4340546131134033
1.2810382843017578
1.9251939058303833
2.3879711627960205
1.334828495979309
1.3924026489257812
1.4737998247146606
1.594685435295105
0.7251974940299988
2.1347639560699463
1.1186531782150269
1.300034523010254
1.0500373840332031
1.7308588027954102
0.8290360569953918
1.177873969078064
1.8452242612838745
1.388569951057434
1.1463567018508911
1.7016643285751343
1.7007423639297485
1.6836035251617432
1.7638483047485352
1.140360951423645
1.7624682188034058
1.651410698890686
1.954083800315857
1.3534255027770996
0.9103086590766907
1.2350610494613647
1.6741513013839722
1.88786780834198
1.1406546831130981
2.095203399658203
1.3760485649108887
1.1513503789901733
1.7448680400848389
1.7995731830596924
1.4601569175720215
2.1664376258850098
1.296930193901062
1.9085997343063354
1.9407485723495483
1.061266541481018
1.6598083972930908
1.0468461513519287
1.0841768980026245
1.9959912300109863
1.9063173532485962
1.8928686380386353
1.2238991260528564
1.4512852430343628
1.4436700344085693
1.3135102987289429
1.425618052482605
1.3170344829559326
1.7802987098693848
1.6403653621673584
1.0689537525177002
1.3932021856307983
0.7761173248291016
1.1843701601028442
0.9606635570526123
1.648172378540039
1.7143619060516357
1.3892738819122314
1.5771337747573853
1.2395319938659668
0.8890007734298706
1.725361943244934
1.7132867574691772
1.5744118690490723
1.8445830345153809
1.431907057762146
1.4349831342697144
1.7275285720825195
0.8903322815895081
1.6220335960388184
1.3060656785964966
1.6413707733154297
1.4089223146438599
1.1103357076644897
0.9405274391174316
0.6268004775047302
1.320075511932373
1.9213796854019165
1.5937713384628296
1.228997826576233
1.5995500087738037
1.8792216777801514
1.7979878187179565
1.1245903968811035
1.4429514408111572
1.0435402393341064
1.5142056941986084
2.122215986251831
1.049705147743225
0.8843024969100952
1.9632441997528076
1.6607526540756226
1.9158152341842651
1.8337467908859253
1.06662917137146
1.8740755319595337
1.2586227655410767
1.6118624210357666
0.8757889866828918
1.1384166479110718
1.6625758409500122
1.3822436332702637
1.1038968563079834
1.675696849822998
1.3237229585647583
1.4178416728973389
2.011049509048462
0.816486656665802
0.8972382545471191
1.696699619293213
1.3923097848892212
1.1843713521957397
1.0984755754470825
1.945517897605896
1.0036317110061646
0.9903984069824219
2.003262758255005
1.699725866317749
1.4901280403137207
1.5299503803253174
0.6440258622169495
1.7824926376342773
1.2396906614303589
1.3829727172851562
1.772787094116211
1.4364197254180908
1.4917035102844238
1.4774221181869507
2.0134289264678955
0.9216117858886719
1.5850846767425537
1.3969671726226807
1.4531432390213013
1.6966135501861572
1.3497638702392578
0.8576125502586365
2.0741217136383057
1.6173489093780518
1.5662846565246582
2.028703212738037
1.0459140539169312
1.438378095626831
0.7730444669723511
1.422620177268982
1.0133918523788452
1.7713124752044678
1.4630603790283203
1.0173386335372925
1.243391752243042
1.303457260131836
1.5763543844223022
1.406933069229126
1.4469609260559082
2.1641845703125
1.153707504272461
1.7683411836624146
1.6441148519515991
1.274540662765503
1.1537741422653198
1.7811719179153442
1.8427746295928955
2.1784746646881104
1.7032430171966553
1.241849660873413
0.7401857376098633
2.1784415245056152
1.299407958984375
1.4375351667404175
1.1438491344451904
0.9661495685577393
1.7173542976379395
1.1668952703475952
1.4279508590698242
1.2046939134597778
1.7776448726654053
1.7231119871139526
0.9752006530761719
2.1959280967712402
0.9412832260131836
1.4582562446594238
1.456413745880127
1.8796237707138062
1.7653141021728516
0.9672672152519226
0.8621506690979004
1.0812443494796753
1.4315212965011597
2.044706344604492
1.2168914079666138
2.4147777557373047
1.4090900421142578
1.7784337997436523
1.65101957321167
2.208064317703247
0.8218007683753967
1.690524935722351
1.6836122274398804
1.9090070724487305
1.2545170783996582
2.0549497604370117
1.5349576473236084
1.6395756006240845
1.30977201461792
0.9716712236404419
0.9190811514854431
1.4968054294586182
1.475595235824585
1.9042967557907104
1.278456211090088
2.0988271236419678
0.1744478940963745
1.9298397302627563
1.9422343969345093
1.4044798612594604
1.4751795530319214
1.183652639389038
0.77284175157547
1.1705272197723389
1.0463533401489258
1.175963282585144
1.9092211723327637
2.1584386825561523
1.6199160814285278
1.5202301740646362
1.5485302209854126
1.6504149436950684
1.650687575340271
1.7903283834457397
1.5621471405029297
2.264854669570923
1.6423484086990356
1.690674901008606
1.0251119136810303
0.9465125799179077
1.5187201499938965
1.9031474590301514
2.3108012676239014
1.3134827613830566
1.0213345289230347
1.8218903541564941
1.1768765449523926
2.1929028034210205
1.157058596611023
1.6000388860702515
2.0471856594085693
1.8550702333450317
1.7122085094451904
1.5801981687545776
0.9523990750312805
0.9634044766426086
1.8974119424819946
2.0419414043426514
1.595833420753479
1.2694306373596191
1.5286972522735596
0.24753081798553467
1.2242558002471924
1.701758861541748
1.3150372505187988
1.330129861831665
1.3513398170471191
1.2615611553192139
1.067112684249878
1.4123162031173706
1.265092372894287
1.2296901941299438
2.032851457595825
1.800087332725525
2.123108386993408
1.0120893716812134
1.6849976778030396
1.5357491970062256
1.8125910758972168
1.739135980606079
1.2767585515975952
1.4330087900161743
1.4246904850006104
0.7184745669364929
1.4575531482696533
1.4336731433868408
1.611790657043457
1.7022898197174072
1.2693066596984863
1.3965080976486206
1.507554292678833
1.8514504432678223
1.184916615486145
1.3656262159347534
1.2736226320266724
1.9504517316818237
1.047855257987976
1.0676310062408447
1.845112919807434
1.5058120489120483
1.4210188388824463
1.1211479902267456
1.6037206649780273
1.1032880544662476
1.3861639499664307
1.1959872245788574
1.8104450702667236
1.2149386405944824
1.9038010835647583
1.271099328994751
1.82637357711792
0.9453586339950562
1.9763513803482056
1.4100781679153442
1.426456093788147
1.200435757637024
0.863629937171936
0.9819359183311462
1.6455222368240356
1.849484920501709
1.4989638328552246
2.1854734420776367
1.2866859436035156
1.5527098178863525
1.031531572341919
1.5237325429916382
1.5694175958633423
1.0387678146362305
1.434198260307312
1.241765022277832
1.6015905141830444
1.4588966369628906
1.9846705198287964
1.1173582077026367
1.4097962379455566
1.061060905456543
1.1298506259918213
1.7477095127105713
1.1141517162322998
1.884564995765686
1.8484710454940796
2.0548667907714844
1.5484660863876343
1.8750805854797363
1.2224159240722656
1.721215009689331
1.0943386554718018
0.8992950320243835
1.9871081113815308
1.0392227172851562
1.4425275325775146
1.836142897605896
1.144080400466919
1.5235633850097656
1.6391754150390625
1.589443564414978
0.670002281665802
1.1715624332427979
0.9284882545471191
1.2968003749847412
1.2579551935195923
1.2960186004638672
1.9809706211090088
0.9191920757293701
0.9693782329559326
1.7928736209869385
1.0699087381362915
1.6589711904525757
1.0296388864517212
1.575299620628357
1.2711889743804932
1.6087007522583008
1.5144319534301758
1.667425274848938
0.20970755815505981
1.6955833435058594
0.8970088362693787
0.585720419883728
1.8796284198760986
0.955925703048706
1.019584059715271
2.0825047492980957
1.8081380128860474
1.0021212100982666
1.3317307233810425
1.0088597536087036
1.010297417640686
1.8114469051361084
0.8627829551696777
1.1953078508377075
1.1077401638031006
1.625615119934082
2.18019962310791
1.4738036394119263
0.3750980496406555
0.8444071412086487
1.736258864402771
1.3682000637054443
1.0492334365844727
2.016555070877075
1.4362499713897705
1.506043553352356
1.377654790878296
0.809321939945221
0.7640644311904907
1.3206788301467896
1.8309928178787231
1.2657616138458252
0.9680997133255005
1.2923386096954346
1.7190607786178589
1.3533015251159668
1.0856019258499146
1.2237062454223633
2.1123833656311035
1.2370291948318481
1.6512768268585205
0.7152698636054993
1.3346750736236572
1.7745352983474731
1.0712547302246094
0.967315673828125
2.022165536880493
1.6321361064910889
1.5711482763290405
1.1049078702926636
1.4887923002243042
1.9179855585098267
1.8038791418075562
1.8981446027755737
1.739007592201233
1.6933467388153076
2.1318166255950928
1.8404886722564697
1.4921379089355469
1.3979405164718628
1.6278005838394165
1.985578179359436
1.623268485069275
1.8953698873519897
1.5406304597854614
1.759905219078064
1.8075450658798218
1.1133300065994263
1.4831489324569702
1.483013391494751
0.7101803421974182
0.8628584742546082
1.1141146421432495
0.9801204204559326
1.7753560543060303
1.581554889678955
1.9427752494812012
1.344430685043335
1.8057751655578613
1.2053104639053345
1.5522069931030273
1.8167736530303955
1.3229869604110718
1.7645621299743652
1.3511300086975098
2.0902559757232666
1.5701407194137573
2.2477946281433105
1.3033642768859863
1.195932149887085
0.8060078620910645
1.5923757553100586
1.8881891965866089
1.7116825580596924
1.3754305839538574
2.1700820922851562
1.8163098096847534
0.8900972604751587
0.83176589012146
1.2174137830734253
1.5662027597427368
1.152451992034912
1.6203761100769043
1.2201727628707886
0.7569677829742432
1.393446922302246
1.516891360282898
1.3531733751296997
1.7677860260009766
1.24741530418396
2.2630927562713623
1.326300024986267
1.3495179414749146
1.1410057544708252
1.714078426361084
2.030853509902954
2.1798391342163086
1.0802571773529053
0.3880401849746704
0.9023067951202393
1.861439824104309
1.2642003297805786
1.253070592880249
1.4122205972671509
1.7731842994689941
2.324070930480957
1.8154780864715576
1.5526517629623413
0.8685333132743835
1.7955121994018555
1.4176933765411377
1.8276396989822388
0.9208712577819824
0.3032854199409485
1.0547420978546143
1.6293808221817017
1.2076705694198608
1.7090462446212769
1.3213036060333252
1.3605483770370483
1.2144694328308105
1.7502026557922363
1.6996614933013916
1.7669845819473267
1.2899194955825806
2.397153615951538
1.5557376146316528
1.8176851272583008
1.9785126447677612
1.4247677326202393
1.6051089763641357
1.1940875053405762
1.316024661064148
0.8910897374153137
1.2230528593063354
1.3014867305755615
1.2386938333511353
1.760502815246582
1.1005537509918213
1.765271782875061
1.3396155834197998
1.5949827432632446
2.059990644454956
2.1817049980163574
0.973463237285614
0.8729564547538757
1.816731333732605
1.195534586906433
1.5230625867843628
1.7969963550567627
1.1129674911499023
1.374467134475708
1.4974952936172485
1.3492392301559448
1.060590147972107
1.0770678520202637
1.8316586017608643
1.3801621198654175
1.8838894367218018
1.294028401374817
1.7076983451843262
1.7446523904800415
1.297728180885315
1.253950595855713
1.9537198543548584
1.1379708051681519
1.4353373050689697
0.9794297814369202
1.451149344444275
1.4237960577011108
1.0099018812179565
1.2092913389205933
0.8929102420806885
1.7801940441131592
1.3799147605895996
1.6446024179458618
1.590165615081787
1.1957955360412598
0.9638632535934448
1.606339454650879
1.2433592081069946
2.3802051544189453
1.6828831434249878
1.6397229433059692
1.26241934299469
0.988528847694397
0.9407904744148254
0.8847990036010742
1.5711572170257568
1.58042573928833
1.3249200582504272
2.1251895427703857
0.9773300886154175
1.7820730209350586
1.2538414001464844
1.3266807794570923
1.3958442211151123
1.4425090551376343
1.1821376085281372
1.2401281595230103
1.1526437997817993
0.16419321298599243
1.3652381896972656
1.6259435415267944
1.9174357652664185
1.416140079498291
0.8482459187507629
1.7195929288864136
1.4178063869476318
1.5938074588775635
0.8036507368087769
1.6964014768600464
0.974486768245697
1.899130940437317
1.5351252555847168
1.8369314670562744
1.2769739627838135
1.489300012588501
1.4912124872207642
1.9088748693466187
1.4380077123641968
1.3061610460281372
1.682321310043335
1.1896477937698364
1.2537857294082642
2.035456418991089
0.7736063599586487
1.1741039752960205
1.1081167459487915
1.9516377449035645
1.6893905401229858
1.4030311107635498
1.5479779243469238
2.0606801509857178
1.3299028873443604
2.0090839862823486
1.182661771774292
1.6882145404815674
0.9808907508850098
2.144678831100464
1.223659873008728
1.7561734914779663
1.2141718864440918
1.1205792427062988
1.454662799835205
1.1974347829818726
1.330653429031372
1.6246204376220703
1.8517426252365112
1.737351894378662
1.8065706491470337
1.6477566957473755
1.3715806007385254
1.76607346534729
0.888424813747406
1.8521536588668823
1.5785735845565796
1.5002799034118652
1.5539731979370117
1.6747578382492065
1.9028774499893188
1.551933765411377
2.251922845840454
0.9336948990821838
1.7352975606918335
2.080937147140503
0.8467281460762024
1.8754140138626099
1.4253147840499878
2.094477653503418
1.4839797019958496
1.6475480794906616
1.023601770401001
1.7976465225219727
1.8946168422698975
2.5337021350860596
1.7150875329971313
1.7463113069534302
1.588769555091858
1.5918681621551514
1.279748797416687
1.4673551321029663
1.728983998298645
1.1014378070831299
1.646267294883728
2.381007194519043
0.9962400197982788
2.1228489875793457
1.5357877016067505
2.03566575050354
1.1399682760238647
1.8246079683303833
1.9452370405197144
2.1486315727233887
1.8515487909317017
1.727136254310608
