-0.06850335001945496
-0.1251440793275833
-0.01856091618537903
0.0003090270620305091
-0.02774636261165142
-0.10579997301101685
-0.10570193827152252
-0.013985282741487026
-0.12130146473646164
-0.09375418722629547
-0.0057180109433829784
-0.10774385184049606
-0.03301777318120003
-0.09535304456949234
-0.08226069062948227
-0.08843827247619629
-0.12798677384853363
-0.08042639493942261
-0.14648689329624176
-0.04101450368762016
-0.10342542082071304
-0.05553724616765976
-0.10812312364578247
-0.02551908604800701
-0.10092682391405106
-0.02928352542221546
-0.0632466971874237
-0.33451852202415466
-0.11346059292554855
-0.044758521020412445
-0.07266727089881897
-0.09871437400579453
0.021872486919164658
-0.07665150612592697
-0.13926972448825836
-0.11308085173368454
-0.06854751706123352
-0.0904601588845253
-0.04553334787487984
-0.09105480462312698
-0.09199076145887375
-0.08260203152894974
-0.002943939995020628
-0.06942158937454224
-0.05892288312315941
-0.08274734020233154
-0.1098414734005928
-0.08846191316843033
-0.12330129742622375
-0.12224357575178146
-0.08728064596652985
-0.09634625166654587
-0.09642688930034637
-0.07062690705060959
-0.1800059676170349
-0.0077187553979456425
-0.08043376356363297
-0.09712379425764084
-0.12214299291372299
-0.06359365582466125
-0.10343912243843079
-0.10417897254228592
-0.03932436928153038
-0.21204648911952972
-0.0878312885761261
-0.08031868934631348
-0.09851347655057907
-0.13069193065166473
-0.07854793965816498
-0.09822749346494675
-0.17553479969501495
-0.05836944282054901
-0.08832390606403351
-0.0948537290096283
-0.06514539569616318
-0.06013936549425125
-0.11030059307813644
-0.07115592062473297
-0.11795366555452347
-0.09641466289758682
-0.10620642453432083
0.05743281543254852
-0.08001002669334412
0.037401556968688965
-0.10849912464618683
-0.11422672122716904
-0.09200804680585861
-0.10309893637895584
-0.12410392612218857
-0.07011644542217255
-0.12217754870653152
-0.10971614718437195
-0.09022896736860275
-2.4299930373672396e-05
-0.08165747672319412
-0.002949858782812953
-0.07940171658992767
-0.11155682057142258
-0.08567747473716736
-0.07461118698120117
-0.04174763336777687
-0.0850968286395073
-0.09464696794748306
-0.10018089413642883
-0.09351356327533722
-0.1421806365251541
-0.05909246578812599
-0.1098543033003807
-0.058735162019729614
-0.08700399100780487
-0.11820630729198456
-0.10737360268831253
-0.12923821806907654
-0.08334668725728989
-0.11076657474040985
-0.09189728647470474
-0.08802612125873566
-0.07467173784971237
-0.13759289681911469
-0.09118827432394028
-0.10167984664440155
0.005922040902078152
-0.0994362086057663
-0.06493719667196274
-0.10714486241340637
-0.05922411382198334
-0.08981247991323471
-0.08999955654144287
-0.03343416005373001
-0.08926220238208771
-0.1121598333120346
-0.12498416751623154
-0.1313628852367401
-0.07659952342510223
-0.10202167928218842
-0.0014837472699582577
-0.051211919635534286
-0.10791676491498947
-0.012909083627164364
-0.0446675606071949
-0.05705767497420311
-0.08410710841417313
-0.04677289351820946
-0.10408750176429749
-0.08772239089012146
-0.07881535589694977
-0.07954712957143784
0.0036543982569128275
-0.13705576956272125
-0.11411789059638977
-0.02222069725394249
-0.09665989130735397
-0.06882006675004959
-0.11561640352010727
-0.1337418556213379
-0.11511310189962387
-0.04415777325630188
-0.07789979130029678
-0.008371934294700623
-0.10727708041667938
-0.06400372087955475
-0.11608701199293137
-0.10228002816438675
-0.14511190354824066
-0.08971955627202988
-0.08682902902364731
-0.07006576657295227
-0.0731901228427887
-0.1096198633313179
-0.11260998994112015
-0.0670788437128067
-0.08510679006576538
-0.1158735454082489
0.10223124176263809
-0.07426077127456665
-0.11529286205768585
-0.060539860278367996
-0.05256412550806999
-0.1056218072772026
-0.00226952088996768
-0.034865591675043106
-0.12043429166078568
-0.08284509927034378
-0.09892047941684723
-0.08539428561925888
-0.10351740568876266
0.0017080696998164058
-0.11722086369991302
-0.09482988715171814
-0.10562042146921158
-0.06917504221200943
-0.111432746052742
-0.06387322396039963
-0.047448400408029556
-0.09108241647481918
-0.11604001373052597
-0.09776651114225388
-0.11334044486284256
-0.13169661164283752
-0.011591926217079163
-0.05127713456749916
-0.01172212790697813
-0.06216390058398247
-0.09261994808912277
-0.07716528326272964
-0.09399431198835373
-0.07841778546571732
-0.10410161316394806
-0.07673808187246323
-0.09543563425540924
-0.09930221736431122
-0.0554998405277729
-0.059397466480731964
-0.0624522790312767
-0.10029808431863785
-0.09507424384355545
-0.07353378087282181
-0.07712433487176895
-0.09167807549238205
-0.09106946736574173
-0.09593693912029266
-0.08563649654388428
-0.0649387538433075
-0.09320738166570663
-0.105402871966362
-0.06509698927402496
-0.01957886666059494
-0.005349908955395222
-0.10771315544843674
-0.062215693295001984
-0.07613575458526611
0.06573865562677383
-0.09706231951713562
-0.06659123301506042
-0.10424872487783432
-0.10685229301452637
-0.09758143872022629
-0.07210467010736465
-0.1062610000371933
-0.10288815945386887
-0.08036528527736664
-0.009902006946504116
-0.004931124858558178
-0.11605937778949738
-0.06307105720043182
-0.07477620244026184
-0.021183624863624573
-0.12658779323101044
-0.07242252677679062
-0.12356583774089813
-0.09534046053886414
-0.13632504642009735
-0.03896535933017731
-0.12414822727441788
-0.10036668181419373
-0.13014492392539978
-0.1223139613866806
-0.0805060938000679
-0.025517459958791733
-0.08713367581367493
-0.1026473343372345
-0.05865319073200226
-0.08284009248018265
-0.09726367890834808
-0.0016540869837626815
-0.08211561292409897
-0.08323084563016891
-0.10403648018836975
-0.02549748122692108
-0.07931745052337646
-0.11178430914878845
-0.07640334963798523
0.010044582188129425
-0.14120648801326752
-0.005261430516839027
-0.015595604665577412
-0.08817274868488312
-0.12050964683294296
-0.03915341570973396
-0.04108717665076256
-0.23714424669742584
0.05466756597161293
0.004276325460523367
-0.08289539068937302
-0.05550041422247887
-0.07939015328884125
-0.16520000994205475
-0.06524249911308289
-0.012127042748034
-0.0601736344397068
-0.08753375709056854
0.007777353283017874
-0.08750228583812714
-0.06907724589109421
-0.05196085572242737
-0.06698872894048691
-0.11836440116167068
-0.07420885562896729
0.19186931848526
-0.08143673092126846
-0.055983345955610275
-0.1004144623875618
-0.09879995137453079
-0.018083054572343826
-0.12462334334850311
0.09100304543972015
0.0007402365445159376
-0.09682082384824753
-0.028156070038676262
-0.12366432696580887
-0.02657659538090229
-0.09551198035478592
-0.09680071473121643
-0.08530063182115555
-0.14029310643672943
-0.08086255937814713
-0.08470094949007034
-0.11411235481500626
-0.08260513842105865
-0.06280933320522308
-0.10557821393013
-0.11858852207660675
-0.011695437133312225
-0.24641455709934235
0.028644556179642677
-0.04099293425679207
0.04108935967087746
-0.08598668873310089
-0.0875924825668335
-0.09780585020780563
-0.10959425568580627
-0.09155301004648209
-0.08463113754987717
-0.10957346111536026
-0.022946741431951523
-0.06919967383146286
-0.05044622719287872
-0.09941453486680984
-0.010118512436747551
-0.08760062605142593
0.02217218279838562
-0.07542169839143753
-0.045469462871551514
-0.1503806859254837
-0.10164855420589447
-0.005316583905369043
-0.05810747295618057
-0.06931423395872116
-0.05933288857340813
-0.09018693119287491
-0.08569955080747604
-0.10338106006383896
-0.049028582870960236
-0.08740562945604324
-0.0380709171295166
-0.08685767650604248
-0.13312876224517822
-0.08070990443229675
-0.08490998297929764
-0.059464067220687866
-0.064368836581707
-0.09161766618490219
-0.10155460238456726
-0.08528801053762436
0.006038273684680462
-0.11126068979501724
-0.0667000561952591
-0.08737771958112717
-0.08916104584932327
-0.060624416917562485
-0.10974998027086258
-0.011605536565184593
-0.077554851770401
-0.03613843768835068
-0.09023291617631912
-0.10140972584486008
-0.07525809109210968
-0.03412339836359024
-0.09121140837669373
-0.07147406786680222
-0.11397359520196915
-0.10327970236539841
-0.036360710859298706
-0.06618721783161163
-0.05109679698944092
-0.10201720148324966
-0.01272364892065525
-0.1213768869638443
-0.012475074268877506
0.007958529517054558
-0.0583161860704422
-0.04883964732289314
-0.0903925746679306
-0.12763617932796478
-0.11412239819765091
-0.04103812947869301
-0.045181989669799805
-0.1294528841972351
-0.10573788732290268
-0.0692896917462349
0.03921417146921158
-0.11138065904378891
-0.05373788997530937
-0.06553061306476593
-0.11450999230146408
-0.05543207749724388
-0.06808050721883774
-0.0449492409825325
-0.08409886807203293
-0.051806770265102386
-0.0798368752002716
-0.0743502601981163
-0.1314864456653595
-0.09132346510887146
-0.08587212860584259
-0.0712776780128479
-0.09317952394485474
-0.12767261266708374
-0.1100207269191742
-0.07285424321889877
-0.093023881316185
-0.09717012196779251
-0.05301176756620407
-0.08089091628789902
-0.1188615933060646
0.002116267802193761
-0.015560087747871876
-0.10559441149234772
-0.23645628988742828
-0.09250693023204803
0.013868812471628189
-0.08099797368049622
-0.0992002934217453
-0.1154770776629448
-0.07585931569337845
-0.10790801048278809
-0.08575476706027985
-0.08000082522630692
-0.05343351885676384
-0.10901825875043869
-0.06636393070220947
-0.08088856935501099
-0.13096722960472107
-0.11844576150178909
-0.0951455757021904
-0.10796860605478287
0.07665614783763885
-0.09397753328084946
-0.10282552242279053
-0.07647192478179932
-0.10676101595163345
-0.0582226887345314
-0.08018320053815842
-0.08442025631666183
0.0007187995361164212
-0.003922434523701668
-0.06513037532567978
0.0648888498544693
-0.12001419067382812
-0.10707234591245651
-0.121700219810009
-0.08064403384923935
-0.08048433065414429
-0.10243125259876251
-0.08586236089468002
-0.07155732065439224
-0.07943377643823624
-0.12135791778564453
-0.030715838074684143
-0.08794251829385757
-0.09738651663064957
-0.09164376556873322
-0.007755117490887642
-0.06516990810632706
-0.13335520029067993
-0.09810245037078857
-0.034813299775123596
-0.06333603709936142
-0.06612727791070938
-0.08551498502492905
-0.10276569426059723
-0.06453492492437363
-0.11350788921117783
-0.08323667198419571
-0.08678257465362549
-0.08714762330055237
0.011515169404447079
-0.02304331213235855
-0.06565211713314056
-0.09180887043476105
-0.09669928252696991
-0.0894182026386261
-0.10407084971666336
-0.11525090783834457
-0.0804487094283104
-0.10962407290935516
-0.08706893026828766
-0.11890040338039398
-0.07494904100894928
-0.21265722811222076
-0.09761014580726624
-0.0954311415553093
-0.12020745873451233
-0.0753883495926857
-0.07545623928308487
-0.10236628353595734
-0.07238762825727463
-0.09281302988529205
-0.10625237226486206
-0.07175561040639877
-0.09610655903816223
-0.0023719454184174538
-0.11164665222167969
-0.05850917473435402
-0.08421392738819122
-0.10448624938726425
-0.07615213841199875
-0.08701431006193161
-0.011144637130200863
-0.09110268950462341
0.000886197667568922
-0.04700782150030136
-0.0732714906334877
-0.09385194629430771
-0.05103349685668945
-0.06213477998971939
-0.09935265779495239
-0.11819291859865189
-0.1075277030467987
-0.038851045072078705
-0.12242941558361053
-0.011178978718817234
-0.07604719698429108
-0.004780873656272888
-0.03229738026857376
-0.08324123919010162
-0.09745689481496811
-0.06974747031927109
-0.11114968359470367
-0.03848045691847801
-0.10555467009544373
-0.06111881136894226
-0.12326869368553162
-0.10824116319417953
-0.05816623941063881
-0.08235640078783035
-0.11813794076442719
-0.07032620906829834
-0.16940747201442719
-0.07209494709968567
-0.07874573022127151
-0.053259145468473434
-0.06963615864515305
-0.10184571892023087
-0.09369156509637833
-0.09523593634366989
-0.0928589403629303
-0.11004337668418884
-0.07048329710960388
-0.0984622910618782
-0.07698241621255875
-0.05779581889510155
0.025704728439450264
0.09207646548748016
0.003698772517964244
-0.09032178670167923
-0.09778806567192078
-0.09970025718212128
-0.09425927698612213
-0.06852864474058151
-0.07972966134548187
0.03767892345786095
-0.05972183495759964
-0.0037434420082718134
-0.08666257560253143
-0.09722986072301865
-0.08822614699602127
-0.05159235745668411
0.07300087809562683
-0.14085227251052856
-0.07008471339941025
-0.09749361127614975
-0.12371630221605301
-0.11663510650396347
0.030583007261157036
-0.09552426636219025
-0.010299709625542164
-0.10256475955247879
0.017649492248892784
-0.026272054761648178
-0.08059892803430557
-0.08518027514219284
-0.0929810106754303
-0.09748602658510208
-0.12997379899024963
-0.0708547979593277
-0.1337783932685852
-0.015098501928150654
-0.09126992523670197
-0.10045713186264038
-0.13857106864452362
-0.017362847924232483
-0.10044941306114197
-0.10263803601264954
-0.00038034870522096753
-0.05410146713256836
-0.04541557654738426
-0.10576318949460983
-0.08136044442653656
-0.10802499204874039
-0.10073965042829514
-0.13190098106861115
-0.08905935287475586
-0.06567639857530594
-0.0964902713894844
-0.12617819011211395
-0.07085572928190231
-0.08420297503471375
-0.10786434262990952
-0.07223200052976608
-0.09170494228601456
-0.07704427093267441
-0.1199052631855011
0.06253091990947723
-0.013660548254847527
-0.048603832721710205
-0.06473083049058914
-0.10623251646757126
0.09120194613933563
-0.08606715500354767
-0.0007980749360285699
-0.11002583056688309
-0.08597594499588013
-0.046643007546663284
-0.09339785575866699
-0.05186968296766281
-0.09904293715953827
-0.0996679738163948
-0.1254664808511734
-0.10709929466247559
-0.10515636950731277
-0.03494637459516525
-0.02480102702975273
-0.1149190366268158
-0.06328853964805603
-0.08382371813058853
-0.013291454873979092
-0.07126405090093613
-0.07610069215297699
-0.07374633848667145
-0.07049562782049179
-0.051603320986032486
-0.11854903399944305
-0.10418272763490677
-0.08962304890155792
-0.17687401175498962
-0.07568108290433884
-0.11654221266508102
-0.07998467981815338
0.012772474437952042
-0.08160325139760971
-0.09068536758422852
-0.09859128296375275
-0.09009809792041779
-0.0832020491361618
-0.14657291769981384
-0.07056011259555817
-0.046161387115716934
-0.030541563406586647
-0.07210331410169601
0.06677494943141937
-0.09318352490663528
-0.09041330963373184
-0.0801469087600708
-0.1061517670750618
-0.13524548709392548
0.05100538209080696
-0.09907115250825882
-0.11117544025182724
-0.08306321501731873
-0.11370798945426941
-0.10327477753162384
-0.053660936653614044
-0.11562829464673996
-0.0743972435593605
-0.08817502111196518
-0.1098300889134407
-0.056024517863988876
-0.06297829747200012
-0.08347127586603165
0.0682699978351593
-0.1063440814614296
-0.03708576783537865
0.0337076410651207
-0.09678379446268082
-0.09239832311868668
-0.1025543063879013
-0.11534016579389572
-0.0536046177148819
-0.09899908304214478
-0.11189759522676468
-0.06476812809705734
-0.08138030022382736
-0.0915224552154541
-0.08881288766860962
-0.060589101165533066
0.031492963433265686
-0.05724569782614708
-0.06996367126703262
-0.004500339273363352
-0.061195943504571915
-0.059797897934913635
-0.056607719510793686
-0.0020720846951007843
-0.09528763592243195
-0.09625562280416489
-0.10641733556985855
-0.08046544343233109
-0.10656159371137619
-0.07591965794563293
-0.10571025311946869
-0.026129810139536858
-0.10085958242416382
-0.11824192851781845
-0.07858406752347946
-0.08834532648324966
-0.04983719810843468
0.012869060970842838
-0.04849148169159889
-0.10518848896026611
-0.0792316347360611
-0.09094756096601486
-0.08110039681196213
-0.054972704499959946
-0.10337528586387634
-0.08944879472255707
-0.06445164978504181
-0.06445512175559998
-0.09762546420097351
-0.08869677037000656
-0.06636635959148407
-0.11440771073102951
-0.07162132859230042
-0.061777979135513306
-0.05494390428066254
-0.025534410029649734
-0.12322327494621277
-0.1225849837064743
-0.08207409828901291
-0.08245132118463516
-0.08139040321111679
-0.09292083978652954
-0.05752252787351608
-0.05075416341423988
-0.10108523815870285
-0.10859128087759018
-0.0980009213089943
-0.08896239846944809
-0.09223882108926773
-0.08635083585977554
-0.06255049258470535
-0.08789993077516556
-0.11899154633283615
-0.1156378835439682
-0.09319176524877548
0.10451173782348633
-0.01538474764674902
0.0005058667156845331
-0.07280173897743225
-0.010823022574186325
-0.11925406754016876
-0.06577672809362411
-0.0678444653749466
-0.08694799989461899
0.002911814022809267
-0.012121235951781273
-0.06559745967388153
0.0007402950432151556
-0.08813367038965225
-0.05692071467638016
-0.09799394756555557
-0.11391390115022659
-0.05163531005382538
-0.08091302961111069
-0.088245689868927
-0.1025426834821701
-0.0018544147023931146
0.022044949233531952
-0.09297801554203033
-0.11272313445806503
-0.12666790187358856
0.002327983733266592
-0.09526721388101578
-0.09089864045381546
-0.10483025014400482
-0.07666891813278198
-0.07615251839160919
-0.020213371142745018
-0.004179605282843113
-0.09426431357860565
-0.10758400708436966
-0.08530712872743607
-0.12765014171600342
-0.10949725657701492
-0.09732117503881454
-0.0643787756562233
0.1549384444952011
-0.07775938510894775
-0.11911536008119583
0.0008958677062764764
-0.07368315756320953
-0.053324297070503235
-0.03531092777848244
-0.056570135056972504
-0.08283616602420807
-0.10316069424152374
-0.0004950765869580209
-0.07093556225299835
-0.031184645369648933
-0.07008950412273407
-0.10113317519426346
0.0021041787695139647
-0.09666052460670471
-0.014161007478833199
-0.03628045693039894
-0.09377534687519073
-0.01449751015752554
0.0007981326780281961
0.0011804746463894844
-0.11726663261651993
-0.11293810606002808
-0.11481806635856628
-0.08622725307941437
-0.06142548471689224
-0.024529198184609413
-0.07165200263261795
-0.08658532798290253
-0.24805963039398193
-0.07141117751598358
-0.03731077164411545
-0.09029527753591537
-0.12112338095903397
-0.09737998247146606
-0.037870969623327255
0.010856522247195244
-0.10151851177215576
-0.04191119223833084
-0.10664821416139603
0.01885961927473545
-0.07281671464443207
-0.05662522092461586
-0.04518222063779831
-0.10540615022182465
-0.0005421670502983034
0.03536723926663399
-0.005777031183242798
-0.091340072453022
-0.05348386615514755
-0.09831713140010834
-0.08135344833135605
-0.11562652140855789
-0.07903928309679031
-0.11888221651315689
-0.07887402921915054
0.21121299266815186
-0.12262012809515
-0.043719783425331116
-0.028902703896164894
-0.0009411037317477167
-0.10364431887865067
-0.07916247844696045
-0.0011063324054703116
0.0171283520758152
-0.08658904582262039
-0.09812465310096741
-0.10201675444841385
-0.06949280947446823
-0.09410291910171509
-0.02884797193109989
-0.06586849689483643
-0.06569747626781464
-0.1117551177740097
-0.060282520949840546
-0.03818226233124733
-0.09467560052871704
-0.017643243074417114
-0.1258506327867508
-0.07239894568920135
-0.12565189599990845
-0.06982504576444626
-0.13803860545158386
-0.09336843341588974
-0.08250875771045685
-0.13282518088817596
-0.13319449126720428
-0.07155679166316986
0.0006469158688560128
-0.13595254719257355
-0.09536530822515488
0.0044496930204331875
-0.08786310255527496
-0.11656198650598526
-0.10927007347345352
-0.04901751130819321
-0.09112764149904251
-0.04864952713251114
-0.824131965637207
-0.029538679867982864
-0.07219156622886658
-0.07029543071985245
-0.06593582779169083
-0.08323409408330917
-0.1055455133318901
0.018404994159936905
-0.09335661679506302
-0.08446069806814194
-0.14044152200222015
-0.06562597304582596
-0.029735809192061424
-0.1220487430691719
-0.07241883873939514
-0.10267850011587143
-0.06170113384723663
-0.08791037648916245
-0.09597235918045044
0.05804922431707382
-0.051078181713819504
-0.08969626575708389
-0.0756101980805397
-0.09748674929141998
0.008160632103681564
-0.0959615707397461
-0.09578542411327362
0.11109330505132675
0.07489707320928574
-0.09270526468753815
0.11068081855773926
-0.00877555925399065
-0.10558787733316422
-0.1027957871556282
-0.0820167139172554
-0.10477511584758759
-0.120170459151268
-0.0732313022017479
-0.07567090541124344
-0.011331558227539062
-0.08990270644426346
-0.09196657687425613
-0.00044041447108611465
0.021892458200454712
-0.14110636711120605
-0.10006065666675568
0.10819531977176666
-0.09041380882263184
0.08262430876493454
-0.02432498335838318
-0.13310851156711578
-0.0023440010845661163
-0.10446525365114212
-0.08593986183404922
-0.11062899231910706
-0.06417769938707352
0.17228400707244873
-0.07004958391189575
-0.0032082877587527037
-0.09868049621582031
-0.1117417961359024
-0.11056121438741684
-0.0719977617263794
-0.039278265088796616
-0.08825598657131195
-0.0967930480837822
-0.10750294476747513
-0.09011271595954895
-0.043476350605487823
-0.004749532323330641
-0.06598236411809921
-0.05899802967905998
-0.07250215858221054
-0.09945804625749588
-0.06665302813053131
-0.11132272332906723
-0.26420772075653076
-0.10885203629732132
-0.11164367944002151
-0.09488038718700409
-0.10549815744161606
-0.07405567169189453
-0.06638883054256439
-0.030333077535033226
-0.056748807430267334
-0.08756202459335327
-0.09948761016130447
-0.07117173820734024
0.0007025418453849852
-0.12829771637916565
-0.07373227179050446
-0.06732979416847229
-0.11491210013628006
-0.10262827575206757
-0.0017009213333949447
-0.07214608788490295
-0.1358187347650528
-0.050963472574949265
-0.10190968215465546
-0.09691358357667923
-0.009654421359300613
-0.06205957010388374
-0.00603209063410759
-0.10255119949579239
-0.09655796736478806
-0.08368130028247833
-0.09717167168855667
-0.06562311202287674
-0.0974348708987236
-0.0005711693083867431
-0.07874441146850586
-0.0890715941786766
0.003983154892921448
-0.058263957500457764
-0.10576727986335754
-0.10287249088287354
-0.09475238621234894
-0.059416789561510086
-0.11369072645902634
-0.08455688506364822
0.0789022371172905
-0.05597134679555893
-0.004087843932211399
-0.059018682688474655
-0.05190945416688919
-0.12231606990098953
-0.07617343217134476
-0.06682201474905014
-0.12016849219799042
-0.13531847298145294
-0.0451192706823349
-0.10848096013069153
-0.10520423203706741
-0.05512404441833496
-0.11328710615634918
-0.10316281765699387
-0.020110858604311943
-0.05248096585273743
-0.07483771443367004
-0.01071940641850233
-0.07238561660051346
-0.10949984192848206
-0.0893271341919899
-0.1242421492934227
-0.08726724982261658
-0.029356054961681366
-0.09730582684278488
-0.08514159917831421
-0.09282335638999939
-0.07174337655305862
-0.00333677651360631
-0.008851999416947365
-0.09458685666322708
-0.08033464848995209
-0.0852118730545044
-0.09079990535974503
-0.07100553065538406
-0.07879123091697693
-9.476771083427593e-05
-0.10318685322999954
-0.04864015430212021
-0.09730514883995056
-0.09926409274339676
-0.08897051215171814
-0.10563091188669205
-0.07764536142349243
-0.0747954249382019
-0.09844302386045456
-0.11104902625083923
-0.09476523101329803
-0.05591891333460808
-0.04350828379392624
-0.1285610795021057
-0.04891778528690338
-0.07952554523944855
-0.08452868461608887
-0.09546445310115814
-0.06833503395318985
-0.10303536057472229
-0.10414967685937881
-0.10327287763357162
-0.13739965856075287
-0.11152708530426025
-0.08515961468219757
-0.06600391119718552
-0.09513207525014877
-0.06517177075147629
-0.07697252184152603
-0.07457482814788818
0.09352750331163406
-0.06870689988136292
-0.1034139022231102
-0.0970456525683403
0.0010344547918066382
-0.07101915031671524
-0.08996730297803879
-0.08123554289340973
0.04390443116426468
-0.09719130396842957
-0.10670849680900574
-0.11368126422166824
-0.11629936099052429
-0.08106222748756409
-0.07577446848154068
0.044239021837711334
-0.09222682565450668
-0.10722824186086655
-0.08342194557189941
-0.11765681952238083
-0.09753371775150299
-0.07297008484601974
-0.07564389705657959
-0.11641988903284073
-0.07984639704227448
-0.09609740972518921
-0.16076615452766418
-0.0739966481924057
-0.055056702345609665
0.04561233893036842
-0.12259071320295334
-0.0015511841047555208
-0.07470402866601944
-0.10232685506343842
-0.06327780336141586
-0.11224928498268127
-0.13002526760101318
-0.11170675605535507
-0.08884876221418381
-0.096454918384552
-0.10703051835298538
-0.11358903348445892
-0.09750042855739594
-0.10875409096479416
-0.004500764422118664
-0.07739084959030151
-0.10347308963537216
-0.06517335772514343
-0.10255278646945953
-0.1421901285648346
-0.11157047003507614
-0.06973451375961304
-0.05429086834192276
-0.0695720687508583
-0.07673828303813934
-0.06170237809419632
-0.12251829355955124
