-0.9224371314048767
-2.011136054992676
-0.382144570350647
-0.22485853731632233
-1.2673810720443726
-1.2548296451568604
-0.35683780908584595
-0.12560366094112396
-1.010887861251831
-3.665285348892212
-0.5153183341026306
-1.4880311489105225
-0.39849433302879333
-0.4745621979236603
-0.4136474132537842
-1.0882235765457153
-1.9162888526916504
-0.5205596089363098
-3.4824466705322266
-0.20323292911052704
-0.723691999912262
-0.7669224143028259
-2.1376004219055176
-1.2820521593093872
-0.9549874663352966
-0.5457993149757385
-0.5452024936676025
-1.6032488346099854
-3.0889487266540527
-0.3174552321434021
-0.8076275587081909
-0.4495057165622711
1.0487171411514282
-2.209662914276123
-2.5793442726135254
-2.8652522563934326
-1.2647582292556763
-0.61137455701828
0.059404924511909485
-0.1335834115743637
-1.8408325910568237
-0.31275036931037903
-0.2741728723049164
-1.0555230379104614
-2.719355583190918
-2.8682761192321777
-1.210267186164856
-2.094867467880249
-1.2618334293365479
-2.1751835346221924
-1.433294415473938
-0.9122706055641174
-1.1975740194320679
-0.6778846979141235
0.29443269968032837
-1.3010386228561401
-0.13050052523612976
-2.360593557357788
-3.1814677715301514
-2.33252215385437
-2.6448147296905518
-0.681203305721283
-0.31452247500419617
0.40354108810424805
-3.1717381477355957
-0.9066995978355408
-2.6800808906555176
-2.9844791889190674
-1.415791630744934
-3.049294948577881
0.20462548732757568
0.03420038893818855
-0.9819068908691406
-0.8734663724899292
-0.7338172793388367
-1.086600661277771
-0.8626225590705872
-2.4435107707977295
-3.395670175552368
-2.0085315704345703
-3.413083076477051
0.1477581411600113
0.14488475024700165
0.2500225007534027
-2.7946512699127197
-1.9977047443389893
0.21828341484069824
-2.3673555850982666
-2.555802583694458
-0.09458967298269272
-0.9831099510192871
-2.728933811187744
-1.6460440158843994
-1.2799928188323975
-0.6859524250030518
-0.8581340909004211
-3.9515068531036377
-3.1795761585235596
-0.562981367111206
-1.6106196641921997
-1.121803879737854
-1.9896762371063232
-0.9122920036315918
-3.6731019020080566
-1.1476267576217651
-0.6913429498672485
-0.5972585678100586
-1.7604533433914185
-0.7265555262565613
-0.5662175416946411
-0.5358416438102722
-1.4565560817718506
-2.937262535095215
-0.5657341480255127
-3.3485467433929443
-0.8586266040802002
-2.758587598800659
-2.2043468952178955
-1.1810191869735718
-1.5091217756271362
-0.6149354577064514
-0.36847466230392456
-3.5127105712890625
-0.027611497789621353
0.02371436171233654
-1.1095795631408691
-3.7098376750946045
-0.4611245095729828
-0.4203258454799652
-0.9308297634124756
-1.3685027360916138
-2.7337825298309326
-1.4855599403381348
-2.3625130653381348
-1.8810395002365112
-1.430632472038269
-0.5528435111045837
-3.499905586242676
-0.8803218603134155
-0.612171471118927
-0.5791141986846924
-0.9205588102340698
-0.6790540218353271
-0.41372954845428467
-1.1536362171173096
-0.8954193592071533
-1.6810588836669922
-0.3891284763813019
-2.653536796569824
-3.1220154762268066
-0.3296153247356415
-1.5573967695236206
-0.8081427812576294
-1.6490389108657837
-0.6336745023727417
-1.2257763147354126
0.04628102853894234
-1.5616042613983154
-0.5183888077735901
-0.7498766183853149
-1.4146367311477661
-3.4399378299713135
-1.1531275510787964
-3.028686285018921
-1.974506139755249
-2.4074389934539795
-0.25313302874565125
-2.246774673461914
-0.6347123384475708
-2.3302223682403564
-0.2795652449131012
-0.1349988430738449
-1.090697169303894
0.38169410824775696
-1.123883605003357
-2.7457833290100098
-0.3982197344303131
-1.8527253866195679
-1.9860903024673462
-1.078140377998352
0.9596229195594788
-2.671933650970459
-3.1125118732452393
-0.3280913531780243
-2.391197681427002
-1.8975896835327148
-0.8204692602157593
-1.2059364318847656
-0.4933907389640808
-0.2542746067047119
-0.09916908293962479
-2.358030319213867
-0.8953449130058289
-0.5150946974754333
-0.25147539377212524
-2.9232630729675293
-3.2186832427978516
-3.2324416637420654
-2.9750120639801025
-0.5750945806503296
-0.5843202471733093
0.2055446058511734
-0.46728038787841797
-1.319814682006836
-0.3050374388694763
-2.5876920223236084
-0.49536290764808655
-2.3568193912506104
-0.5243631601333618
-3.765911102294922
-1.9903067350387573
-2.042379140853882
-0.38099405169487
-0.4343256652355194
-2.278353452682495
-2.59415602684021
-1.1611716747283936
-0.2492542862892151
-0.7508794665336609
-0.9803330302238464
-0.8621888160705566
-1.246682047843933
-0.5981745719909668
-0.5380282998085022
-1.0913372039794922
-1.34488046169281
-0.1334792971611023
-0.6284283995628357
-2.0093889236450195
-1.1335625648498535
0.041440900415182114
-0.1418960988521576
-0.7775155901908875
-2.712414264678955
-2.87965726852417
-1.6015163660049438
-1.7441306114196777
-0.8380592465400696
-1.0205003023147583
-1.6803046464920044
-1.7890441417694092
-0.07055012136697769
-0.9719995260238647
-2.259154796600342
-1.9329081773757935
-0.45555150508880615
-0.4366171360015869
-2.914294481277466
-0.6941556334495544
-1.0400049686431885
-0.44446322321891785
-1.5948119163513184
-0.9724467992782593
-2.976853609085083
-0.9386506676673889
-2.4958927631378174
-2.723679780960083
-1.684209942817688
-0.6133673191070557
-0.6802850961685181
0.3045673668384552
-0.3518102765083313
-0.685909628868103
-2.6980464458465576
-0.7999529838562012
-0.8876101970672607
-0.9244327545166016
-0.8615906238555908
-0.6026900410652161
-0.23067937791347504
-2.9294350147247314
-1.535331130027771
-0.3955550193786621
-3.1156539916992188
-0.0655020996928215
0.18461836874485016
-1.4714504480361938
-2.6581103801727295
-0.3824044466018677
-0.45553791522979736
0.411908894777298
-0.9464417099952698
-1.0796700716018677
-1.4644298553466797
-1.4082365036010742
-0.5968741178512573
-1.464921236038208
-2.9750211238861084
-0.9158790707588196
-0.9957588911056519
-0.5535771250724792
-0.32729679346084595
-1.082490086555481
-1.1737204790115356
-0.5106496214866638
-1.1259033679962158
-2.5904603004455566
-0.21224021911621094
-0.4614761471748352
-0.7320834994316101
-0.4106226861476898
-0.4587850570678711
-1.5255006551742554
-0.7419394254684448
-2.1701178550720215
-0.08966892212629318
-0.5984209775924683
-0.044492293149232864
-0.7037883996963501
-3.2961037158966064
-0.6463424563407898
-2.7761013507843018
-2.4194910526275635
-1.7298775911331177
-2.015007734298706
-1.6694457530975342
-2.205559492111206
-1.9487003087997437
-2.6672513484954834
-1.0603445768356323
-0.2496899515390396
-2.420642614364624
-0.6289071440696716
0.3109109103679657
-0.9323484897613525
-2.1516544818878174
0.3810058534145355
-2.779808521270752
-1.2070350646972656
-0.6955764293670654
-2.6822025775909424
-1.1388686895370483
-0.013667968101799488
-0.5623447895050049
-0.41175180673599243
-0.6131390333175659
-1.3696054220199585
-2.175586462020874
-0.4438853859901428
-2.522895336151123
-0.9647372961044312
-0.6252962350845337
-0.5825020670890808
-0.7229946255683899
-2.5177924633026123
-0.42485591769218445
-0.3316595256328583
-0.4202842712402344
-0.5339137315750122
-0.5273574590682983
-0.7014130353927612
-1.6668522357940674
-2.923678398132324
-1.2217941284179688
-1.4525474309921265
-1.4789509773254395
-3.5068225860595703
-1.1056157350540161
-1.133204460144043
-0.131028413772583
-0.9421643018722534
-1.4932501316070557
-0.7488600015640259
-1.8284071683883667
-0.42819300293922424
-3.2548577785491943
-0.35869964957237244
-0.28465861082077026
-1.0485142469406128
-1.9175864458084106
-2.3828628063201904
-0.5746330618858337
-0.57302325963974
-1.4518184661865234
-0.5856176018714905
-2.999630928039551
-0.8273177146911621
0.19073329865932465
-0.38320088386535645
-1.1238943338394165
-2.800257921218872
-2.3818373680114746
-1.7405836582183838
-0.6435869336128235
-1.8631960153579712
-1.9312833547592163
-0.6504389047622681
-2.262998342514038
-0.4387494623661041
-0.05311131104826927
-2.924489736557007
-0.7494357228279114
-2.043665885925293
-1.9022988080978394
-2.1998915672302246
-1.7054945230484009
0.8254031538963318
-2.6649765968322754
-3.438295364379883
-2.1010191440582275
0.037900764495134354
-2.5975992679595947
-0.3157041072845459
-0.9035975933074951
-0.7913083434104919
-0.8991086483001709
-0.5236247777938843
-2.522534132003784
-1.8367624282836914
0.5457403659820557
-2.064699172973633
0.32404881715774536
-3.4752562046051025
-0.5199226140975952
-0.21015845239162445
-1.7633681297302246
-2.3711655139923096
-0.49543875455856323
-2.59999680519104
-1.1063133478164673
-1.9540477991104126
-0.8303734660148621
-0.4134347140789032
0.0941910445690155
-3.4181995391845703
-0.36605390906333923
-1.9098173379898071
-0.6648248434066772
-0.3549691438674927
-1.2507990598678589
-0.41467705368995667
-2.189539670944214
-3.16050386428833
-1.0916166305541992
-1.7336087226867676
-0.6009741425514221
-0.5420363545417786
-0.5001323819160461
-0.8733121156692505
-0.6706385016441345
-0.9348199367523193
-2.489830493927002
-2.403804063796997
-2.7719194889068604
-0.9660447835922241
-2.670572519302368
0.45506298542022705
-0.3227519690990448
-2.5611181259155273
-0.6659724116325378
-0.32796090841293335
-0.23227421939373016
-1.1921215057373047
-1.8454128503799438
-0.6455729603767395
-0.9120360016822815
-0.43780291080474854
0.190221905708313
-2.2584080696105957
-0.7486928701400757
-3.3866403102874756
-1.4815508127212524
-0.35856854915618896
-1.6299245357513428
-2.427860736846924
-1.7765581607818604
0.3142933249473572
-3.670311212539673
-0.641575038433075
-1.0069756507873535
-0.02774803526699543
-1.6110693216323853
0.04313592612743378
-0.4886329770088196
-2.534494638442993
-0.6169279217720032
-1.1729345321655273
-0.7419320344924927
-0.5715791583061218
-2.9066483974456787
-0.9643576741218567
-0.8102002739906311
-0.8698024749755859
-0.8039105534553528
-3.3734686374664307
-0.5730700492858887
-0.7175517082214355
-0.7979331612586975
-2.298574686050415
-2.3676693439483643
-0.31485968828201294
-3.4470419883728027
-3.288356304168701
-0.28950175642967224
-0.9853765368461609
-1.8372148275375366
-0.6542339324951172
-3.469705581665039
0.03362661972641945
-1.2449235916137695
-2.785332679748535
-0.32264944911003113
-1.81412935256958
-0.2599470317363739
-0.7989658117294312
-3.267656087875366
-0.9706250429153442
-2.808579683303833
-0.5836113691329956
-0.6772465705871582
-0.4462276101112366
-0.5284289121627808
-1.0488117933273315
-1.466447353363037
-2.832890033721924
-0.7773622274398804
-0.7516657710075378
-1.7765421867370605
-0.17960600554943085
-0.8584957718849182
-0.8407434225082397
-2.576927661895752
-1.5029385089874268
-0.39113205671310425
-1.4021453857421875
-0.813504159450531
-0.5331728458404541
-3.4955105781555176
-2.6329543590545654
-0.5834491848945618
-2.8664066791534424
-0.44286003708839417
-1.9949476718902588
-0.49927452206611633
-0.5363975763320923
-0.6944659948348999
-2.0205185413360596
-1.0594638586044312
-2.4648828506469727
-0.6386111378669739
-0.7052569389343262
-0.3853900134563446
-1.4787352085113525
-2.3187363147735596
-2.349510669708252
-1.0706939697265625
-1.926379680633545
-1.0208861827850342
-0.518516480922699
-1.010507583618164
-0.22131812572479248
-0.821050763130188
-0.34394678473472595
-1.9241670370101929
-0.5227243304252625
-0.3469640612602234
-1.9268697500228882
-1.13603675365448
-0.8834556937217712
-2.572195529937744
-1.4688341617584229
-0.8561924695968628
-0.9804999828338623
-2.1799838542938232
0.2674129903316498
-1.8200057744979858
-2.9389588832855225
-1.2040725946426392
-0.9101264476776123
-0.5638987421989441
-1.4922847747802734
-2.04451584815979
-3.387186288833618
-0.7844404578208923
-0.2213137298822403
-3.008251428604126
-0.3985702395439148
-1.2828874588012695
-0.10891123116016388
-3.0419676303863525
-0.5440782904624939
0.036804378032684326
-2.8805553913116455
-1.6792210340499878
-2.3152778148651123
-1.3840680122375488
-0.49346843361854553
-3.1369571685791016
-0.6778058409690857
-0.5987203121185303
-0.7043716907501221
-2.0117759704589844
-1.8442686796188354
-1.9885951280593872
-2.416865348815918
-0.3951626121997833
-1.2532005310058594
-0.7728172540664673
-0.676413893699646
-1.4560160636901855
-1.3732742071151733
-0.1309000700712204
-3.106525421142578
-1.2720979452133179
-1.364149570465088
-0.7257167100906372
-0.7491555213928223
-2.3967952728271484
-0.2959998846054077
-0.8121678233146667
-0.5759997963905334
-2.5800321102142334
-2.4789090156555176
-1.0691183805465698
-0.8095271587371826
-2.6038858890533447
-0.5934607982635498
-2.070547342300415
-2.093956232070923
-0.8397477269172668
-0.5681584477424622
-0.47519391775131226
-2.917799711227417
0.42313748598098755
-0.3412897288799286
-0.37809786200523376
-1.34211003780365
-3.074148416519165
-0.8479275107383728
0.18245193362236023
0.7277973294258118
-2.8052332401275635
-0.384795218706131
-1.8742773532867432
-0.6793883442878723
-0.9588682055473328
-3.000570297241211
-1.4824739694595337
-1.9114220142364502
-0.6746528148651123
-1.3066179752349854
-1.946921944618225
-0.5482604503631592
-3.4327056407928467
-0.4309535026550293
-0.6287701725959778
-0.8377299904823303
-1.3513963222503662
-0.8135265707969666
-0.4312526285648346
-0.7135853171348572
-1.1072849035263062
-2.6217544078826904
-4.225199222564697
-1.0398008823394775
-0.9119095206260681
-0.44648802280426025
-2.9319753646850586
-2.24125337600708
-0.7153064012527466
-0.023048056289553642
-3.1361920833587646
-0.8237688541412354
-1.6390964984893799
-1.8055713176727295
-2.9714367389678955
-1.9882557392120361
-1.7811089754104614
-0.8222885131835938
-0.7115505337715149
0.438017338514328
-0.3749158978462219
-0.8950068950653076
-1.2588351964950562
-1.1523716449737549
-2.992854595184326
0.9183032512664795
-2.1372649669647217
-1.8208893537521362
-1.1361733675003052
-0.9434385299682617
-0.6269698143005371
-0.46707025170326233
-1.2715516090393066
-0.6707332134246826
-0.4787287712097168
-2.361583709716797
-3.5121004581451416
-0.6971901655197144
-0.6236110329627991
-0.4765534996986389
-2.152189254760742
-0.9284150004386902
-0.9814386963844299
-1.407643437385559
-3.5271713733673096
-2.8033409118652344
-2.8129608631134033
-0.8462504744529724
0.1840307116508484
-1.7815839052200317
-2.05607008934021
-1.3329144716262817
-0.24046537280082703
0.022409236058592796
-0.75955730676651
-0.126669779419899
-3.7409257888793945
-1.0327036380767822
-0.87300705909729
-2.820584297180176
-2.5954644680023193
-0.18223002552986145
-0.8721961975097656
-0.1178467869758606
-0.2677198648452759
-2.8112316131591797
-2.919243097305298
-0.791124701499939
-0.09946947544813156
-1.7546610832214355
0.8222271800041199
-0.5784205198287964
-1.3578697443008423
-0.2849544882774353
-0.4268037676811218
-1.329203724861145
-0.8192086219787598
-0.6632287502288818
-3.146301031112671
-0.17410516738891602
-2.0846636295318604
-3.429114818572998
-1.9635871648788452
-2.7634329795837402
-0.2961832582950592
-1.7147802114486694
-1.596503496170044
-1.211072325706482
-2.110614538192749
-1.0672681331634521
-1.7845730781555176
-0.5289629697799683
-0.07339925318956375
-0.9079267978668213
-1.3839722871780396
-1.6101126670837402
-3.472346782684326
-0.7455651164054871
-2.531696319580078
-2.2867181301116943
-2.453566551208496
-1.068907380104065
-1.433742642402649
-0.6446088552474976
-1.4902517795562744
-0.11200735718011856
-1.657469630241394
-2.9611570835113525
-0.7372242212295532
0.006551473401486874
-0.3484356701374054
-1.908041000366211
-1.2517142295837402
-0.9765093326568604
0.3196229934692383
-0.5716760754585266
-0.8815385699272156
-0.7855966091156006
-0.15706981718540192
-2.3053243160247803
0.024721935391426086
-1.1630704402923584
-0.29607313871383667
-0.6420398950576782
-0.11019774526357651
-0.824644923210144
-0.2561934292316437
-0.19347725808620453
-0.7936923503875732
-0.573189377784729
-3.1802818775177
-1.8022507429122925
-0.6315827369689941
-0.4133024513721466
-1.5638506412506104
-1.2183196544647217
-0.19854649901390076
-2.671757459640503
-0.4486958086490631
-3.2659897804260254
-1.0452278852462769
-2.809537649154663
-0.5550383925437927
-0.8679959177970886
-0.9980744123458862
-0.7159207463264465
-1.2126425504684448
-0.5292041897773743
-2.6188323497772217
-3.456397294998169
-3.6841137409210205
-1.2736525535583496
-3.088162422180176
-0.1678486317396164
-1.7717273235321045
0.8680970072746277
-0.7546587586402893
-3.047657012939453
-0.41912248730659485
-0.18586130440235138
-1.3231550455093384
-0.46281561255455017
-0.5277287364006042
-3.0393333435058594
-2.8812806606292725
0.4165182411670685
-0.7974153757095337
-0.6402842402458191
-1.9855115413665771
-1.4906646013259888
-0.7504895925521851
-2.0987281799316406
-1.3650133609771729
-0.3759934604167938
-2.3073389530181885
-1.271475911140442
-1.1335712671279907
-0.34790802001953125
-2.610828399658203
-0.6738356351852417
-2.7728028297424316
-2.3347251415252686
-0.6683130860328674
0.6922512054443359
-0.636330783367157
0.07933679968118668
0.8586806654930115
-2.8530614376068115
-0.474048376083374
-0.4477166533470154
-3.0516746044158936
-2.727297067642212
-0.5863492488861084
-1.092266321182251
-0.6340903043746948
-0.03272569552063942
-2.883061647415161
0.3303186595439911
-0.1831996887922287
-0.6195501685142517
-1.880683183670044
-3.089505672454834
-0.8952956199645996
1.576010823249817
-0.3562575578689575
-1.0518546104431152
-0.08935844898223877
-2.168970823287964
-1.9341281652450562
-2.0394136905670166
-1.771264910697937
-0.8166335821151733
0.07114797830581665
-0.026277665048837662
-2.107896566390991
-1.6919609308242798
-1.1893155574798584
-0.3493472933769226
-0.6147183775901794
-0.8401252031326294
-0.5269889831542969
-0.007430572994053364
-2.134589195251465
-2.7674524784088135
-0.5155095458030701
-1.0209678411483765
-0.25572848320007324
-1.1123745441436768
-0.5444300770759583
-0.8501650094985962
-0.460438996553421
-2.245093822479248
-1.6124012470245361
-1.826353907585144
0.16016732156276703
-2.110687732696533
-3.4997661113739014
-2.3488850593566895
-0.8382608294487
-0.8651562333106995
-2.643057346343994
-2.305394411087036
-3.633173942565918
-1.896828055381775
-0.31265178322792053
-1.0711274147033691
-3.692504644393921
-1.6533700227737427
-1.1080995798110962
-1.7624058723449707
-2.93741774559021
-2.6804966926574707
-1.3544621467590332
-2.8278443813323975
-2.103079319000244
0.4983198046684265
-0.21342968940734863
-0.7366679906845093
0.03496557101607323
-1.0679020881652832
-2.486011266708374
-2.951282501220703
-0.5903132557868958
-3.0099966526031494
-0.713535487651825
-2.9103055000305176
-0.9004993438720703
-1.9222451448440552
-3.031733751296997
-0.13281960785388947
-3.3793652057647705
-0.5732424855232239
-3.2005772590637207
-1.0307272672653198
-0.5945961475372314
-0.028865372762084007
-0.7435398101806641
-0.7376546263694763
-2.3457417488098145
-0.29897522926330566
-3.051307201385498
-2.0133676528930664
0.6897690892219543
0.42491865158081055
-0.34724339842796326
-0.23078739643096924
-0.6009169816970825
-2.390826940536499
-0.8402380347251892
-0.4537479877471924
-2.178795099258423
-1.501796841621399
-0.16620856523513794
-1.003707766532898
-0.2394094169139862
-1.5134782791137695
-0.8912519812583923
-1.057418704032898
-0.5565428733825684
0.06141231954097748
-2.7920594215393066
0.11358288675546646
-0.3586423099040985
0.5844697952270508
0.21757754683494568
-3.0175626277923584
-1.2605713605880737
-0.9227305054664612
-0.2678130567073822
-2.946547746658325
-3.8210737705230713
0.357908695936203
-0.2586624324321747
-0.3727310001850128
-3.0480165481567383
-0.5742074847221375
-2.827082872390747
-0.8309718370437622
0.9143646955490112
-1.06413996219635
-0.6921234130859375
-1.6387943029403687
-1.0097802877426147
-0.6642625331878662
-1.9144426584243774
0.025967799127101898
-0.6628824472427368
-0.8474679589271545
-1.8763465881347656
-0.5508852601051331
-3.1021080017089844
-1.6853840351104736
-2.11752986907959
-2.674051523208618
-1.8729746341705322
-2.8308537006378174
-0.6381043195724487
-0.9439170360565186
-0.6249186396598816
-1.8242629766464233
-1.49711012840271
-0.17485816776752472
-0.43551871180534363
-0.24460242688655853
-2.8924050331115723
-0.39778420329093933
-0.6435635089874268
-3.1359059810638428
-3.731299877166748
-0.3500044643878937
0.17889732122421265
-2.738507032394409
-0.3493894636631012
-1.5358836650848389
-1.980349063873291
-0.4569971263408661
-0.39049723744392395
-0.696395993232727
-2.2806668281555176
-0.18030522763729095
-0.30249977111816406
-2.594399929046631
-1.5259352922439575
-1.446793794631958
-0.31180137395858765
-0.9600959420204163
-1.809337854385376
-0.3764038681983948
-1.5855462551116943
-3.1781671047210693
-0.8284098505973816
-1.4285215139389038
-0.9945164322853088
-1.5861328840255737
-0.20054972171783447
-1.1095868349075317
-1.45048189163208
0.05225319042801857
-1.4135421514511108
-0.7806063294410706
-2.4057013988494873
-1.7866451740264893
-1.1013481616973877
-0.3456515967845917
-2.5716753005981445
-0.6557822227478027
-3.336195945739746
-2.584632635116577
-0.6180086731910706
-0.7354036569595337
-0.14436179399490356
-0.8118410110473633
-0.7900963425636292
-0.5460620522499084
-2.513545513153076
-0.0023227049969136715
-3.0038998126983643
-0.06375361979007721
-2.8004860877990723
-1.7401365041732788
0.0485660582780838
-0.5758845210075378
-0.6382909417152405
-0.994819700717926
0.0203056950122118
-0.671927273273468
0.799218475818634
-0.32823508977890015
-0.881869375705719
-0.9607526063919067
-0.30293598771095276
-0.7539394497871399
-2.347801923751831
-0.5685964226722717
-1.660539150238037
-0.3879525363445282
-2.0354058742523193
-0.47074052691459656
-2.697918653488159
-1.9304503202438354
-1.660115122795105
-0.541053056716919
-0.6495466232299805
-2.4820568561553955
-1.9923057556152344
-0.1639561504125595
-0.9136883616447449
-3.01485013961792
-1.4076616764068604
-0.9566176533699036
-4.123706340789795
-0.1467464715242386
-1.5056124925613403
-0.5767009258270264
-2.220381498336792
-1.6930550336837769
-1.0679970979690552
-1.2584718465805054
-1.3537678718566895
-1.4510623216629028
-3.4989748001098633
-0.8446336984634399
-1.78450345993042
-0.8692477345466614
-0.3164505362510681
-0.1970876306295395
-3.096186876296997
-0.5175063014030457
-0.5956047773361206
-0.023056771606206894
-0.24739296734333038
-1.5614330768585205
-0.9808213710784912
-2.0573513507843018
-1.078529953956604
-3.0272088050842285
-1.730118751525879
-0.9265533685684204
-1.0194238424301147
-0.4193752110004425
-3.0579893589019775
-2.393392562866211
-0.5175737142562866
-2.1758506298065186
-3.1750786304473877
-0.46122539043426514
-0.7747061848640442
-3.006042718887329
-1.0873726606369019
-1.5757015943527222
-1.7702991962432861
-0.6385369300842285
-1.2768371105194092
-0.23336663842201233
-2.8020870685577393
-0.513977587223053
-0.5442624688148499
-0.6296688318252563
-0.45917853713035583
-3.2108750343322754
-0.6102274656295776
-1.4542852640151978
-1.1201353073120117
-3.093846321105957
-2.623518943786621
-1.318777084350586
-0.5670408606529236
-1.1798244714736938
-1.7860718965530396
-0.8921594023704529
-3.3110673427581787
-0.794576108455658
-2.678469657897949
-2.0994887351989746
-3.0417168140411377
0.11033875495195389
-2.89593505859375
-0.809287965297699
-1.338341236114502
-2.5666816234588623
-2.6890318393707275
