0.04594925418496132
2.5461788177490234
-1.4266459941864014
-0.7885664105415344
-0.2473020851612091
-0.5630990862846375
-0.6161863207817078
-0.4029833972454071
-1.444469928741455
-1.0481553077697754
-0.2170419543981552
-0.644280731678009
-1.0262699127197266
0.5124647617340088
-1.100292682647705
-0.5751065611839294
-0.47559019923210144
0.785079836845398
-0.21726058423519135
-0.8636311292648315
-0.5850220918655396
-0.6715490818023682
-0.8322266936302185
0.26295962929725647
-1.1431008577346802
-0.6594600081443787
-0.6140628457069397
-0.7311410307884216
-0.54696124792099
1.3048983812332153
-0.7946916818618774
-1.5384373664855957
1.1047900915145874
-0.33932504057884216
-0.6091949343681335
-1.0805457830429077
-0.9200726747512817
-0.03884878754615784
-1.7723767757415771
-0.19827833771705627
0.5047804713249207
-0.6966802477836609
-0.5391281843185425
-0.722656786441803
0.7510195374488831
-0.8767028450965881
-1.1232365369796753
-0.7402848601341248
