-0.00333100906573236
0.08016026765108109
-0.12280643731355667
0.02080896683037281
0.0669340193271637
0.04536841809749603
0.17145544290542603
0.17969995737075806
0.122006356716156
-0.07073386758565903
-0.019613025709986687
0.18834981322288513
0.1685866266489029
-0.2554094195365906
-0.19125984609127045
0.05238817259669304
-0.02648366056382656
-0.13353748619556427
-0.2743467092514038
0.06837651878595352
-0.04615413397550583
0.14126844704151154
-0.02756400778889656
-0.12008266896009445
0.21198049187660217
-0.2568119764328003
-0.15374405682086945
0.42930567264556885
-0.037578780204057693
0.20238496363162994
0.12926125526428223
0.01815078593790531
-0.17232584953308105
-0.03248530626296997
-0.018576938658952713
-0.11147049814462662
-0.10523036122322083
0.1850137710571289
-0.031175430864095688
0.16796688735485077
-0.4551655054092407
-0.0833616629242897
0.023209886625409126
-0.01750611513853073
0.09160218387842178
-0.07936783134937286
-0.05770663172006607
-0.03433278575539589
0.039901793003082275
-0.14096012711524963
0.06312663853168488
0.11906979978084564
-0.043245334178209305
-0.09596262872219086
0.09006232023239136
0.037391435354948044
-0.013743787072598934
-0.038148894906044006
-0.08995801210403442
0.03126547113060951
-0.3148002028465271
0.008918448351323605
-0.08202918618917465
-0.7984005212783813
0.10881400108337402
-0.025546621531248093
-0.19356659054756165
0.10652036219835281
0.11169684678316116
0.16886459290981293
-0.19711293280124664
-0.4380173683166504
0.15885360538959503
0.11950784176588058
0.5461069345474243
0.13763758540153503
0.3388960659503937
0.3098028898239136
0.07100554555654526
-0.1899246722459793
-0.007363865152001381
-0.03273399546742439
0.0368112251162529
-0.1760687530040741
-0.22339458763599396
-0.2202955186367035
-0.016849519684910774
-0.14270813763141632
0.1892739236354828
0.2235979437828064
-0.06556401401758194
0.058243948966264725
-0.14753910899162292
0.23165544867515564
-0.0028082255739718676
-0.03744526952505112
-0.12259040027856827
0.11458273977041245
-0.05674945190548897
0.06636480242013931
-0.03500315919518471
0.12248802930116653
0.008936659432947636
-0.02181660383939743
0.04437539353966713
0.1675085872411728
-0.05005328729748726
-0.26035767793655396
0.20536184310913086
-0.1282179057598114
0.03593845292925835
0.05245010927319527
-0.09991109371185303
-0.31656989455223083
0.21546991169452667
0.04807577282190323
0.07820791006088257
0.061885226517915726
-0.008530075661838055
-0.05359772592782974
-0.16598457098007202
0.007890847511589527
0.030017193406820297
-0.050463415682315826
0.07595602422952652
-0.5304308533668518
0.22153423726558685
0.21473969519138336
-0.1877269595861435
0.20565149188041687
-0.21586060523986816
0.029290074482560158
-0.043876271694898605
-0.13049207627773285
-0.168303981423378
0.02825821191072464
-0.06272251904010773
-0.195293128490448
-0.052759986370801926
-0.05067502334713936
0.21820129454135895
-0.04083346948027611
-0.0359598845243454
-0.05572822690010071
-0.10045336186885834
-0.0563555471599102
-0.1707744300365448
0.11947063356637955
-0.2046855390071869
0.01894933171570301
-0.060273315757513046
-0.18215864896774292
0.04150322079658508
-0.01780344732105732
0.2952727973461151
0.2987367808818817
0.24128739535808563
0.2713061273097992
0.023114746436476707
-0.029977576807141304
0.13050885498523712
0.19600501656532288
0.08930495381355286
0.08150716871023178
0.06405941396951675
-0.04145503789186478
0.07918331027030945
0.05757644400000572
-0.00026679018628783524
-0.05084407329559326
-0.20172171294689178
-0.03010459989309311
-0.2227441668510437
0.07995489984750748
-0.1782986968755722
-0.049701668322086334
-0.16178110241889954
-0.043064042925834656
0.13048464059829712
0.039319030940532684
-0.38345634937286377
-0.06814398616552353
-0.12442661821842194
0.11502585560083389
0.08224288374185562
-0.016443781554698944
0.12562790513038635
0.048126690089702606
-0.038503486663103104
-0.14387264847755432
0.14245352149009705
-0.08216444402933121
