0.1335853636264801
-0.18037015199661255
0.3691805899143219
0.32880762219429016
-0.12362518906593323
-0.12415190786123276
-0.3501368761062622
-0.6492592692375183
0.08281102031469345
0.3816107511520386
0.2827829122543335
-0.5521122217178345
-0.7312905788421631
0.5110446810722351
0.2245936393737793
-0.10233743488788605
0.11251840740442276
0.3605475425720215
0.9101743698120117
0.07362332940101624
0.03614164888858795
-0.5156406760215759
0.11151962727308273
0.5369939208030701
-0.13241609930992126
0.5794812440872192
0.7706496119499207
-1.2948238849639893
0.11577536165714264
-0.4127151370048523
-0.21717947721481323
-0.11085933446884155
0.5631791949272156
-0.05326521396636963
-0.03900429978966713
0.49008291959762573
0.3332735002040863
-0.32942381501197815
0.0301082581281662
-0.2167082130908966
1.4624905586242676
0.5456177592277527
0.12401144206523895
-0.17337444424629211
-0.403187096118927
0.272043377161026
0.2607889771461487
-0.29841288924217224
0.0380018949508667
0.7443171143531799
-0.02700892835855484
-0.722551703453064
0.03105972707271576
0.3801979720592499
-0.006709581706672907
0.02752530388534069
0.211028054356575
-0.013275711797177792
0.714491605758667
-0.2198222577571869
0.8972626328468323
-0.12198140472173691
0.2681538760662079
2.52055025100708
-0.11494740098714828
0.15002891421318054
0.1807301789522171
-0.34002482891082764
-0.4059467017650604
-0.4022851884365082
0.4315015971660614
1.279853343963623
-0.8447327613830566
-0.1637185662984848
-1.6289676427841187
-0.3273407816886902
-0.45551469922065735
-1.2571882009506226
-0.32052844762802124
0.1935691088438034
-0.6576823592185974
0.3618978261947632
-0.3668263554573059
0.36503541469573975
1.000177025794983
0.5015223026275635
-0.4884706437587738
0.6243165731430054
-0.28641176223754883
-0.8444443345069885
0.3846445083618164
-0.21013489365577698
0.030521240085363388
-0.5934630632400513
0.5500181913375854
-0.4233156442642212
0.06462930142879486
0.33672386407852173
-0.10745994746685028
-0.16940350830554962
-0.12841783463954926
-0.05284913629293442
-0.13289855420589447
0.1791759878396988
-0.12124026566743851
-0.29751646518707275
-0.010622057132422924
0.7814284563064575
-0.5069663524627686
0.3133830428123474
-0.0874112918972969
-0.28398972749710083
0.2153756022453308
0.5409269332885742
-0.9007607698440552
-0.10731283575296402
-0.09413773566484451
-0.16991493105888367
-0.24235986173152924
0.3727891743183136
0.29778575897216797
0.07923343777656555
-0.10803917050361633
0.17325598001480103
0.19854028522968292
1.5391765832901
-1.3051066398620605
-0.4667396545410156
0.9430047273635864
-0.2536627948284149
0.27133429050445557
-0.27126243710517883
-0.07162049412727356
0.5668677091598511
0.8820581436157227
-0.3400879204273224
0.4564364552497864
0.48799338936805725
0.007162268739193678
0.2827370762825012
-0.4367331266403198
0.235378697514534
-0.4627608358860016
0.10855430364608765
0.1722552329301834
0.49656176567077637
0.7703202366828918
-0.11021047830581665
0.8476601839065552
0.23683856427669525
0.5205866694450378
0.6382065415382385
-0.1384224146604538
-0.006291587837040424
-0.9667383432388306
-1.003138780593872
-0.7884649634361267
-0.6449248790740967
-0.2830529808998108
-0.09032436460256577
-0.10990193486213684
-0.814178466796875
-0.03199980407953262
-0.0977892130613327
-0.2060956060886383
-0.2276332676410675
-0.3411511778831482
0.08458579331636429
0.12379425019025803
0.04057435691356659
0.8988661766052246
-0.03951423987746239
1.0134867429733276
-0.2063877433538437
0.718553364276886
0.3288045823574066
0.5729259848594666
0.3091971278190613
-0.42592060565948486
-0.5186014175415039
0.823773205280304
-0.09695661067962646
0.307264119386673
-0.8105241656303406
-0.4384048283100128
0.27177631855010986
-0.5762877464294434
-0.8027312755584717
0.2973206639289856
0.40341946482658386
-0.22345319390296936
0.110829196870327
