2.002448081970215
1.7064690589904785
2.0283989906311035
1.985884666442871
1.925945520401001
2.1730504035949707
1.7178840637207031
1.8837730884552002
1.9874584674835205
1.497293472290039
1.8744511604309082
1.85443913936615
1.8679591417312622
2.0356392860412598
2.1520063877105713
1.8552297353744507
1.9376600980758667
2.011702060699463
2.157526969909668
1.9187363386154175
1.8613159656524658
2.09162974357605
1.4668885469436646
2.1195390224456787
2.2160351276397705
1.488878607749939
2.007908821105957
2.232611894607544
1.7307791709899902
1.628930926322937
1.8145138025283813
1.8690485954284668
1.9713149070739746
2.0067765712738037
1.9459139108657837
1.8470364809036255
2.1000046730041504
1.6250998973846436
2.0025036334991455
1.9712591171264648
2.26918888092041
1.6412123441696167
1.9277675151824951
2.2768802642822266
1.7071022987365723
1.9763277769088745
1.8426165580749512
1.6837199926376343
1.4661294221878052
2.061265230178833
1.9330135583877563
1.9645613431930542
1.6518499851226807
2.1748571395874023
2.059736728668213
1.972069501876831
1.9644941091537476
1.9659992456436157
1.910764217376709
2.0502400398254395
1.6141268014907837
1.9015593528747559
1.9481704235076904
3.0075507164001465
1.90126633644104
1.8808064460754395
1.5114270448684692
1.9056873321533203
2.1624035835266113
2.070864200592041
2.4204227924346924
2.060419797897339
2.017303705215454
1.9313251972198486
2.1841471195220947
1.914498209953308
2.262674570083618
2.189574718475342
1.9543989896774292
2.0595703125
2.0646908283233643
2.1391732692718506
1.684905767440796
1.8418169021606445
2.0637247562408447
2.1187779903411865
2.1179778575897217
1.972350001335144
1.9361432790756226
1.9489796161651611
2.090024471282959
1.851534128189087
1.5046122074127197
2.028712272644043
2.2212514877319336
2.208536386489868
1.8863818645477295
2.082304000854492
2.136037826538086
1.4814752340316772
2.0775704383850098
2.1584668159484863
1.9866597652435303
1.9299575090408325
1.9598098993301392
1.8781877756118774
1.7743239402770996
2.055561065673828
1.926902413368225
2.058154821395874
2.2120800018310547
1.9047261476516724
2.1066997051239014
2.0460853576660156
2.204979181289673
1.7926467657089233
1.854200005531311
1.4964181184768677
1.6279501914978027
2.112858533859253
1.7988619804382324
2.1572844982147217
1.7249901294708252
1.8559974431991577
1.8678799867630005
2.0071375370025635
2.5022196769714355
2.1210811138153076
2.0552005767822266
1.4111034870147705
1.9601294994354248
2.352499008178711
1.9178199768066406
1.8625277280807495
2.041795492172241
1.7787930965423584
2.06794810295105
2.003274917602539
1.9061901569366455
2.113826274871826
2.142160415649414
1.5738184452056885
1.9788756370544434
1.9926944971084595
2.0971806049346924
2.0918846130371094
2.204054117202759
1.99109947681427
1.8753336668014526
1.8730720281600952
2.0681188106536865
2.111963987350464
1.730800986289978
2.063800811767578
2.235738515853882
1.724462866783142
2.0560898780822754
1.7102491855621338
2.2979307174682617
1.9879803657531738
1.8833889961242676
1.950001835823059
1.7805994749069214
2.0096418857574463
1.8021106719970703
1.9586036205291748
1.7168627977371216
1.6955550909042358
1.9951591491699219
2.0595717430114746
1.811320424079895
1.8203048706054688
2.063058853149414
1.842396855354309
1.75143563747406
1.987533688545227
1.9457203149795532
2.0101406574249268
1.589156985282898
2.2793562412261963
1.8259706497192383
1.9390395879745483
1.942047119140625
1.9369502067565918
1.6516462564468384
1.9566632509231567
2.1309916973114014
2.0390000343322754
1.9074119329452515
2.0754010677337646
2.013450860977173
1.9451301097869873
