88.14584350585938
90.3381118774414
89.71141052246094
86.72940826416016
90.28644561767578
90.32174682617188
91.23843383789062
85.08853912353516
89.9184341430664
89.79473876953125
85.91429138183594
90.64183044433594
93.89800262451172
88.71761322021484
85.95539855957031
94.66950225830078
89.40064239501953
86.80393981933594
82.38291931152344
91.77332305908203
92.19184875488281
86.67500305175781
85.03662872314453
81.83766174316406
85.22535705566406
87.54452514648438
86.09001922607422
83.91619110107422
89.84364318847656
86.3125228881836
88.9976806640625
85.55427551269531
87.96102905273438
83.93048858642578
96.06626892089844
86.86681365966797
88.67841339111328
76.51248168945312
83.01811981201172
91.48955535888672
86.74962615966797
91.43379211425781
94.11930084228516
86.6488037109375
89.75225830078125
83.95338439941406
90.99635314941406
84.91837310791016
86.36689758300781
83.89224243164062
90.71328735351562
82.08246612548828
81.19863891601562
89.50458526611328
81.87079620361328
84.3812026977539
93.99063873291016
93.19719696044922
92.33837890625
89.3889389038086
84.99578857421875
88.82486724853516
86.05049896240234
89.63886260986328
80.41681671142578
91.25027465820312
88.66777038574219
86.4682388305664
86.02823638916016
81.7761459350586
82.12708282470703
89.12091064453125
92.44281005859375
87.05447387695312
86.60636138916016
89.50089263916016
91.80359649658203
79.99459075927734
86.78076171875
90.36509704589844
87.94236755371094
83.02123260498047
86.50177001953125
91.77326965332031
88.42627716064453
92.67560577392578
85.00559997558594
80.51547241210938
90.54415130615234
83.00565338134766
82.97515869140625
85.53529357910156
96.31826782226562
85.66779327392578
92.14242553710938
88.4357681274414
88.37439727783203
91.0584487915039
87.72089385986328
72.77145385742188
90.21589660644531
89.84962463378906
90.63045501708984
91.59414672851562
93.26699829101562
87.49214935302734
81.53115844726562
90.59638977050781
89.375732421875
89.155029296875
94.7703628540039
87.76876831054688
90.00603485107422
84.18966674804688
88.98309326171875
89.6887435913086
94.1640853881836
89.32402038574219
80.59428405761719
84.1385498046875
88.8000717163086
94.22684478759766
87.36433410644531
88.79583740234375
82.12367248535156
84.4209976196289
55.78273391723633
86.31889343261719
89.88378143310547
79.89183044433594
88.25331115722656
85.12751007080078
89.29489135742188
91.1871566772461
85.22301483154297
85.91844940185547
87.52251434326172
90.2313232421875
84.28079986572266
89.47734069824219
83.77450561523438
76.39237213134766
89.5088119506836
81.7067642211914
89.56604766845703
91.32756805419922
84.15029907226562
88.29972076416016
77.92048645019531
85.25300598144531
97.14125061035156
87.72852325439453
81.49594116210938
89.12718963623047
82.55184936523438
79.52203369140625
90.17976379394531
80.57783508300781
92.220458984375
87.40837860107422
85.43556213378906
86.72533416748047
87.9959716796875
84.75374603271484
83.37639617919922
86.88329315185547
82.89152526855469
91.32359313964844
88.64266967773438
91.35619354248047
84.33338928222656
91.81646728515625
94.46660614013672
89.76344299316406
93.01886749267578
88.61724853515625
92.43865966796875
90.77022552490234
88.942626953125
91.55022430419922
87.87600708007812
91.49957275390625
82.28208923339844
86.34337615966797
87.56625366210938
83.21168518066406
87.31663513183594
89.98716735839844
80.70317077636719
87.18324279785156
90.30072021484375
91.63160705566406
90.46859741210938
87.33736419677734
81.07269287109375
93.47854614257812
91.47676849365234
86.88611602783203
89.15115356445312
90.03196716308594
90.16741943359375
89.96222686767578
87.92200469970703
84.0958251953125
89.16138458251953
80.75006866455078
82.18003845214844
88.40599060058594
82.69640350341797
84.64397430419922
80.56917572021484
82.88481140136719
87.09615325927734
88.50347900390625
95.53978729248047
90.9827880859375
89.07987976074219
83.818359375
86.98200988769531
86.92108917236328
85.53226470947266
86.56950378417969
91.68244934082031
91.6569595336914
85.31149291992188
90.3066635131836
88.64653015136719
85.07840728759766
82.7474365234375
88.51079559326172
85.45177459716797
82.78260803222656
95.05459594726562
88.35643768310547
84.97437286376953
86.49156188964844
88.72356414794922
91.38349914550781
90.61347198486328
87.94951629638672
90.89240264892578
85.58547973632812
92.48136138916016
86.45674896240234
89.16504669189453
90.1573257446289
83.68097686767578
93.96509552001953
87.5103759765625
88.705810546875
87.95984649658203
88.3370361328125
86.15111541748047
95.87043762207031
76.09445190429688
83.59181213378906
92.1835708618164
85.3724594116211
91.63218688964844
86.62594604492188
89.0418930053711
88.32083892822266
82.53264617919922
86.23763275146484
81.36522674560547
82.67912292480469
87.30754089355469
87.7954330444336
87.49662017822266
87.17022705078125
86.9105224609375
85.81388092041016
79.16596984863281
86.78093719482422
87.18412780761719
82.62874603271484
88.68782043457031
89.02993774414062
89.44812774658203
91.65988159179688
86.74578094482422
88.4203872680664
85.37178802490234
84.39456939697266
85.2132797241211
85.61689758300781
88.43077087402344
91.55853271484375
82.97836303710938
88.06636047363281
89.09061431884766
88.58430480957031
86.78497314453125
90.58428955078125
83.89645385742188
87.5128402709961
84.9384994506836
85.28864288330078
80.3653335571289
88.40686798095703
79.88970947265625
92.62541961669922
90.5301742553711
89.47772216796875
91.03058624267578
89.30035400390625
88.92265319824219
79.90766143798828
84.49702453613281
91.48316192626953
89.22696685791016
92.77533721923828
91.03260040283203
85.85594940185547
82.38610076904297
86.90583801269531
81.39453887939453
83.43584442138672
94.2648696899414
90.21832275390625
82.56283569335938
87.92375946044922
88.64713287353516
92.86751556396484
89.58868408203125
90.54409790039062
89.93501281738281
88.30359649658203
93.84185791015625
87.30403137207031
87.23713684082031
87.658203125
84.61253356933594
86.92463684082031
93.89324188232422
87.3796615600586
87.63679504394531
82.70584106445312
83.33425903320312
86.21636962890625
86.40006256103516
85.3050308227539
80.7874526977539
90.31268310546875
88.86383056640625
88.74186706542969
89.67778778076172
95.27904510498047
95.210205078125
92.1462173461914
79.42591857910156
93.0929946899414
89.77478790283203
88.12881469726562
88.69351959228516
87.16661834716797
84.25558471679688
73.80472564697266
96.43090057373047
89.96932983398438
87.41584777832031
83.12770080566406
86.89418029785156
79.7077407836914
91.7047119140625
89.02039337158203
90.59566497802734
90.4942398071289
89.21854400634766
92.24048614501953
79.2652359008789
87.50442504882812
94.44690704345703
83.9479751586914
84.75409698486328
90.60517120361328
92.04359436035156
89.58356475830078
87.51737976074219
89.99028778076172
87.05683135986328
83.87800598144531
90.5390396118164
92.87531280517578
88.11808013916016
83.92332458496094
90.15692138671875
89.71882629394531
91.79734802246094
90.68955993652344
82.97547149658203
92.74495697021484
88.04351043701172
84.15335083007812
83.79249572753906
84.70681762695312
92.18215942382812
88.65538024902344
84.1930923461914
93.89319610595703
89.98051452636719
88.66718292236328
87.56266021728516
89.28609466552734
86.35889434814453
84.13228607177734
88.25446319580078
80.9482421875
92.14048767089844
87.04375457763672
91.90908813476562
87.86273193359375
94.81707000732422
94.07826232910156
91.84164428710938
84.01984405517578
86.31689453125
93.08130645751953
85.2115707397461
80.04143524169922
88.57994842529297
88.0033187866211
81.31725311279297
83.69158935546875
82.73201751708984
86.33122253417969
80.60191345214844
94.2625732421875
86.26203155517578
89.58441162109375
88.6826400756836
79.7434310913086
87.76028442382812
88.1441650390625
86.43888854980469
87.83706665039062
89.29061126708984
89.85188293457031
81.37361145019531
88.66299438476562
77.33966827392578
92.24329376220703
84.31278228759766
83.59317016601562
89.24773406982422
92.9863052368164
81.54097747802734
92.11900329589844
86.3917465209961
91.55924987792969
84.11653137207031
90.13861846923828
88.40138244628906
94.5545654296875
88.00055694580078
90.24011993408203
84.10359191894531
89.1697998046875
83.44733428955078
94.75450897216797
88.23377990722656
90.6005630493164
90.70458221435547
91.8629150390625
86.67611694335938
83.53382110595703
87.36356353759766
95.85155487060547
72.63638305664062
83.3250961303711
94.72184753417969
90.50172424316406
85.10164642333984
84.15399169921875
91.08545684814453
78.86963653564453
85.29570770263672
88.39907836914062
89.40911865234375
88.12069702148438
88.82711791992188
84.91451263427734
80.5017318725586
80.15020751953125
91.29032897949219
85.43862915039062
95.48062896728516
88.93037414550781
70.32488250732422
88.04399871826172
85.21736145019531
94.13780212402344
87.4242935180664
86.32123565673828
85.78744506835938
87.42858123779297
90.3740463256836
79.83555603027344
89.20835876464844
91.31902313232422
84.75614166259766
94.15966033935547
87.53620910644531
96.2263412475586
88.30789184570312
86.76922607421875
84.83727264404297
84.75444030761719
88.6321792602539
86.02147674560547
70.06873321533203
91.3048324584961
82.538330078125
88.78350067138672
81.92398834228516
80.36355590820312
88.32162475585938
81.89201354980469
87.63975524902344
91.24983978271484
88.21936798095703
90.31568908691406
87.66626739501953
86.97288513183594
90.8232192993164
88.2198486328125
85.28453826904297
84.38462829589844
88.12908172607422
92.48087310791016
83.60234832763672
85.82780456542969
79.71839904785156
84.93977355957031
82.2377700805664
91.32112121582031
84.03621673583984
81.2406997680664
96.32493591308594
87.48329162597656
91.0048828125
90.96465301513672
86.30471801757812
75.02274322509766
93.25154876708984
92.26560974121094
90.89342498779297
87.99674987792969
85.88404083251953
90.90756225585938
83.84040832519531
86.69477844238281
97.21915435791016
89.13497924804688
85.7643814086914
94.10282135009766
75.34518432617188
88.25901794433594
89.74797821044922
87.88864135742188
82.64631652832031
85.4478988647461
87.24601745605469
86.39521789550781
93.66702270507812
93.12177276611328
95.008544921875
88.5809555053711
88.35990905761719
90.96247863769531
81.84691619873047
79.0223159790039
88.29144287109375
85.50797271728516
84.44110870361328
91.18209075927734
91.71873474121094
87.34288787841797
89.0815658569336
89.7186279296875
91.63255310058594
95.0708236694336
87.43502044677734
92.97924041748047
85.87619018554688
77.95573425292969
97.79963684082031
91.15164947509766
84.03022766113281
90.84095764160156
87.31381225585938
87.48542785644531
85.3882064819336
87.99048614501953
88.91339111328125
94.5422134399414
89.42912292480469
85.83580017089844
84.74049377441406
85.9930191040039
93.26121520996094
78.07723236083984
83.613037109375
84.10983276367188
84.82392883300781
96.16647338867188
84.24166870117188
86.01545715332031
91.5192642211914
90.4032974243164
87.16138458251953
81.93670654296875
88.51667022705078
92.56402587890625
89.86486053466797
83.66159057617188
90.53219604492188
91.46568298339844
82.17496490478516
89.46292114257812
85.65290832519531
84.57880401611328
94.3282699584961
87.77032470703125
90.00702667236328
81.46049499511719
83.43293762207031
89.71379852294922
81.33667755126953
86.68274688720703
93.53357696533203
83.99922180175781
92.55987548828125
85.88350677490234
85.46701049804688
91.97470092773438
85.90388488769531
88.20048522949219
85.47412872314453
85.8206787109375
89.1161880493164
89.66482543945312
90.53907012939453
83.59871673583984
95.32423400878906
87.87696075439453
88.19510650634766
92.43933868408203
91.34574890136719
92.21793365478516
87.88517761230469
89.01953125
88.8812026977539
83.98374938964844
82.30191802978516
82.41561889648438
87.02562713623047
95.75271606445312
92.14905548095703
88.26197814941406
88.2826156616211
85.15155029296875
88.3333511352539
88.42491912841797
92.02217864990234
87.02271270751953
82.2824478149414
84.95005798339844
93.67964935302734
85.8001480102539
83.19320678710938
97.06338500976562
88.22539520263672
93.81832885742188
85.79456329345703
88.18966674804688
84.8643569946289
86.12557220458984
92.06005096435547
83.81730651855469
84.6233139038086
94.13516998291016
84.4187240600586
85.28894805908203
88.63772583007812
91.5633316040039
88.09856414794922
86.94696807861328
84.77223205566406
87.7270736694336
88.3467025756836
91.87832641601562
80.93258666992188
83.85556030273438
87.43225860595703
83.36554718017578
89.14634704589844
86.45931243896484
82.36746215820312
89.20428466796875
81.70706939697266
85.58014678955078
89.68531799316406
97.99738311767578
84.14241790771484
90.58497619628906
86.6822738647461
83.61177062988281
84.58465576171875
90.00188446044922
71.69439697265625
86.07637786865234
80.60466766357422
83.4124755859375
84.05632781982422
85.4979248046875
90.0032958984375
82.28257751464844
82.5877685546875
85.62806701660156
88.45109558105469
86.04203033447266
91.19273376464844
83.6542739868164
81.84657287597656
83.14335632324219
91.85440063476562
89.72091674804688
88.25553894042969
90.06424713134766
80.88324737548828
78.84518432617188
77.17850494384766
85.08295440673828
82.93921661376953
89.87630462646484
91.44398498535156
87.52742004394531
92.5567398071289
87.09783172607422
88.76277160644531
92.36463165283203
88.08570861816406
85.94649505615234
83.2653579711914
87.38648986816406
93.1392593383789
79.86852264404297
80.75785064697266
87.72942352294922
87.14362335205078
86.03146362304688
87.23175811767578
89.65621185302734
91.04824829101562
94.38001251220703
90.55807495117188
96.80880737304688
95.0951156616211
95.44998168945312
87.80475616455078
87.61668395996094
94.56987762451172
86.13655853271484
86.07654571533203
90.965087890625
84.7803955078125
87.22882080078125
86.01409149169922
87.91586303710938
85.58786010742188
84.58336639404297
83.5810546875
82.30101776123047
85.5838394165039
91.61710357666016
87.97664642333984
88.51912689208984
92.96057891845703
93.23856353759766
86.46070098876953
84.18354034423828
92.0637435913086
76.28685760498047
84.00730895996094
86.90372467041016
80.43122863769531
86.47901916503906
96.8766860961914
89.05764770507812
84.55968475341797
81.48701477050781
82.6718521118164
93.67018127441406
85.39002227783203
85.644287109375
89.67572784423828
91.96138000488281
89.26799011230469
80.12511444091797
84.69169616699219
89.60323333740234
87.7289810180664
89.0183334350586
87.56867218017578
79.64739990234375
86.51800537109375
88.3099136352539
85.07513427734375
86.56758117675781
84.87555694580078
89.24034881591797
87.39140319824219
80.13900756835938
84.952392578125
75.16521453857422
84.26390075683594
84.18061065673828
83.5070571899414
90.50973510742188
93.06621551513672
96.53682708740234
82.970703125
88.63066101074219
84.90736389160156
91.34542083740234
99.83641052246094
86.59164428710938
87.78868865966797
83.47486877441406
86.81625366210938
91.26740264892578
88.42279815673828
86.14441680908203
85.99711608886719
80.09583282470703
89.95466613769531
88.54596710205078
88.17698669433594
86.1943588256836
81.74152374267578
82.68573760986328
92.89240264892578
86.28392028808594
88.65523529052734
86.78314971923828
87.12036895751953
90.60897827148438
83.3133544921875
85.58065032958984
87.87700653076172
87.38885498046875
87.29441833496094
92.63229370117188
91.27799987792969
89.92666625976562
86.38676452636719
85.2481460571289
82.84323120117188
91.0456771850586
89.71664428710938
90.90365600585938
84.77091979980469
89.42135620117188
84.19719696044922
93.53588104248047
91.27605438232422
91.39033508300781
94.2230224609375
88.31080627441406
76.9244384765625
84.30069732666016
82.38385009765625
90.26799011230469
89.6796646118164
86.40052795410156
82.98331451416016
89.44667053222656
85.98444366455078
87.17572784423828
90.41262817382812
86.21492004394531
83.9272689819336
89.2227783203125
90.471923828125
83.7296142578125
92.5683364868164
88.80794525146484
89.20138549804688
94.49471282958984
79.72718048095703
89.36888885498047
84.68746948242188
91.43805694580078
87.62645721435547
83.85877227783203
95.01416778564453
94.83192443847656
92.28324890136719
86.3005142211914
89.1649169921875
89.89830780029297
89.36077880859375
91.0425033569336
92.0154800415039
88.94229888916016
87.94094848632812
88.66091918945312
87.74755859375
94.92133331298828
85.72164916992188
92.29296112060547
82.64274597167969
89.65623474121094
89.2203140258789
88.72179412841797
82.73703002929688
95.08972930908203
87.86580657958984
87.14476013183594
87.95325469970703
83.21753692626953
87.93841552734375
89.88495635986328
83.9373779296875
85.12566375732422
84.40485382080078
77.80783081054688
85.06265258789062
88.76712799072266
89.06449890136719
89.1581039428711
89.07673645019531
84.98887634277344
89.91986083984375
82.03419494628906
89.17643737792969
92.57097625732422
91.5479965209961
86.55859375
81.26972961425781
89.49694061279297
89.95936584472656
83.5159683227539
89.09612274169922
85.6486587524414
86.01271057128906
86.66084289550781
96.60753631591797
92.71727752685547
87.28510284423828
87.86164855957031
92.74085998535156
87.5289535522461
91.19595336914062
88.14006805419922
87.69725799560547
86.75817108154297
85.90263366699219
93.49654388427734
89.28093719482422
86.4695053100586
88.43733978271484
82.4306411743164
85.4968490600586
85.3480224609375
89.48389434814453
83.97419738769531
90.32711791992188
87.92222595214844
87.22393798828125
86.66659545898438
93.52989196777344
84.45140838623047
84.45989227294922
87.48162841796875
81.6278076171875
89.0176773071289
84.52234649658203
83.3425064086914
89.63883209228516
86.71153259277344
89.04644012451172
89.09506225585938
81.16349792480469
91.60016632080078
90.95763397216797
80.66779327392578
83.26018524169922
85.0196762084961
87.44702911376953
90.07734680175781
89.45745849609375
84.06782531738281
92.48674011230469
90.72750091552734
90.16911315917969
87.5691146850586
89.59326171875
85.89353942871094
86.80315399169922
85.59933471679688
83.58984375
87.57770538330078
91.48882293701172
87.2952651977539
92.79961395263672
86.97118377685547
89.6168441772461
84.41675567626953
88.47583770751953
94.769287109375
89.84001159667969
92.76008605957031
91.57610321044922
89.17609405517578
82.87873077392578
91.11627960205078
82.75668334960938
86.30103302001953
87.79905700683594
96.09326934814453
83.17681121826172
84.04000091552734
84.90042877197266
83.2566146850586
86.24095916748047
90.56477355957031
87.88334655761719
90.03242492675781
92.71353912353516
91.99156188964844
87.39417266845703
87.10834503173828
94.18706512451172
85.96543884277344
82.8419189453125
84.58543395996094
90.28382873535156
95.48268127441406
81.72185516357422
91.47928619384766
91.08175659179688
83.77998352050781
89.65451049804688
88.81842803955078
81.28539276123047
87.17950439453125
79.95487976074219
79.30194091796875
82.00757598876953
91.224365234375
83.85969543457031
63.121971130371094
87.76311492919922
89.14543151855469
90.52201080322266
91.11338806152344
90.65608215332031
85.0754623413086
84.75000762939453
85.24169158935547
95.52288818359375
91.14453125
81.64602661132812
85.54718780517578
88.73345947265625
86.53229522705078
88.56266021728516
88.90779876708984
85.60118865966797
70.90848541259766
92.4708251953125
86.32809448242188
88.143798828125
90.21356201171875
81.97998046875
83.0078125
86.68592071533203
82.46124267578125
90.43223571777344
83.89507293701172
90.01586151123047
89.33182525634766
89.71282196044922
81.4885482788086
86.27146911621094
87.18285369873047
90.74872589111328
92.4236831665039
92.89644622802734
91.65560913085938
89.96959686279297
80.96109771728516
90.1824951171875
88.9237060546875
89.18702697753906
87.2644271850586
87.56925964355469
88.81502532958984
87.7191390991211
86.56564331054688
88.61283874511719
92.10368347167969
81.08242797851562
84.72218322753906
87.53443145751953
92.39288330078125
87.30663299560547
94.06777954101562
82.06169891357422
85.41742706298828
81.79822540283203
91.84151458740234
83.90836334228516
89.82109832763672
87.48934173583984
84.13924407958984
84.58098602294922
85.21109008789062
91.6828842163086
93.4537582397461
87.92144775390625
84.03911590576172
86.46122741699219
91.19339752197266
84.21385955810547
95.40924072265625
88.53303527832031
81.07136535644531
89.9476318359375
87.54203033447266
87.67506408691406
91.5049057006836
81.93199920654297
88.6580581665039
83.8989486694336
92.86907958984375
82.45824432373047
92.745361328125
92.49503326416016
90.22721099853516
88.55781555175781
88.35690307617188
89.14817810058594
78.3863754272461
89.88582611083984
87.2667465209961
94.0447998046875
87.01847839355469
87.08541107177734
85.57015228271484
88.73274993896484
78.29967498779297
88.36658477783203
90.07254791259766
92.34915924072266
79.32791900634766
90.43878173828125
82.73788452148438
89.0447998046875
88.09233093261719
88.11255645751953
81.45574188232422
89.86861419677734
90.49909973144531
87.46907806396484
89.24752044677734
90.32733917236328
83.48743438720703
87.0033187866211
87.21150970458984
84.82249450683594
87.08878326416016
87.43864440917969
89.5762710571289
85.23029327392578
86.85763549804688
95.92748260498047
89.97163391113281
85.92677307128906
82.96920776367188
85.84175872802734
78.52057647705078
88.302490234375
89.41875457763672
84.7212142944336
83.77578735351562
86.41607666015625
89.00376892089844
88.71754455566406
92.45560455322266
95.09735870361328
86.84102630615234
77.20741271972656
82.58145141601562
89.8348159790039
88.09358978271484
91.97045135498047
85.51229858398438
89.9542465209961
85.54013061523438
87.37826538085938
92.16285705566406
90.71222686767578
89.10478210449219
84.66755676269531
85.47293090820312
73.15419006347656
91.79109191894531
83.10842895507812
85.67536926269531
91.93778991699219
82.69850158691406
85.15373229980469
94.38299560546875
91.81854248046875
88.33546447753906
85.84544372558594
88.6924819946289
86.5857925415039
90.51004028320312
89.30382537841797
90.8849868774414
72.05209350585938
84.65454864501953
87.00570678710938
86.13874053955078
88.83627319335938
89.14036560058594
89.89361572265625
89.42717742919922
86.02202606201172
83.15204620361328
87.2995376586914
84.77574157714844
88.39075469970703
93.93209075927734
86.19435119628906
89.15311431884766
92.44629669189453
94.05426788330078
98.81997680664062
83.8766860961914
89.38060760498047
86.13939666748047
80.97918701171875
88.84242248535156
82.98865509033203
89.3243408203125
83.78092193603516
84.5630874633789
89.32311248779297
88.1075439453125
88.83695983886719
76.84986877441406
86.9356918334961
87.73909759521484
87.76366424560547
84.38353729248047
84.58928680419922
85.83855438232422
82.98802947998047
91.64641571044922
87.59349060058594
84.3396987915039
88.76612091064453
86.01068115234375
76.11805725097656
88.6845932006836
87.76727294921875
86.18830871582031
86.69155883789062
78.8229751586914
92.87458801269531
90.35543060302734
85.4715805053711
93.45144653320312
85.50614929199219
87.62788391113281
