-5.899324417114258
-8.584500312805176
-8.048601150512695
-7.908984184265137
-7.205306053161621
-9.113478660583496
-7.8295979499816895
-7.073838233947754
-7.872129440307617
-7.47255802154541
-6.561235427856445
-6.786968231201172
-7.065709114074707
-7.667036533355713
-6.844411373138428
-8.95835018157959
-8.188153266906738
-6.9731831550598145
-7.455161094665527
-5.712752342224121
-7.51513671875
-7.6875104904174805
-9.137720108032227
-7.443436145782471
-6.045589923858643
-6.155416488647461
-5.417186737060547
-7.166440010070801
-8.523865699768066
-6.640013694763184
-6.537261486053467
-8.192692756652832
-7.819258689880371
-7.882877349853516
-7.265242576599121
-6.594313144683838
-7.923854827880859
-7.3223676681518555
-7.232514381408691
-7.255444526672363
-5.73308801651001
-8.281177520751953
-7.644453048706055
-8.347068786621094
-8.86043930053711
-7.756272315979004
-7.205755710601807
-8.849635124206543
-6.147040367126465
-7.931915760040283
-8.448396682739258
-8.076952934265137
-7.1306633949279785
-8.787412643432617
-6.443404674530029
-7.5301384925842285
-7.0004801750183105
-8.117772102355957
-7.251695156097412
-7.074398517608643
-8.285738945007324
-8.587947845458984
-6.856250762939453
-8.27352523803711
-7.155533313751221
-7.259591102600098
-8.95856761932373
-6.828834056854248
-6.065405368804932
-7.240687847137451
-6.252860069274902
-7.496717929840088
-8.51081371307373
-7.958978176116943
-7.140374183654785
-6.257531642913818
-6.82110071182251
-8.529024124145508
-6.8198957443237305
-8.101531028747559
-6.874914169311523
-7.288852691650391
-7.15237283706665
-8.397687911987305
-7.213897705078125
-8.552685737609863
-7.0327982902526855
-8.188282012939453
-8.628039360046387
-6.981409072875977
-6.934854507446289
-6.997734069824219
-7.879742622375488
-9.057844161987305
-9.036654472351074
-7.4733381271362305
-7.867525577545166
-8.038176536560059
-7.962256908416748
-9.729573249816895
-7.207144737243652
-7.368844032287598
-7.647386074066162
-6.185606002807617
-7.143400192260742
-8.926979064941406
-7.255959987640381
-8.785173416137695
-7.668330192565918
-8.784116744995117
-7.587228298187256
-7.350114822387695
-9.140995979309082
-8.874805450439453
-7.257021427154541
-7.620633602142334
-7.991007328033447
-7.09649133682251
-6.6585893630981445
-5.508012771606445
-6.985073089599609
-8.237884521484375
-8.234756469726562
-7.723866939544678
-8.111458778381348
-7.918352127075195
-7.364630699157715
-7.694697856903076
-7.1284685134887695
-7.319024085998535
-7.8518967628479
-6.711114406585693
-6.893873691558838
-7.7562055587768555
-7.511170864105225
-7.298544883728027
-6.488178730010986
-9.089259147644043
-9.009913444519043
-8.87556266784668
-7.117307662963867
-7.193359375
-8.499393463134766
-6.575923919677734
-6.320856094360352
-7.181767463684082
-7.37735652923584
-8.338584899902344
-6.59052038192749
-9.128389358520508
-6.794776439666748
-7.90228271484375
-7.704408645629883
-6.650629997253418
-7.297865390777588
-7.933006286621094
-6.798644065856934
-7.242640495300293
-5.463993549346924
-7.731255054473877
-6.610755920410156
-6.155832767486572
-7.825441837310791
-8.08838176727295
-7.191597938537598
-6.881645679473877
-7.0104498863220215
-7.834466934204102
-7.718629360198975
-7.600935935974121
-7.170382022857666
-8.567947387695312
-8.299516677856445
-6.890840530395508
-7.431598663330078
-7.92166805267334
-8.659737586975098
-7.228095531463623
-7.253501892089844
-8.321303367614746
-7.021751880645752
-7.075259685516357
-7.6687774658203125
-7.9094014167785645
-8.859554290771484
-7.594947814941406
-7.076855182647705
-8.124099731445312
-6.649694442749023
-8.574673652648926
-6.252522945404053
-6.414083003997803
-8.56678581237793
-6.999476432800293
-7.9520792961120605
-7.43930196762085
-5.949535846710205
-7.146086692810059
-6.883208751678467
-7.573897361755371
-8.127995491027832
-7.582306385040283
-6.802366256713867
-7.559248924255371
-9.573240280151367
-8.038992881774902
-7.5388946533203125
-7.759835243225098
-7.000734806060791
-8.537169456481934
-7.945998191833496
-7.521240711212158
-8.763113975524902
-6.76414155960083
-6.683199405670166
-6.9469122886657715
-6.498758316040039
-6.814862251281738
-8.167574882507324
-7.481082916259766
-7.446376323699951
-8.215255737304688
-7.30725622177124
-7.613461494445801
-6.132075786590576
-6.8289713859558105
-5.988525390625
-6.527109622955322
-7.584219455718994
-7.512683391571045
-6.986931324005127
-9.630813598632812
-7.585927963256836
-7.236278057098389
-7.565699100494385
-8.47563648223877
-7.606399059295654
-6.799806594848633
-7.067002773284912
-7.386240482330322
-7.721266746520996
-6.941073417663574
-7.7130584716796875
-7.876858234405518
-8.491661071777344
-7.180720329284668
-6.759995937347412
-7.238600254058838
-6.357705593109131
-6.991939544677734
-7.608551025390625
-8.142216682434082
-7.456114292144775
-7.149658679962158
-6.839104652404785
-9.33434772491455
-8.147794723510742
-7.382997035980225
-7.192579746246338
-7.607669830322266
-7.586181640625
-5.8898420333862305
-7.656473636627197
-6.90304708480835
-8.472002983093262
-6.165653705596924
-7.21676778793335
-8.114389419555664
-8.243699073791504
-6.726238250732422
-7.684492588043213
-7.605771064758301
-6.998470783233643
-8.517004013061523
-7.947228908538818
-7.164921760559082
-7.900404930114746
-8.123011589050293
-8.077962875366211
-7.2785115242004395
-8.422420501708984
-6.954519748687744
-8.859271049499512
-8.06745719909668
-7.402602672576904
-7.17095422744751
-6.775482654571533
-6.927444934844971
-6.722771167755127
-5.1708903312683105
-6.604786396026611
-8.114487648010254
-7.030087471008301
-7.068878173828125
-6.903398513793945
-8.651482582092285
-7.738770008087158
-7.041192531585693
-6.678719997406006
-6.983395099639893
-7.781434059143066
-9.104713439941406
-6.1237688064575195
-8.071002960205078
-7.452066898345947
-8.054306983947754
-7.265523910522461
-7.970155239105225
-8.120148658752441
-5.255443096160889
-8.463753700256348
-7.428882122039795
-7.967543125152588
-8.85867691040039
-7.532019138336182
-7.637493133544922
-7.694295406341553
-6.4478912353515625
-8.447532653808594
-9.570662498474121
-7.268946170806885
-7.480680465698242
-5.9680938720703125
-8.68287181854248
-7.039667129516602
-7.152276515960693
-7.603644371032715
-5.8642401695251465
-8.000755310058594
-7.284538269042969
-6.7629218101501465
-7.433842658996582
-7.121582508087158
-7.47796630859375
-7.0195136070251465
-7.058635711669922
-6.476025104522705
-5.952000141143799
-7.8111371994018555
-6.685736179351807
-6.6179399490356445
-6.907580375671387
-5.970710754394531
-6.723720550537109
-7.316799640655518
-6.305884838104248
-8.259124755859375
-6.567811489105225
-7.334804534912109
-6.304768085479736
-7.251461982727051
-9.067615509033203
-7.713648796081543
-7.979689121246338
-7.8728346824646
-9.001288414001465
-7.234304904937744
-6.411155700683594
-8.976448059082031
-8.515685081481934
-6.381470680236816
-6.281767845153809
-8.135019302368164
-7.913759231567383
-7.874339580535889
-6.8271355628967285
-7.532619476318359
-7.8098039627075195
-6.880293846130371
-8.68288516998291
-7.556089878082275
-8.030342102050781
-7.085013389587402
-6.808363437652588
-7.225993633270264
-6.371217250823975
-8.003351211547852
-8.158958435058594
-8.027673721313477
-8.23778247833252
-6.012373447418213
-8.149822235107422
-7.517949104309082
-6.552165985107422
-7.095666408538818
-8.087549209594727
-7.702945232391357
-7.4449920654296875
-8.944103240966797
-6.561806678771973
-7.965407848358154
-6.4189019203186035
-5.528237819671631
-6.720590114593506
-6.467341899871826
-7.402449607849121
-8.175346374511719
-8.255816459655762
-8.16472339630127
-6.368008136749268
-7.568699359893799
-7.995388984680176
-8.038519859313965
-6.776980400085449
-6.135796546936035
-9.406042098999023
-6.286152362823486
-7.308342456817627
-7.152985572814941
-6.832723140716553
-6.516787528991699
-7.763261795043945
-8.364673614501953
-6.109822750091553
-9.071480751037598
-6.1696391105651855
-8.035561561584473
-6.491473197937012
-7.662740230560303
-4.814197540283203
-6.997946739196777
-8.716530799865723
-6.423097610473633
-7.116982936859131
-8.171937942504883
-7.614338397979736
-6.022502899169922
-6.904156684875488
-8.17832088470459
-9.28860855102539
-6.436672687530518
-6.56911563873291
-6.649359226226807
-8.171409606933594
-8.86673641204834
-6.566483020782471
-8.097769737243652
-6.075135231018066
-6.815694332122803
-6.271024703979492
-6.482032299041748
-7.512866973876953
-7.093000888824463
-7.7223005294799805
-7.829184055328369
-6.6788330078125
-6.610128402709961
-7.294068813323975
-7.4809794425964355
-8.61703109741211
-6.84379768371582
-8.240416526794434
-8.189781188964844
-7.687789440155029
-7.40725564956665
-7.089081287384033
-7.450877666473389
-8.228775024414062
-7.745250701904297
-9.405314445495605
-7.509602069854736
-7.062499523162842
-6.121737480163574
-5.68025016784668
-5.5149455070495605
-6.877583980560303
-6.0923542976379395
-6.8576154708862305
-8.709267616271973
-6.595526218414307
-8.838031768798828
-8.027143478393555
-8.05604362487793
-7.413042068481445
-8.43291187286377
-8.102320671081543
-6.527576446533203
-6.985239028930664
-8.506083488464355
-7.524285793304443
-7.583776473999023
-8.152284622192383
-6.885611057281494
-6.501222610473633
-6.3789520263671875
-7.378139972686768
-7.254476070404053
-8.444588661193848
-7.492545127868652
-6.7926506996154785
-7.36173152923584
-6.806333541870117
-7.381525039672852
-6.583527565002441
-8.98932933807373
-7.257702827453613
-7.482794284820557
-7.768596172332764
-7.0672430992126465
-7.848697662353516
-7.0673370361328125
-6.865894794464111
-7.61342191696167
-7.971554756164551
-8.673979759216309
-6.037718772888184
-7.7016072273254395
-6.669162273406982
-7.648846626281738
-7.757198810577393
-7.342801570892334
-8.14975643157959
-5.8479180335998535
-8.193962097167969
-7.74449348449707
-7.1906418800354
-8.129621505737305
-6.447206974029541
-6.106586933135986
-7.486423015594482
-7.640918254852295
-7.75303316116333
-9.16837215423584
-8.552261352539062
-7.5364274978637695
-8.071924209594727
-6.37570858001709
-7.504132270812988
-6.891327381134033
-7.11771297454834
-6.896393299102783
-6.418604373931885
-6.905134677886963
-7.0914506912231445
-7.520268440246582
-8.073392868041992
-9.099349975585938
-8.291017532348633
-7.509858131408691
-5.741737365722656
-7.185829162597656
-7.392053604125977
-7.525791645050049
-7.050243377685547
-6.0655035972595215
-9.019791603088379
-7.519832134246826
-6.664169788360596
-8.043387413024902
-6.65938663482666
-6.7271647453308105
-6.750749588012695
-7.930110931396484
-7.114501476287842
-7.467864990234375
-7.182856559753418
-7.165533542633057
-7.142704010009766
-7.025050640106201
-7.131525993347168
-9.095381736755371
-5.871467113494873
-7.8484110832214355
-7.508155345916748
-7.055993556976318
-7.313117027282715
-8.409956932067871
-7.074784755706787
-7.890434741973877
-9.111342430114746
-5.510416507720947
-7.387443542480469
-7.837640762329102
-8.107518196105957
-7.925406455993652
-6.98093318939209
-7.366808891296387
-5.411479473114014
-7.1727752685546875
-6.330794811248779
-8.050642013549805
-6.828095436096191
-7.566018581390381
-8.255126953125
-7.017054080963135
-8.682205200195312
-7.415484428405762
-8.557365417480469
-6.47325325012207
-8.109233856201172
-6.766360282897949
-8.970406532287598
-6.908145427703857
-7.21333646774292
-7.9981536865234375
-7.653318881988525
-8.151228904724121
-9.08616828918457
-6.299172878265381
-7.919227600097656
-6.6474928855896
-6.769352912902832
-8.741793632507324
-8.139057159423828
-7.812304973602295
-6.844351291656494
-6.923781394958496
-6.871508598327637
-7.726825714111328
-6.792625427246094
-7.450385093688965
-7.038265228271484
-8.861252784729004
-8.61571979522705
-6.92040491104126
-7.388720512390137
-7.598991870880127
-8.153704643249512
-5.9986748695373535
-7.736880779266357
-6.791751384735107
-6.866862773895264
-6.558879852294922
-6.623804569244385
-7.323256015777588
-6.877471923828125
-7.3968048095703125
-8.20802116394043
-7.817285060882568
-5.765416622161865
-8.171222686767578
-8.189327239990234
-7.5235185623168945
-6.14096736907959
-8.074504852294922
-7.29120397567749
-6.455242156982422
-7.800054550170898
-5.80672550201416
-7.9496612548828125
-8.24760627746582
-7.74789571762085
-6.646925926208496
-6.681319236755371
-6.61262845993042
-6.905393600463867
-7.216156482696533
-7.53090238571167
-6.488480567932129
-8.342696189880371
-7.016272068023682
-8.123869895935059
-8.504673957824707
-6.60762357711792
-8.068713188171387
-6.6563873291015625
-8.184781074523926
-8.87057113647461
-7.068985939025879
-6.709408760070801
-6.858609676361084
-6.632935047149658
-7.531427383422852
-8.104082107543945
-7.9793009757995605
-7.120002269744873
-8.119200706481934
-6.641796112060547
-7.149116516113281
-5.7797369956970215
-7.059106826782227
-7.374672889709473
-7.626213550567627
-7.97331428527832
-7.156614303588867
-7.586472988128662
-7.1336774826049805
-7.223775386810303
-6.690639019012451
-6.879319190979004
-9.2344331741333
-6.853647232055664
-7.089971542358398
-6.5709052085876465
-6.570188522338867
-6.524331569671631
-7.482254505157471
-7.089506149291992
-7.1571044921875
-7.988696098327637
-7.7290778160095215
-7.0169758796691895
-7.421643257141113
-8.938590049743652
-7.616654396057129
-7.0555338859558105
-7.884762287139893
-8.281610488891602
-6.414834976196289
-8.568879127502441
-6.119521617889404
-7.9687180519104
-8.734627723693848
-7.232182502746582
-7.8356499671936035
-7.064021110534668
-8.09163761138916
-6.930250644683838
-7.531345367431641
-7.604981899261475
-8.023018836975098
-7.420218467712402
-7.93700647354126
-6.962778091430664
-7.128860950469971
-6.7957916259765625
-8.50320816040039
-6.63795804977417
-9.122608184814453
-6.194061756134033
-7.19340181350708
-7.432775497436523
-6.445221900939941
-8.50209903717041
-8.319280624389648
-6.756408214569092
-6.988329887390137
-7.4529829025268555
-7.302828311920166
-7.334503650665283
-8.584023475646973
-8.098471641540527
-8.104918479919434
-6.002447605133057
-9.35954475402832
-7.280333995819092
-8.97191333770752
-7.247049331665039
-8.356955528259277
-6.947566986083984
-7.057108402252197
-7.0432891845703125
-7.752127647399902
-7.714944839477539
-6.769201755523682
-8.70799732208252
-5.533241271972656
-5.341031074523926
-6.155035018920898
-6.744653701782227
-8.510335922241211
-6.227312088012695
-7.784673690795898
-8.219751358032227
-7.009843349456787
-7.973855018615723
-7.867928504943848
-7.3042683601379395
-6.414649963378906
-8.500478744506836
-6.7476043701171875
-7.989037036895752
-6.233520984649658
-6.316614627838135
-7.167492866516113
-5.788349628448486
-6.771810531616211
-9.079499244689941
-7.187248706817627
-8.078121185302734
-7.050445556640625
-6.694284915924072
-6.480030536651611
-7.040260314941406
-8.547139167785645
-6.9808349609375
-6.896787166595459
-5.919811248779297
-10.038457870483398
-7.234690189361572
-7.116043567657471
-6.938234806060791
-9.27701187133789
-7.238271713256836
-7.721097469329834
-6.858802795410156
-10.209394454956055
-5.888643741607666
-8.553753852844238
-7.0340352058410645
-6.334775924682617
-8.363348007202148
-7.214424133300781
-4.972214698791504
-7.1601104736328125
-7.974006175994873
-8.337348937988281
-7.325173377990723
-7.179836750030518
-7.032163619995117
-7.674748420715332
-8.900813102722168
-7.767881393432617
-7.930330276489258
-7.387474536895752
-7.46142578125
-7.942344665527344
-7.280273914337158
-6.183761119842529
-7.391481399536133
-8.449746131896973
-6.899599552154541
-8.163844108581543
-8.141830444335938
-7.17410945892334
-7.525740623474121
-7.739713191986084
-7.056920051574707
-8.307111740112305
-7.246034145355225
-6.255163192749023
-7.34358024597168
-8.842096328735352
-7.200117588043213
-6.114416122436523
-7.826332092285156
-7.651638984680176
-6.554651737213135
-8.17347526550293
-6.986242771148682
-8.57331371307373
-7.704758644104004
-7.96290397644043
-7.379608154296875
-8.550066947937012
-8.600196838378906
-7.451294422149658
-6.706737995147705
-8.178817749023438
-7.118091583251953
-7.307222843170166
-6.291555881500244
-7.136963844299316
-6.57873010635376
-6.743937969207764
-6.930296897888184
-8.066078186035156
-8.374069213867188
-6.364592552185059
-7.77341890335083
-7.741829872131348
-8.110481262207031
-7.985891342163086
-7.0856709480285645
-7.544331073760986
-8.584593772888184
-5.911294937133789
-8.617359161376953
-6.597855091094971
-7.960139274597168
-8.31898021697998
-7.862479209899902
-6.60428524017334
-7.346315383911133
-8.14980411529541
-8.483603477478027
-9.002374649047852
-7.52271842956543
-7.42807674407959
-7.417428016662598
-7.239823341369629
-6.854164123535156
-6.779490947723389
-7.704656600952148
-5.800142765045166
-5.390243053436279
-8.00245475769043
-6.229033470153809
-7.118094444274902
-6.826765060424805
-8.883246421813965
-8.070944786071777
-8.406665802001953
-8.884817123413086
-7.8920793533325195
-7.9142632484436035
-6.89622688293457
-6.550661087036133
-8.101977348327637
-7.987054824829102
-5.446322441101074
-7.6562347412109375
-7.924243927001953
-8.047353744506836
-6.640782356262207
-6.533405303955078
-6.867273330688477
-6.907471179962158
-8.393693923950195
-8.158499717712402
-5.777669429779053
-7.677430629730225
-8.677878379821777
-7.767451763153076
-6.369049072265625
-7.745996952056885
-7.827546119689941
-6.9102067947387695
-9.050352096557617
-6.670376300811768
-7.626502513885498
-7.195164680480957
-6.62563419342041
-6.613284111022949
-7.207885265350342
-8.095705032348633
-6.702362537384033
-8.04591178894043
-6.858514308929443
-6.891329765319824
-6.107117176055908
-6.454741954803467
-9.525735855102539
-5.050546646118164
-7.879480361938477
-6.19713020324707
-7.16802453994751
-11.512077331542969
-7.88889741897583
-8.315187454223633
-8.076122283935547
-7.750261306762695
-8.298325538635254
-6.278402805328369
-8.431105613708496
-7.3068366050720215
-6.090151786804199
-8.6487398147583
-7.979952812194824
-8.43329906463623
-6.476242542266846
-7.138318061828613
-6.494138717651367
-5.915579795837402
-7.97139310836792
-7.718210220336914
-6.566224098205566
-7.5709967613220215
-8.563909530639648
-6.900824069976807
-8.236715316772461
-7.153083801269531
-8.323182106018066
-8.481727600097656
-8.153353691101074
-7.274361610412598
-7.126662731170654
-6.4768171310424805
-7.554912567138672
-8.421034812927246
-7.522072792053223
-6.81735897064209
-7.79337215423584
-6.744194507598877
-5.853325366973877
-8.41969108581543
-8.476506233215332
-7.758796691894531
-6.585859298706055
-7.000616073608398
-5.474915981292725
-6.003486156463623
-7.8855695724487305
-6.389595031738281
-6.744894981384277
-8.310981750488281
-8.339871406555176
-6.909319877624512
-7.037055492401123
-5.989068031311035
-7.825623989105225
-7.299743175506592
-7.825183391571045
-7.955812454223633
-6.53228759765625
-8.429817199707031
-7.670873641967773
-7.749715328216553
-9.434247970581055
-6.67040491104126
-6.684930801391602
-8.901529312133789
-8.105340957641602
-6.635286808013916
-7.560963153839111
-7.842767715454102
-8.672865867614746
-6.0575385093688965
-7.300877571105957
-7.612895488739014
-5.136096954345703
-7.476569175720215
-8.34691333770752
-7.583793640136719
-7.760655879974365
-6.909281253814697
-6.777430534362793
-5.351233005523682
-7.883437156677246
-7.596584796905518
-9.067770957946777
-8.217920303344727
-6.976498603820801
-7.428176403045654
-7.4798808097839355
-6.847776412963867
-8.890544891357422
-7.356232643127441
-7.891263008117676
-7.770876407623291
-7.186082363128662
-6.929602146148682
-8.039948463439941
-7.993965148925781
-8.070253372192383
-7.790486812591553
-7.742945671081543
-6.9927778244018555
-6.125621318817139
-6.625056743621826
-7.357470512390137
-7.31252908706665
-7.009778022766113
-8.663473129272461
-6.482212066650391
-5.911848068237305
-6.737205505371094
-7.387126922607422
-7.0147905349731445
-8.81777286529541
-7.071937561035156
-8.062287330627441
-6.931972026824951
-7.0544233322143555
-7.8004069328308105
-8.493058204650879
-8.848259925842285
-7.885765552520752
-8.618111610412598
-7.738610744476318
-6.20898962020874
-8.594171524047852
-7.498233795166016
-8.449328422546387
-7.776324272155762
-9.034775733947754
-7.057903289794922
-7.172674655914307
-7.196377277374268
-8.183902740478516
-8.676952362060547
-7.17547607421875
-7.828573226928711
-7.434633255004883
-7.883438587188721
-7.662322044372559
-7.514280796051025
-7.950393199920654
-7.740215301513672
-5.696056365966797
-8.659260749816895
-8.444291114807129
-6.142119407653809
-8.145148277282715
-7.918635845184326
-7.885075569152832
-8.844171524047852
-7.8506011962890625
-6.959400177001953
-6.837033748626709
-7.609954357147217
-8.27588176727295
-8.881256103515625
-7.093407154083252
-6.623934268951416
-8.484783172607422
-8.522706985473633
-6.803662300109863
-7.356534004211426
-7.149412155151367
-7.013295650482178
-6.729659557342529
-8.299211502075195
-7.47781229019165
-8.513371467590332
-7.10858678817749
-6.834829807281494
-6.659955024719238
-8.264080047607422
-6.376147270202637
-6.63839864730835
-7.724939823150635
-7.063819408416748
-8.865856170654297
-8.001524925231934
-7.4788408279418945
-8.688117027282715
-7.89713191986084
-6.9333720207214355
-7.507641792297363
-8.222174644470215
-9.419443130493164
-7.37971830368042
-7.914297103881836
-7.497414588928223
-7.766911029815674
-7.4750237464904785
-6.79298210144043
-8.4871187210083
-7.190162658691406
-9.024494171142578
-6.796308994293213
-9.144234657287598
-6.600911617279053
-7.889250755310059
-6.928767204284668
-6.953029155731201
-8.611287117004395
-7.330733776092529
-7.188026428222656
-8.00936222076416
-7.8867974281311035
-7.639166831970215
-6.101898193359375
-7.85593843460083
-6.651686668395996
-9.719552993774414
-7.085094928741455
-7.645550727844238
-8.40391731262207
-6.695799350738525
-7.586601734161377
-8.598287582397461
-8.272270202636719
-7.925355434417725
-6.629062175750732
-6.499967575073242
-8.299056053161621
-6.0824456214904785
-5.861160755157471
-9.032804489135742
-7.46622896194458
-7.059809684753418
-9.598153114318848
-8.138293266296387
-7.554971694946289
-6.695502758026123
-7.577626705169678
-8.64123249053955
-7.574376106262207
-6.83111047744751
-6.317103385925293
-7.985981464385986
-6.529706954956055
-8.121177673339844
-6.718695163726807
-6.533808708190918
-7.263612270355225
-8.055253028869629
-7.6577887535095215
-6.399219989776611
-7.680529594421387
-7.305657863616943
-8.230549812316895
-6.259212493896484
-7.080183029174805
-7.647034168243408
-6.815566062927246
-8.611634254455566
-6.987710475921631
-7.080005645751953
-8.409465789794922
-8.40097427368164
-10.793493270874023
-8.202274322509766
-7.3128204345703125
-7.860517978668213
-8.666814804077148
-7.779463291168213
-9.053422927856445
-6.931375980377197
-8.130616188049316
-6.719290733337402
-8.759696960449219
-8.309008598327637
-7.46950101852417
-7.313011169433594
-7.6369948387146
-7.5668110847473145
-7.356748580932617
-6.413865089416504
-6.576791286468506
-7.682982444763184
-9.131622314453125
-8.677189826965332
-6.553354740142822
-6.314537048339844
-6.858642578125
-8.470501899719238
-8.56878662109375
-8.481773376464844
-9.095084190368652
-7.3936767578125
-8.14045524597168
-7.442054748535156
-8.930646896362305
-7.830636978149414
-8.819925308227539
-8.02297592163086
-7.398988723754883
-8.188366889953613
-7.388722896575928
-7.39240026473999
-6.84915828704834
-7.9710001945495605
-7.090818881988525
-7.070559501647949
-7.032353401184082
-8.113987922668457
-7.020183563232422
-7.213265895843506
-7.427082061767578
-8.593626022338867
-7.069718837738037
-7.5241498947143555
-6.542454719543457
-9.394538879394531
-6.553938865661621
-7.983242034912109
-8.198205947875977
-6.969602108001709
-8.691941261291504
-7.142612457275391
-7.341554164886475
-7.062074184417725
-8.877487182617188
-6.84542179107666
-8.324751853942871
-6.328103065490723
-7.832995891571045
-6.752798557281494
-8.161499977111816
-7.8949689865112305
-6.9792561531066895
-8.867606163024902
-7.3694868087768555
-8.714437484741211
-7.7705230712890625
-6.999820709228516
-7.551166534423828
-7.358600616455078
-4.979071140289307
-5.82480001449585
-9.74284839630127
-7.171247482299805
-6.797022819519043
-7.718452453613281
-7.133743762969971
-7.04802131652832
-5.333765029907227
-8.28792667388916
-5.930065631866455
-7.2607903480529785
-5.405917167663574
-6.368203639984131
-7.290268898010254
-7.652666091918945
-8.257684707641602
-8.327509880065918
-6.412330150604248
