2.631743907928467
2.818643093109131
2.487833023071289
2.0746283531188965
2.5258500576019287
2.339782238006592
2.3948776721954346
2.3244900703430176
2.0923590660095215
2.438917636871338
2.655930995941162
2.5301663875579834
2.435368061065674
2.586247205734253
2.4791221618652344
2.2599871158599854
2.3404011726379395
2.2406206130981445
2.0496301651000977
2.58583664894104
2.5394814014434814
2.403383493423462
2.8392395973205566
2.502138137817383
2.611711263656616
2.112013816833496
2.503034830093384
2.5816383361816406
2.5972044467926025
2.6201364994049072
2.563385009765625
2.56449556350708
2.1882567405700684
2.614351511001587
2.2573177814483643
2.5287137031555176
2.7726409435272217
2.996399402618408
2.3838164806365967
2.4260876178741455
2.6082348823547363
2.6702730655670166
2.3967833518981934
2.3899166584014893
2.3541998863220215
1.9648330211639404
2.662539482116699
2.455291748046875
2.815521717071533
2.453847885131836
2.2993600368499756
2.7171764373779297
2.657027006149292
2.5424563884735107
2.4897961616516113
2.711397647857666
2.6677463054656982
2.546015501022339
2.420799970626831
2.3620548248291016
2.6226840019226074
2.7787609100341797
2.960299253463745
2.17138934135437
2.777780771255493
2.54378604888916
2.5540101528167725
2.6711061000823975
2.5395236015319824
2.571621894836426
2.461202621459961
2.1059393882751465
2.6612565517425537
2.235293388366699
2.730320930480957
2.7004716396331787
2.6071672439575195
2.2182652950286865
2.6250059604644775
2.357553720474243
2.4174652099609375
2.592684507369995
2.420046806335449
2.1267926692962646
2.3362269401550293
2.1455304622650146
2.5136702060699463
2.094676971435547
2.6657052040100098
2.9602582454681396
2.232165575027466
2.613950490951538
2.686716318130493
2.615359306335449
2.40632963180542
2.792056083679199
2.3328583240509033
2.5898449420928955
2.1610114574432373
2.5437707901000977
2.5802431106567383
2.440882921218872
2.589048147201538
2.324690818786621
2.0995779037475586
2.322082996368408
2.0666940212249756
2.4619569778442383
2.5681896209716797
2.370293617248535
2.579909324645996
2.475465774536133
2.1217803955078125
2.710171937942505
2.234779119491577
2.4623281955718994
2.330596685409546
2.409109592437744
2.4751155376434326
2.6869094371795654
2.6266469955444336
2.421609878540039
2.5512335300445557
2.3243627548217773
2.493042230606079
2.6624765396118164
2.646868944168091
2.263916254043579
2.641357421875
2.7555108070373535
2.189239263534546
2.668376922607422
2.319304943084717
2.771028518676758
2.407735586166382
2.78184175491333
2.22776460647583
2.30405855178833
2.136570692062378
2.574357271194458
2.0902371406555176
3.03420352935791
1.9881597757339478
2.6354455947875977
2.557758092880249
2.386284828186035
2.4928195476531982
2.615321159362793
1.8515088558197021
2.643406867980957
2.398378372192383
2.3562605381011963
2.8229851722717285
2.354045867919922
2.606926918029785
2.3522753715515137
2.408108711242676
2.0407919883728027
2.56469988822937
2.6705002784729004
2.492126703262329
2.9222662448883057
2.2929234504699707
2.7979226112365723
2.845343589782715
2.650364637374878
2.2294440269470215
2.3415536880493164
2.527186632156372
2.082376003265381
2.585433006286621
2.1948606967926025
2.8623058795928955
2.445537567138672
2.3887181282043457
2.052147388458252
2.159759521484375
2.1172995567321777
2.182180404663086
2.312329053878784
2.1928136348724365
2.4345874786376953
2.682368278503418
1.8854200839996338
2.537919282913208
2.5579521656036377
2.472421884536743
2.366786479949951
2.9118356704711914
2.5615811347961426
2.2733397483825684
2.0704054832458496
2.378553628921509
2.290578842163086
2.699998378753662
2.2945544719696045
2.594283103942871
2.489932060241699
2.0383780002593994
2.4047865867614746
2.6065022945404053
2.4062116146087646
2.613003730773926
2.3192124366760254
2.7968289852142334
2.4888436794281006
3.0878822803497314
2.5592262744903564
1.9413686990737915
2.398592710494995
2.6320834159851074
2.970459461212158
2.531947612762451
2.563981056213379
2.4469456672668457
2.1610395908355713
2.6740264892578125
2.5704522132873535
2.650406837463379
1.9452028274536133
2.678731918334961
2.1673429012298584
2.5958781242370605
2.3145363330841064
2.392975091934204
2.6535868644714355
2.3646769523620605
2.5185654163360596
2.4301767349243164
2.8727848529815674
2.1990177631378174
1.9570932388305664
3.0353140830993652
2.142958164215088
2.3912510871887207
2.5401320457458496
2.531193494796753
2.291332960128784
2.2331390380859375
2.6607534885406494
2.467716693878174
2.530928611755371
2.5352070331573486
2.794888734817505
2.2212095260620117
2.5321314334869385
2.5015742778778076
2.6705424785614014
2.7640609741210938
2.277883768081665
2.5965187549591064
2.5135459899902344
2.3812057971954346
2.3684074878692627
2.932861804962158
2.26391863822937
2.4464175701141357
2.717191457748413
2.486013889312744
2.348625659942627
2.7131094932556152
2.6712913513183594
2.6158499717712402
2.457381010055542
2.7810988426208496
2.863842248916626
2.7257895469665527
2.261245012283325
2.4065325260162354
2.6161856651306152
2.2128026485443115
2.5730020999908447
2.148810863494873
2.571789503097534
2.554389238357544
2.5487985610961914
2.3733441829681396
2.427917003631592
2.1810221672058105
2.454291343688965
1.895143747329712
2.629762649536133
2.4054360389709473
2.637101173400879
1.9558371305465698
2.722264289855957
2.149306297302246
2.3288519382476807
2.396740674972534
2.462705373764038
1.9907145500183105
2.8619470596313477
2.288914680480957
2.3170042037963867
2.637255907058716
2.327648639678955
2.248825788497925
2.1209354400634766
2.672515392303467
3.02437424659729
2.9092819690704346
2.2970242500305176
2.3076605796813965
2.495957136154175
2.260932445526123
2.375696897506714
2.200481414794922
1.9681336879730225
2.2910683155059814
2.1212100982666016
2.1263835430145264
2.595691204071045
2.4650752544403076
2.4233713150024414
2.8285398483276367
2.8957226276397705
3.042076349258423
2.8283586502075195
2.314237594604492
2.143881320953369
2.605741262435913
2.2028443813323975
2.3657374382019043
2.2232000827789307
2.067563056945801
2.606721878051758
2.5271098613739014
2.0143661499023438
2.3429620265960693
2.1572980880737305
2.0736238956451416
2.178809404373169
2.6122055053710938
2.560418128967285
2.4410197734832764
2.3503570556640625
2.771491765975952
2.192596197128296
2.0372698307037354
1.8888462781906128
2.5276951789855957
2.6475307941436768
2.2887473106384277
2.1962738037109375
2.3850502967834473
2.5947959423065186
2.5818638801574707
2.4733870029449463
2.613475799560547
2.4372639656066895
2.4863171577453613
2.5296430587768555
2.5853824615478516
2.5717337131500244
2.5286777019500732
2.2553958892822266
1.9975491762161255
2.4158823490142822
2.259514331817627
2.5889174938201904
2.1113569736480713
2.5739471912384033
2.2414474487304688
2.4614336490631104
2.5794057846069336
2.6734960079193115
2.5895471572875977
2.5830063819885254
2.2490456104278564
2.2037911415100098
2.734147787094116
2.3432974815368652
2.9225196838378906
2.642049551010132
2.3599109649658203
2.6209540367126465
2.3979134559631348
2.712111234664917
2.5820693969726562
2.352938413619995
2.574004650115967
2.0054874420166016
2.234151840209961
2.593654155731201
2.3776192665100098
2.733490228652954
2.5636558532714844
2.308046340942383
2.4415740966796875
2.3402154445648193
2.6310079097747803
2.5265276432037354
2.4149153232574463
2.5540919303894043
2.4258463382720947
2.5538113117218018
2.233771800994873
2.6922690868377686
2.672945737838745
2.6076745986938477
2.4742517471313477
2.6462395191192627
2.488574981689453
2.464780807495117
2.7565269470214844
2.8319921493530273
2.546762704849243
2.724926471710205
2.58286452293396
2.3853087425231934
2.4254465103149414
2.583524703979492
2.476017475128174
2.5518405437469482
2.4869017601013184
2.5630741119384766
2.8633861541748047
2.6347737312316895
2.8785064220428467
2.502415180206299
2.7900359630584717
2.9662773609161377
2.7859280109405518
2.4078900814056396
2.3036983013153076
2.501307964324951
2.4235002994537354
2.340494394302368
2.5799624919891357
2.6681227684020996
2.3288261890411377
1.845391035079956
2.2213242053985596
2.2531163692474365
2.1741888523101807
2.8644461631774902
2.303302049636841
2.681239366531372
2.7325167655944824
2.660931348800659
2.658236026763916
2.49434494972229
2.7092437744140625
2.4937496185302734
2.0269439220428467
2.462707042694092
2.4702954292297363
2.370274305343628
2.16615891456604
2.15694522857666
2.1902523040771484
2.51143741607666
2.718271493911743
2.485515832901001
2.484740972518921
2.456547737121582
2.4615399837493896
1.990455985069275
2.3411624431610107
2.259432792663574
2.4695677757263184
2.445035934448242
2.2778446674346924
2.3545665740966797
1.9564440250396729
2.6420772075653076
2.4380836486816406
2.533923625946045
2.9671630859375
2.2618985176086426
2.174229621887207
2.4743621349334717
2.1473278999328613
2.908374786376953
2.7749273777008057
1.8497132062911987
2.4190456867218018
2.3945796489715576
2.290924549102783
2.049877166748047
2.657151222229004
2.361802816390991
2.7439699172973633
1.864630103111267
2.361494779586792
2.300950050354004
2.318657159805298
2.79348087310791
3.3519480228424072
2.4282493591308594
2.619237184524536
2.456355571746826
2.1748669147491455
2.5729122161865234
2.6725966930389404
2.8547327518463135
2.3875343799591064
2.8144662380218506
2.5053794384002686
2.394286632537842
2.755157709121704
2.3845207691192627
2.1063449382781982
2.350370168685913
2.8045129776000977
2.346930503845215
2.4341578483581543
2.5971713066101074
2.661775827407837
2.384538173675537
2.205880641937256
2.3373756408691406
2.4096949100494385
2.3505783081054688
2.7645034790039062
2.855621814727783
2.539719581604004
2.852102279663086
2.3803746700286865
2.4479498863220215
2.4346673488616943
2.3277416229248047
2.3218002319335938
2.669790267944336
2.323218822479248
2.5948119163513184
1.8712284564971924
2.3485658168792725
2.1556358337402344
2.1076080799102783
2.397859811782837
2.785675287246704
2.8617632389068604
2.9074931144714355
2.515717029571533
2.3000130653381348
2.033635377883911
2.4638071060180664
2.513369560241699
2.4592621326446533
2.573181629180908
2.133207082748413
2.4464938640594482
1.7750115394592285
2.57570481300354
2.75075626373291
2.3009033203125
2.126594305038452
2.976317882537842
2.6366543769836426
2.7224643230438232
2.506671905517578
2.4864776134490967
2.314544677734375
2.6248419284820557
2.494886875152588
2.399775743484497
2.6953325271606445
2.3580610752105713
2.5933003425598145
2.295384645462036
2.519031047821045
2.7880711555480957
2.358046054840088
2.4057648181915283
2.118328332901001
2.1475648880004883
2.607880115509033
2.170031785964966
2.2079193592071533
1.675632357597351
2.6246325969696045
2.392058849334717
2.733888864517212
2.0910210609436035
2.2863821983337402
2.7019355297088623
2.499830961227417
2.687669038772583
2.570711374282837
2.717480182647705
2.1365349292755127
2.254554510116577
2.2420859336853027
2.5357909202575684
2.0671274662017822
2.1692047119140625
2.6161487102508545
2.806159496307373
2.1716666221618652
2.630953311920166
2.4290060997009277
2.5324275493621826
2.861692190170288
2.1796071529388428
2.3943371772766113
2.431469440460205
2.3116815090179443
2.449169874191284
2.2227466106414795
2.424301862716675
1.7402055263519287
2.6358323097229004
2.311107873916626
2.841381549835205
2.7740519046783447
2.809174060821533
2.775683879852295
2.391461133956909
2.4960618019104004
2.169142007827759
2.6819968223571777
2.2391059398651123
2.4111616611480713
2.1427690982818604
2.5514142513275146
2.02614688873291
2.5371196269989014
2.6199564933776855
2.3325302600860596
2.296259641647339
2.3115806579589844
2.655219316482544
2.374267339706421
2.7825472354888916
1.7897552251815796
2.7272279262542725
2.1281213760375977
2.820633888244629
2.8929433822631836
2.3033411502838135
2.690488815307617
2.1595730781555176
2.5888984203338623
2.0103862285614014
2.227814197540283
2.5767815113067627
2.2967286109924316
2.601605176925659
1.9727606773376465
2.4776105880737305
2.7807247638702393
2.363926887512207
2.3201141357421875
2.5959713459014893
2.1119000911712646
2.2251272201538086
2.623819589614868
2.460479736328125
2.76324725151062
2.499694347381592
2.574618101119995
2.65866756439209
2.6178927421569824
2.6068036556243896
2.6103622913360596
2.8471102714538574
2.3460988998413086
2.4184730052948
2.153923273086548
2.513047695159912
2.5317461490631104
2.2831788063049316
2.867997646331787
2.504488229751587
2.697946310043335
1.9448388814926147
2.80082631111145
2.6671271324157715
2.397677183151245
2.6509711742401123
2.456132411956787
2.7613227367401123
2.330471992492676
2.513174533843994
2.7907495498657227
1.9118276834487915
2.654597520828247
2.0050365924835205
2.8297808170318604
2.476423501968384
2.376391649246216
2.76155686378479
2.5165271759033203
2.8090224266052246
2.838125467300415
2.401399612426758
2.3947207927703857
2.4824423789978027
2.2332510948181152
2.6285202503204346
2.4899966716766357
2.7160420417785645
2.162580728530884
2.049773931503296
2.5755386352539062
2.2121422290802
2.5760507583618164
2.9028656482696533
2.393599510192871
2.4553256034851074
2.082172155380249
2.2077817916870117
2.2509522438049316
2.808969497680664
2.045698881149292
2.9556493759155273
2.6545064449310303
2.684746265411377
2.441831111907959
2.5752573013305664
2.678807497024536
2.9322776794433594
2.524352550506592
2.661105155944824
2.568207263946533
2.522111177444458
1.77615487575531
2.422124147415161
1.9679574966430664
2.290663719177246
2.017679452896118
2.495661735534668
2.745689630508423
2.676522731781006
2.601576089859009
2.5669267177581787
2.1220037937164307
2.690171480178833
2.384371042251587
2.8356802463531494
2.512244701385498
2.7539913654327393
2.343975782394409
1.989200234413147
2.4336071014404297
2.5853848457336426
2.5384840965270996
2.709249496459961
2.7389256954193115
2.5947365760803223
2.5236895084381104
2.2071189880371094
2.428623914718628
2.4517762660980225
2.5927200317382812
2.5302469730377197
2.5227108001708984
2.52677845954895
1.9369683265686035
2.5521843433380127
2.8417484760284424
2.11814546585083
2.4392306804656982
2.705202579498291
2.570589780807495
2.3391716480255127
2.2534751892089844
2.0943069458007812
2.580050230026245
2.3713157176971436
2.7651243209838867
2.423370122909546
2.5949268341064453
2.0176243782043457
2.5655276775360107
2.5722415447235107
2.5797059535980225
2.6021149158477783
2.811692714691162
2.42391037940979
2.4271881580352783
2.653653383255005
2.315701484680176
2.801204204559326
2.5848522186279297
2.59211802482605
2.327244520187378
2.237671375274658
2.133532762527466
2.193664073944092
2.5316669940948486
2.1406991481781006
3.0088183879852295
2.3858697414398193
2.3570752143859863
2.3260154724121094
2.5467100143432617
2.3934531211853027
2.439225435256958
2.3824353218078613
2.774550199508667
2.646491527557373
2.3793210983276367
1.989505648612976
2.4036128520965576
2.3576433658599854
1.9102835655212402
2.418797254562378
2.203298330307007
2.2663228511810303
2.3014891147613525
2.2500057220458984
2.2318038940429688
2.629220485687256
3.2005956172943115
2.1800599098205566
2.3857879638671875
2.421685218811035
2.7620255947113037
2.5599069595336914
2.1217949390411377
2.669022798538208
2.831864356994629
2.4986624717712402
2.428123950958252
2.6030871868133545
2.6507763862609863
2.7934906482696533
2.5046606063842773
2.7042975425720215
2.416001081466675
2.8361692428588867
2.4131577014923096
2.0306897163391113
2.4986038208007812
2.4494903087615967
2.7952280044555664
2.568544387817383
2.555292844772339
2.7309422492980957
2.4422178268432617
2.37302827835083
2.3040621280670166
2.7550292015075684
2.6396255493164062
2.326272487640381
2.3553690910339355
2.443152904510498
2.5108444690704346
2.7784552574157715
2.698056936264038
2.346968412399292
2.631288766860962
2.514949321746826
2.7442731857299805
2.0036256313323975
2.52309513092041
2.638634204864502
2.839797019958496
2.700010061264038
2.65049147605896
2.940946340560913
2.424360513687134
2.5581963062286377
2.738168239593506
1.8559422492980957
2.6805193424224854
2.434633731842041
2.307237148284912
2.362522840499878
2.708300828933716
2.6309077739715576
2.6645641326904297
2.627255439758301
2.5138227939605713
2.789903402328491
2.2179040908813477
2.4009077548980713
2.4345879554748535
2.5443835258483887
2.3769261837005615
2.771317720413208
2.2205212116241455
1.9173996448516846
1.9352607727050781
2.6130263805389404
2.5338447093963623
2.1979799270629883
2.3108272552490234
2.4017648696899414
2.5709292888641357
2.2544689178466797
2.8241798877716064
2.962876558303833
2.6910645961761475
2.424952507019043
2.3120760917663574
2.3366801738739014
2.5979113578796387
2.6512451171875
2.212317943572998
2.2474513053894043
2.541224241256714
2.2197084426879883
2.8135533332824707
2.7368836402893066
2.210754632949829
2.562680721282959
2.4260506629943848
2.271007537841797
2.2845101356506348
2.283637285232544
2.498605966567993
2.42218279838562
2.5062406063079834
2.9621899127960205
2.1708433628082275
2.89038348197937
2.0844979286193848
2.4753646850585938
2.8204104900360107
2.6708929538726807
2.197796106338501
2.748466968536377
2.423314094543457
1.943045735359192
2.448911428451538
2.6075599193573
2.1931509971618652
2.5531692504882812
2.7841687202453613
2.586130380630493
2.212146282196045
2.565486431121826
2.6242587566375732
2.4510996341705322
2.4716055393218994
2.5891571044921875
2.242201566696167
2.3001744747161865
2.3939876556396484
2.141085624694824
2.6708526611328125
2.803302049636841
2.3236024379730225
2.4469285011291504
2.605635404586792
2.6348490715026855
2.093514919281006
2.533376693725586
2.581390857696533
2.5594022274017334
2.4265902042388916
2.5251710414886475
2.629477024078369
2.106459140777588
2.6151061058044434
2.7469992637634277
2.460559368133545
2.294452428817749
2.639096975326538
2.6819005012512207
2.84932541847229
2.8533272743225098
2.106091260910034
2.1289408206939697
2.228968858718872
2.407762050628662
2.3045098781585693
2.4852912425994873
1.8985718488693237
2.388018846511841
2.756352663040161
2.7578623294830322
2.179013729095459
2.389333963394165
2.3314239978790283
2.594881296157837
2.4221696853637695
2.6228420734405518
2.539736747741699
2.777343511581421
2.7398979663848877
2.345907688140869
2.087303876876831
2.120624542236328
2.0665996074676514
2.599109172821045
2.639314889907837
2.561960220336914
2.358975887298584
2.511021137237549
2.0298681259155273
2.645862340927124
2.220595121383667
2.6369361877441406
2.5361154079437256
2.0903472900390625
2.422746419906616
2.364783525466919
2.5790107250213623
2.277790069580078
2.6922354698181152
2.2990171909332275
2.7610745429992676
2.7082345485687256
2.6129438877105713
2.4409608840942383
2.5648372173309326
2.3742265701293945
2.4013352394104004
2.850087881088257
2.346034049987793
2.1975576877593994
2.1354987621307373
2.5749595165252686
2.7330524921417236
1.9347976446151733
2.6801395416259766
2.2896227836608887
2.0448429584503174
2.3174221515655518
2.6500113010406494
2.6062169075012207
2.4871647357940674
2.0207629203796387
2.4729223251342773
2.3711390495300293
2.631201982498169
2.020583391189575
2.3188395500183105
2.6337368488311768
2.679797887802124
2.023867607116699
2.5445921421051025
2.5190298557281494
2.4030685424804688
2.6341984272003174
2.195267677307129
2.7535183429718018
2.2744674682617188
2.4813215732574463
2.29447078704834
2.576910972595215
2.207348346710205
2.869629383087158
2.5393059253692627
2.658970355987549
2.463249444961548
2.1846439838409424
2.6006336212158203
2.3480231761932373
2.6860663890838623
2.527655839920044
2.5675830841064453
2.8702943325042725
2.3344664573669434
2.6610140800476074
2.8671936988830566
2.7446813583374023
2.4863064289093018
2.626567840576172
2.541005849838257
2.581026792526245
2.4122824668884277
2.4598307609558105
2.139086961746216
2.15671968460083
2.3189146518707275
2.087210178375244
2.5389585494995117
2.3023459911346436
2.70627498626709
2.72912859916687
2.6083695888519287
2.766110420227051
2.1496994495391846
1.958695650100708
2.2296907901763916
2.5451407432556152
2.780088424682617
2.7393438816070557
2.234023094177246
2.9022393226623535
2.4683828353881836
2.781264066696167
2.668689012527466
2.5687313079833984
2.7144763469696045
2.4046690464019775
2.6858456134796143
2.2670254707336426
2.5443553924560547
2.1954386234283447
1.9374788999557495
2.472320079803467
2.5750255584716797
2.6269402503967285
2.6133053302764893
2.472102403640747
2.570716381072998
2.342052936553955
1.7206737995147705
2.3933589458465576
2.592529058456421
2.4559803009033203
2.3322842121124268
2.6688060760498047
2.3481712341308594
2.598480224609375
2.8760483264923096
2.0171587467193604
2.3440616130828857
2.6057183742523193
2.1124093532562256
2.7560670375823975
2.372239828109741
2.388427734375
2.49037766456604
1.8589131832122803
2.086718797683716
2.7116587162017822
2.627467393875122
2.103757858276367
2.6038548946380615
2.434581756591797
2.637637138366699
2.7690582275390625
2.518026113510132
2.2737772464752197
2.2937171459198
2.421344757080078
2.4052200317382812
2.6039891242980957
2.1803197860717773
2.756300210952759
2.438502788543701
2.5886292457580566
1.9379106760025024
2.3268938064575195
2.3020315170288086
2.4237661361694336
2.526336193084717
2.5699825286865234
2.0456855297088623
2.2682666778564453
2.6102819442749023
2.566295862197876
2.425276041030884
2.6219749450683594
2.588325023651123
2.354201555252075
2.147490978240967
2.2742199897766113
2.6481635570526123
2.620811700820923
2.535743474960327
2.6795949935913086
2.175957679748535
1.9334789514541626
2.650761127471924
2.464991807937622
2.0315115451812744
2.137493848800659
2.4118478298187256
2.6878504753112793
2.925145149230957
2.688150644302368
2.2319188117980957
2.3168718814849854
2.152329444885254
2.3985958099365234
2.5416131019592285
2.1289467811584473
2.3289575576782227
1.898727536201477
2.2824294567108154
3.0233302116394043
2.5512752532958984
2.7663166522979736
2.6755943298339844
2.6672353744506836
2.0542569160461426
2.4198241233825684
2.810724973678589
2.365017890930176
2.1997878551483154
2.6315276622772217
2.476202964782715
2.5886662006378174
2.234464645385742
2.744591236114502
2.082439422607422
2.7913777828216553
2.4253041744232178
2.637073516845703
2.2631657123565674
2.3219258785247803
2.197767972946167
2.0189366340637207
2.6980228424072266
2.3592681884765625
2.690451145172119
1.7434794902801514
2.593961000442505
2.4905898571014404
2.446662425994873
2.361124277114868
2.2367396354675293
2.3769638538360596
2.0566177368164062
2.6262705326080322
2.3695623874664307
2.4369518756866455
2.3682267665863037
2.6218440532684326
2.6209769248962402
2.9031808376312256
2.1604831218719482
2.9284145832061768
2.608501434326172
2.148890256881714
2.706977128982544
1.9256755113601685
2.2194042205810547
2.7779388427734375
2.4337174892425537
2.2919604778289795
2.6504509449005127
2.2765917778015137
2.220285654067993
2.263688564300537
2.3053581714630127
2.1903371810913086
2.4389491081237793
2.73942494392395
2.381704330444336
2.866973638534546
1.8927215337753296
2.678950309753418
2.350933074951172
2.5018413066864014
2.628288745880127
2.258472442626953
2.5543575286865234
2.803438663482666
2.532421350479126
2.126476764678955
2.4182093143463135
2.664795160293579
2.532163381576538
2.3948874473571777
2.5726733207702637
2.4291036128997803
2.108832597732544
2.659799098968506
2.316380500793457
2.478666067123413
2.0863771438598633
1.7910135984420776
2.443023681640625
2.3618907928466797
2.194005250930786
2.0138964653015137
2.5071558952331543
2.428682565689087
2.0207483768463135
2.4206717014312744
2.6300995349884033
2.0984857082366943
2.4188733100891113
1.795893907546997
2.5089313983917236
2.5127463340759277
2.7117934226989746
2.319218873977661
2.352384328842163
1.9392832517623901
2.6624457836151123
2.63043475151062
2.4282119274139404
2.636219024658203
2.7060627937316895
2.3423991203308105
2.3167645931243896
2.6849048137664795
2.6219356060028076
2.475188970565796
2.6166136264801025
