-2.648824453353882
-3.1348512172698975
-2.2905588150024414
-1.6194863319396973
-2.371304750442505
-2.061591863632202
-2.1073148250579834
-2.1129274368286133
-1.6045085191726685
-2.233816623687744
-2.7540926933288574
-2.4369688034057617
-2.144643545150757
-2.631101131439209
-2.455345630645752
-1.9066778421401978
-2.0717132091522217
-1.9520336389541626
-1.6125925779342651
-2.649369478225708
-2.3861372470855713
-2.2898919582366943
-3.033984422683716
-2.526134967803955
-2.7646002769470215
-1.8536715507507324
-2.532153606414795
-2.715428113937378
-2.487571954727173
-2.583972930908203
-2.6280970573425293
-2.5030570030212402
-1.782693862915039
-2.8921775817871094
-1.9294991493225098
-2.672109365463257
-2.7581684589385986
-3.646751642227173
-2.296715021133423
-2.241241455078125
-2.7517964839935303
-2.727354049682617
-2.0293776988983154
-2.140136480331421
-2.1739466190338135
-1.6025441884994507
-2.8552451133728027
-2.460520029067993
-3.0401337146759033
-2.4213671684265137
-1.841911792755127
-2.9461052417755127
-2.854626417160034
-2.5261454582214355
-2.4675750732421875
-2.756007194519043
-2.6629722118377686
-2.383669137954712
-2.076523542404175
-2.318540096282959
-2.5547239780426025
-3.2203259468078613
-3.252063035964966
-1.6516598463058472
-3.0679728984832764
-2.4908478260040283
-2.4673709869384766
-2.9517221450805664
-2.7063183784484863
-2.7105588912963867
-2.7027463912963867
-1.6071033477783203
-2.660431146621704
-1.9357049465179443
-2.8545210361480713
-2.776792287826538
-2.5986101627349854
-2.0658981800079346
-2.7236154079437256
-2.0247433185577393
-2.096379518508911
-2.9472978115081787
-2.1046206951141357
-1.5493165254592896
-2.134026527404785
-1.6557841300964355
-2.4393692016601562
-1.7118923664093018
-2.7418692111968994
-3.4141366481781006
-1.7980906963348389
-2.800245523452759
-2.8954098224639893
-2.7212700843811035
-2.1163437366485596
-3.2234954833984375
-2.3949899673461914
-2.466165065765381
-1.7114014625549316
-3.4173786640167236
-2.572265148162842
-2.332345962524414
-2.552449941635132
-1.9394545555114746
-1.540504813194275
-2.18491530418396
-1.5178667306900024
-2.467336654663086
-2.623967170715332
-2.1486363410949707
-2.490305185317993
-2.1616880893707275
-1.6346724033355713
-2.8390848636627197
-1.9289071559906006
-2.3910131454467773
-1.9270803928375244
-2.2433090209960938
-2.4245195388793945
-2.8165857791900635
-2.7279345989227295
-2.1468334197998047
-2.4368393421173096
-1.975939154624939
-2.468657970428467
-2.917231321334839
-4.575923919677734
-2.080052375793457
-2.87286114692688
-3.1391489505767822
-1.71748685836792
-2.8783490657806396
-1.9443809986114502
-2.9223289489746094
-2.5320515632629395
-3.131882429122925
-1.7911627292633057
-2.085087776184082
-1.8641215562820435
-2.696559429168701
-1.6972769498825073
-3.69980525970459
-1.540762186050415
-2.8827202320098877
-2.463780403137207
-2.1370396614074707
-2.3345353603363037
-2.652378559112549
-1.5360236167907715
-2.8627214431762695
-2.081765651702881
-2.1753621101379395
-3.2749462127685547
-2.154179096221924
-2.7402148246765137
-2.2022204399108887
-2.1220226287841797
-1.6724437475204468
-2.3608968257904053
-2.8461475372314453
-2.271962881088257
-3.220639228820801
-2.0632753372192383
-3.0635454654693604
-3.2047550678253174
-2.794001340866089
-1.9541754722595215
-2.1100428104400635
-2.602771043777466
-1.6374338865280151
-2.6874449253082275
-1.6670253276824951
-3.0975801944732666
-2.2182278633117676
-2.206775426864624
-1.487359642982483
-1.7048414945602417
-1.5588704347610474
-1.7314907312393188
-2.0747129917144775
-1.7466278076171875
-2.259469509124756
-3.035080909729004
-1.2282905578613281
-2.4472873210906982
-2.6529927253723145
-2.3434441089630127
-2.0024254322052
-3.45943546295166
-2.399467945098877
-2.020714282989502
-1.5946904420852661
-2.0579304695129395
-1.8669390678405762
-2.7863762378692627
-1.7149741649627686
-2.5489585399627686
-2.344320058822632
-1.448097825050354
-2.134153366088867
-2.556428909301758
-2.315351724624634
-2.5931944847106934
-2.0709712505340576
-2.944873094558716
-2.6354525089263916
-3.8255701065063477
-2.4136157035827637
-1.4617856740951538
-2.2710275650024414
-2.9863884449005127
-3.448425531387329
-2.430210590362549
-2.6791739463806152
-2.3374037742614746
-1.6735122203826904
-2.7889022827148438
-2.5697505474090576
-2.6767196655273438
-1.4211760759353638
-3.006028175354004
-1.7279223203659058
-2.541565179824829
-1.8915235996246338
-2.3345260620117188
-2.722111225128174
-1.9920710325241089
-2.3625779151916504
-2.586056709289551
-3.1254611015319824
-1.7948839664459229
-1.5800615549087524
-3.1847753524780273
-1.5651167631149292
-2.1377382278442383
-2.4944891929626465
-2.327969789505005
-1.9375979900360107
-1.761594295501709
-2.8569412231445312
-2.486971378326416
-2.566453456878662
-2.4924206733703613
-3.2579360008239746
-1.837471604347229
-2.3702523708343506
-2.5835955142974854
-2.683370351791382
-2.978227138519287
-1.985805630683899
-2.616013765335083
-2.6932411193847656
-2.290635108947754
-2.0688884258270264
-3.526510000228882
-2.001329183578491
-2.2694268226623535
-2.940112352371216
-2.2704570293426514
-2.077166795730591
-2.917318105697632
-2.7718234062194824
-2.780285358428955
-2.430436849594116
-3.100661039352417
-3.189833402633667
-3.0041086673736572
-1.9873440265655518
-2.288433074951172
-2.6475043296813965
-1.7373753786087036
-2.4357717037200928
-1.8296915292739868
-2.596619129180908
-2.4691195487976074
-2.6014654636383057
-2.1798791885375977
-2.277989625930786
-1.89425790309906
-2.106628894805908
-1.3858625888824463
-2.6340157985687256
-2.057889699935913
-2.7219431400299072
-1.413266897201538
-3.2013344764709473
-1.7013472318649292
-2.0016913414001465
-2.219532012939453
-2.194776773452759
-1.292190432548523
-3.2273900508880615
-2.025299310684204
-1.9413241147994995
-2.9193084239959717
-1.9962011575698853
-1.8165483474731445
-1.649423599243164
-2.8653268814086914
-3.2212107181549072
-3.4569520950317383
-2.0416548252105713
-1.9636914730072021
-2.379913330078125
-1.7613953351974487
-2.047646999359131
-1.779527187347412
-1.5208141803741455
-2.039355516433716
-1.6899608373641968
-1.839005708694458
-2.6408803462982178
-2.4397473335266113
-2.343064069747925
-3.217607259750366
-3.3143563270568848
-3.6398866176605225
-3.0028820037841797
-1.9951231479644775
-1.7015641927719116
-2.850313663482666
-1.6830899715423584
-2.045510768890381
-1.7282922267913818
-1.6092092990875244
-2.6951167583465576
-2.3793084621429443
-1.506411075592041
-2.0958988666534424
-1.7111183404922485
-1.4873512983322144
-1.707582950592041
-2.7382078170776367
-2.4848473072052
-2.326596975326538
-2.2056260108947754
-3.0618205070495605
-1.7995461225509644
-1.5362221002578735
-1.376125693321228
-2.4782233238220215
-2.6259005069732666
-1.978044033050537
-1.7476043701171875
-2.228477716445923
-2.654858350753784
-2.4254350662231445
-2.3552298545837402
-2.6746878623962402
-2.3683621883392334
-2.4125070571899414
-2.4037692546844482
-2.648704767227173
-2.5644443035125732
-2.456697702407837
-1.8959546089172363
-1.5474379062652588
-2.573838472366333
-1.9056148529052734
-2.5206375122070312
-1.6601536273956299
-2.733661651611328
-1.9255934953689575
-2.390256404876709
-2.5679709911346436
-2.7348902225494385
-2.771265745162964
-2.587494373321533
-1.8775092363357544
-1.6817132234573364
-3.103276014328003
-1.8976835012435913
-3.2848525047302246
-2.8462541103363037
-2.2373950481414795
-2.619124174118042
-2.1042184829711914
-3.0176327228546143
-2.5931899547576904
-2.2145235538482666
-2.6720588207244873
-1.3940680027008057
-1.8059356212615967
-2.5545172691345215
-2.2046737670898438
-2.789409637451172
-2.6417922973632812
-2.145944356918335
-2.191072463989258
-2.0940990447998047
-2.908073902130127
-2.5608596801757812
-2.1463406085968018
-2.447499990463257
-2.3257322311401367
-2.56514573097229
-1.8099393844604492
-2.6929404735565186
-3.0328893661499023
-2.6397452354431152
-2.418473482131958
-2.7182910442352295
-2.4871413707733154
-2.370543956756592
-3.088294267654419
-3.3131532669067383
-2.502403497695923
-3.3559513092041016
-2.588749647140503
-2.1657309532165527
-2.1268579959869385
-2.7003748416900635
-2.2737109661102295
-2.4272897243499756
-2.3228743076324463
-2.583465576171875
-3.022722005844116
-2.7401833534240723
-3.092456579208374
-2.5205938816070557
-3.1502251625061035
-3.43898868560791
-3.042949676513672
-2.2172157764434814
-2.026240110397339
-2.5638437271118164
-2.3517377376556396
-1.9940768480300903
-2.4354939460754395
-2.7546045780181885
-2.0141520500183105
-1.2820550203323364
-1.741821527481079
-1.9090285301208496
-1.8439289331436157
-3.172536849975586
-2.112370491027832
-2.847468137741089
-2.9356751441955566
-2.719482898712158
-3.0307934284210205
-2.2596113681793213
-3.0202407836914062
-2.4761528968811035
-1.4723039865493774
-2.3158602714538574
-2.5327792167663574
-2.001866340637207
-1.6357972621917725
-1.6587927341461182
-1.856512427330017
-2.2850685119628906
-2.8333539962768555
-2.1984527111053467
-2.411020517349243
-2.379148244857788
-2.4535670280456543
-1.4915000200271606
-2.2403626441955566
-1.859617829322815
-2.30393123626709
-2.3518786430358887
-1.9206279516220093
-2.127209424972534
-1.3332536220550537
-2.726206064224243
-2.4429516792297363
-2.2692673206329346
-3.817361354827881
-1.866295576095581
-1.7233940362930298
-2.2765634059906006
-1.7188242673873901
-3.25925612449646
-3.1023151874542236
-1.3197849988937378
-2.283869743347168
-2.2793197631835938
-1.9183140993118286
-1.5616540908813477
-2.4568655490875244
-2.2089130878448486
-3.230222702026367
-1.361167073249817
-2.1957106590270996
-2.2359890937805176
-1.8583208322525024
-3.023531675338745
-4.6404547691345215
-2.271122455596924
-2.6850953102111816
-2.5462098121643066
-1.7255181074142456
-2.6231577396392822
-2.9398505687713623
-3.0798425674438477
-2.079101085662842
-3.3399198055267334
-2.308110237121582
-2.1949119567871094
-3.0233943462371826
-2.189946413040161
-1.5774446725845337
-2.06880259513855
-2.878648042678833
-2.166468858718872
-2.275101661682129
-2.5372390747070312
-2.7851498126983643
-2.2579400539398193
-2.0014429092407227
-1.9883618354797363
-2.3902599811553955
-2.143209934234619
-3.0587050914764404
-3.3685860633850098
-2.6461021900177
-3.301966905593872
-2.144645929336548
-2.215986490249634
-2.287729501724243
-2.1565070152282715
-2.063234329223633
-2.9999845027923584
-2.013531446456909
-2.6383397579193115
-1.2263261079788208
-2.4940145015716553
-1.680803894996643
-1.6060177087783813
-2.274508237838745
-2.8162193298339844
-3.269939661026001
-3.5676560401916504
-2.643037796020508
-2.0152454376220703
-1.566409945487976
-2.5522525310516357
-2.352611780166626
-2.3621201515197754
-2.336371660232544
-1.6970387697219849
-2.349534511566162
-1.1653817892074585
-2.4918746948242188
-2.9289424419403076
-1.970309853553772
-1.759832501411438
-3.3913779258728027
-2.7007007598876953
-3.059699535369873
-2.466444492340088
-2.082911968231201
-2.037748098373413
-2.864079713821411
-2.315913438796997
-2.506470203399658
-2.9743151664733887
-2.0278446674346924
-2.706465721130371
-2.2790958881378174
-2.5237197875976562
-3.182279109954834
-2.1935484409332275
-2.0711772441864014
-1.808542251586914
-1.4510215520858765
-2.833920478820801
-1.7201685905456543
-1.8661662340164185
-1.0059698820114136
-3.1243984699249268
-2.2981855869293213
-3.0428597927093506
-1.7344794273376465
-1.874345302581787
-3.004593849182129
-2.313164234161377
-2.8763866424560547
-2.472352981567383
-2.8323702812194824
-1.6666542291641235
-2.1454930305480957
-1.746527075767517
-2.434783458709717
-1.6744089126586914
-1.5971890687942505
-2.4873673915863037
-2.984180450439453
-1.7803840637207031
-2.9086122512817383
-2.7218596935272217
-2.5136559009552
-3.268428325653076
-1.8742245435714722
-2.0583655834198
-2.387946844100952
-1.9809374809265137
-2.320176124572754
-1.8652164936065674
-2.231156349182129
-0.9850035905838013
-2.7029123306274414
-2.078620672225952
-3.183372974395752
-2.940721273422241
-3.154566764831543
-3.205857276916504
-2.126108169555664
-2.3591527938842773
-1.727569818496704
-3.106079339981079
-1.9018096923828125
-2.158092737197876
-1.693757176399231
-2.7099034786224365
-1.387986660003662
-2.526827096939087
-2.818474769592285
-1.9534715414047241
-2.0243606567382812
-2.0892322063446045
-2.483008861541748
-2.0033953189849854
-2.8369131088256836
-1.0872873067855835
-3.005833864212036
-1.591788649559021
-3.242051839828491
-3.444183349609375
-1.883310317993164
-2.950702667236328
-1.7458919286727905
-2.7655346393585205
-1.5688263177871704
-1.7978906631469727
-2.605323314666748
-1.9485507011413574
-2.51761531829834
-1.4128891229629517
-2.3579344749450684
-2.84228777885437
-2.1115965843200684
-2.0740206241607666
-2.574523687362671
-1.6493693590164185
-1.930136799812317
-2.5146312713623047
-2.2599148750305176
-2.8001856803894043
-2.5128724575042725
-2.550316333770752
-2.815885305404663
-2.6776657104492188
-2.8256006240844727
-2.8335044384002686
-2.9988515377044678
-1.9301034212112427
-2.2792792320251465
-1.7586991786956787
-2.4327356815338135
-2.553248643875122
-2.0221033096313477
-2.9793035984039307
-2.4712958335876465
-2.852036476135254
-1.4843878746032715
-3.108269691467285
-2.585630178451538
-2.1054656505584717
-2.742969512939453
-2.184831142425537
-3.096125841140747
-1.884116768836975
-2.5360751152038574
-3.032233238220215
-1.296401023864746
-2.9311892986297607
-1.3111108541488647
-3.426020383834839
-2.3570640087127686
-1.9983829259872437
-3.1321046352386475
-2.603409767150879
-3.147937297821045
-3.2374157905578613
-2.329620838165283
-2.244658946990967
-2.4623661041259766
-1.835739254951477
-2.669572591781616
-2.1799182891845703
-2.7507548332214355
-1.8841023445129395
-1.4735826253890991
-2.9381062984466553
-1.799718976020813
-2.5467543601989746
-3.412510395050049
-2.104670286178589
-2.404146909713745
-1.671563744544983
-1.8385919332504272
-1.789767861366272
-3.3034441471099854
-1.6662720441818237
-3.5554049015045166
-3.0523130893707275
-2.9380853176116943
-2.1758525371551514
-3.0329904556274414
-2.8758020401000977
-3.3467445373535156
-2.4871387481689453
-3.0410375595092773
-2.6952970027923584
-2.495047092437744
-1.0894023180007935
-2.255289077758789
-1.4765701293945312
-1.9393320083618164
-1.6518405675888062
-2.4844517707824707
-3.0333170890808105
-3.0009748935699463
-2.6523351669311523
-2.513648748397827
-1.6997877359390259
-2.6894946098327637
-2.136704683303833
-3.3786706924438477
-2.595628499984741
-3.2737979888916016
-2.170790433883667
-1.5378153324127197
-2.165879249572754
-2.6153194904327393
-2.425868272781372
-2.8250064849853516
-3.1533377170562744
-2.4737541675567627
-2.3277978897094727
-1.7919378280639648
-2.578289747238159
-2.4671757221221924
-2.783264398574829
-2.516599655151367
-2.5402181148529053
-2.708585500717163
-1.3410539627075195
-2.6117117404937744
-3.142859935760498
-1.6580544710159302
-2.2893688678741455
-2.8924686908721924
-2.4095611572265625
-2.0619051456451416
-1.6841566562652588
-1.4324177503585815
-2.441922664642334
-2.2018535137176514
-2.8561737537384033
-2.2060370445251465
-2.4746198654174805
-1.5541361570358276
-2.6671178340911865
-2.589146852493286
-2.5700364112854004
-2.582704544067383
-2.9003336429595947
-2.3686254024505615
-2.26345157623291
-2.685422420501709
-2.238166570663452
-2.996799945831299
-2.442425489425659
-2.7259817123413086
-2.062309503555298
-1.7141607999801636
-1.6121846437454224
-1.873736023902893
-2.6246743202209473
-1.668990969657898
-3.6483957767486572
-2.0750081539154053
-1.9991440773010254
-2.2115859985351562
-2.5222575664520264
-2.1069424152374268
-2.414752244949341
-2.2564616203308105
-3.3064279556274414
-2.930676221847534
-1.9812027215957642
-1.3882495164871216
-2.4039556980133057
-2.0400686264038086
-1.1895153522491455
-2.1996426582336426
-2.1554248332977295
-2.0193843841552734
-1.9894050359725952
-1.8426800966262817
-1.9038835763931274
-2.50801944732666
-3.8858487606048584
-1.8890533447265625
-2.124976634979248
-2.305284023284912
-3.029816150665283
-2.628849983215332
-1.7905340194702148
-2.7609148025512695
-3.4749667644500732
-2.5329174995422363
-3.1042401790618896
-2.859252691268921
-2.8350844383239746
-3.1579127311706543
-2.357499599456787
-2.710045337677002
-2.0524680614471436
-3.129404306411743
-2.257766008377075
-1.6746504306793213
-2.3735053539276123
-2.1002907752990723
-3.1330342292785645
-2.651341199874878
-2.6020963191986084
-2.8142662048339844
-2.202929973602295
-2.3227107524871826
-2.0254387855529785
-2.8711037635803223
-2.8046772480010986
-2.017948865890503
-2.0851187705993652
-2.233306884765625
-2.6511483192443848
-3.357536554336548
-2.8690710067749023
-1.9556769132614136
-2.7699239253997803
-2.3876936435699463
-2.90476131439209
-1.472541332244873
-2.425100564956665
-2.699312925338745
-3.2384071350097656
-2.8323452472686768
-2.7797513008117676
-3.2139272689819336
-2.167415142059326
-2.325827121734619
-2.8743457794189453
-1.3399267196655273
-2.9396305084228516
-2.414977550506592
-1.9721667766571045
-2.146660566329956
-2.8413474559783936
-2.655484199523926
-2.7686803340911865
-2.6600730419158936
-2.309251308441162
-2.9677741527557373
-1.8863599300384521
-2.1735384464263916
-2.3661603927612305
-2.69917631149292
-2.1140692234039307
-3.079775333404541
-1.8000688552856445
-1.3434441089630127
-1.4482612609863281
-2.6956019401550293
-2.5169975757598877
-1.7235324382781982
-2.187716007232666
-2.2615723609924316
-2.5377676486968994
-1.9054211378097534
-3.0144550800323486
-3.2267725467681885
-3.124570608139038
-2.146954298019409
-2.0218591690063477
-1.9915354251861572
-2.4462060928344727
-3.021892786026001
-1.8139569759368896
-1.9208147525787354
-2.634459972381592
-1.7715251445770264
-3.08567476272583
-2.8182318210601807
-1.6924152374267578
-2.5219547748565674
-2.2936179637908936
-1.9710603952407837
-2.050607681274414
-1.8939894437789917
-2.39005184173584
-2.121185064315796
-2.466092824935913
-3.2273714542388916
-1.8923910856246948
-3.1102402210235596
-1.52252197265625
-2.3038902282714844
-3.0819036960601807
-2.780674934387207
-1.7243430614471436
-2.937769651412964
-2.459589719772339
-1.4990792274475098
-2.3917195796966553
-2.743227243423462
-1.7241474390029907
-2.5041348934173584
-2.883606195449829
-2.62895131111145
-1.8715778589248657
-2.6548051834106445
-2.7302231788635254
-2.426483631134033
-2.596259832382202
-2.6659791469573975
-1.8195538520812988
-2.0493855476379395
-2.192579746246338
-1.6565122604370117
-2.821162700653076
-3.011354446411133
-2.203674077987671
-2.3697426319122314
-2.744729995727539
-2.7192888259887695
-1.666786551475525
-2.714987277984619
-2.69618558883667
-2.5005149841308594
-2.3806066513061523
-2.3666603565216064
-2.6849117279052734
-1.7205736637115479
-2.5790812969207764
-2.6610302925109863
-2.2854840755462646
-2.0584473609924316
-2.80576753616333
-2.73889422416687
-3.0745322704315186
-3.2270686626434326
-1.8062047958374023
-1.9505741596221924
-1.9271773099899292
-2.5859737396240234
-1.8977930545806885
-2.25687575340271
-1.336945652961731
-2.249904155731201
-3.139983654022217
-3.002068281173706
-1.689866065979004
-2.2948296070098877
-2.15046763420105
-2.63249135017395
-2.3393659591674805
-2.560720920562744
-2.6217751502990723
-2.6092119216918945
-2.7907040119171143
-2.2810821533203125
-1.4872326850891113
-1.6979180574417114
-1.602064609527588
-2.712244749069214
-2.7767629623413086
-2.4352312088012695
-2.1867496967315674
-2.467334747314453
-1.6396137475967407
-2.869716167449951
-1.9740960597991943
-2.7260942459106445
-2.645231008529663
-1.6645841598510742
-2.215131998062134
-2.1184895038604736
-2.5326719284057617
-2.0390381813049316
-2.7171480655670166
-1.8342746496200562
-3.018725633621216
-2.8524742126464844
-2.7419357299804688
-2.1847519874572754
-2.479214906692505
-2.1399056911468506
-2.3560256958007812
-3.400109052658081
-2.1340787410736084
-1.7216728925704956
-1.6003633737564087
-2.5128016471862793
-2.9406747817993164
-1.2803914546966553
-2.9318830966949463
-2.0619771480560303
-1.50951087474823
-1.9922285079956055
-2.684515953063965
-2.5405678749084473
-2.280367374420166
-1.5866611003875732
-2.2523105144500732
-2.1441116333007812
-2.6635072231292725
-1.4991477727890015
-1.9215195178985596
-2.765899896621704
-2.859553098678589
-1.4438116550445557
-2.467043399810791
-2.376455783843994
-2.2238144874572754
-2.6530728340148926
-1.725763201713562
-3.003220558166504
-1.84133780002594
-2.424699068069458
-1.8248448371887207
-2.541518211364746
-1.7578164339065552
-3.066171407699585
-2.9270081520080566
-2.609961986541748
-2.2584805488586426
-1.830323338508606
-2.5908315181732178
-2.1538808345794678
-2.964754343032837
-2.543107748031616
-2.4069595336914062
-3.034898281097412
-2.2076187133789062
-3.120000123977661
-3.2268850803375244
-3.0301921367645264
-2.2666239738464355
-2.822575569152832
-4.1959662437438965
-2.738757610321045
-2.3305392265319824
-2.4069604873657227
-1.6065796613693237
-1.6967389583587646
-2.129164218902588
-1.7436286211013794
-2.5152323246002197
-2.0394203662872314
-2.7692370414733887
-3.150487184524536
-2.994420051574707
-3.004945755004883
-1.7305214405059814
-1.3433105945587158
-1.870862364768982
-2.491617202758789
-3.54253888130188
-2.8712823390960693
-2.094332218170166
-3.342233180999756
-2.445128917694092
-3.0294506549835205
-2.747399091720581
-2.5199031829833984
-3.0050621032714844
-2.392510175704956
-3.0078907012939453
-1.9486186504364014
-2.4042015075683594
-1.8218187093734741
-1.3709074258804321
-2.2800045013427734
-2.533036231994629
-2.7346818447113037
-2.760448932647705
-2.2585041522979736
-2.593672037124634
-2.003816604614258
-1.0765725374221802
-2.102762222290039
-2.67787504196167
-2.330244779586792
-2.1743366718292236
-2.832415819168091
-2.0311172008514404
-2.780935049057007
-2.9566049575805664
-1.5221891403198242
-1.9592289924621582
-2.723428964614868
-1.814972996711731
-2.9260592460632324
-2.0174872875213623
-2.079789161682129
-2.2936840057373047
-1.2882633209228516
-1.6121892929077148
-3.0159876346588135
-2.646790027618408
-1.7129697799682617
-2.7675814628601074
-2.290292739868164
-2.9006338119506836
-3.022846221923828
-2.4592044353485107
-1.8360910415649414
-2.0794363021850586
-2.1657636165618896
-2.2136645317077637
-2.767732858657837
-1.7213424444198608
-3.1478586196899414
-2.2565159797668457
-2.516979455947876
-1.3415640592575073
-2.070106267929077
-1.8819960355758667
-2.1807286739349365
-2.4503135681152344
-2.6945674419403076
-1.5853331089019775
-1.9288488626480103
-2.6427900791168213
-2.773179054260254
-2.1707875728607178
-2.811110019683838
-2.641479969024658
-2.186160087585449
-1.7383188009262085
-1.8255013227462769
-2.8655381202697754
-2.724975824356079
-2.4372291564941406
-2.839528799057007
-1.723057746887207
-1.4180132150650024
-2.7632970809936523
-2.331883668899536
-1.5003736019134521
-1.6859074831008911
-2.205294370651245
-2.792987823486328
-3.2983291149139404
-2.8162906169891357
-1.9619847536087036
-1.962020754814148
-1.630855679512024
-2.149663209915161
-2.505775213241577
-1.8918932676315308
-2.130138397216797
-1.382595181465149
-1.9731727838516235
-3.453186511993408
-2.7749247550964355
-2.9633805751800537
-2.9081151485443115
-2.6967408657073975
-1.6155998706817627
-2.2750725746154785
-3.069857597351074
-2.2785539627075195
-1.741207242012024
-2.5870091915130615
-2.4347803592681885
-2.7548940181732178
-1.9328944683074951
-2.803018569946289
-1.9085309505462646
-3.1714184284210205
-2.206486225128174
-3.0094127655029297
-2.0464439392089844
-2.1573100090026855
-1.7796380519866943
-1.4674328565597534
-2.6238675117492676
-1.9922213554382324
-2.9460060596466064
-1.0305103063583374
-2.6866157054901123
-2.510647773742676
-2.22526216506958
-1.9465572834014893
-1.825671911239624
-2.0965914726257324
-1.4913156032562256
-2.6960134506225586
-2.13620662689209
-2.3265044689178467
-2.02201771736145
-2.593244791030884
-2.7771613597869873
-3.6201953887939453
-1.7746284008026123
-3.3900203704833984
-2.6272361278533936
-1.670301914215088
-3.1093480587005615
-1.3033124208450317
-1.7750904560089111
-3.090301036834717
-2.3670601844787598
-1.996775507926941
-2.783872604370117
-1.9800392389297485
-1.925804615020752
-1.895797610282898
-1.867156982421875
-2.089447259902954
-2.3235368728637695
-2.7146410942077637
-2.311887264251709
-3.0139899253845215
-1.2551918029785156
-2.812950611114502
-2.0875930786132812
-2.6237313747406006
-2.784510850906372
-1.8796876668930054
-2.6145365238189697
-2.846879005432129
-2.481292247772217
-1.5943152904510498
-2.0309271812438965
-2.5404670238494873
-2.537365674972534
-2.3172380924224854
-2.6285252571105957
-2.135576009750366
-1.6254210472106934
-2.761714220046997
-2.0254480838775635
-2.4376206398010254
-1.535191297531128
-1.1199676990509033
-2.1195321083068848
-2.147042751312256
-1.7567702531814575
-1.4591225385665894
-2.7679381370544434
-2.20599102973938
-1.4687525033950806
-2.414621591567993
-2.9831998348236084
-1.5578502416610718
-2.2495620250701904
-1.2989518642425537
-2.339142084121704
-2.5428409576416016
-3.0860252380371094
-1.9986722469329834
-2.255455255508423
-1.528095006942749
-2.7660224437713623
-2.6832947731018066
-2.1593878269195557
-2.6892988681793213
-3.1160717010498047
-1.991148591041565
-2.171901226043701
-2.849555730819702
-2.408216714859009
-2.520106792449951
-2.7577035427093506
