-0.0379454679787159
-0.043884146958589554
-0.030420338734984398
-0.029820173978805542
-0.04316701740026474
-0.03974407911300659
-0.05969073250889778
-0.010419158264994621
-0.0715581551194191
-0.01348700188100338
-0.03683649003505707
-0.07294308394193649
-0.057750407606363297
-0.030652739107608795
-0.06063005328178406
-0.054781340062618256
-0.09139354526996613
-0.06547915190458298
0.017014039680361748
0.019197039306163788
-0.047383617609739304
-0.09393174946308136
-0.0769384577870369
-0.09353957325220108
-0.09013719111680984
-0.06744509190320969
-0.08960139006376266
-0.0478065051138401
-0.05070406198501587
-0.09174004197120667
-0.12222879379987717
-0.10999878495931625
-0.09998109936714172
0.0012828489998355508
-0.009111209772527218
-0.1319466084241867
-0.0012773980852216482
-0.09547509998083115
-0.05744228884577751
-0.0843714252114296
-0.04200698435306549
-0.05440433323383331
-0.11640088260173798
-0.08044036477804184
-0.01169456448405981
-0.05671640858054161
-0.0027351449243724346
-0.1016790121793747
-0.07792311161756516
-0.07108283042907715
-0.0465642586350441
-0.04870445653796196
0.02399393543601036
-0.03949388489127159
-0.007125506177544594
-0.027476973831653595
-0.05686467885971069
-0.07965058833360672
-0.0889749526977539
0.024220233783125877
0.09263046830892563
0.01380143128335476
-0.08216847479343414
-0.08331497758626938
-0.002665257314220071
-0.03300435096025467
-0.03311779722571373
-0.054177425801754
-0.03808600828051567
-0.046381425112485886
-0.058226585388183594
-0.030746174976229668
-0.05803897976875305
0.028729276731610298
-0.07709112018346786
-0.011207672767341137
-0.014999826438724995
-0.028098750859498978
0.023048389703035355
0.0023444276303052902
-0.04067452251911163
-0.06963827461004257
-0.03513702005147934
-0.15380127727985382
-0.088075652718544
-0.04353715106844902
-0.02228447236120701
0.006558944936841726
-0.028238771483302116
0.0018793514464050531
-0.06643960624933243
-0.09280889481306076
-0.08355075865983963
-0.0853668600320816
-0.11665096133947372
-0.0833531990647316
0.0068842158652842045
-0.09762395918369293
-0.12580274045467377
-0.05843402445316315
-0.06693406403064728
0.0026970927137881517
0.024553054943680763
0.007308315485715866
-0.07057303190231323
-0.06494810432195663
0.03868083283305168
-0.12473931908607483
-0.06745345890522003
-0.11213349550962448
-0.1092306524515152
-0.10962606966495514
0.03863175958395004
-0.06573061645030975
-0.036264993250370026
-0.18899545073509216
-0.10912227630615234
-0.10979268699884415
0.06457565724849701
-0.06204153969883919
-0.06312345713376999
0.025870325043797493
-0.030910465866327286
-0.07777082175016403
-0.02537298947572708
-0.05318664759397507
-0.04241456091403961
-0.07564103603363037
-0.10074213892221451
-0.130509153008461
-0.052426036447286606
-0.06851089745759964
-0.0019233539933338761
-0.12240996956825256
-0.05793684348464012
-0.13158616423606873
-0.1083279624581337
-0.05090370029211044
-0.0992412269115448
-0.07879558950662613
-0.10689177364110947
-0.05223977938294411
-0.05126263573765755
-0.06992349028587341
-0.06654977798461914
-0.041744742542505264
-0.07024028152227402
-0.09186393767595291
-0.05240022763609886
-0.02529137209057808
-0.050117377191782
0.15335769951343536
-0.09487231075763702
0.06597524136304855
0.003944465424865484
0.08260302245616913
0.08406341820955276
0.04575297236442566
-0.08092332631349564
0.045700814574956894
-0.03664914518594742
0.045385170727968216
0.05638770014047623
0.10189632326364517
-0.01335330680012703
-0.09958761185407639
-0.06023784354329109
-0.13621269166469574
0.04530792310833931
0.034449562430381775
0.0503511019051075
0.15067198872566223
0.06979896128177643
0.0835629403591156
0.12754695117473602
-0.16031527519226074
-0.010184505954384804
0.018207265064120293
0.11434641480445862
0.0455518439412117
0.04337432235479355
0.010826144367456436
0.06209908425807953
0.048353563994169235
0.14799927175045013
0.10202955454587936
0.08135062456130981
0.060801755636930466
-0.033147282898426056
0.12463819980621338
-0.08161237090826035
0.10076437890529633
0.0576646663248539
-0.012227577157318592
-0.07179869711399078
0.13752782344818115
0.02294054441154003
0.09479725360870361
-0.007726249285042286
0.09405963867902756
0.012297108769416809
0.039709873497486115
0.01409065630286932
0.1094861850142479
0.048194825649261475
0.022022122517228127
0.008730204775929451
0.014695712365210056
0.09102611988782883
0.05145350843667984
-0.02132328227162361
0.05406438559293747
0.04746994003653526
-0.016786735504865646
0.028812788426876068
0.07340418547391891
0.01863863877952099
0.09192847460508347
0.053028784692287445
0.036065470427274704
0.07481324672698975
-0.05416147783398628
0.03821677342057228
0.10221502929925919
0.019559791311621666
0.03862950950860977
-0.019868403673171997
0.0837077647447586
0.005269023589789867
0.01796526089310646
0.04541332274675369
0.05110419914126396
0.08576517552137375
-0.004395810887217522
0.040103599429130554
0.06719259917736053
0.1266999989748001
0.09754182398319244
0.14042672514915466
0.0731714740395546
0.07869186252355576
0.09842561930418015
0.06950613111257553
0.05188852176070213
-0.051020149141550064
0.08002523332834244
0.04291904717683792
0.014449041336774826
0.12969377636909485
0.1066942885518074
0.14137005805969238
0.12252155691385269
-0.05136780068278313
0.10872871428728104
0.09942535310983658
-0.052927836775779724
0.01660226285457611
0.04524903744459152
0.09799826145172119
0.08904489129781723
-0.01662234030663967
0.04052640125155449
-0.12398587167263031
0.08200285583734512
0.09921298921108246
0.11047697812318802
0.06291081011295319
0.08056315779685974
-0.21008771657943726
-0.04506845027208328
0.04538906365633011
-0.051102202385663986
-0.016538210213184357
0.062424514442682266
-0.04471280053257942
-0.045866433531045914
-0.05470673367381096
-0.05381236597895622
-0.03438124805688858
-0.029202116653323174
-0.015150676481425762
0.07844003289937973
0.04513532668352127
0.0072065661661326885
0.08762595057487488
0.07162711024284363
-0.05825060233473778
-0.07816044241189957
-0.009064869023859501
-0.028080793097615242
-0.040332697331905365
-0.14297480881214142
-0.03705604001879692
-0.0412006601691246
-0.06113337725400925
-0.057211387902498245
-0.011382398195564747
-0.00794130191206932
-0.051742661744356155
-0.014644578099250793
-0.11962233483791351
0.024692058563232422
-0.026732519268989563
-0.06363588571548462
-0.1053554117679596
-0.052879538387060165
-0.016682645305991173
-0.07582898437976837
-0.05127863213419914
-0.06995107233524323
-0.0006787650636397302
-0.108853280544281
-0.07905349880456924
0.022332072257995605
0.024318531155586243
-0.03082106076180935
-0.07465381175279617
-0.11830667406320572
-0.05952122062444687
-0.08531661331653595
-0.12984144687652588
-0.10429831594228745
-0.09078481048345566
-0.03744522109627724
-0.07160653918981552
-0.08723192662000656
-0.09646722674369812
-0.045337874442338943
-0.07303903996944427
-0.10434235632419586
0.015093530528247356
-0.05360736325383186
0.022427603602409363
-0.02937863953411579
0.034799378365278244
-0.10200145840644836
-0.043567489832639694
-0.021614663302898407
-0.049947820603847504
-0.10366686433553696
0.012608962133526802
-0.06080770120024681
-0.013985570520162582
-0.039986658841371536
-0.06830467283725739
-0.0032528024166822433
-0.052396830171346664
0.0007901274366304278
-0.06109734624624252
-0.05456412211060524
-0.06460564583539963
-0.06566625833511353
-0.041657157242298126
-0.002928531961515546
-0.03405662253499031
-0.0012581953778862953
0.12669390439987183
0.019880209118127823
0.12555287778377533
0.11591130495071411
-0.06596995145082474
0.123059943318367
0.053388696163892746
0.011792222037911415
-0.054353781044483185
0.0015188005054369569
-0.0515001118183136
0.006940657738596201
0.025498786941170692
0.027004821226000786
0.029801705852150917
0.06582988053560257
-0.062367264181375504
-0.0026767440140247345
-0.06409198045730591
0.02218821831047535
-0.09973237663507462
-0.03608875721693039
-0.0032790517434477806
-0.060449257493019104
0.03589121997356415
0.04150790348649025
0.05444256216287613
-0.01636522077023983
-0.09074876457452774
-0.00377860595472157
-0.01957756094634533
-0.03271313011646271
-0.039277084171772
-0.06965819746255875
-0.11219039559364319
-0.053419314324855804
-0.18227408826351166
-0.10427304357290268
-0.023211872205138206
-0.06467586010694504
-0.09414125233888626
-0.10712896287441254
0.02449817955493927
0.0557979978621006
0.03524487465620041
0.10611419379711151
0.09617017954587936
-0.1011752262711525
-0.103913813829422
-0.011348500847816467
-0.08696712553501129
-0.09134340286254883
-0.07545170933008194
0.0917481854557991
-0.02565333992242813
-0.0840996578335762
0.1840234249830246
0.04744464531540871
0.03376908227801323
-0.02132204733788967
-0.0023983612190932035
0.002336972625926137
0.08526087552309036
0.2103460729122162
0.049037251621484756
0.05871352553367615
0.029770193621516228
0.013769572600722313
0.0039491415955126286
-0.015993380919098854
-0.036461420357227325
0.10006766021251678
0.10073310881853104
0.04342133551836014
-0.058257561177015305
0.010920388624072075
0.08656372874975204
-0.011332334950566292
-0.007944398559629917
0.06562490016222
-0.03510110825300217
-0.004457906354218721
0.012994854710996151
-0.011773364618420601
0.10828251391649246
0.048679761588573456
-0.03756595402956009
-0.02367704175412655
-0.02966931462287903
0.07171981036663055
0.011201171204447746
0.12102159112691879
0.06846293807029724
-0.0875500813126564
-0.02614685148000717
0.0024722893722355366
0.00011345144594088197
0.04100847244262695
0.0366913266479969
0.10576193034648895
0.08596129715442657
0.14006583392620087
0.0034266484435647726
0.07732503861188889
-0.03157234936952591
0.047264136373996735
0.10792937874794006
0.23519949615001678
0.0196929220110178
-0.02040250040590763
-0.1003308892250061
-0.05138174816966057
-0.028118103742599487
0.1073562353849411
0.04116236791014671
0.007146913558244705
-0.07654964178800583
0.05939936637878418
-0.014493390917778015
0.04616507515311241
-0.10563979297876358
-0.009542897343635559
0.06247464939951897
0.02295784093439579
0.07663378119468689
0.05791916698217392
0.03822313994169235
0.006475061643868685
-0.09848884493112564
-0.09562450647354126
0.035828933119773865
0.128037229180336
0.11718546599149704
0.09060961753129959
0.03686211630702019
0.015582690946757793
0.014452685602009296
0.0252525694668293
0.10390476882457733
-0.06466937810182571
-0.014454038813710213
-0.05092473700642586
-0.0338609479367733
0.09294188022613525
-0.04739980772137642
0.0980687066912651
0.052276577800512314
-0.05413743853569031
0.05760295316576958
-0.002888056915253401
0.06426440924406052
0.03695391118526459
0.09679529815912247
-0.10348876565694809
-0.05720772221684456
-0.06779441982507706
0.03247615694999695
0.0709170252084732
0.10247596353292465
0.2062675654888153
0.014670440927147865
-0.06300393491983414
0.013142797164618969
0.0836164578795433
-0.04606600105762482
-0.008567161858081818
0.04266500473022461
0.22611039876937866
-0.06922698020935059
-0.06071716174483299
0.004855767823755741
0.006266455166041851
0.0015608352841809392
0.06818179041147232
0.11005283892154694
-0.13095822930335999
0.018239537253975868
-0.058703966438770294
0.012125512585043907
-0.06050165742635727
-0.021177498623728752
-0.00036187403020448983
-0.024077124893665314
0.13008129596710205
-0.040101390331983566
0.021478494629263878
0.1314789354801178
0.08593115210533142
-0.0455152653157711
0.06688223779201508
0.050729140639305115
-0.13473042845726013
-0.053648196160793304
-0.05929698795080185
-0.1269856095314026
-0.018168335780501366
0.1308603584766388
0.08888114988803864
-0.105596624314785
-0.125616192817688
0.007763179484754801
0.07258529216051102
0.16004236042499542
0.17587192356586456
-0.03463466092944145
-0.07109111547470093
-0.08035430312156677
-0.025667749345302582
-0.04568146914243698
-0.12460678815841675
0.06881365180015564
0.03262374922633171
0.05560506507754326
-0.11047381907701492
0.1000431552529335
-0.0648815706372261
0.07468891143798828
-0.05883368104696274
0.08051972836256027
-0.018637830391526222
-0.10162412375211716
0.12049277871847153
0.062124092131853104
0.020884186029434204
-0.03202482685446739
-0.04928680881857872
0.08407163619995117
0.08563549071550369
-0.04941781610250473
0.03035350702702999
-0.10800084471702576
0.22931770980358124
-0.019698208197951317
0.03806021064519882
-0.10170789062976837
-0.020743463188409805
-0.06335672736167908
0.136151984333992
0.015070396475493908
-0.08632436394691467
0.024714291095733643
-0.04784712567925453
0.01579497754573822
0.019454972818493843
0.2829270362854004
0.052813705056905746
-0.019119858741760254
-0.026690907776355743
0.12077737599611282
0.08669009059667587
0.09124699234962463
-0.01495855487883091
0.08365538716316223
-0.07546058297157288
0.08610416948795319
-0.00948651134967804
-0.0663331001996994
0.08889828622341156
-0.028542865067720413
0.022352132946252823
0.061001308262348175
0.13420812785625458
0.14262424409389496
0.05581995099782944
0.18139266967773438
-0.01466324646025896
0.1782648116350174
-0.03906136006116867
-0.00782447587698698
-0.04853120446205139
0.08472281694412231
-0.08846832066774368
-0.05485324561595917
0.08087987452745438
0.0008994515519589186
0.07864260673522949
0.07669264823198318
0.0562874898314476
-0.08273058384656906
-0.12078104168176651
0.09671875089406967
0.06399022787809372
0.09356889128684998
0.049093715846538544
-0.10774503648281097
0.09957629442214966
0.04528947174549103
0.07746922224760056
0.07263179868459702
0.004929153248667717
0.04902317747473717
-0.0073096975684165955
-0.02962598390877247
0.05018139258027077
0.11529383808374405
0.02887725830078125
0.04316755756735802
0.024818086996674538
-0.09840239584445953
0.10584695637226105
-0.018372761085629463
0.018362900242209435
-0.019674692302942276
0.07683414220809937
0.015166093595325947
-0.08099626749753952
0.005537551827728748
-0.07182683050632477
0.0961727574467659
-0.05564951151609421
0.08376259356737137
0.04081292822957039
-0.10993026196956635
-0.03487585857510567
-0.03383351117372513
-0.01566752977669239
0.028528334572911263
0.09898096323013306
0.08164937794208527
-0.1009930670261383
0.10724686086177826
0.11989250034093857
0.1369621306657791
-0.06527426093816757
0.07076306641101837
0.13665024936199188
0.007881265133619308
0.15578508377075195
-0.038799189031124115
-0.04391966760158539
-0.143459752202034
-0.1015891507267952
-0.015530516393482685
-0.08128555119037628
-0.04637231305241585
0.04083028435707092
0.05490143597126007
0.002047658432275057
-0.07895921915769577
0.06382738798856735
0.1501934975385666
-0.036539021879434586
0.0085279056802392
0.039207667112350464
0.19629022479057312
0.03354381397366524
0.07847938686609268
0.04499853774905205
0.06187856197357178
-0.07746357470750809
-0.08007156848907471
0.03838055580854416
0.030499793589115143
-0.024231085553765297
0.003668511286377907
0.017077814787626266
-0.12898501753807068
-0.008093588054180145
0.060335006564855576
-0.0781743973493576
0.06180628761649132
-0.13994859158992767
-0.007530638948082924
0.05052362009882927
0.09439361095428467
-0.07793628424406052
0.08171199262142181
0.01649869978427887
-0.1395367830991745
0.02061399072408676
-0.031618472188711166
-0.05045519769191742
0.11574278771877289
-0.1460021287202835
-0.030640222132205963
0.2730613648891449
-0.0034310943447053432
0.2740231156349182
-0.11589528620243073
0.014805976301431656
0.005190380848944187
0.09434475749731064
0.03505470231175423
-0.04637211561203003
-0.000531798810698092
-0.04589420557022095
0.02471509389579296
0.00820137932896614
0.05236605182290077
-0.007683559320867062
-0.057762060314416885
0.07358735054731369
-0.03503350540995598
0.12423506379127502
-0.012819327414035797
-0.10072420537471771
-0.012979647144675255
0.09698665887117386
0.05900303274393082
-0.07503362745046616
-0.0028339652344584465
-0.11952550709247589
-0.06971193104982376
0.017281848937273026
0.05393539369106293
0.14837227761745453
0.01595047302544117
0.05211261287331581
0.13127852976322174
0.056947361677885056
-0.09218352288007736
0.04604603722691536
-0.01483423262834549
0.210836723446846
0.013806171715259552
-0.11411622911691666
0.1272500455379486
-0.002672407543286681
0.05559125170111656
-0.006590653210878372
0.09111226350069046
-0.024991147220134735
0.0017579448176547885
-0.01690284162759781
-0.06573925167322159
-0.06434662640094757
0.14792074263095856
0.10094138234853745
0.17561669647693634
0.044074781239032745
0.007553912699222565
-0.0934055745601654
0.014797372743487358
0.0332777202129364
0.014735138043761253
0.0446777269244194
0.117520272731781
0.15212388336658478
-0.014157833531498909
-0.001478789490647614
0.1601838320493698
0.08712729811668396
-0.06481301784515381
0.1493176519870758
-0.021878795698285103
-0.07024341076612473
-0.0847444161772728
-0.061748530715703964
0.04016750305891037
0.1645437777042389
0.046553511172533035
-0.030107570812106133
0.11489787697792053
-0.08154197782278061
-0.06557219475507736
-0.0618615597486496
-0.13036677241325378
0.23621174693107605
-0.061008282005786896
-0.027449551969766617
-0.08505919575691223
-0.06131316348910332
0.10174775868654251
-0.047433603554964066
-0.09268698841333389
-0.07245825231075287
0.02724347822368145
0.07710569351911545
0.026894565671682358
0.012637387029826641
-0.017223037779331207
-0.013006199151277542
0.1038401648402214
-0.0929831862449646
0.05422570928931236
0.00014693093544337898
-0.048419199883937836
-0.08288881927728653
0.11924958974123001
-0.10486273467540741
0.21683630347251892
0.2455553561449051
0.07047885656356812
-0.06614941358566284
0.03012956865131855
-0.05032762140035629
-0.0003266918065492064
-0.012233640998601913
0.047921501100063324
0.21007397770881653
0.05844830721616745
-0.042756661772727966
0.05956516042351723
-0.04886319115757942
0.07974342256784439
0.16940706968307495
0.22523045539855957
0.01761995442211628
-0.016835246235132217
0.07259897887706757
-0.0751274824142456
-0.18614977598190308
0.030939744785428047
0.07750459760427475
0.00615532835945487
0.03956039249897003
0.07074183225631714
0.02635130286216736
-0.09162740409374237
-0.0514993742108345
-0.025289423763751984
-0.06379016488790512
0.03358302637934685
-0.014013143256306648
-0.008495515212416649
-0.0814068540930748
0.14479811489582062
-0.002812313148751855
-0.10752393305301666
0.06458017975091934
0.11544791609048843
-0.003725469810888171
0.004783087410032749
0.1520935297012329
0.12155620753765106
0.019384510815143585
0.06801620870828629
-0.019412992522120476
0.022122832015156746
0.04511880874633789
-0.08939938247203827
-0.0987490639090538
0.020252596586942673
0.06780239194631577
-0.10043711215257645
-0.13091059029102325
0.06812955439090729
-0.054747361689805984
-0.0442592054605484
-0.09723302721977234
0.052437275648117065
0.07672633230686188
0.19180233776569366
0.21992458403110504
0.008465763181447983
-0.10367633402347565
0.10300078988075256
0.16624677181243896
0.06537260115146637
0.07014216482639313
-0.02636987902224064
0.1362173855304718
-0.027641218155622482
0.019785040989518166
0.17150259017944336
0.05524500086903572
0.057568132877349854
-0.06593433022499084
-0.08185490220785141
-0.0068487138487398624
0.029139475896954536
-0.02578284777700901
0.06656165421009064
0.09766492247581482
0.022363776341080666
0.015262794680893421
0.014967117458581924
0.005402293987572193
-0.0316474512219429
-0.03715912252664566
-0.1168636903166771
-0.04261879622936249
-0.04359506070613861
0.10711505264043808
0.027096664533019066
-0.02900012768805027
0.05871706083416939
-0.10162577033042908
-0.022374561056494713
-0.0570126436650753
-0.029462385922670364
0.005508445203304291
-0.045736927539110184
0.005371376406401396
-0.08379754424095154
-0.04718312248587608
-0.02791638858616352
-0.04189043864607811
-0.07746542245149612
-0.09416545182466507
-0.07469694316387177
-0.022480368614196777
0.06513800472021103
0.02982438914477825
0.06642861664295197
-0.007188110612332821
-0.019245916977524757
-0.05240738019347191
-0.024762455374002457
-0.05022528022527695
-0.06327366083860397
-0.07954809069633484
0.00796009972691536
-0.04503386840224266
-0.05093468353152275
0.04612569138407707
-0.02276468835771084
-0.039528701454401016
-0.13664661347866058
-0.08894488215446472
0.12302092462778091
0.01426980271935463
0.08823736757040024
0.003973190672695637
0.019843965768814087
0.07982446998357773
-0.029472369700670242
-0.00629552872851491
0.03865065798163414
0.08916518837213516
0.0425780788064003
0.11547701805830002
0.07032426446676254
0.05018845573067665
0.004135144874453545
0.010589045472443104
-0.03835907205939293
-0.011945182457566261
0.05888330191373825
0.039785921573638916
-0.04506511986255646
0.0737922266125679
-0.10631939023733139
0.0007550017326138914
-0.04765467718243599
-0.07602299004793167
-0.05707406625151634
-0.14559246599674225
-0.1002400666475296
-0.018671173602342606
0.00345482281409204
-0.1305023431777954
0.023577282205224037
0.09849468618631363
